1	81.27
2	82.216
3	81.311
4	82.027
5	81.838
6	82.23
7	81.176
8	81.527
9	79.905
10	79.284
11	80.959
12	81.054
13	79.432
14	80.257
15	80.622
16	80.635
17	79.784
18	80.851
19	78.635
20	79.378
21	80.392
22	79.473
23	79.297
24	80.622
25	79.459
26	80.378
27	79.189
28	80.568
29	79.108
30	78.108
31	80.081
32	78.149
33	77.73
34	79.365
35	79.149
36	78.5
37	79.189
38	79.257
39	78.5
40	79.311
41	78.311
42	79.608
43	78.851
44	80.378
45	78.216
46	78.311
47	79.378
48	78.797
49	78.473
50	79.5
51	79.811
52	80.149
53	79.014
54	79.797
55	79.297
56	79.797
57	78.824
58	80.122
59	79.811
60	80.486
61	80.676
62	87.676
63	93.568
64	97.122
65	99.459
66	101.189
67	103.622
68	103.473
69	103.527
70	103.743
71	102.459
72	102.5
73	101.581
74	100.135
75	98.73
76	99.405
77	96.797
78	97.135
79	95.811
80	95.014
81	94.216
82	94.378
83	94.878
84	93.324
85	94.446
86	91.554
87	92.014
88	92.473
89	90.297
90	89.243
91	88.757
92	89.568
93	89.351
94	89
95	87.757
96	86.595
97	87.446
98	86.595
99	86.27
100	86
101	85.608
102	86.122
103	86.541
104	85.797
105	85.351
106	85.311
107	85.149
108	85.649
109	84.365
110	84.581
111	83.608
112	83.419
113	82.838
114	82.122
115	83.162
116	83.284
117	83.243
118	82.068
119	81.5
120	82.108
121	81.77
122	79.743
123	80.77
124	80.757
125	80.919
126	80.365
127	80.784
128	80.635
129	79.919
130	79.514
131	81.203
132	79.392
133	80.689
134	80.392
135	80.514
136	79.865
137	79.243
138	79.432
139	79
140	78.919
141	78.311
142	79.838
143	77.865
144	79.676
145	78.297
146	77.703
147	79.135
148	78.838
149	78.689
150	79.757
151	79.527
152	77.986
153	78.432
154	79.378
155	77.541
156	78.865
157	77.122
158	79.135
159	78.027
160	79.108
161	79.122
162	77.959
163	77.27
164	78.014
165	78.77
166	79.311
167	77.757
168	78.716
169	78.095
170	77.946
171	77.365
172	77.405
173	78.081
174	77.014
175	79.095
176	77.649
177	78.392
178	79.473
179	78.838
180	77.689
181	78.419
182	78.257
183	78.311
184	78.297
185	77.757
186	78.284
187	77.892
188	78.811
189	78.23
190	77.973
191	78.554
192	78.149
193	77.608
194	78.459
195	77.392
196	78.595
197	76.797
198	77.054
199	77.527
200	76.865
201	76.608
202	76.959
203	78.014
204	77.716
205	77.905
206	77.054
207	77.095
208	78.865
209	83.662
210	90.919
211	94.986
212	96.392
213	98.027
214	99.527
215	100.365
216	101.811
217	101.757
218	99.946
219	102.23
220	99.973
221	101.392
222	98.919
223	97.122
224	98.419
225	96.932
226	95.77
227	95.865
228	96.284
229	93.23
230	93.338
231	92.662
232	92.986
233	92.284
234	90.649
235	90.203
236	90.514
237	90.392
238	88.622
239	87.959
240	88.459
241	88.041
242	88.662
243	86.365
244	87.216
245	87.149
246	85.622
247	85.459
248	84.541
249	84.959
250	84.297
251	83.554
252	84.784
253	82.838
254	84
255	82.351
256	84.338
257	83.297
258	82.419
259	82.824
260	81.676
261	82.027
262	82
263	81.486
264	80.365
265	79.014
266	81.297
267	80.865
268	80.959
269	80.865
270	80.797
271	80.095
272	80.757
273	80.324
274	81.068
275	80.459
276	80.973
277	80.257
278	80.541
279	79.162
280	80.351
281	78.405
282	78.77
283	79.338
284	79.824
285	79.459
286	79.649
287	80.919
288	77.703
289	78.419
290	78.23
291	78.703
292	77.676
293	79.027
294	79.324
295	77.541
296	77.919
297	77.297
298	78.635
299	78.608
300	78.595
301	76.878
302	77.932
303	78
304	78.081
305	77.811
306	78.568
307	78.703
308	78.162
309	77.392
310	78.257
311	78.081
312	77.824
313	78.081
314	78.5
315	76.703
316	77.095
317	77.554
318	77.581
319	77.486
320	77.027
321	76.284
322	77.432
323	77.095
324	77.419
325	77.27
326	78.324
327	77.892
328	77.649
329	77.797
330	76.946
331	78.284
332	77.243
333	78.351
334	77.595
335	77.595
336	76.635
337	76.338
338	76.932
339	76.757
340	78.23
341	76.865
342	77.838
343	77.365
344	77.014
345	77.743
346	77.054
347	76.878
348	77.365
349	76.595
350	82.014
351	88.77
352	93.405
353	95.703
354	98
355	98.946
356	100.162
357	101.351
358	103.068
359	101.905
360	99.554
361	100.23
362	97.838
363	98.392
364	96.189
365	97.608
366	96.365
367	94.946
368	95.649
369	93.946
370	93.514
371	93.149
372	90.608
373	91.149
374	90.919
375	89.851
376	91.041
377	90.122
378	88.757
379	89.554
380	88.878
381	86.608
382	86.878
383	88.676
384	87.189
385	86.257
386	85.649
387	84.932
388	86.135
389	85.473
390	85.595
391	83.284
392	83.527
393	85.392
394	84.23
395	83.973
396	82.676
397	82.149
398	82.878
399	82.378
400	82.716
401	81.784
402	82.486
403	81.095
404	82.743
405	81.014
406	80.662
407	81.392
408	80.378
409	81.446
410	80.716
411	81.392
412	81.189
413	80.162
414	80.054
415	79.986
416	80.568
417	79.5
418	78.851
419	78.459
420	80.419
421	80.054
422	78.284
423	78.054
424	78.568
425	77.919
426	78.757
427	77.851
428	78.473
429	78.419
430	79.162
431	79.622
432	77.946
433	77.824
434	77.892
435	78.541
436	78.541
437	78.703
438	77.851
439	78.73
440	77.986
441	77.865
442	77.959
443	77.486
444	78.378
445	77.446
446	77.838
447	76.973
448	76.838
449	76.284
450	78.216
451	77.932
452	77.541
453	77.135
454	77.838
455	76.649
456	76.176
457	76.919
458	78.041
459	76.797
460	77.541
461	76.568
462	78.108
463	76.581
464	76
465	77.514
466	77.108
467	77.365
468	77.392
469	76.73
470	76.5
471	77.5
472	77.541
473	77.027
474	77.892
475	75.459
476	77.527
477	76.757
478	77.311
479	76.811
480	76.365
481	76.446
482	76.041
483	76.608
484	76.095
485	78.122
486	76.892
487	77.095
488	77.568
489	76.446
490	76.446
491	76.216
492	75.757
493	76.432
494	76.284
495	76
496	74.838
497	75.703
498	76.784
499	76.635
500	76.324
501	77.014
502	76.905
503	77.554
504	76.257
505	75.838
506	76.203
507	77.378
508	76.27
509	77.459
510	77.824
511	76.541
512	76.946
513	76.851
514	78.014
515	78.108
516	76.446
517	76.716
518	76.662
519	76.811
520	77.419
521	75.635
522	76.041
523	76.838
524	77.122
525	76.041
526	76.257
527	76.959
528	76.77
529	76.865
530	76.73
531	77.419
532	77.973
533	76.365
534	76.757
535	76.365
536	77.811
537	77.23
538	77.027
539	78.527
540	77.392
541	76.392
542	76.081
543	75.703
544	76.649
545	76.338
546	75.378
547	74.959
548	75.919
549	75.446
550	75.27
551	76
552	76.676
553	77.054
554	76.054
555	76
556	76.459
557	77.189
558	75.27
559	76.162
560	75.878
561	76.743
562	75.851
563	76.338
564	75.689
565	75.973
566	76.338
567	75.649
568	76.081
569	75.122
570	77.203
571	75.446
572	75.77
573	76.892
574	76.73
575	76.757
576	76.041
577	75.176
578	76.351
579	75.73
580	76.73
581	77.743
582	84.514
583	90.189
584	93.095
585	96.014
586	96.068
587	96.797
588	97.946
589	98.203
590	97.23
591	98.473
592	96.757
593	97.446
594	95.095
595	95.027
596	93.784
597	93
598	92.649
599	90.689
600	90.77
601	89.865
602	88.473
603	88.459
604	90.014
605	88.446
606	87.095
607	89.378
608	87.216
609	86.473
610	85.932
611	85.892
612	84.73
613	84.797
614	82.757
615	84.095
616	83.284
617	82.851
618	82.405
619	83.081
620	81.905
621	82.851
622	81.243
623	82.365
624	81.865
625	82.189
626	81.014
627	80.662
628	80.649
629	80.486
630	80.27
631	80.176
632	80.23
633	79.405
634	79.514
635	80.73
636	79.446
637	80.108
638	79.581
639	79.824
640	78.851
641	79.149
642	79.23
643	78.041
644	77.838
645	78.932
646	78.203
647	79.568
648	79.338
649	78.27
650	78.257
651	77.838
652	77.959
653	78.257
654	78.473
655	77.405
656	77.635
657	77.905
658	78.068
659	77.405
660	77.919
661	78.568
662	78.243
663	78.27
664	77.608
665	77.527
666	76.865
667	76.5
668	77.378
669	76.554
670	77.041
671	76.459
672	77.311
673	75.959
674	75.716
675	76.257
676	75.905
677	77.108
678	77.946
679	82.703
680	88.986
681	91.257
682	94.216
683	95.365
684	96
685	97.5
686	95.986
687	97.581
688	96.432
689	96.135
690	95
691	95.5
692	93.743
693	92.176
694	92.041
695	91.662
696	91.176
697	90.054
698	89.676
699	89.459
700	88.595
701	89.378
702	89.784
703	88.5
704	87
705	86.649
706	87.297
707	86.216
708	86.054
709	86.27
710	86.986
711	85.486
712	85.851
713	84.257
714	84.378
715	84.797
716	83.703
717	82.851
718	82.946
719	81.784
720	82.081
721	82.446
722	80.851
723	81.459
724	81.257
725	81.108
726	81.095
727	81.811
728	80.689
729	80.743
730	80.905
731	80.135
732	81.811
733	80.203
734	79.324
735	79
736	80.338
737	78.784
738	80.014
739	78.824
740	78.743
741	78.365
742	78.27
743	77.446
744	78.122
745	77.622
746	78.878
747	78.095
748	77.865
749	78.041
750	77.081
751	77.041
752	78.162
753	77.905
754	76.743
755	76.689
756	77.095
757	76.986
758	76.73
759	76.932
760	76.338
761	76.838
762	77.216
763	76.649
764	76.378
765	76.554
766	77.568
767	75.459
768	76.311
769	75.757
770	75.338
771	75.054
772	76.811
773	76.608
774	76.027
775	76.676
776	76.716
777	76.378
778	76.311
779	76.257
780	74.284
781	75.527
782	76.054
783	76.365
784	76.405
785	75.108
786	75.149
787	75.338
788	75.878
789	76
790	76.486
791	76.365
792	75.216
793	76.284
794	75.649
795	75.824
796	75.946
797	75.797
798	75.689
799	75.378
800	76.189
801	76.459
802	75.878
803	75.716
804	76.095
805	75.595
806	76.5
807	75.176
808	76.135
809	76.176
810	75.203
811	77.338
812	76.203
813	75.527
814	76.324
815	74.905
816	75.973
817	76.716
818	75.811
819	75.014
820	76.203
821	74.865
822	75.216
823	74.608
824	76.027
825	75.473
826	74.446
827	75.689
828	76.068
829	76.095
830	75.865
831	76.324
832	76.108
833	75.946
834	75.081
835	75.973
836	75.959
837	75.135
838	75.649
839	75
840	75.122
841	75.419
842	74.878
843	74.797
844	74.986
845	75.351
846	75.095
847	76.095
848	74.419
849	74.392
850	76.311
851	75.986
852	75.595
853	74.905
854	75.027
855	75.473
856	75.932
857	74.851
858	75.649
859	75.73
860	75.216
861	75.135
862	75.622
863	75.608
864	76.419
865	76.054
866	76.122
867	75.811
868	76.122
869	75.716
870	76.27
871	76.203
872	74.824
873	75.243
874	75.743
875	74.743
876	74.851
877	75.27
878	75.446
879	75.135
880	75.054
881	75.527
882	75.486
883	74.77
884	75.176
885	74.757
886	75.757
887	75.041
888	74.973
889	76.108
890	75.311
891	75.338
892	77.081
893	81.595
894	86.959
895	91.351
896	93.824
897	94.5
898	94.554
899	96.959
900	97.027
901	97.351
902	96.514
903	97.851
904	94.689
905	94.649
906	93.081
907	93
908	92.081
909	91.757
910	90.405
911	92.378
912	93.446
913	96.635
914	98.068
915	97.797
916	99.622
917	99.365
918	98.243
919	98.5
920	96.514
921	94.946
922	96.189
923	95.189
924	93.743
925	92.446
926	92.905
927	91.784
928	91.662
929	89.77
930	90.73
931	89.446
932	88.946
933	87.811
934	87.135
935	87.797
936	88.135
937	88.108
938	87.419
939	86.095
940	86.554
941	87.068
942	86.338
943	85.851
944	85.689
945	84.324
946	85.392
947	84.23
948	83.514
949	83.365
950	82.581
951	84.541
952	83.649
953	82.351
954	84.189
955	82.216
956	81.784
957	81.486
958	82.23
959	80.757
960	80.77
961	80.081
962	80.5
963	79.865
964	80.23
965	81.081
966	78.878
967	79.635
968	79.919
969	78.878
970	79.311
971	81.041
972	87.041
973	91.095
974	93
975	94.662
976	95.905
977	97.149
978	96.378
979	96.77
980	96.149
981	95.77
982	94.014
983	94.149
984	94.662
985	93.243
986	91.973
987	90.946
988	91.176
989	90.365
990	89.851
991	90.838
992	88.959
993	88.635
994	88.108
995	87.351
996	87.149
997	88.23
998	86.838
999	85.554
1000	84.851
1001	85.5
1002	84.446
1003	84.622
1004	83.703
1005	84.149
1006	83.689
1007	83.27
1008	83.257
1009	83.784
1010	84.608
1011	81.581
1012	80.622
1013	81.703
1014	81.108
1015	80.486
1016	81.446
1017	80.838
1018	80.932
1019	81.095
1020	81.716
1021	80.73
1022	80.189
1023	80.135
1024	78.486
1025	79.419
1026	79.635
1027	79.108
1028	78.824
1029	77.095
1030	79.054
1031	78.527
1032	78.554
1033	77.554
1034	77.73
1035	77.203
1036	77.554
1037	77.297
1038	76.77
1039	77.243
1040	76.176
1041	76.797
1042	77.311
1043	77.473
1044	75.635
1045	76.311
1046	76.892
1047	76.973
1048	76.743
1049	75.608
1050	76.973
1051	76.959
1052	75.419
1053	76.108
1054	76.635
1055	75.176
1056	76.689
1057	76.851
1058	76.095
1059	75.838
1060	76.189
1061	75.905
1062	75.986
1063	75.297
1064	74.446
1065	76.122
1066	75.108
1067	75.338
1068	75.054
1069	75.905
1070	75.095
1071	75.149
1072	75.851
1073	75
1074	76.946
1075	75.851
1076	75.5
1077	75.189
1078	76.568
1079	76.257
1080	76.527
1081	76.054
1082	74.351
1083	75.905
1084	74.797
1085	75.824
1086	74.919
1087	75.189
1088	75.473
1089	74.365
1090	75.973
1091	75.027
1092	75.554
1093	76.176
1094	74.608
1095	74.649
1096	74.459
1097	76.838
1098	74.176
1099	74.5
1100	74.716
1101	74.635
1102	74.514
1103	75.419
1104	74.459
1105	76.068
1106	75.635
1107	75.892
1108	75.973
1109	75.135
1110	74
1111	76.5
1112	73.419
1113	74.649
1114	74.757
1115	74.5
1116	74.784
1117	75.865
1118	74.946
1119	74.919
1120	74.054
1121	75.108
1122	74.851
1123	73.622
1124	73.784
1125	74.554
1126	73.635
1127	73.946
1128	74.784
1129	74.743
1130	74.959
1131	73.081
1132	73.811
1133	75.959
1134	74.662
1135	74.027
1136	74.622
1137	73.986
1138	74.635
1139	74.486
1140	75.419
1141	74.27
1142	74.595
1143	74.338
1144	75.203
1145	76.743
1146	75.068
1147	74.243
1148	74.892
1149	74.378
1150	74.851
1151	74.432
1152	74.338
1153	74.162
1154	73.27
1155	74.014
1156	74.311
1157	73.122
1158	74.743
1159	73.986
1160	73.716
1161	74.649
1162	74.243
1163	74.351
1164	73.149
1165	74.324
1166	73.824
1167	74.23
1168	74.351
1169	73.784
1170	74.284
1171	74.338
1172	74.027
1173	75.162
1174	73.689
1175	74.203
1176	74.797
1177	75.027
1178	74.838
1179	75.122
1180	73.851
1181	74.432
1182	74.351
1183	75.311
1184	74.649
1185	73.392
1186	74.284
1187	73.405
1188	75.014
1189	73.324
1190	73.946
1191	73.932
1192	74.757
1193	74.514
1194	74.405
1195	73.405
1196	74.824
1197	74.514
1198	75.162
1199	73.986
1200	74.203
1201	74.865
1202	74.297
1203	74.919
1204	76.27
1205	74.081
1206	73.635
1207	74.162
1208	74.054
1209	75.027
1210	74.784
1211	74.378
1212	73.865
1213	74.568
1214	73.878
1215	73.216
1216	74.257
1217	74.432
1218	73.784
1219	73.959
1220	73.297
1221	74.757
1222	79.676
1223	83.865
1224	86.622
1225	89.514
1226	91.203
1227	92.095
1228	94.568
1229	93.257
1230	91.419
1231	93.405
1232	94.135
1233	93.703
1234	93.419
1235	90.986
1236	91.541
1237	89.459
1238	89.189
1239	89.257
1240	87.757
1241	87.405
1242	87.649
1243	86.811
1244	85.378
1245	86.743
1246	84.541
1247	84.851
1248	84.068
1249	83.378
1250	83.311
1251	82.784
1252	83.595
1253	82.716
1254	83.176
1255	82.176
1256	81.932
1257	82.014
1258	81.649
1259	82.703
1260	81.189
1261	80.986
1262	79.284
1263	80.405
1264	81.068
1265	79.405
1266	80.095
1267	79.486
1268	79.486
1269	78.419
1270	78.243
1271	78.135
1272	77.973
1273	78
1274	78.149
1275	78.176
1276	77.743
1277	76.432
1278	77.041
1279	77.284
1280	77.514
1281	76.405
1282	76.486
1283	77.905
1284	77.27
1285	76.108
1286	76.351
1287	77.473
1288	75.973
1289	77.054
1290	77.568
1291	76.459
1292	75.932
1293	75.838
1294	75.554
1295	75.122
1296	77.338
1297	75.892
1298	76.149
1299	75.054
1300	76.257
1301	76.405
1302	76.311
1303	76.757
1304	75.514
1305	74.757
1306	75.068
1307	75.122
1308	74.5
1309	74.365
1310	74.446
1311	74.743
1312	74.568
1313	75.122
1314	75.297
1315	74.622
1316	75.203
1317	73.946
1318	74.473
1319	74.568
1320	74.892
1321	74.162
1322	74.716
1323	74.27
1324	73.189
1325	74.932
1326	74.122
1327	75.878
1328	74.824
1329	74.419
1330	74.649
1331	75.784
1332	73.919
1333	74.486
1334	74.514
1335	73.865
1336	73.784
1337	73.946
1338	74.662
1339	73.986
1340	74.811
1341	75.351
1342	74.554
1343	74.473
1344	73.77
1345	73.581
1346	74.581
1347	74.027
1348	73.932
1349	74.622
1350	75
1351	74.527
1352	74.297
1353	74.838
1354	74.703
1355	74.014
1356	74.081
1357	72.838
1358	73.716
1359	75.108
1360	74.811
1361	74.595
1362	74.473
1363	74.973
1364	73.851
1365	73.824
1366	74.108
1367	75.392
1368	73.378
1369	73.689
1370	74.595
1371	73.432
1372	74.297
1373	73.581
1374	74.757
1375	74.568
1376	73.986
1377	73.986
1378	74.243
1379	74.392
1380	74.757
1381	74.027
1382	74.162
1383	72.946
1384	73.5
1385	73.23
1386	73.095
1387	73.284
1388	73.581
1389	74.622
1390	74.189
1391	75.365
1392	74.838
1393	74.054
1394	75.797
1395	73.77
1396	74.73
1397	74.216
1398	75.649
1399	73.662
1400	75.203
1401	75.297
1402	75.689
1403	75.189
1404	80.243
1405	84.23
1406	87.338
1407	89.27
1408	90.878
1409	91.257
1410	93.581
1411	91.108
1412	94.297
1413	92.297
1414	91.919
1415	90.73
1416	91.297
1417	90.297
1418	89.149
1419	89.419
1420	88.757
1421	86.122
1422	86.568
1423	85.608
1424	85.243
1425	85.351
1426	84.243
1427	84.324
1428	83.635
1429	84.432
1430	84.986
1431	83
1432	81.905
1433	81.811
1434	81.649
1435	81.378
1436	81.946
1437	80.595
1438	81.284
1439	81.297
1440	80.676
1441	79.581
1442	80.054
1443	80.081
1444	79.568
1445	78.095
1446	78.514
1447	79
1448	77.959
1449	78.081
1450	77.5
1451	77.392
1452	78.514
1453	77.419
1454	77.784
1455	76.703
1456	76.392
1457	76.73
1458	76.122
1459	77.311
1460	76.081
1461	74.878
1462	76.473
1463	75.054
1464	76.189
1465	76.878
1466	76.865
1467	80.622
1468	84.365
1469	88.122
1470	89.689
1471	90.851
1472	92.054
1473	92.811
1474	91.351
1475	91.432
1476	91.635
1477	92.027
1478	93.608
1479	92.892
1480	92.486
1481	90.811
1482	91.149
1483	90.932
1484	90.068
1485	90.014
1486	88.649
1487	87.676
1488	85.905
1489	86.419
1490	85.027
1491	86.284
1492	85.203
1493	84.108
1494	85.027
1495	83.351
1496	82.811
1497	83.122
1498	83.608
1499	82.432
1500	83.595
1501	83.5
1502	81.595
1503	81.716
1504	81.676
1505	81.622
1506	80.973
1507	79.541
1508	80.041
1509	78.608
1510	79.905
1511	79.135
1512	78.324
1513	79.5
1514	79.351
1515	79.973
1516	79.054
1517	79.311
1518	79.122
1519	77.351
1520	78.446
1521	78.554
1522	77.122
1523	77.297
1524	77.757
1525	77.176
1526	76.878
1527	77.351
1528	76.459
1529	76.959
1530	77.459
1531	76.162
1532	76.392
1533	75.554
1534	75.365
1535	75.135
1536	75.743
1537	74.932
1538	75.865
1539	75.203
1540	75.459
1541	74.365
1542	75.176
1543	75.27
1544	74.419
1545	74.486
1546	73.784
1547	75.338
1548	74.865
1549	74.784
1550	74.446
1551	75.689
1552	74.635
1553	73.662
1554	73.757
1555	75.149
1556	73.581
1557	74.257
1558	73.811
1559	74.608
1560	75.041
1561	73.554
1562	73.649
1563	73.851
1564	74.703
1565	73.581
1566	74.216
1567	77.554
1568	83.162
1569	83.73
1570	87.459
1571	88.797
1572	88.932
1573	89.473
1574	89.243
1575	89.095
1576	87.568
1577	87.608
1578	86.162
1579	86.405
1580	84.797
1581	84.27
1582	84.338
1583	84.162
1584	84.338
1585	83.716
1586	81.892
1587	82.351
1588	80.514
1589	82.689
1590	80.824
1591	81.297
1592	80.23
1593	80.5
1594	80.73
1595	80.743
1596	79.716
1597	78.932
1598	78.797
1599	79.378
1600	78.365
1601	77.689
1602	77.446
1603	78.095
1604	76.892
1605	77.351
1606	76.595
1607	77.568
1608	76.689
1609	77.824
1610	76.378
1611	75.676
1612	76.189
1613	76.203
1614	76.554
1615	76.446
1616	74.865
1617	74.068
1618	76.108
1619	73.608
1620	75.541
1621	74.932
1622	75.649
1623	74.486
1624	74.338
1625	74.689
1626	75.081
1627	74.446
1628	74.014
1629	74.122
1630	74.284
1631	74.581
1632	74.514
1633	74.297
1634	73.77
1635	74.865
1636	79.486
1637	83.838
1638	85.554
1639	87.797
1640	88.216
1641	90.338
1642	90.189
1643	91.284
1644	89.959
1645	89.243
1646	87.351
1647	87.797
1648	87.378
1649	86.068
1650	86.689
1651	84.595
1652	85.351
1653	84.162
1654	81.919
1655	83.878
1656	84.568
1657	82.446
1658	82.554
1659	82.176
1660	80.892
1661	81.743
1662	79.649
1663	79.946
1664	80.068
1665	79.162
1666	78.689
1667	78.743
1668	78.811
1669	79.378
1670	79.27
1671	77.527
1672	78.757
1673	78.216
1674	78.662
1675	77.311
1676	77.743
1677	77.595
1678	77.878
1679	75.919
1680	77.324
1681	77.297
1682	76.338
1683	75.216
1684	76.216
1685	75.73
1686	75.703
1687	75.297
1688	75.23
1689	75.149
1690	75.203
1691	75.149
1692	73.986
1693	74.608
1694	73.149
1695	74.338
1696	74.095
1697	75.23
1698	73.324
1699	73.527
1700	74.405
1701	73.919
1702	72.108
1703	74.162
1704	73.446
1705	73.568
1706	73.311
1707	72.446
1708	73.919
1709	74.257
1710	73.162
1711	73.824
1712	73.905
1713	73.703
1714	73.405
1715	74.649
1716	73.703
1717	73.635
1718	73.622
1719	74.27
1720	73.905
1721	73.622
1722	73.257
1723	73.838
1724	73.716
1725	73.635
1726	77.649
1727	81.568
1728	84.892
1729	86.365
1730	88.919
1731	88.77
1732	90.122
1733	89.473
1734	89.014
1735	88.784
1736	88.757
1737	88.216
1738	87.486
1739	87.959
1740	87.865
1741	85.486
1742	85.459
1743	85.365
1744	82.73
1745	84.216
1746	83.486
1747	84.068
1748	82.932
1749	82.581
1750	82.824
1751	82.095
1752	82.784
1753	81.257
1754	81.095
1755	79.973
1756	79.595
1757	80.608
1758	80.486
1759	78.851
1760	78.689
1761	77.811
1762	78.649
1763	77.541
1764	77.973
1765	78.689
1766	75.608
1767	76.905
1768	76.459
1769	78.135
1770	78.351
1771	77.338
1772	76.216
1773	76.297
1774	77.635
1775	75.919
1776	75.689
1777	74.162
1778	75.919
1779	75.297
1780	74.797
1781	75.851
1782	74.216
1783	75.338
1784	75.797
1785	75.703
1786	74.419
1787	74.432
1788	73.554
1789	76
1790	73.135
1791	73.946
1792	74.554
1793	73
1794	74.041
1795	74.486
1796	73.622
1797	74.716
1798	73.297
1799	73.703
1800	73.946
1801	74.257
1802	74.203
1803	73.135
1804	73.959
1805	73.162
1806	73.838
1807	73.851
1808	74.27
1809	73.581
1810	73.554
1811	72.541
1812	72.716
1813	71.932
1814	73.203
1815	73.446
1816	73.392
1817	72.635
1818	72.527
1819	74.081
1820	72.311
1821	72.446
1822	72.473
1823	73.865
1824	72.757
1825	72.743
1826	73.014
1827	73.027
1828	72.608
1829	72.973
1830	71.689
1831	72.432
1832	72.432
1833	73.284
1834	73.027
1835	71.946
1836	72.716
1837	72.527
1838	73.432
1839	72.203
1840	72.959
1841	72.622
1842	73.149
1843	72.149
1844	72.649
1845	73.176
1846	71.581
1847	73.324
1848	71.851
1849	72.743
1850	73.338
1851	73.203
1852	72.243
1853	72.351
1854	71.662
1855	72.27
1856	72.149
1857	71.459
1858	72.014
1859	72.757
1860	71.797
1861	72.041
1862	71.716
1863	71.297
1864	71.243
1865	72.351
1866	71.932
1867	73.851
1868	72.378
1869	72
1870	71.905
1871	71.068
1872	72.189
1873	73.027
1874	73
1875	71.757
1876	71.568
1877	71.649
1878	71.554
1879	71.77
1880	71.973
1881	70.811
1882	71.162
1883	71.405
1884	73.23
1885	77.73
1886	81.797
1887	82.865
1888	85.959
1889	86.081
1890	87.054
1891	87.946
1892	86.797
1893	87.365
1894	88
1895	85.838
1896	84.865
1897	86.568
1898	85.405
1899	85.324
1900	84.243
1901	83.932
1902	84.405
1903	82.27
1904	80.797
1905	81.797
1906	80.527
1907	80.203
1908	79.716
1909	80.203
1910	79.676
1911	79.811
1912	79.257
1913	77.959
1914	79.77
1915	78.162
1916	78.662
1917	77.743
1918	78.473
1919	77.581
1920	77.473
1921	76.365
1922	76.784
1923	77
1924	75.946
1925	75.676
1926	76.297
1927	76.392
1928	75.649
1929	76.77
1930	75.027
1931	77.041
1932	74.649
1933	74.757
1934	74.905
1935	75.986
1936	75.189
1937	74.743
1938	74.27
1939	74.77
1940	73.622
1941	74.203
1942	73.946
1943	74.77
1944	73.865
1945	74.419
1946	73.405
1947	74.635
1948	72.811
1949	73.703
1950	72.297
1951	73.635
1952	74.419
1953	73.892
1954	73.068
1955	73.257
1956	72.486
1957	73.541
1958	72.311
1959	72.23
1960	72.473
1961	72.878
1962	71.541
1963	71.581
1964	72.324
1965	71.743
1966	71.703
1967	72.459
1968	72.459
1969	71.459
1970	72.77
1971	72.824
1972	72.432
1973	70.973
1974	72.595
1975	71.649
1976	72.743
1977	72.595
1978	72.541
1979	72.622
1980	73.257
1981	73.068
1982	74.014
1983	73.595
1984	71.338
1985	71.973
1986	72.257
1987	72.405
1988	72.824
1989	73.027
1990	71.703
1991	72.824
1992	71.905
1993	72.743
1994	71.892
1995	71.689
1996	72.595
1997	71.905
1998	71.486
1999	72.703
2000	71.527
2001	71.432
2002	72.189
2003	71.784
2004	71.716
2005	73.324
2006	71.203
2007	71.054
2008	71.149
2009	71.946
2010	71
2011	70.568
2012	71.811
2013	72.351
2014	70.757
2015	71.459
2016	72.432
2017	70.676
2018	71.622
2019	69.919
2020	71.081
2021	71.514
2022	72.351
2023	71.432
2024	72.014
2025	70.622
2026	72.189
2027	70.622
2028	71.608
2029	72.068
2030	73.257
2031	72.311
2032	71.851
2033	70.703
2034	72.527
2035	71.919
2036	72.824
2037	73.014
2038	72.014
2039	71.743
2040	71.986
2041	73.081
2042	71.324
2043	73.865
2044	77.081
2045	80.554
2046	82.365
2047	84.311
2048	84.23
2049	86.851
2050	85.081
2051	86.932
2052	85.595
2053	86.662
2054	87.324
2055	87
2056	86
2057	84.959
2058	86.027
2059	84.297
2060	82.527
2061	83.311
2062	83.027
2063	82.905
2064	82.514
2065	81.23
2066	80.932
2067	81.419
2068	80.635
2069	80.514
2070	81.392
2071	80.73
2072	80.432
2073	79.027
2074	79.703
2075	78.986
2076	80.446
2077	78.135
2078	78.608
2079	77.486
2080	77.878
2081	77.568
2082	76.959
2083	76.73
2084	77.068
2085	77.973
2086	76.014
2087	76.959
2088	76.568
2089	75.959
2090	75.162
2091	75.5
2092	75.081
2093	74.703
2094	76.027
2095	75.446
2096	74.649
2097	74.959
2098	73.865
2099	74.446
2100	74.865
2101	73.838
2102	74.311
2103	73.757
2104	73.486
2105	72.973
2106	73.405
2107	72.932
2108	72.432
2109	73.919
2110	74.189
2111	73.554
2112	73.23
2113	72.095
2114	73.541
2115	73.649
2116	72.243
2117	73.392
2118	72.297
2119	72.176
2120	72.297
2121	72.73
2122	71.635
2123	72.257
2124	72.5
2125	72.662
2126	72.973
2127	72.405
2128	72.284
2129	73.068
2130	72.216
2131	72.257
2132	73.486
2133	71.243
2134	71.743
2135	70.459
2136	72.568
2137	70.419
2138	72.365
2139	71.554
2140	72.351
2141	71.203
2142	70.919
2143	73.919
2144	72.784
2145	72.311
2146	71.473
2147	71.27
2148	71.959
2149	71.581
2150	71.527
2151	73.176
2152	71.703
2153	71.095
2154	71.757
2155	71.662
2156	71.162
2157	71.108
2158	70.419
2159	71.676
2160	71.973
2161	70.27
2162	71.973
2163	70.5
2164	71.176
2165	71.635
2166	71.189
2167	71.946
2168	71.149
2169	72.216
2170	72.257
2171	71.527
2172	72.108
2173	72.73
2174	72.324
2175	72.23
2176	72.014
2177	71.635
2178	71.784
2179	72.797
2180	72.081
2181	72.189
2182	71.297
2183	72.743
2184	72.338
2185	70.865
2186	71.703
2187	72.041
2188	72.649
2189	72.122
2190	71.865
2191	71.568
2192	71.905
2193	71.595
2194	71.311
2195	71.446
2196	71.324
2197	71.297
2198	71.014
2199	71.162
2200	70.338
2201	71.486
2202	74.703
2203	77.743
2204	80.797
2205	82.135
2206	84.108
2207	84.149
2208	86.243
2209	86.595
2210	86.446
2211	85.689
2212	86.054
2213	86.595
2214	85.378
2215	86.243
2216	85.176
2217	84.014
2218	82.743
2219	82.784
2220	82.77
2221	81.851
2222	83.027
2223	83.149
2224	81.054
2225	81.635
2226	80.176
2227	80.824
2228	79.716
2229	79.527
2230	79.041
2231	78.189
2232	77.919
2233	77.243
2234	78.365
2235	77.392
2236	77.959
2237	76.622
2238	76.649
2239	76.608
2240	76.473
2241	76.203
2242	76.216
2243	76.311
2244	77.162
2245	76.162
2246	75.838
2247	75.284
2248	75.541
2249	75.932
2250	73.608
2251	74.851
2252	74.257
2253	75.257
2254	73.392
2255	72.932
2256	74.608
2257	73.419
2258	73.486
2259	73.149
2260	73.865
2261	73.527
2262	72.541
2263	73.351
2264	72.446
2265	72.959
2266	74.108
2267	73.189
2268	72.878
2269	73.459
2270	71.554
2271	73.797
2272	71.243
2273	72.527
2274	71.473
2275	70.905
2276	73.014
2277	72.77
2278	71.378
2279	72.149
2280	72.405
2281	73.432
2282	72.824
2283	72.716
2284	74.338
2285	72.635
2286	72.459
2287	72.203
2288	72.068
2289	71.905
2290	71.878
2291	72.514
2292	72.703
2293	71.73
2294	72.149
2295	71.095
2296	72.878
2297	72.162
2298	71.676
2299	72.541
2300	72.122
2301	70.838
2302	71.122
2303	72.608
2304	71.405
2305	72.527
2306	71.027
2307	70.865
2308	70.811
2309	70.743
2310	71.784
2311	71.095
2312	70.405
2313	70.622
2314	70.784
2315	71.851
2316	70.851
2317	71.041
2318	71.243
2319	70.865
2320	71.459
2321	71.257
2322	71.77
2323	71.581
2324	70.703
2325	72.122
2326	72.068
2327	72.23
2328	71.405
2329	70.405
2330	71.865
2331	70.838
2332	70.73
2333	71.081
2334	71.824
2335	71.216
2336	71.365
2337	70.838
2338	71.703
2339	70.662
2340	71.446
2341	70.824
2342	69.932
2343	70.676
2344	70.973
2345	71.135
2346	71.122
2347	71.905
2348	71.257
2349	72.027
2350	70.635
2351	70.473
2352	69.986
2353	70.716
2354	69.5
2355	70.932
2356	70.905
2357	70.811
2358	70.919
2359	72.392
2360	70.027
2361	72.541
2362	77.973
2363	80.324
2364	82.635
2365	83.351
2366	84.946
2367	83.757
2368	85.622
2369	86.365
2370	85.257
2371	85.459
2372	84.135
2373	84.919
2374	85.838
2375	86.689
2376	86.554
2377	85.527
2378	85.568
2379	83.986
2380	84.595
2381	83.77
2382	82.595
2383	84.257
2384	82.973
2385	81.622
2386	82.216
2387	82.378
2388	81.743
2389	80.905
2390	80.027
2391	80.446
2392	80.23
2393	79.149
2394	78.851
2395	80.365
2396	77.973
2397	77.932
2398	78.635
2399	78.068
2400	78.108
2401	77.473
2402	78.162
2403	77.378
2404	77.135
2405	77.135
2406	76.486
2407	77.243
2408	76.878
2409	77.027
2410	75.946
2411	75.811
2412	74.946
2413	75.527
2414	74.946
2415	75.392
2416	75
2417	74.446
2418	74.919
2419	73.595
2420	73.284
2421	72.662
2422	74.027
2423	73.689
2424	72.757
2425	73.068
2426	72.473
2427	72.946
2428	72.973
2429	72.905
2430	74.027
2431	72.108
2432	73.77
2433	72.811
2434	72.027
2435	71.851
2436	72.392
2437	72.716
2438	72.554
2439	72.297
2440	71.919
2441	70.473
2442	71.689
2443	71.5
2444	70.324
2445	70.108
2446	70.432
2447	70.784
2448	71.473
2449	70.811
2450	70.851
2451	71.446
2452	73.216
2453	72.041
2454	72.122
2455	71.149
2456	72.932
2457	70.554
2458	71.811
2459	70.27
2460	71.486
2461	70.5
2462	71.5
2463	71.905
2464	70.73
2465	70.189
2466	70.541
2467	70.378
2468	70.311
2469	70.446
2470	71.135
2471	69.459
2472	70.23
2473	69.149
2474	70
2475	70.811
2476	70.257
2477	70.014
2478	71.162
2479	71.351
2480	70.405
2481	70.595
2482	70.473
2483	70.554
2484	70.743
2485	70.581
2486	70.851
2487	71.973
2488	70.486
2489	69.851
2490	70.635
2491	70.324
2492	70.068
2493	70.068
2494	70.216
2495	68.865
2496	70.865
2497	69.284
2498	70.554
2499	70.527
2500	69.486
2501	69.959
2502	69.946
2503	70.595
2504	69.73
2505	70.608
2506	70.459
2507	71.284
2508	70.73
2509	70.324
2510	70.446
2511	70.459
2512	70.77
2513	71.162
2514	70.027
2515	70.527
2516	70.243
2517	69.608
2518	70.676
2519	69.716
2520	74.054
2521	77.73
2522	78.838
2523	80.851
2524	83.027
2525	83.959
2526	83.243
2527	84.919
2528	83.108
2529	84.392
2530	84.878
2531	83.149
2532	82.5
2533	81.068
2534	80.216
2535	80.878
2536	80.703
2537	78.392
2538	78.797
2539	79.73
2540	79.473
2541	78.527
2542	78.338
2543	78.905
2544	77.23
2545	78.446
2546	77.162
2547	75.757
2548	75.959
2549	78.203
2550	76.446
2551	76.851
2552	75.486
2553	75.473
2554	76.23
2555	75.541
2556	74.554
2557	74.946
2558	74.216
2559	73.986
2560	73.649
2561	74.095
2562	73.189
2563	73.189
2564	74.068
2565	73.284
2566	73.041
2567	73.392
2568	72.608
2569	72.419
2570	72.081
2571	73.514
2572	73.351
2573	71.865
2574	73.311
2575	72.622
2576	71.689
2577	72.662
2578	71.689
2579	71.716
2580	71.959
2581	70.973
2582	70.676
2583	70.662
2584	72.338
2585	71.108
2586	71.514
2587	71.473
2588	71.527
2589	70.095
2590	72.176
2591	70.486
2592	70.905
2593	71.27
2594	71.23
2595	70.514
2596	71.514
2597	70.838
2598	70.446
2599	70.703
2600	70.905
2601	70.176
2602	70.595
2603	69.297
2604	69.824
2605	70.676
2606	70.068
2607	70.324
2608	71.568
2609	70.784
2610	71.486
2611	69.595
2612	70.5
2613	70.486
2614	71.986
2615	70.243
2616	71.405
2617	69.851
2618	70
2619	70.176
2620	70.054
2621	71.297
2622	70.149
2623	69.986
2624	69.865
2625	69.865
2626	69.703
2627	70.676
2628	70.041
2629	70.014
2630	71.284
2631	71.176
2632	69.514
2633	68.743
2634	69.324
2635	70.162
2636	71.946
2637	69.892
2638	71.5
2639	71.338
2640	71.054
2641	69.784
2642	70.662
2643	70.405
2644	70.054
2645	70.797
2646	70.595
2647	70.5
2648	70.851
2649	70.054
2650	72.743
2651	74.297
2652	78.959
2653	80.838
2654	82.405
2655	81.932
2656	83.919
2657	84.419
2658	84.622
2659	83.797
2660	83.649
2661	82.973
2662	83.77
2663	81.919
2664	82.595
2665	81.514
2666	80.554
2667	81.243
2668	80.959
2669	79.122
2670	79.838
2671	78.73
2672	78.324
2673	77.919
2674	77.027
2675	77.068
2676	77.581
2677	76.757
2678	77.216
2679	78.392
2680	81.635
2681	83.014
2682	84.635
2683	86
2684	85.595
2685	84.541
2686	84.662
2687	84.108
2688	83.635
2689	81.797
2690	82.216
2691	81.378
2692	81.405
2693	80.608
2694	79.514
2695	80.73
2696	79.676
2697	78.824
2698	79.446
2699	77.5
2700	78.716
2701	79.027
2702	78.203
2703	77.392
2704	78.514
2705	77.703
2706	78.081
2707	77.149
2708	76.986
2709	77.405
2710	75.757
2711	76.068
2712	76.595
2713	75.973
2714	75.149
2715	75.608
2716	76
2717	73.905
2718	76.054
2719	75.473
2720	75.514
2721	74.784
2722	75
2723	74.878
2724	73.932
2725	74.27
2726	73.784
2727	73.851
2728	73.622
2729	72.959
2730	73.014
2731	73.284
2732	72.081
2733	71.649
2734	71.838
2735	71.365
2736	71.865
2737	73.162
2738	72.122
2739	71.514
2740	71.446
2741	73.662
2742	71.338
2743	71.122
2744	71.541
2745	72.486
2746	71.892
2747	71.432
2748	72.432
2749	71.23
2750	70.541
2751	71.77
2752	71.554
2753	71.095
2754	70.568
2755	71.662
2756	70.486
2757	71.662
2758	71.162
2759	71.851
2760	69.973
2761	70.459
2762	69.838
2763	69.959
2764	72.162
2765	71.081
2766	70.743
2767	70.257
2768	69.554
2769	69.824
2770	69.865
2771	69.608
2772	71.203
2773	70.392
2774	70.041
2775	70.784
2776	69.838
2777	70.865
2778	70.203
2779	71.216
2780	70.081
2781	70.689
2782	69.243
2783	69.959
2784	70.284
2785	69.676
2786	70.932
2787	70.946
2788	69.892
2789	69.838
2790	69.122
2791	69.743
2792	68.568
2793	70.5
2794	70.203
2795	68.973
2796	70.014
2797	68.973
2798	69.851
2799	69.689
2800	70.486
2801	69.514
2802	69.392
2803	68.568
2804	71.797
2805	74.216
2806	75.865
2807	79.135
2808	79.081
2809	82.743
2810	83.514
2811	83.405
2812	83.919
2813	83.108
2814	81.77
2815	81.932
2816	80.811
2817	80.959
2818	79.676
2819	79.703
2820	79.419
2821	78.108
2822	79.041
2823	79.243
2824	78.351
2825	77.905
2826	77.108
2827	77.014
2828	76.568
2829	76.608
2830	75.473
2831	76.608
2832	76.824
2833	76.351
2834	76.189
2835	75.392
2836	75.176
2837	75.554
2838	79.405
2839	80.757
2840	82.203
2841	83.405
2842	82.662
2843	83.068
2844	84.635
2845	83.351
2846	83.459
2847	83
2848	82.176
2849	82.081
2850	82.243
2851	80.486
2852	80.068
2853	80.784
2854	79.689
2855	78.676
2856	77.473
2857	78.595
2858	79.108
2859	77.135
2860	76.932
2861	77.635
2862	76.486
2863	77.892
2864	77.595
2865	75.73
2866	75.608
2867	78.541
2868	75.784
2869	74.973
2870	74.338
2871	75.176
2872	73.73
2873	72.892
2874	72.946
2875	73.041
2876	74.635
2877	72.784
2878	73.149
2879	72.824
2880	72.108
2881	73.149
2882	73.527
2883	72.581
2884	71.595
2885	73.135
2886	72.932
2887	72.811
2888	71.851
2889	71.892
2890	71.649
2891	72.459
2892	72.892
2893	73.162
2894	72.635
2895	72.743
2896	71.811
2897	73.027
2898	71.27
2899	71.405
2900	72.189
2901	71.216
2902	70.878
2903	70.649
2904	70.446
2905	70.054
2906	70.351
2907	70.608
2908	70.23
2909	70.081
2910	71.203
2911	69.838
2912	69.824
2913	71.054
2914	70.5
2915	70.676
2916	69.716
2917	70.77
2918	70.878
2919	69.865
2920	70.689
2921	70.095
2922	69.892
2923	69.649
2924	69.851
2925	69
2926	69.041
2927	69.676
2928	69.486
2929	68.986
2930	71.176
2931	69.608
2932	69.459
2933	69.959
2934	69.554
2935	70.027
2936	69.689
2937	69.811
2938	68.595
2939	70.149
2940	69.932
2941	69.77
2942	69.635
2943	69.527
2944	68.297
2945	70.122
2946	68.77
2947	69.689
2948	69.73
2949	69.851
2950	68.919
2951	69.122
2952	69.77
2953	68.838
2954	68.946
2955	68.743
2956	69
2957	69.135
2958	69.946
2959	69.149
2960	68.878
2961	68.351
2962	69.716
2963	68.824
2964	70.27
2965	69.838
2966	69
2967	69.351
2968	69.5
2969	71.243
2970	70.108
2971	68.311
2972	68.946
2973	69.459
2974	69.77
2975	69.203
2976	68.73
2977	68.135
2978	68.284
2979	69.257
2980	69.973
2981	69.054
2982	68.959
2983	69.514
2984	68.824
2985	68.041
2986	68.851
2987	68.284
2988	68.635
2989	68.838
2990	69.405
2991	68.284
2992	67.77
2993	69.649
2994	69.784
2995	68.784
2996	70.959
2997	73.459
2998	76.905
2999	79.122
3000	79.811
3001	81.203
3002	81.622
3003	82.635
3004	82.162
3005	82.054
3006	80.378
3007	80.135
3008	81.027
3009	81.176
3010	80.432
3011	81.135
3012	79.392
3013	79.27
3014	79.757
3015	78.892
3016	78.662
3017	76.527
3018	77.23
3019	76.324
3020	75.878
3021	76.527
3022	74.378
3023	75.905
3024	74.77
3025	75.946
3026	74.743
3027	75.176
3028	73.797
3029	73.905
3030	74.676
3031	72.689
3032	73.662
3033	73.622
3034	73.365
3035	73.257
3036	73.649
3037	72.446
3038	72.703
3039	72.378
3040	72.73
3041	70.905
3042	72.662
3043	71.73
3044	71.338
3045	72.459
3046	71.189
3047	72.486
3048	71.297
3049	72.176
3050	72.135
3051	70.068
3052	71.23
3053	71.176
3054	71.581
3055	70.973
3056	71.27
3057	70.541
3058	71.095
3059	70.378
3060	71.324
3061	70.851
3062	70.473
3063	70.432
3064	71.676
3065	69.865
3066	70.703
3067	69.878
3068	69.797
3069	69.176
3070	69.378
3071	68.811
3072	69.189
3073	69.162
3074	68.351
3075	68.27
3076	69.338
3077	68.743
3078	69.635
3079	70.135
3080	69.135
3081	68.297
3082	69.878
3083	69.297
3084	69.973
3085	68.959
3086	68.405
3087	69.514
3088	69.23
3089	69.486
3090	69.189
3091	69.122
3092	68.784
3093	69.459
3094	69.527
3095	67.068
3096	68.932
3097	68.297
3098	68.892
3099	68.676
3100	69.149
3101	68.514
3102	70.459
3103	69.514
3104	70.23
3105	68.446
3106	69.405
3107	68.865
3108	68.324
3109	68.405
3110	68.027
3111	68.324
3112	69.014
3113	68.784
3114	69.324
3115	69.784
3116	68.473
3117	67.676
3118	67.716
3119	68.689
3120	68.932
3121	68.797
3122	69.608
3123	68.824
3124	69.014
3125	68.797
3126	68.176
3127	69.324
3128	69.041
3129	68.878
3130	69.405
3131	68.946
3132	67.77
3133	69.23
3134	69.149
3135	67.635
3136	67.865
3137	68.851
3138	69.176
3139	68.838
3140	69.189
3141	67.595
3142	69.068
3143	68.932
3144	68.959
3145	68.892
3146	68.649
3147	67.838
3148	69.27
3149	68.081
3150	69.541
3151	69.446
3152	68.446
3153	69.027
3154	68.054
3155	71.473
3156	73.581
3157	77.068
3158	79.081
3159	79.824
3160	81.757
3161	82.649
3162	81.757
3163	81.432
3164	81.851
3165	80.405
3166	80.392
3167	78.851
3168	79.581
3169	78.622
3170	78.081
3171	78.27
3172	78.554
3173	76.311
3174	78.324
3175	76.324
3176	76.838
3177	75.919
3178	76.176
3179	75.703
3180	74.351
3181	73.932
3182	74.378
3183	73.257
3184	74.797
3185	73.514
3186	72.608
3187	74.581
3188	72.77
3189	73.5
3190	72.676
3191	72.351
3192	73.838
3193	72.743
3194	71.257
3195	71.608
3196	71.162
3197	71.297
3198	72.622
3199	71.23
3200	70.527
3201	71.797
3202	71.095
3203	71.041
3204	71.216
3205	71.689
3206	71.041
3207	69.5
3208	71.324
3209	68.284
3210	70.622
3211	71.324
3212	70.122
3213	69.784
3214	70.432
3215	71.541
3216	69.838
3217	69.405
3218	69.838
3219	68.486
3220	70
3221	69.77
3222	69.77
3223	69.432
3224	70.149
3225	69.541
3226	69.622
3227	68.73
3228	69.73
3229	68.541
3230	70.095
3231	70.135
3232	68.081
3233	69.905
3234	69.392
3235	68.5
3236	69.324
3237	69.176
3238	68.23
3239	69.649
3240	69.946
3241	68.973
3242	69.216
3243	69.311
3244	69.054
3245	69.311
3246	68.378
3247	68.257
3248	68.459
3249	68.689
3250	68.176
3251	67.838
3252	68.757
3253	68.122
3254	67.392
3255	67.676
3256	69.054
3257	67.959
3258	67.905
3259	68.716
3260	69.5
3261	69.27
3262	68.541
3263	67.838
3264	68.324
3265	69.662
3266	70.108
3267	70.514
3268	68.5
3269	68.541
3270	68.027
3271	68.635
3272	69.351
3273	68.527
3274	67.932
3275	68.581
3276	68.595
3277	68.108
3278	68.608
3279	68.243
3280	68.811
3281	68.676
3282	68.892
3283	68.203
3284	68.824
3285	69.595
3286	68.595
3287	68.689
3288	68.473
3289	68.851
3290	68.905
3291	69.378
3292	67.784
3293	68.514
3294	68.919
3295	69.324
3296	68.676
3297	68.676
3298	68.892
3299	67.311
3300	69.095
3301	67.932
3302	68.108
3303	67.986
3304	67.703
3305	68.081
3306	68.757
3307	68.527
3308	67.716
3309	68.446
3310	67.649
3311	68.676
3312	67.784
3313	67.973
3314	69.757
3315	73.257
3316	75.054
3317	78.216
3318	78.554
3319	79.257
3320	79.892
3321	79.514
3322	79.811
3323	81.257
3324	80.649
3325	79.757
3326	78.973
3327	79.797
3328	78.676
3329	78.784
3330	78.27
3331	77.811
3332	78.095
3333	75.986
3334	77.378
3335	75.824
3336	75.595
3337	75.324
3338	75.459
3339	75.027
3340	74.608
3341	73.365
3342	73.378
3343	73.932
3344	73.77
3345	73.595
3346	72.581
3347	73.135
3348	73.986
3349	72.73
3350	71.486
3351	72.716
3352	72.541
3353	72.297
3354	71.311
3355	71.797
3356	71.838
3357	71.189
3358	71.216
3359	71.243
3360	70.351
3361	71.635
3362	69.784
3363	69.851
3364	70.23
3365	70.095
3366	70.351
3367	69.905
3368	69.743
3369	69.162
3370	70.932
3371	69.486
3372	70.135
3373	68.608
3374	68.041
3375	68.432
3376	69.162
3377	68.311
3378	68.649
3379	70.784
3380	69.041
3381	68.662
3382	70.068
3383	69.108
3384	68.973
3385	69.5
3386	69.946
3387	69.486
3388	68.946
3389	67.946
3390	69.676
3391	70.554
3392	68.419
3393	69.135
3394	68.473
3395	68.946
3396	68.689
3397	69.311
3398	68.73
3399	69.595
3400	68.905
3401	68.297
3402	68.257
3403	68.608
3404	69.081
3405	68.311
3406	68.041
3407	68.77
3408	68.662
3409	67.581
3410	67.027
3411	67.5
3412	69.257
3413	68.473
3414	68.486
3415	67.892
3416	68.324
3417	69.081
3418	68.459
3419	67.892
3420	68.27
3421	67.784
3422	67.946
3423	68.176
3424	67.405
3425	68.108
3426	67.311
3427	68.365
3428	68.932
3429	67.784
3430	67.378
3431	68.784
3432	68.338
3433	68.23
3434	70.568
3435	73.351
3436	76.203
3437	77.095
3438	78.595
3439	79.608
3440	78.743
3441	80.905
3442	80.527
3443	79.257
3444	81.054
3445	80.284
3446	79.405
3447	78.541
3448	78.932
3449	79.595
3450	77.851
3451	78.838
3452	76
3453	77.689
3454	76.946
3455	76.324
3456	75.851
3457	74.946
3458	75.595
3459	75.784
3460	75.257
3461	74.581
3462	74.635
3463	75.23
3464	75.405
3465	73.676
3466	73.378
3467	74.189
3468	73.27
3469	73.324
3470	72.419
3471	72.351
3472	72.635
3473	74.189
3474	77.703
3475	79.649
3476	79.811
3477	80.405
3478	80.946
3479	81.149
3480	81.162
3481	79.365
3482	78.23
3483	78
3484	79.041
3485	77.608
3486	76.622
3487	77.257
3488	76.743
3489	76.243
3490	76.054
3491	74.568
3492	74.689
3493	74.73
3494	74.635
3495	73.811
3496	73.486
3497	73.568
3498	73.257
3499	73.311
3500	72.932
3501	73.73
3502	73.514
3503	72.541
3504	72.054
3505	72.135
3506	71.311
3507	72.23
3508	72.162
3509	70.486
3510	72.73
3511	70.568
3512	71.892
3513	71.297
3514	71.689
3515	71.649
3516	71.135
3517	70.473
3518	70.73
3519	71.176
3520	71.311
3521	70.162
3522	70.865
3523	70.392
3524	70.162
3525	70.608
3526	69.568
3527	69.392
3528	69.446
3529	69.203
3530	69.189
3531	69.324
3532	69.432
3533	70.595
3534	69.338
3535	67.649
3536	68.432
3537	69.203
3538	68.554
3539	68.838
3540	68.865
3541	68.838
3542	67.838
3543	68.243
3544	68.419
3545	69.108
3546	68.216
3547	68.135
3548	68.986
3549	69.041
3550	69.027
3551	68.932
3552	68.459
3553	68.324
3554	68.108
3555	67.095
3556	68.554
3557	67.73
3558	67.541
3559	67.77
3560	68.919
3561	67.811
3562	67.919
3563	68.311
3564	67.068
3565	67.838
3566	67.297
3567	67.608
3568	67.297
3569	69.054
3570	67.635
3571	67.122
3572	68.176
3573	67.27
3574	67.878
3575	68.432
3576	68.149
3577	67.811
3578	67.824
3579	67.243
3580	66.716
3581	67.838
3582	67.514
3583	68.122
3584	68
3585	67.338
3586	67.622
3587	66.77
3588	68.324
3589	67.568
3590	68.865
3591	67.865
3592	68.135
3593	67.649
3594	68.432
3595	67.797
3596	66.919
3597	66.77
3598	67.797
3599	67.851
3600	66.676
3601	67.703
3602	67.5
3603	67.608
3604	71.149
3605	72.473
3606	75.838
3607	76.635
3608	77.824
3609	78.23
3610	77.595
3611	79.541
3612	77.162
3613	78.514
3614	78.216
3615	78.635
3616	77.703
3617	77.662
3618	75.973
3619	75.73
3620	76.216
3621	75.068
3622	75.216
3623	74.189
3624	74.811
3625	74.311
3626	73.703
3627	73.635
3628	73.838
3629	72.716
3630	74.081
3631	74.73
3632	76.041
3633	78.541
3634	78.676
3635	79.905
3636	80.216
3637	81.892
3638	81.068
3639	78.878
3640	80.081
3641	78.432
3642	76.514
3643	77.824
3644	77.932
3645	76.432
3646	78.122
3647	77.581
3648	77.054
3649	74.865
3650	76.108
3651	75.73
3652	75.081
3653	74.703
3654	75.419
3655	74
3656	74.351
3657	74.446
3658	74.527
3659	74.324
3660	73.378
3661	72.419
3662	73.432
3663	71.946
3664	72.595
3665	72.635
3666	71.622
3667	70.892
3668	69.446
3669	71.676
3670	72.365
3671	71.932
3672	71.716
3673	71.324
3674	69.554
3675	70.73
3676	70.514
3677	71
3678	69.973
3679	70.284
3680	71.351
3681	70.027
3682	71.392
3683	70.27
3684	70.419
3685	70.986
3686	69.297
3687	69.865
3688	68.703
3689	68.365
3690	70.486
3691	68.297
3692	68.257
3693	69.743
3694	68.878
3695	68.162
3696	68.284
3697	68.081
3698	69.716
3699	68.041
3700	68.284
3701	67.689
3702	67.23
3703	68.405
3704	69.608
3705	68.635
3706	69.135
3707	68.568
3708	68.946
3709	67.865
3710	67.932
3711	69.095
3712	68.568
3713	67.595
3714	67.243
3715	66.338
3716	68.649
3717	68.919
3718	67.622
3719	67.405
3720	67.311
3721	67.014
3722	68.216
3723	68.446
3724	67.973
3725	66.473
3726	68.297
3727	67.27
3728	66.649
3729	67.486
3730	67.446
3731	67.892
3732	67.014
3733	67.324
3734	68.514
3735	67.851
3736	66.716
3737	67.5
3738	66.392
3739	67.216
3740	67.257
3741	68.162
3742	67.284
3743	67.203
3744	66.973
3745	66.419
3746	66.608
3747	66.865
3748	66.662
3749	67.851
3750	67.514
3751	67.77
3752	66.892
3753	66.041
3754	68.973
3755	68.608
3756	67.338
3757	66.892
3758	68.662
3759	65.865
3760	66.676
3761	67.662
3762	66.635
3763	67.162
3764	67.23
3765	66.068
3766	67.392
3767	67.919
3768	66.905
3769	66.811
3770	66.338
3771	66.311
3772	67.77
3773	66.405
3774	66.892
3775	67.568
3776	67.216
3777	67.365
3778	65.73
3779	66.581
3780	67.149
3781	67.716
3782	67.649
3783	68.446
3784	67.162
3785	67.243
3786	67.216
3787	66.419
3788	67.203
3789	66.878
3790	67.716
3791	70.162
3792	72.973
3793	73.919
3794	76.486
3795	76.216
3796	77.162
3797	78.378
3798	78.797
3799	78.649
3800	78.311
3801	78
3802	77.554
3803	77.311
3804	78.568
3805	76.189
3806	76.486
3807	77.041
3808	76.811
3809	75.568
3810	74.757
3811	74.446
3812	74.081
3813	75.081
3814	74.541
3815	73.865
3816	74.041
3817	73.095
3818	73.149
3819	72.743
3820	73.257
3821	72.662
3822	72.486
3823	71.23
3824	71.176
3825	70.608
3826	71.5
3827	72.041
3828	71.405
3829	71.014
3830	70.446
3831	70.851
3832	71.189
3833	70.027
3834	69.338
3835	70.108
3836	69.068
3837	68.649
3838	69.703
3839	70.27
3840	69.108
3841	70.459
3842	68.054
3843	68.311
3844	68.527
3845	69.514
3846	68.878
3847	67.959
3848	68.378
3849	68.108
3850	69.554
3851	67.581
3852	69.095
3853	67.486
3854	67.338
3855	68.284
3856	67.919
3857	67.676
3858	67.784
3859	66.743
3860	67.932
3861	68.108
3862	68.459
3863	68.703
3864	67.595
3865	67.622
3866	67.297
3867	66.568
3868	67.243
3869	68.243
3870	68.338
3871	66.649
3872	67.878
3873	67.514
3874	66.622
3875	66.973
3876	66.459
3877	66.649
3878	66.919
3879	66.486
3880	66.77
3881	67.973
3882	67.324
3883	67.649
3884	66.324
3885	68.135
3886	66.622
3887	67.095
3888	66.959
3889	66.959
3890	66.608
3891	66.176
3892	66.608
3893	66.122
3894	66.257
3895	67
3896	65.865
3897	66.23
3898	67.068
3899	66.919
3900	67.203
3901	66.878
3902	66.243
3903	66.689
3904	67.176
3905	66.743
3906	67.014
3907	65.216
3908	67.162
3909	67.338
3910	66.581
3911	66.905
3912	67.324
3913	66.986
3914	66.878
3915	66.054
3916	66.703
3917	65.595
3918	66.649
3919	65.716
3920	67.581
3921	67.419
3922	67.027
3923	65.378
3924	66.635
3925	67.257
3926	66.554
3927	65.716
3928	66.716
3929	66.622
3930	66.297
3931	66.23
3932	65.297
3933	66.635
3934	66.541
3935	67.514
3936	67.446
3937	68.162
3938	67
3939	67.473
3940	66.405
3941	66.041
3942	67.622
3943	69.486
3944	72.689
3945	73.77
3946	75.324
3947	75.824
3948	76.946
3949	77.054
3950	78.432
3951	76.135
3952	77.243
3953	76.892
3954	78.095
3955	78.419
3956	78.351
3957	77.324
3958	77.851
3959	77.108
3960	76.919
3961	78
3962	75.824
3963	75.716
3964	75.797
3965	74.959
3966	74.27
3967	74.459
3968	75.622
3969	73.324
3970	74.216
3971	73.703
3972	74.284
3973	72.851
3974	71.851
3975	74
3976	73.23
3977	72.149
3978	71.068
3979	71.027
3980	71.432
3981	71.486
3982	70.838
3983	71.068
3984	70.23
3985	70.662
3986	70.486
3987	70.473
3988	70.959
3989	69.311
3990	68.77
3991	68.284
3992	68.946
3993	70.095
3994	69.986
3995	69.392
3996	69.405
3997	69.27
3998	68.851
3999	69.986
4000	68.797
4001	68.068
4002	68.986
4003	67.473
4004	69.486
4005	67.851
4006	68.77
4007	68.108
4008	68.27
4009	66.838
4010	68.392
4011	67.054
4012	68.27
4013	67.743
4014	67.743
4015	68.189
4016	67.176
4017	67.635
4018	67.986
4019	66.77
4020	68.5
4021	67.689
4022	67.716
4023	67.23
4024	67.405
4025	65.378
4026	67.554
4027	66.297
4028	66.243
4029	67.149
4030	67.027
4031	65.568
4032	66.419
4033	67.365
4034	66.554
4035	66.676
4036	67.743
4037	66.757
4038	65.973
4039	66.203
4040	66.432
4041	67.419
4042	67.486
4043	66.595
4044	64.689
4045	65.784
4046	66.743
4047	66.824
4048	67.473
4049	66.324
4050	66.365
4051	66.108
4052	67.095
4053	66.405
4054	66.635
4055	66.338
4056	66.649
4057	66.73
4058	66.622
4059	65.797
4060	67.203
4061	67.703
4062	66.324
4063	66.932
4064	66.784
4065	66.689
4066	65.446
4067	65.581
4068	66.338
4069	66.149
4070	65.784
4071	66.311
4072	66.446
4073	67.189
4074	67.095
4075	66.203
4076	66.865
4077	65.676
4078	65.932
4079	68.176
4080	71.297
4081	72.946
4082	73.77
4083	74.392
4084	76.284
4085	76.405
4086	75.608
4087	75.865
4088	76.77
4089	77.243
4090	77.027
4091	75.905
4092	75.351
4093	74.541
4094	73.581
4095	75.081
4096	72.459
4097	73.838
4098	74.743
4099	73.568
4100	73.554
4101	72.432
4102	71.757
4103	73.703
4104	71.338
4105	71.432
4106	71.824
4107	70.811
4108	72.581
4109	74.608
4110	74.919
4111	77.203
4112	76.878
4113	76.473
4114	77.162
4115	77.432
4116	76.486
4117	75.986
4118	75.77
4119	75.784
4120	75.122
4121	74.351
4122	75
4123	74.027
4124	73.986
4125	72.405
4126	73.014
4127	73.851
4128	73.108
4129	73.041
4130	72.784
4131	72.459
4132	71.284
4133	71.324
4134	70.311
4135	71.351
4136	70.838
4137	71.189
4138	71.297
4139	71.311
4140	71.324
4141	69.784
4142	71.243
4143	71.203
4144	69.703
4145	69.689
4146	70.378
4147	69.595
4148	68.77
4149	67.635
4150	67.932
4151	68.486
4152	68.635
4153	68.027
4154	67.568
4155	68.419
4156	68.486
4157	68.23
4158	69.041
4159	67.189
4160	67.946
4161	66.865
4162	68.068
4163	67.081
4164	67.23
4165	66.635
4166	66.892
4167	67.527
4168	67.351
4169	67.689
4170	66.365
4171	66.878
4172	66.892
4173	66.297
4174	67.676
4175	67.486
4176	67.459
4177	66.486
4178	67.054
4179	67.824
4180	65.905
4181	66.919
4182	66.824
4183	67.068
4184	66.716
4185	66.432
4186	65.716
4187	66.108
4188	66.446
4189	65.095
4190	65.459
4191	65.459
4192	66.284
4193	66.257
4194	66.851
4195	66.014
4196	65.676
4197	65.068
4198	66.581
4199	66.459
4200	66.595
4201	65.5
4202	66.284
4203	67.149
4204	65.919
4205	66.446
4206	65.095
4207	65.865
4208	66.473
4209	65.662
4210	66.568
4211	66.865
4212	65.405
4213	65.068
4214	67.257
4215	64.892
4216	66.716
4217	65.892
4218	65.068
4219	65.5
4220	65.622
4221	65.919
4222	65.865
4223	65.324
4224	65.527
4225	66.662
4226	65.662
4227	65.595
4228	65.446
4229	65.824
4230	67
4231	65.338
4232	66.149
4233	65.838
4234	65.432
4235	65.27
4236	66.311
4237	66.311
4238	65.676
4239	66.405
4240	65.662
4241	65.216
4242	65.851
4243	66.662
4244	65.905
4245	66.554
4246	65.973
4247	65.568
4248	65.838
4249	66.041
4250	66.054
4251	65.811
4252	65.649
4253	66.351
4254	65.838
4255	69.689
4256	71.541
4257	73.203
4258	73.514
4259	75.203
4260	75.135
4261	76.757
4262	76.797
4263	74.932
4264	75.905
4265	76.959
4266	75.797
4267	76.041
4268	75.838
4269	76.568
4270	75.797
4271	74.419
4272	75.108
4273	75.122
4274	74.554
4275	73.878
4276	73.405
4277	72.743
4278	71.824
4279	72.649
4280	71.635
4281	72.757
4282	72.757
4283	72.662
4284	71.743
4285	71.689
4286	71.662
4287	70.149
4288	71.541
4289	70.743
4290	71.189
4291	70.297
4292	70.986
4293	69.757
4294	70.405
4295	71.041
4296	69.149
4297	69.338
4298	69.459
4299	70.014
4300	68.662
4301	68.622
4302	68.486
4303	67.878
4304	68.216
4305	67.189
4306	68.108
4307	68.297
4308	68
4309	68.27
4310	66.378
4311	67.432
4312	67.757
4313	67.514
4314	67.608
4315	67.162
4316	68.473
4317	66
4318	66.554
4319	66.743
4320	66.703
4321	66.797
4322	67.405
4323	66.514
4324	67.797
4325	66.811
4326	67.73
4327	65.865
4328	66.77
4329	67.581
4330	66.878
4331	68.108
4332	66.338
4333	67.378
4334	66.946
4335	66.959
4336	66.514
4337	66.149
4338	66.284
4339	67.486
4340	66.216
4341	65.365
4342	67.608
4343	66.203
4344	65.986
4345	65.284
4346	64.932
4347	66.297
4348	66.095
4349	65.676
4350	66.189
4351	65.541
4352	65.27
4353	65.149
4354	64.149
4355	64.811
4356	65.541
4357	65.095
4358	66.162
4359	65.095
4360	65.892
4361	66.73
4362	65.554
4363	65.041
4364	65.027
4365	65.041
4366	65.473
4367	65.743
4368	65.797
4369	65.068
4370	65.338
4371	64.824
4372	65.649
4373	65.068
4374	64.743
4375	65.581
4376	66.743
4377	65
4378	65.811
4379	64.662
4380	65.986
4381	65.351
4382	66
4383	66.473
4384	65.986
4385	65.297
4386	65.527
4387	64.257
4388	66.189
4389	64.743
4390	64.676
4391	64.716
4392	65.419
4393	64.716
4394	64.459
4395	64.527
4396	65.27
4397	65.216
4398	65.432
4399	65.216
4400	65.622
4401	65.716
4402	66.716
4403	63.919
4404	65.595
4405	66.257
4406	65.378
4407	66.378
4408	63.986
4409	65.162
4410	65.824
4411	66.432
4412	65.662
4413	64.378
4414	64.622
4415	65.595
4416	63.892
4417	65.716
4418	65.135
4419	65.635
4420	65.919
4421	66.486
4422	64.959
4423	66.068
4424	65.014
4425	65.419
4426	68.162
4427	71.419
4428	72.446
4429	72.284
4430	74.135
4431	74.446
4432	75.216
4433	75.541
4434	74.149
4435	74.905
4436	75.527
4437	75.676
4438	74.635
4439	74.486
4440	73.986
4441	73.635
4442	74.041
4443	72.473
4444	73.27
4445	72.027
4446	72.446
4447	72.608
4448	71.797
4449	70.797
4450	71.081
4451	70.108
4452	70.122
4453	70.851
4454	70.405
4455	69.189
4456	70.541
4457	70.297
4458	69.676
4459	68.946
4460	69.297
4461	68.541
4462	69.216
4463	68.486
4464	68.892
4465	68.541
4466	69.149
4467	68.622
4468	68.311
4469	67.716
4470	68.595
4471	68.608
4472	68.243
4473	67.743
4474	67.784
4475	66.784
4476	67.459
4477	66.865
4478	67.176
4479	66.973
4480	68.5
4481	67.757
4482	67.946
4483	67.189
4484	65.473
4485	66.203
4486	66.541
4487	66.068
4488	65.797
4489	66.27
4490	65.932
4491	65.622
4492	66.432
4493	65.432
4494	65.297
4495	66.23
4496	65.392
4497	65.459
4498	63.878
4499	65.405
4500	64.946
4501	65.257
4502	64.473
4503	65.622
4504	65.676
4505	65.365
4506	66.027
4507	65.73
4508	64.959
4509	64.473
4510	65.432
4511	64.919
4512	65.189
4513	65.135
4514	65.446
4515	65.176
4516	65.622
4517	65.176
4518	65.473
4519	65.784
4520	65.919
4521	65.122
4522	64.797
4523	64.932
4524	65.838
4525	66.162
4526	65.662
4527	65.986
4528	66.757
4529	64.392
4530	65.351
4531	64.662
4532	65.676
4533	65.243
4534	65.554
4535	66.014
4536	65.608
4537	65.73
4538	64.797
4539	63.973
4540	65.054
4541	65.135
4542	64.784
4543	65.865
4544	64.527
4545	65.041
4546	65.689
4547	64.811
4548	64.865
4549	64.473
4550	64.716
4551	64.189
4552	64.919
4553	65.27
4554	63.743
4555	65.122
4556	63.986
4557	64.595
4558	64.716
4559	64.77
4560	65.081
4561	64.932
4562	65.108
4563	65.554
4564	64.095
4565	64.77
4566	64.905
4567	65.216
4568	64.041
4569	64.176
4570	64.77
4571	64.135
4572	66.014
4573	65.162
4574	65.973
4575	64.946
4576	65.919
4577	66.095
4578	65.203
4579	65.014
4580	65.324
4581	64.203
4582	65.284
4583	65.189
4584	65.716
4585	67.878
4586	70.027
4587	69.892
4588	72.622
4589	73.554
4590	72.581
4591	74.77
4592	74.851
4593	74.635
4594	74.459
4595	74.081
4596	74.73
4597	72.986
4598	71.689
4599	70.838
4600	72.351
4601	71.892
4602	71.851
4603	71.905
4604	70.243
4605	69.595
4606	70.595
4607	69.351
4608	70.149
4609	70.041
4610	70.27
4611	69.797
4612	71.014
4613	68.622
4614	70
4615	69.608
4616	69.095
4617	68.203
4618	69.081
4619	67.689
4620	68.014
4621	67.622
4622	67.703
4623	68.162
4624	67.838
4625	67.608
4626	67.716
4627	67.676
4628	66.973
4629	68.243
4630	67.419
4631	68.068
4632	67.797
4633	66.959
4634	66.851
4635	67.203
4636	67.243
4637	66.568
4638	67.392
4639	66.041
4640	65.905
4641	66
4642	67.324
4643	66.23
4644	67.419
4645	66.811
4646	66.405
4647	65.446
4648	66.054
4649	65.73
4650	65.176
4651	67.041
4652	66.135
4653	66.108
4654	65.243
4655	64.851
4656	65.595
4657	64.932
4658	65.986
4659	66.041
4660	64.743
4661	65.851
4662	65.689
4663	65.568
4664	65.041
4665	64.541
4666	65.216
4667	65.068
4668	65.297
4669	64.459
4670	65.405
4671	65.189
4672	65.527
4673	65.27
4674	65.419
4675	66.554
4676	65.568
4677	65.419
4678	65.149
4679	66.054
4680	66.108
4681	64.878
4682	66.162
4683	64.419
4684	65.189
4685	66.257
4686	64.554
4687	66.324
4688	64.338
4689	65.284
4690	64.878
4691	65.041
4692	65.095
4693	63.595
4694	65.608
4695	64.149
4696	65.338
4697	65.622
4698	65.27
4699	65.365
4700	64.243
4701	64.054
4702	63.865
4703	64.676
4704	64.486
4705	64.324
4706	64.676
4707	66.23
4708	65.662
4709	63.892
4710	64.838
4711	64.932
4712	64.486
4713	64.284
4714	64.324
4715	64.568
4716	65.405
4717	65.541
4718	65.176
4719	64.878
4720	63.581
4721	63.757
4722	64.649
4723	64.23
4724	65.216
4725	64.73
4726	65.311
4727	65.108
4728	63.662
4729	64.351
4730	65.608
4731	64.392
4732	63.797
4733	64.243
4734	64.014
4735	65.135
4736	63.703
4737	64.595
4738	65.216
4739	64.378
4740	64.405
4741	64.081
4742	64.162
4743	64.689
4744	67.351
4745	70.243
4746	71.595
4747	73.365
4748	74.5
4749	73.568
4750	75.865
4751	74.162
4752	73.554
4753	74.824
4754	74.581
4755	74.743
4756	73.203
4757	72.568
4758	72.878
4759	72.797
4760	71.635
4761	72.014
4762	70.892
4763	70.703
4764	72.054
4765	70.473
4766	70.392
4767	69.905
4768	70.514
4769	69.716
4770	69.338
4771	70.068
4772	68.73
4773	68.851
4774	68.676
4775	67.811
4776	69.257
4777	68.878
4778	68.676
4779	67.365
4780	67.122
4781	68.419
4782	68.095
4783	67.311
4784	67.338
4785	65.986
4786	67.608
4787	66.392
