0.038	0
0.076	0.000422
0.114	0.000424
0.152	-0.000322
0.19	-0.002792
0.228	-0.005209
0.266	-0.006583
0.304	-0.006726
0.342	-0.006959
0.38	-0.00621
0.418	-0.008349
0.456	-0.006966
0.494	-0.005833
0.532	-0.004014
0.57	-0.004848
0.608	-0.00445
0.646	-0.001336
0.684	-0.004015
0.722	-0.00287
0.76	-0.001839
0.798	-0.000852
0.836	0.000202
0.874	-0.002812
0.912	-0.002796
0.95	-0.004557
0.988	-0.006099
1.026	-0.003912
1.064	-0.002026
1.102	-0.002721
1.14	-0.003805
1.178	-0.003038
1.216	-0.002534
1.254	-0.000073
1.292	-0.001665
1.33	-0.003433
1.368	0.001013
1.406	-0.001273
1.444	-0.002981
1.482	-0.000235
1.52	-0.003825
1.558	-0.006452
1.596	-0.005892
1.634	-0.00635
1.672	-0.005523
1.71	-0.004427
1.748	-0.002253
1.786	-0.002902
1.824	-0.003607
1.862	-0.006111
1.9	-0.005857
1.938	-0.00071
1.976	-0.005661
2.014	-0.008657
2.052	-0.009611
2.09	-0.006798
2.128	-0.008746
2.166	-0.008674
2.204	-0.005705
2.242	-0.006677
2.28	-0.005853
2.318	-0.002956
2.356	-0.00298
2.394	-0.003878
2.432	-0.001877
2.47	-0.002166
2.508	-0.001955
2.546	-0.002344
2.584	0.009308
2.622	0.023088
2.66	0.043911
2.698	0.061072
2.736	0.074984
2.774	0.088926
2.812	0.100439
2.85	0.108231
2.888	0.114329
2.926	0.122921
2.964	0.131922
3.002	0.134749
3.04	0.1378
3.078	0.139061
3.116	0.142095
3.154	0.141312
3.192	0.142227
3.23	0.142677
3.268	0.135048
3.306	0.131841
3.344	0.127274
3.382	0.119442
3.42	0.11842
3.458	0.112881
3.496	0.111938
3.534	0.111487
3.572	0.110857
3.61	0.106282
3.648	0.102982
3.686	0.099028
3.724	0.095924
3.762	0.090525
3.8	0.08601
3.838	0.081796
3.876	0.079758
3.914	0.07444
3.952	0.072876
3.99	0.072176
4.028	0.068287
4.066	0.069511
4.104	0.068659
4.142	0.065442
4.18	0.061499
4.218	0.062253
4.256	0.059884
4.294	0.058786
4.332	0.057826
4.37	0.055697
4.408	0.053297
4.446	0.049815
4.484	0.047203
4.522	0.045899
4.56	0.044715
4.598	0.039566
4.636	0.037658
4.674	0.036511
4.712	0.037327
4.75	0.038169
4.788	0.036245
4.826	0.032942
4.864	0.032456
4.902	0.030557
4.94	0.031716
4.978	0.030374
5.016	0.025998
5.054	0.025961
5.092	0.026197
5.13	0.025964
5.168	0.026468
5.206	0.028382
5.244	0.027533
5.282	0.025006
5.32	0.023194
5.358	0.020418
5.396	0.019309
5.434	0.013667
5.472	0.009244
5.51	0.012505
5.548	0.012748
5.586	0.01301
5.624	0.00951
5.662	0.010732
5.7	0.012135
5.738	0.00815
5.776	0.004657
5.814	0.006633
5.852	0.005896
5.89	0.006975
5.928	0.006207
5.966	0.004986
6.004	0.008237
6.042	0.0069
6.08	0.006135
6.118	0.006376
6.156	0.001962
6.194	-0.000926
6.232	-0.002822
6.27	-0.002189
6.308	-0.004522
6.346	-0.007077
6.384	-0.010403
6.422	-0.007866
6.46	-0.006284
6.498	-0.005011
6.536	-0.004797
6.574	-0.001994
6.612	0.002579
6.65	0.000941
6.688	0.005088
6.726	0.005548
6.764	0.005674
6.802	0.005896
6.84	0.004757
6.878	0.002918
6.916	0.00407
6.954	0.004393
6.992	0.006804
7.03	0.008383
7.068	0.005644
7.106	0.004504
7.144	0.003035
7.182	0.002254
7.22	0.003908
7.258	0.005124
7.296	0.00331
7.334	0.003574
7.372	0.001931
7.41	0.000851
7.448	-0.000724
7.486	0.000281
7.524	-0.000261
7.562	0.000586
7.6	-0.000458
7.638	-0.001196
7.676	-0.002693
7.714	-0.002949
7.752	-0.004263
7.79	-0.004529
7.828	-0.003821
7.866	-0.003378
7.904	-0.003685
7.942	-0.003279
7.98	-0.001534
8.018	-0.003332
8.056	-0.002237
8.094	-0.002113
8.132	0.003139
8.17	-0.000678
8.208	-0.001041
8.246	0.000116
8.284	-0.00303
8.322	-0.003161
8.36	-0.002078
8.398	0.001722
8.436	0.003059
8.474	0.002682
8.512	0.000298
8.55	-0.000913
8.588	-0.001527
8.626	0.001245
8.664	0.001733
8.702	0.00065
8.74	-0.001304
8.778	-0.001036
8.816	-0.004179
8.854	-0.003716
8.892	-0.002947
8.93	-0.000696
8.968	-0.001393
9.006	-0.00078
9.044	0.000217
9.082	0.000783
9.12	0.004905
9.158	0.0027
9.196	0.006508
9.234	0.007794
9.272	0.006079
9.31	0.002736
9.348	0.001853
9.386	0.002306
9.424	0.001776
9.462	-0.000747
9.5	-0.000956
9.538	0.001825
9.576	-0.001439
9.614	0.001597
9.652	0.013657
9.69	0.029224
9.728	0.041798
9.766	0.055645
9.804	0.067812
9.842	0.081806
9.88	0.091736
9.918	0.104199
9.956	0.111949
9.994	0.11746
10.032	0.121114
10.07	0.12543
10.108	0.132494
10.146	0.137972
10.184	0.14326
10.222	0.144157
10.26	0.143187
10.298	0.140083
10.336	0.136442
10.374	0.133538
10.412	0.130973
10.45	0.127779
10.488	0.126264
10.526	0.123671
10.564	0.119649
10.602	0.115945
10.64	0.111326
10.678	0.109917
10.716	0.104299
10.754	0.100936
10.792	0.096171
10.83	0.093189
10.868	0.091314
10.906	0.086651
10.944	0.082309
10.982	0.080162
11.02	0.080639
11.058	0.07889
11.096	0.07519
11.134	0.070089
11.172	0.065331
11.21	0.062893
11.248	0.061251
11.286	0.059947
11.324	0.05565
11.362	0.050107
11.4	0.046271
11.438	0.045937
11.476	0.045553
11.514	0.043627
11.552	0.045191
11.59	0.044068
11.628	0.041954
11.666	0.042661
11.704	0.044258
11.742	0.042247
11.78	0.036713
11.818	0.031158
11.856	0.033839
11.894	0.030416
11.932	0.02848
11.97	0.02692
12.008	0.025616
12.046	0.02592
12.084	0.024178
12.122	0.020421
12.16	0.021372
12.198	0.020966
12.236	0.020453
12.274	0.01803
12.312	0.015984
12.35	0.011915
12.388	0.012172
12.426	0.011632
12.464	0.009315
12.502	0.007347
12.54	0.006264
12.578	0.009449
12.616	0.009976
12.654	0.010227
12.692	0.009934
12.73	0.007268
12.768	0.006977
12.806	0.006942
12.844	0.005999
12.882	0.004518
12.92	0.004459
12.958	0.001791
12.996	0.001028
13.034	0.003181
13.072	0.000809
13.11	-0.005786
13.148	-0.002849
13.186	-0.001837
13.224	-0.001727
13.262	-0.001777
13.3	-0.000406
13.338	-0.000803
13.376	-0.000788
13.414	-0.001925
13.452	-0.003636
13.49	-0.000854
13.528	-0.003869
13.566	-0.002057
13.604	-0.000475
13.642	-0.002726
13.68	-0.002259
13.718	-0.004469
13.756	-0.00381
13.794	-0.007417
13.832	-0.0055
13.87	-0.003287
13.908	-0.003294
13.946	-0.004921
13.984	-0.004666
14.022	-0.004565
14.06	-0.002712
14.098	-0.001986
14.136	-0.002084
14.174	-0.0063
14.212	-0.006573
14.25	-0.007179
14.288	-0.008331
14.326	-0.009989
14.364	-0.010402
14.402	-0.010701
14.44	-0.011014
14.478	-0.010531
14.516	-0.008959
14.554	-0.008368
14.592	-0.007356
14.63	-0.004377
14.668	-0.003439
14.706	-0.001816
14.744	-0.003403
14.782	-0.000803
14.82	-0.002661
14.858	-0.002173
14.896	-0.004223
14.934	0.002363
14.972	0.000075
15.01	0.000419
15.048	-0.001214
15.086	-0.002543
15.124	-0.003025
15.162	-0.002158
15.2	-0.003791
15.238	-0.004253
15.276	-0.006396
15.314	-0.00512
15.352	-0.002959
15.39	-0.001095
15.428	-0.002719
15.466	-0.007556
15.504	-0.004839
15.542	-0.006245
15.58	-0.001985
15.618	-0.002767
15.656	-0.000043
15.694	0.000012
15.732	0.001912
15.77	0.005936
15.808	0.006578
15.846	0.005339
15.884	0.004272
15.922	0.005241
15.96	0.004162
15.998	0.004471
16.036	0.010044
16.074	0.017323
16.112	0.029044
16.15	0.041469
16.188	0.053338
16.226	0.067239
16.264	0.074807
16.302	0.086823
16.34	0.096297
16.378	0.102742
16.416	0.110633
16.454	0.114197
16.492	0.120136
16.53	0.126905
16.568	0.127371
16.606	0.127764
16.644	0.125444
16.682	0.124721
16.72	0.1231
16.758	0.118674
16.796	0.116315
16.834	0.113287
16.872	0.110945
16.91	0.106846
16.948	0.105407
16.986	0.102595
17.024	0.096966
17.062	0.089978
17.1	0.089833
17.138	0.090963
17.176	0.088001
17.214	0.084741
17.252	0.084971
17.29	0.080939
17.328	0.080204
17.366	0.076889
17.404	0.077183
17.442	0.077861
17.48	0.077018
17.518	0.073016
17.556	0.069326
17.594	0.064212
17.632	0.060901
17.67	0.058976
17.708	0.055758
17.746	0.053856
17.784	0.049462
17.822	0.047616
17.86	0.04815
17.898	0.046695
17.936	0.042187
17.974	0.040408
18.012	0.036496
18.05	0.035914
18.088	0.034514
18.126	0.033571
18.164	0.03095
18.202	0.031435
18.24	0.030537
18.278	0.031964
18.316	0.031358
18.354	0.029662
18.392	0.026247
18.43	0.027308
18.468	0.025836
18.506	0.023948
18.544	0.01928
18.582	0.018208
18.62	0.016862
18.658	0.013607
18.696	0.015259
18.734	0.012078
18.772	0.014748
18.81	0.012691
18.848	0.012837
18.886	0.009356
18.924	0.011473
18.962	0.008382
19	0.010176
19.038	0.009636
19.076	0.004629
19.114	0.003004
19.152	0.00494
19.19	0.005179
19.228	0.001644
19.266	0.000656
19.304	0.001723
19.342	0.00174
19.38	0.002191
19.418	0.001393
19.456	0.004368
19.494	0.001928
19.532	0.002302
19.57	-0.000068
19.608	0.002582
19.646	0.001172
19.684	0.00094
19.722	-0.002749
19.76	-0.005409
19.798	-0.007381
19.836	-0.005644
19.874	-0.0063
19.912	-0.004229
19.95	-0.003038
19.988	0.001002
20.026	-0.000164
20.064	-0.001962
20.102	-0.001037
20.14	-0.001974
20.178	0.000963
20.216	-0.000911
20.254	-0.000159
20.292	-0.000428
20.33	-0.00365
20.368	-0.008114
20.406	-0.005148
20.444	-0.006653
20.482	-0.009037
20.52	-0.007811
20.558	-0.007227
20.596	-0.008809
20.634	-0.00523
20.672	-0.008083
20.71	-0.009198
20.748	-0.008063
20.786	-0.011808
20.824	-0.010676
20.862	-0.007681
20.9	-0.006682
20.938	-0.004456
20.976	-0.005187
21.014	-0.002051
21.052	-0.000016
21.09	0.002303
21.128	0.002567
21.166	-0.00007
21.204	-0.004077
21.242	-0.002949
21.28	-0.001549
21.318	-0.003308
21.356	-0.001574
21.394	0.000707
21.432	0.003986
21.47	0.00443
21.508	0.004442
21.546	0.002943
21.584	0.004071
21.622	0.004754
21.66	0.003863
21.698	0.004183
21.736	0.002447
21.774	0.002338
21.812	0.00221
21.85	-0.001979
21.888	-0.001004
21.926	0.003097
21.964	0.001534
22.002	-0.000292
22.04	-0.001411
22.078	-0.0003
22.116	0.003639
22.154	0.00057
22.192	0.002306
22.23	0.00135
22.268	0.000732
22.306	-0.0013
22.344	-0.00166
22.382	0.000129
22.42	-0.000786
22.458	0.002459
22.496	0.002584
22.534	0.000178
22.572	-0.001862
22.61	-0.00004
22.648	0.003063
22.686	0.00181
22.724	0.000779
22.762	0.002449
22.8	0.001812
22.838	0.001236
22.876	-0.001751
22.914	-0.002523
22.952	-0.001296
22.99	0.009084
23.028	0.019382
23.066	0.032733
23.104	0.042916
23.142	0.052995
23.18	0.069395
23.218	0.082759
23.256	0.096404
23.294	0.110444
23.332	0.116984
23.37	0.120267
23.408	0.124195
23.446	0.124932
23.484	0.126752
23.522	0.128262
23.56	0.126284
23.598	0.125361
23.636	0.120111
23.674	0.121348
23.712	0.11925
23.75	0.11516
23.788	0.111991
23.826	0.112981
23.864	0.10679
23.902	0.104074
23.94	0.101551
23.978	0.097654
24.016	0.096453
24.054	0.092446
24.092	0.091921
24.13	0.087984
24.168	0.081437
24.206	0.078697
24.244	0.079824
24.282	0.077855
24.32	0.077373
24.358	0.071555
24.396	0.069856
24.434	0.066807
24.472	0.064502
24.51	0.0644
24.548	0.06218
24.586	0.057714
24.624	0.051879
24.662	0.049841
24.7	0.046182
24.738	0.045231
24.776	0.043569
24.814	0.039947
24.852	0.040891
24.89	0.03866
24.928	0.040482
24.966	0.038484
25.004	0.038801
25.042	0.038354
25.08	0.038748
25.118	0.038967
25.156	0.031536
25.194	0.03146
25.232	0.02981
25.27	0.027073
25.308	0.0224
25.346	0.02165
25.384	0.020427
25.422	0.020016
25.46	0.022249
25.498	0.020321
25.536	0.021079
25.574	0.019187
25.612	0.018111
25.65	0.01457
25.688	0.013723
25.726	0.015148
25.764	0.015171
25.802	0.014148
25.84	0.016531
25.878	0.015181
25.916	0.011188
25.954	0.009053
25.992	0.007147
26.03	0.005763
26.068	0.000111
26.106	0.002396
26.144	0.003663
26.182	0.005399
26.22	0.00289
26.258	0.00347
26.296	0.001265
26.334	0.003463
26.372	0.006144
26.41	0.005568
26.448	0.006827
26.486	0.008784
26.524	0.008274
26.562	0.004526
26.6	0.003439
26.638	0.005275
26.676	0.006259
26.714	0.001517
26.752	0.000067
26.79	-0.001046
26.828	-0.000355
26.866	-0.007065
26.904	-0.004621
26.942	-0.005732
26.98	-0.007333
27.018	-0.003876
27.056	-0.004155
27.094	-0.008511
27.132	-0.010892
27.17	-0.006115
27.208	-0.001971
27.246	-0.002125
27.284	0.001161
27.322	0.003413
27.36	0.003547
27.398	0.000998
27.436	0.001094
27.474	0.002287
27.512	0.004333
27.55	0.001174
27.588	0.002568
27.626	0.004343
27.664	0.00747
27.702	0.005584
27.74	0.004749
27.778	0.007138
27.816	0.005515
27.854	-0.000197
27.892	-0.000751
27.93	-0.000817
27.968	-0.001463
28.006	-0.001108
28.044	-0.000306
28.082	-0.000771
28.12	-0.00103
28.158	-0.001771
28.196	-0.000172
28.234	-0.002335
28.272	-0.003506
28.31	-0.002209
28.348	-0.000186
28.386	-0.002989
28.424	-0.004307
28.462	-0.002531
28.5	-0.00088
28.538	-0.00087
28.576	0.000633
28.614	0.000795
28.652	-0.00054
28.69	-0.001852
28.728	-0.001939
28.766	0.00371
28.804	0.004392
28.842	0.013364
28.88	0.02591
28.918	0.03812
28.956	0.050439
28.994	0.064932
29.032	0.077273
29.07	0.086239
29.108	0.094385
29.146	0.103774
29.184	0.108648
29.222	0.113573
29.26	0.114032
29.298	0.117277
29.336	0.11437
29.374	0.114495
29.412	0.11521
29.45	0.113667
29.488	0.111515
29.526	0.112323
29.564	0.11168
29.602	0.109009
29.64	0.107078
29.678	0.101034
29.716	0.095487
29.754	0.09238
29.792	0.086019
29.83	0.082516
29.868	0.080829
29.906	0.075863
29.944	0.075382
29.982	0.071141
30.02	0.067414
30.058	0.065046
30.096	0.063526
30.134	0.05727
30.172	0.053359
30.21	0.050342
30.248	0.048614
30.286	0.047846
30.324	0.046552
30.362	0.047847
30.4	0.043372
30.438	0.041262
30.476	0.039572
30.514	0.039164
30.552	0.03861
30.59	0.036229
30.628	0.032556
30.666	0.035122
30.704	0.035051
30.742	0.033123
30.78	0.034607
30.818	0.036168
30.856	0.033559
30.894	0.029971
30.932	0.026178
30.97	0.024466
31.008	0.021181
31.046	0.017967
31.084	0.018881
31.122	0.017383
31.16	0.020213
31.198	0.01761
31.236	0.015175
31.274	0.014142
31.312	0.01724
31.35	0.019029
31.388	0.016385
31.426	0.014732
31.464	0.01461
31.502	0.014149
31.54	0.009795
31.578	0.007878
31.616	0.011162
31.654	0.007276
31.692	0.004873
31.73	-0.000587
31.768	-0.004293
31.806	-0.004023
31.844	-0.004245
31.882	-0.004327
31.92	-0.001275
31.958	0.001133
31.996	-0.000001
32.034	0.002028
32.072	0.008992
32.11	0.008458
32.148	0.007973
32.186	0.006431
32.224	0.006539
32.262	0.005596
32.3	0.007516
32.338	0.002428
32.376	-0.002698
32.414	-0.008078
32.452	-0.008869
32.49	-0.0086
32.528	-0.007894
32.566	-0.009464
32.604	-0.008298
32.642	-0.00685
32.68	-0.007975
32.718	-0.005781
32.756	-0.001667
32.794	-0.005273
32.832	-0.005797
32.87	-0.005367
32.908	-0.003215
32.946	-0.003329
32.984	0.001627
33.022	0.001074
33.06	0.000039
33.098	-0.002002
33.136	-0.001956
33.174	-0.002718
33.212	-0.001836
33.25	-0.002347
33.288	-0.004176
33.326	-0.003398
33.364	-0.001333
33.402	-0.002017
33.44	-0.002879
33.478	-0.006099
33.516	-0.007849
33.554	-0.006169
33.592	-0.009116
33.63	-0.006825
33.668	-0.007002
33.706	-0.006345
33.744	-0.00301
33.782	-0.002047
33.82	0.00265
33.858	0.000696
33.896	0.002811
33.934	0.002812
33.972	0.001338
34.01	-0.000359
34.048	0.002355
34.086	0.001354
34.124	0.003479
34.162	0.004537
34.2	0.004597
34.238	0.004498
34.276	0.004432
34.314	0.003784
34.352	0.003815
34.39	0.001027
34.428	-0.000824
34.466	0.001427
34.504	0.00114
34.542	0.001248
34.58	0.002626
34.618	0.007384
34.656	0.003513
34.694	0.003257
34.732	0.004498
34.77	0.00487
34.808	0.005409
34.846	0.003757
34.884	0.002452
34.922	0.0036
34.96	0.007055
34.998	0.007649
35.036	0.00837
35.074	0.00842
35.112	0.006693
35.15	0.007711
35.188	0.010061
35.226	0.011788
35.264	0.008176
35.302	0.006411
35.34	0.005344
35.378	0.006853
35.416	0.008108
35.454	0.015924
35.492	0.023789
35.53	0.038523
35.568	0.048674
35.606	0.061028
35.644	0.07254
35.682	0.08202
35.72	0.092319
35.758	0.099961
35.796	0.104739
35.834	0.113251
35.872	0.116919
35.91	0.11707
35.948	0.12253
35.986	0.125777
36.024	0.129914
36.062	0.136675
36.1	0.14322
36.138	0.147033
36.176	0.149358
36.214	0.149511
36.252	0.151693
36.29	0.149948
36.328	0.145451
36.366	0.144173
36.404	0.141613
36.442	0.139878
36.48	0.137984
36.518	0.134295
36.556	0.132058
36.594	0.12947
36.632	0.126647
36.67	0.124409
36.708	0.117769
36.746	0.113592
36.784	0.108453
36.822	0.108117
36.86	0.108589
36.898	0.102574
36.936	0.098849
36.974	0.094909
37.012	0.096452
37.05	0.091496
37.088	0.089205
37.126	0.084126
37.164	0.081458
37.202	0.078009
37.24	0.07619
37.278	0.071454
37.316	0.068515
37.354	0.066121
37.392	0.06429
37.43	0.06276
37.468	0.061091
37.506	0.055875
37.544	0.050656
37.582	0.046766
37.62	0.04552
37.658	0.044024
37.696	0.042543
37.734	0.041849
37.772	0.038814
37.81	0.038381
37.848	0.038389
37.886	0.037103
37.924	0.03469
37.962	0.035883
38	0.030987
38.038	0.028454
38.076	0.030256
38.114	0.031428
38.152	0.026919
38.19	0.024752
38.228	0.022724
38.266	0.019552
38.304	0.018534
38.342	0.0208
38.38	0.020836
38.418	0.017154
38.456	0.01949
38.494	0.018064
38.532	0.014517
38.57	0.01335
38.608	0.012503
38.646	0.009402
38.684	0.007425
38.722	0.004735
38.76	0.005258
38.798	0.005526
38.836	0.008179
38.874	0.007366
38.912	0.00297
38.95	0.004134
38.988	-0.000269
39.026	-0.006806
39.064	-0.005542
39.102	-0.005077
39.14	-0.004671
39.178	-0.003653
39.216	-0.003165
39.254	-0.003391
39.292	-0.004818
39.33	-0.002664
39.368	-0.004648
39.406	-0.00202
39.444	-0.001136
39.482	-0.000596
39.52	-0.00095
39.558	-0.002317
39.596	0.001648
39.634	-0.001489
39.672	-0.003672
39.71	-0.004227
39.748	-0.002443
39.786	-0.003405
39.824	-0.006141
39.862	-0.005817
39.9	-0.007485
39.938	-0.004288
39.976	-0.006772
40.014	-0.007331
40.052	-0.010609
40.09	-0.010167
40.128	-0.007847
40.166	-0.009731
40.204	-0.009283
40.242	-0.007957
40.28	-0.007848
40.318	-0.00814
40.356	-0.009986
40.394	-0.010904
40.432	-0.009274
40.47	-0.012149
40.508	-0.012701
40.546	-0.010663
40.584	-0.006315
40.622	-0.002
40.66	0.000395
40.698	0.00053
40.736	0.001185
40.774	0.00221
40.812	0.001095
40.85	0.002771
40.888	0.001244
40.926	-0.000879
40.964	0.000126
41.002	0.004723
41.04	0.005162
41.078	0.002377
41.116	0.000714
41.154	-0.003702
41.192	-0.003096
41.23	-0.002175
41.268	-0.005398
41.306	-0.0067
41.344	-0.003219
41.382	-0.004803
41.42	-0.006058
41.458	-0.006709
41.496	-0.004626
41.534	-0.004637
41.572	-0.004932
41.61	-0.005465
41.648	-0.005862
41.686	-0.009337
41.724	-0.010102
41.762	-0.008904
41.8	-0.007762
41.838	-0.007787
41.876	-0.005083
41.914	-0.0018
41.952	-0.002633
41.99	-0.004243
42.028	-0.000333
42.066	0.00103
42.104	-0.002466
42.142	0.001004
42.18	0.000259
42.218	0.001911
42.256	0.002014
42.294	0.011552
42.332	0.020988
42.37	0.03343
42.408	0.047236
42.446	0.060095
42.484	0.072844
42.522	0.086118
42.56	0.095052
42.598	0.105056
42.636	0.113696
42.674	0.117329
42.712	0.117154
42.75	0.119891
42.788	0.118915
42.826	0.121495
42.864	0.120555
42.902	0.117487
42.94	0.116814
42.978	0.114978
43.016	0.108073
43.054	0.101917
43.092	0.100375
43.13	0.098041
43.168	0.097412
43.206	0.091783
43.244	0.089889
43.282	0.083719
43.32	0.082444
43.358	0.083928
43.396	0.085109
43.434	0.080865
43.472	0.071676
43.51	0.069082
43.548	0.069642
43.586	0.069043
43.624	0.068835
43.662	0.065407
43.7	0.061675
43.738	0.060332
43.776	0.057709
43.814	0.05937
43.852	0.060299
43.89	0.057246
43.928	0.052359
43.966	0.057098
44.004	0.066544
44.042	0.074821
44.08	0.085225
44.118	0.097165
44.156	0.105311
44.194	0.111441
44.232	0.111288
44.27	0.116569
44.308	0.117678
44.346	0.117196
44.384	0.117191
44.422	0.112404
44.46	0.109346
44.498	0.108674
44.536	0.107887
44.574	0.110888
44.612	0.106612
44.65	0.107963
44.688	0.10271
44.726	0.101168
44.764	0.096843
44.802	0.091163
44.84	0.088525
44.878	0.083905
44.916	0.077869
44.954	0.078516
44.992	0.07179
45.03	0.071357
45.068	0.068443
45.106	0.064618
45.144	0.062913
45.182	0.062245
45.22	0.058496
45.258	0.05586
45.296	0.055548
45.334	0.050776
45.372	0.045498
45.41	0.043877
45.448	0.039751
45.486	0.032231
45.524	0.030559
45.562	0.025497
45.6	0.020907
45.638	0.024127
45.676	0.023993
45.714	0.021875
45.752	0.020546
45.79	0.018948
45.828	0.020828
45.866	0.019137
45.904	0.016934
45.942	0.014855
45.98	0.012498
46.018	0.01157
46.056	0.005058
46.094	0.006158
46.132	0.003867
46.17	0.00274
46.208	0.00062
46.246	-0.002866
46.284	-0.001143
46.322	-0.001045
46.36	-0.000529
46.398	0.000283
46.436	-0.00142
46.474	0.000763
46.512	-0.000075
46.55	-0.007117
46.588	-0.008806
46.626	-0.009268
46.664	-0.012241
46.702	-0.010381
46.74	-0.010104
46.778	-0.011524
46.816	-0.012247
46.854	-0.011718
46.892	-0.007544
46.93	-0.00606
46.968	-0.00964
47.006	-0.011755
47.044	-0.009052
47.082	-0.008632
47.12	-0.006883
47.158	-0.006979
47.196	-0.010609
47.234	-0.009663
47.272	-0.013048
47.31	-0.011954
47.348	-0.013388
47.386	-0.011685
47.424	-0.012785
47.462	-0.01103
47.5	-0.006125
47.538	-0.004294
47.576	-0.005178
47.614	-0.004019
47.652	-0.004178
47.69	-0.003034
47.728	-0.002318
47.766	-0.004249
47.804	-0.006308
47.842	-0.007132
47.88	-0.007831
47.918	-0.012281
47.956	-0.008714
47.994	-0.009078
48.032	-0.006992
48.07	-0.003773
48.108	-0.003365
48.146	-0.004337
48.184	-0.003765
48.222	-0.004324
48.26	-0.007222
48.298	-0.004045
48.336	-0.003347
48.374	-0.003695
48.412	-0.00222
48.45	-0.002202
48.488	-0.000978
48.526	-0.003742
48.564	-0.004876
48.602	-0.00174
48.64	-0.002304
48.678	0.000797
48.716	0.00071
48.754	-0.003365
48.792	-0.007545
48.83	-0.009062
48.868	-0.008993
48.906	-0.008847
48.944	-0.008917
48.982	-0.006755
49.02	-0.006731
49.058	-0.008708
49.096	-0.006382
49.134	-0.001897
49.172	-0.001308
49.21	0.00016
49.248	0.001229
49.286	-0.00017
49.324	0.005505
49.362	0.004371
49.4	0.008913
49.438	0.010611
49.476	0.010854
49.514	0.011807
49.552	0.011824
49.59	0.008757
49.628	0.006347
49.666	0.004875
49.704	0.001301
49.742	0.001062
49.78	0.001667
49.818	0.002239
49.856	0.001543
49.894	0.002275
49.932	-0.000602
49.97	0.003058
50.008	0.007286
50.046	0.007301
50.084	0.013809
50.122	0.023041
50.16	0.035885
50.198	0.043713
50.236	0.052571
50.274	0.064203
50.312	0.077396
50.35	0.086866
50.388	0.09178
50.426	0.10054
50.464	0.108706
50.502	0.111131
50.54	0.112018
50.578	0.115525
50.616	0.120916
50.654	0.118052
50.692	0.115349
50.73	0.112271
50.768	0.109162
50.806	0.106593
50.844	0.101595
50.882	0.097179
50.92	0.09505
50.958	0.087139
50.996	0.087423
51.034	0.087719
51.072	0.088646
51.11	0.087214
51.148	0.084229
51.186	0.081421
51.224	0.081414
51.262	0.076388
51.3	0.072059
51.338	0.071753
51.376	0.068116
51.414	0.064316
51.452	0.065575
51.49	0.062047
51.528	0.057437
51.566	0.055483
51.604	0.054603
51.642	0.054382
51.68	0.04946
51.718	0.047136
51.756	0.044592
51.794	0.044345
51.832	0.042441
51.87	0.040298
51.908	0.037778
51.946	0.037546
51.984	0.034573
52.022	0.035821
52.06	0.037008
52.098	0.036723
52.136	0.03668
52.174	0.037506
52.212	0.033075
52.25	0.029311
52.288	0.028582
52.326	0.026872
52.364	0.025535
52.402	0.025126
52.44	0.024926
52.478	0.023208
52.516	0.022545
52.554	0.017183
52.592	0.016037
52.63	0.01686
52.668	0.017286
52.706	0.013501
52.744	0.009312
52.782	0.010585
52.82	0.011945
52.858	0.012366
52.896	0.0096
52.934	0.004083
52.972	0.002867
53.01	0.002696
53.048	0.004299
53.086	0.002314
53.124	0.00275
53.162	0.002214
53.2	0.005481
53.238	0.003422
53.276	0.000887
53.314	0.001835
53.352	-0.00136
53.39	-0.002815
53.428	-0.003279
53.466	-0.001743
53.504	0.001395
53.542	0.002036
53.58	-0.00181
53.618	-0.001109
53.656	0.002855
53.694	0.00148
53.732	0.001197
53.77	0.002156
53.808	0.002349
53.846	-0.000569
53.884	-0.001948
53.922	0.000592
53.96	0.002269
53.998	0.002387
54.036	-0.003899
54.074	-0.00602
54.112	-0.008353
54.15	-0.009226
54.188	-0.005164
54.226	-0.006881
54.264	-0.004872
54.302	-0.004285
54.34	-0.005105
54.378	-0.006188
54.416	-0.010765
54.454	-0.008752
54.492	-0.007606
54.53	-0.008595
54.568	-0.006548
54.606	-0.006397
54.644	-0.006291
54.682	-0.00289
54.72	-0.001846
54.758	-0.001741
54.796	-0.000776
54.834	0.001359
54.872	-0.001769
54.91	-0.001671
54.948	-0.002242
54.986	0.000992
55.024	-0.000382
55.062	-0.001607
55.1	0.000179
55.138	-0.000588
55.176	0.002145
55.214	0.003634
55.252	0.007552
55.29	0.007529
55.328	0.010419
55.366	0.006708
55.404	0.007849
55.442	0.002063
55.48	0.004773
55.518	0.004821
55.556	0.006125
55.594	0.00546
55.632	0.003222
55.67	0.004898
55.708	0.00522
55.746	0.005556
55.784	0.004883
55.822	0.003487
55.86	0.002113
55.898	0.004847
55.936	0.005985
55.974	0.007676
56.012	0.0046
56.05	0.00354
56.088	0.00267
56.126	0.003153
56.164	0.00407
56.202	0.006029
56.24	0.00607
56.278	0.007018
56.316	0.005031
56.354	0.004299
56.392	0.00529
56.43	0.005606
56.468	0.004569
56.506	0.004623
56.544	0.003254
56.582	0.005533
56.62	0.006063
56.658	0.004698
56.696	0.002728
56.734	-0.001733
56.772	-0.002746
56.81	-0.003516
56.848	-0.005165
56.886	-0.003905
56.924	-0.002965
56.962	-0.002917
57	-0.005481
57.038	-0.004526
57.076	0.000877
57.114	0.00053
57.152	0.006617
57.19	0.006093
57.228	0.005609
57.266	0.005898
57.304	0.005576
57.342	0.009242
57.38	0.008585
57.418	0.008845
57.456	0.005937
57.494	0.005526
57.532	0.004907
57.57	0.003091
57.608	0.001992
57.646	0.001996
57.684	0.002801
57.722	0.004554
57.76	0.006693
57.798	0.005906
57.836	0.00509
57.874	0.002425
57.912	0.002953
57.95	0.0022
57.988	0.004253
58.026	0.002773
58.064	0.000696
58.102	-0.000737
58.14	0.002007
58.178	0.002345
58.216	0.003142
58.254	0.009892
58.292	0.023111
58.33	0.033376
58.368	0.045235
58.406	0.058074
58.444	0.072406
58.482	0.082
58.52	0.086875
58.558	0.095294
58.596	0.100903
58.634	0.105664
58.672	0.108753
58.71	0.111086
58.748	0.113419
58.786	0.11302
58.824	0.106828
58.862	0.103807
58.9	0.103699
58.938	0.100593
58.976	0.101437
59.014	0.101853
59.052	0.097646
59.09	0.094507
59.128	0.093387
59.166	0.087737
59.204	0.080213
59.242	0.076432
59.28	0.072562
59.318	0.073513
59.356	0.068838
59.394	0.067246
59.432	0.061716
59.47	0.062886
59.508	0.063058
59.546	0.060753
59.584	0.05896
59.622	0.057307
59.66	0.055993
59.698	0.053653
59.736	0.053134
59.774	0.050708
59.812	0.05045
59.85	0.049312
59.888	0.046025
59.926	0.046308
59.964	0.045164
60.002	0.042331
60.04	0.039461
60.078	0.039921
60.116	0.037902
60.154	0.033492
60.192	0.032392
60.23	0.030391
60.268	0.029295
60.306	0.027527
60.344	0.026395
60.382	0.022382
60.42	0.021724
60.458	0.017248
60.496	0.015981
60.534	0.019303
60.572	0.019035
60.61	0.017841
60.648	0.019803
60.686	0.019773
60.724	0.016333
60.762	0.01507
60.8	0.017429
60.838	0.01528
60.876	0.016899
60.914	0.017649
60.952	0.014183
60.99	0.013508
61.028	0.01243
61.066	0.00967
61.104	0.012838
61.142	0.01178
61.18	0.010808
61.218	0.012915
61.256	0.009873
61.294	0.007392
61.332	0.007418
61.37	0.006061
61.408	0.003955
61.446	0.002424
61.484	0.002336
61.522	0.002655
61.56	0.002177
61.598	0.00042
61.636	0.000381
61.674	0.001822
61.712	0.001766
61.75	0.002289
61.788	0.000401
61.826	0.000878
61.864	-0.000314
61.902	0.002215
61.94	0.002669
61.978	0.000837
62.016	0.002438
62.054	0.000423
62.092	-0.00028
62.13	-0.001087
62.168	-0.00045
62.206	-0.002473
62.244	0.001919
62.282	0.009748
62.32	0.017649
62.358	0.03252
62.396	0.043139
62.434	0.054595
62.472	0.06822
62.51	0.074912
62.548	0.083855
62.586	0.090696
62.624	0.096927
62.662	0.102031
62.7	0.105182
62.738	0.107169
62.776	0.106718
62.814	0.103287
62.852	0.102997
62.89	0.098113
62.928	0.098772
62.966	0.095691
63.004	0.095465
63.042	0.091537
63.08	0.089476
63.118	0.088847
63.156	0.08861
63.194	0.085072
63.232	0.087411
63.27	0.084703
63.308	0.078836
63.346	0.076018
63.384	0.072665
63.422	0.072327
63.46	0.066776
63.498	0.064051
63.536	0.061624
63.574	0.05644
63.612	0.0513
63.65	0.047609
63.688	0.041834
63.726	0.040792
63.764	0.037435
63.802	0.037945
63.84	0.038592
63.878	0.034823
63.916	0.032494
63.954	0.028697
63.992	0.030822
64.03	0.028276
64.068	0.025714
64.106	0.023821
64.144	0.02622
64.182	0.024126
64.22	0.02211
64.258	0.021404
64.296	0.023539
64.334	0.022247
64.372	0.023841
64.41	0.024198
64.448	0.020188
64.486	0.02225
64.524	0.018801
64.562	0.014756
64.6	0.012824
64.638	0.012585
64.676	0.008644
64.714	0.008952
64.752	0.011928
64.79	0.010652
64.828	0.009029
64.866	0.008649
64.904	0.009971
64.942	0.008846
64.98	0.005921
65.018	0.004572
65.056	0.000053
65.094	-0.000122
65.132	0.001726
65.17	0.000154
65.208	-0.001531
65.246	-0.000868
65.284	0.001125
65.322	-0.002295
65.36	-0.001919
65.398	-0.002771
65.436	-0.000213
65.474	-0.002775
65.512	-0.003508
65.55	-0.003126
65.588	-0.002841
65.626	-0.004399
65.664	-0.00595
65.702	0.00068
65.74	0.001763
65.778	0.007395
65.816	0.01469
65.854	0.020241
65.892	0.033662
65.93	0.052464
65.968	0.065214
66.006	0.073402
66.044	0.080086
66.082	0.087002
66.12	0.094507
66.158	0.101535
66.196	0.102763
66.234	0.105388
66.272	0.102969
66.31	0.103083
66.348	0.103701
66.386	0.101441
66.424	0.100831
66.462	0.100737
66.5	0.09407
66.538	0.086853
66.576	0.079065
66.614	0.077635
66.652	0.076571
66.69	0.072914
66.728	0.071202
66.766	0.067345
66.804	0.072013
66.842	0.070706
66.88	0.066616
66.918	0.066367
66.956	0.062124
66.994	0.059756
67.032	0.055526
67.07	0.052143
67.108	0.048151
67.146	0.046387
67.184	0.053528
67.222	0.061895
67.26	0.06826
67.298	0.075754
67.336	0.084072
67.374	0.089087
67.412	0.096319
67.45	0.099463
67.488	0.102528
67.526	0.103988
67.564	0.108217
67.602	0.105404
67.64	0.107575
67.678	0.10875
67.716	0.107107
67.754	0.102503
67.792	0.100689
67.83	0.094745
67.868	0.091876
67.906	0.088251
67.944	0.083145
67.982	0.083361
68.02	0.080524
68.058	0.078803
68.096	0.078636
68.134	0.078668
68.172	0.077388
68.21	0.075988
68.248	0.067654
68.286	0.065597
68.324	0.063895
68.362	0.062017
68.4	0.057887
68.438	0.059786
68.476	0.058578
68.514	0.058371
68.552	0.055491
68.59	0.049215
68.628	0.047194
68.666	0.045713
68.704	0.042524
68.742	0.039019
68.78	0.037357
68.818	0.035888
68.856	0.032394
68.894	0.028594
68.932	0.028495
68.97	0.022063
69.008	0.017668
69.046	0.017392
69.084	0.015686
69.122	0.015287
69.16	0.013568
69.198	0.011719
69.236	0.014382
69.274	0.013429
69.312	0.009164
69.35	0.007552
69.388	0.007295
69.426	0.00957
69.464	0.00444
69.502	0.000549
69.54	0.001508
69.578	-0.001442
69.616	-0.003633
69.654	-0.009802
69.692	-0.008012
69.73	-0.008184
69.768	-0.007216
69.806	-0.003882
69.844	-0.005181
69.882	-0.004176
69.92	-0.002099
69.958	-0.001393
69.996	-0.002278
70.034	-0.002337
70.072	-0.004367
70.11	-0.005148
70.148	-0.006757
70.186	-0.009551
70.224	-0.009206
70.262	-0.011575
70.3	-0.011434
70.338	-0.008531
70.376	-0.007474
70.414	-0.008966
70.452	-0.012967
70.49	-0.012535
70.528	-0.0124
70.566	-0.009736
70.604	-0.009175
70.642	-0.009449
70.68	-0.009795
70.718	-0.007306
70.756	-0.007466
70.794	-0.006418
70.832	-0.00647
70.87	-0.005504
70.908	-0.0025
70.946	-0.005205
70.984	-0.002341
71.022	-0.004599
71.06	-0.003417
71.098	-0.003827
71.136	-0.003102
71.174	-0.006726
71.212	-0.004837
71.25	-0.005152
71.288	-0.004158
71.326	-0.003731
71.364	-0.00469
71.402	-0.00714
71.44	-0.006376
71.478	-0.009173
71.516	-0.012972
71.554	-0.012517
71.592	-0.014198
71.63	-0.011759
71.668	-0.013051
71.706	-0.007652
71.744	-0.00432
71.782	-0.004297
71.82	-0.006391
71.858	-0.008293
71.896	-0.009352
71.934	-0.007647
71.972	-0.007213
72.01	-0.00875
72.048	-0.005266
72.086	-0.00876
72.124	-0.011713
72.162	-0.009392
72.2	-0.008044
72.238	-0.009402
72.276	-0.009322
72.314	-0.005349
72.352	-0.005114
72.39	-0.006539
72.428	-0.007497
72.466	-0.008297
72.504	-0.00753
72.542	-0.00956
72.58	-0.007969
72.618	-0.005051
72.656	-0.005248
72.694	-0.008025
72.732	-0.00567
72.77	-0.006166
72.808	-0.004984
72.846	-0.002586
72.884	-0.001896
72.922	-0.002908
72.96	-0.00291
72.998	-0.004211
73.036	-0.003585
73.074	-0.005986
73.112	-0.00448
73.15	-0.00078
73.188	0.000111
73.226	-0.0004
73.264	0.003133
73.302	0.011978
73.34	0.021697
73.378	0.031098
73.416	0.045729
73.454	0.060354
73.492	0.073179
73.53	0.083759
73.568	0.087213
73.606	0.093915
73.644	0.0978
73.682	0.10364
73.72	0.103106
73.758	0.104127
73.796	0.103191
73.834	0.103995
73.872	0.099056
73.91	0.095326
73.948	0.092656
73.986	0.092656
74.024	0.093713
74.062	0.094367
74.1	0.092891
74.138	0.093882
74.176	0.091638
74.214	0.087879
74.252	0.085182
74.29	0.080289
74.328	0.080711
74.366	0.075211
74.404	0.073158
74.442	0.073439
74.48	0.067183
74.518	0.063577
74.556	0.058276
74.594	0.061432
74.632	0.057731
74.67	0.055137
74.708	0.053863
74.746	0.054206
74.784	0.049217
74.822	0.047933
74.86	0.046006
74.898	0.044239
74.936	0.044173
74.974	0.042093
75.012	0.036547
75.05	0.030277
75.088	0.029785
75.126	0.030774
75.164	0.02858
75.202	0.029031
75.24	0.027665
75.278	0.022767
75.316	0.020512
75.354	0.018128
75.392	0.019926
75.43	0.021476
75.468	0.022239
75.506	0.019682
75.544	0.019889
75.582	0.017685
75.62	0.015511
75.658	0.014063
75.696	0.011357
75.734	0.010511
75.772	0.008822
75.81	0.005439
75.848	0.008367
75.886	0.008112
75.924	0.006773
75.962	0.006444
76	0.006491
76.038	0.004534
76.076	0.003295
76.114	0.003463
76.152	0.006076
76.19	0.006252
76.228	0.004357
76.266	0.005902
76.304	0.007519
76.342	0.005897
76.38	0.003916
76.418	0.004186
76.456	0.001336
76.494	0.00025
76.532	0.001317
76.57	-0.00035
76.608	0.001395
76.646	-0.000984
76.684	-0.003014
76.722	-0.002725
76.76	-0.000288
76.798	0.003813
76.836	0.004255
76.874	0.005084
76.912	0.006117
76.95	0.005812
76.988	0.003763
77.026	0.001717
77.064	0.002396
77.102	0.001457
77.14	0.002834
77.178	0.003293
77.216	-0.000304
77.254	-0.000648
77.292	0.001352
77.33	-0.000967
77.368	-0.005179
77.406	-0.003252
77.444	-0.00778
77.482	-0.009014
77.52	-0.005074
77.558	-0.006247
77.596	-0.006433
77.634	-0.00366
77.672	-0.002146
77.71	0.00163
77.748	0.003157
77.786	-0.00049
77.824	-0.003428
77.862	-0.005025
77.9	-0.003364
77.938	-0.003534
77.976	-0.002436
78.014	-0.000692
78.052	-0.000217
78.09	0.000427
78.128	0.00063
78.166	0.001747
78.204	0.001937
78.242	0.000019
78.28	0.000074
78.318	-0.002247
78.356	-0.002292
78.394	-0.001502
78.432	-0.00246
78.47	-0.003299
78.508	-0.000956
78.546	-0.000221
78.584	-0.003785
78.622	-0.001481
78.66	-0.001712
78.698	-0.000259
78.736	-0.000611
78.774	-0.001763
78.812	-0.001188
78.85	0.000291
78.888	-0.002139
78.926	-0.002568
78.964	-0.002154
79.002	-0.001274
79.04	0.000106
79.078	0.000211
79.116	0.004617
79.154	0.004375
79.192	0.004066
79.23	0.005626
79.268	0.002033
79.306	0.006698
79.344	0.011211
79.382	0.02119
79.42	0.028589
79.458	0.038743
79.496	0.046577
79.534	0.060006
79.572	0.070726
79.61	0.080367
79.648	0.085792
79.686	0.090466
79.724	0.098831
79.762	0.101217
79.8	0.100982
79.838	0.10301
79.876	0.105743
79.914	0.105213
79.952	0.103848
79.99	0.104294
80.028	0.10292
80.066	0.104293
80.104	0.103686
80.142	0.098112
80.18	0.092687
80.218	0.088312
80.256	0.082362
80.294	0.078955
80.332	0.073279
80.37	0.070332
80.408	0.068536
80.446	0.064602
80.484	0.061988
80.522	0.063676
80.56	0.060876
80.598	0.063401
80.636	0.062113
80.674	0.060757
80.712	0.059054
80.75	0.059687
80.788	0.050823
80.826	0.047976
80.864	0.049352
80.902	0.051135
80.94	0.048763
80.978	0.049659
81.016	0.041595
81.054	0.04116
81.092	0.040453
81.13	0.039576
81.168	0.039318
81.206	0.039107
81.244	0.0408
81.282	0.040918
81.32	0.034135
81.358	0.03126
81.396	0.028357
81.434	0.027646
81.472	0.027349
81.51	0.025413
81.548	0.024802
81.586	0.022197
81.624	0.020097
81.662	0.022788
81.7	0.024426
81.738	0.023498
81.776	0.020149
81.814	0.019867
81.852	0.021372
81.89	0.018753
81.928	0.020363
81.966	0.016421
82.004	0.016618
82.042	0.013459
82.08	0.008178
82.118	0.006797
82.156	0.006432
82.194	0.007442
82.232	0.00767
82.27	0.0044
82.308	0.004874
82.346	0.006126
82.384	0.008321
82.422	0.003387
82.46	0.001573
82.498	0.001699
82.536	0.00169
82.574	0.004717
82.612	0.007063
82.65	0.005873
82.688	0.001123
82.726	0.000297
82.764	-0.002751
82.802	-0.001877
82.84	-0.005674
82.878	-0.003036
82.916	-0.005144
82.954	-0.004937
82.992	-0.00572
83.03	-0.007031
83.068	-0.00546
83.106	0.000773
83.144	-0.000095
83.182	-0.002882
83.22	-0.001954
83.258	-0.00127
83.296	-0.003886
83.334	-0.004274
83.372	-0.003869
83.41	-0.002166
83.448	0.000029
83.486	0.00187
83.524	0.003243
83.562	0.005336
83.6	0.006212
83.638	0.007489
83.676	0.005122
83.714	0.001487
83.752	0.001597
83.79	-0.004197
83.828	-0.003538
83.866	-0.00537
83.904	-0.008272
83.942	-0.009491
83.98	-0.010658
84.018	-0.008039
84.056	-0.002286
84.094	-0.001837
84.132	0.000363
84.17	0.002022
84.208	0.003295
84.246	0.003072
84.284	0.006004
84.322	0.006863
84.36	0.003078
84.398	0.002474
84.436	0.003622
84.474	0.004054
84.512	0.006708
84.55	0.007742
84.588	0.009137
84.626	0.00702
84.664	0.008146
84.702	0.007097
84.74	0.004301
84.778	0.00545
84.816	0.007813
84.854	0.007436
84.892	0.003205
84.93	0.001643
84.968	0.000707
85.006	-0.000414
85.044	0.000596
85.082	0.001497
85.12	0.000668
85.158	0.004439
85.196	0.002878
85.234	0.00165
85.272	0.002569
85.31	0.002339
85.348	0.003504
85.386	0.000427
85.424	0.001633
85.462	0.00838
85.5	0.01655
85.538	0.027949
85.576	0.042256
85.614	0.055572
85.652	0.066777
85.69	0.072423
85.728	0.079212
85.766	0.08601
85.804	0.092816
85.842	0.093705
85.88	0.092275
85.918	0.095842
85.956	0.094109
85.994	0.093205
86.032	0.092341
86.07	0.093445
86.108	0.094536
86.146	0.091514
86.184	0.086902
86.222	0.088247
86.26	0.083498
86.298	0.075757
86.336	0.076091
86.374	0.073792
86.412	0.069779
86.45	0.063408
86.488	0.059307
86.526	0.059196
86.564	0.05453
86.602	0.051197
86.64	0.047617
86.678	0.04688
86.716	0.042926
86.754	0.039184
86.792	0.035792
86.83	0.032043
86.868	0.030993
86.906	0.029359
86.944	0.027829
86.982	0.029787
87.02	0.029941
87.058	0.028074
87.096	0.028452
87.134	0.028462
87.172	0.02717
87.21	0.026442
87.248	0.024949
87.286	0.024054
87.324	0.024244
87.362	0.024097
87.4	0.024906
87.438	0.031603
87.476	0.043175
87.514	0.052395
87.552	0.063832
87.59	0.071186
87.628	0.079318
87.666	0.082352
87.704	0.084096
87.742	0.086473
87.78	0.085564
87.818	0.085331
87.856	0.089645
87.894	0.090459
87.932	0.088901
87.97	0.089186
88.008	0.090766
88.046	0.091249
88.084	0.091114
88.122	0.08887
88.16	0.086447
88.198	0.084673
88.236	0.08077
88.274	0.077982
88.312	0.075415
88.35	0.068778
88.388	0.066946
88.426	0.062274
88.464	0.062187
88.502	0.060197
88.54	0.055122
88.578	0.049886
88.616	0.049399
88.654	0.045707
88.692	0.047894
88.73	0.043641
88.768	0.04096
88.806	0.035239
88.844	0.03436
88.882	0.032689
88.92	0.027642
88.958	0.024724
88.996	0.022299
89.034	0.015892
89.072	0.0133
89.11	0.012076
89.148	0.014641
89.186	0.012267
89.224	0.013032
89.262	0.012713
89.3	0.008557
89.338	0.009949
89.376	0.006818
89.414	0.007388
89.452	0.008545
89.49	0.01042
89.528	0.007131
89.566	0.005281
89.604	0.003645
89.642	0.000697
89.68	-0.002823
89.718	-0.001619
89.756	-0.003766
89.794	-0.005976
89.832	-0.004235
89.87	-0.003431
89.908	-0.004557
89.946	-0.003699
89.984	-0.004664
90.022	-0.003381
90.06	-0.00313
90.098	-0.006743
90.136	-0.006206
90.174	-0.010456
90.212	-0.009744
90.25	-0.010888
90.288	-0.009276
90.326	-0.010021
90.364	-0.009693
90.402	-0.008463
90.44	-0.008983
90.478	-0.009326
90.516	-0.008069
90.554	-0.010548
90.592	-0.010014
90.63	-0.010643
90.668	-0.009909
90.706	-0.013872
90.744	-0.015843
90.782	-0.016515
90.82	-0.015065
90.858	-0.014017
90.896	-0.016465
90.934	-0.015788
90.972	-0.017955
91.01	-0.015752
91.048	-0.015435
91.086	-0.010474
91.124	-0.006706
91.162	-0.004806
91.2	-0.002465
91.238	-0.006621
91.276	-0.007892
91.314	-0.01153
91.352	-0.009085
91.39	-0.00783
91.428	-0.007916
91.466	-0.003939
91.504	-0.002949
91.542	0.003151
91.58	0.013249
91.618	0.02389
91.656	0.035748
91.694	0.046611
91.732	0.053706
91.77	0.06339
91.808	0.073037
91.846	0.081064
91.884	0.085685
91.922	0.092376
91.96	0.093531
91.998	0.090629
92.036	0.095508
92.074	0.096807
92.112	0.094607
92.15	0.094937
92.188	0.093173
92.226	0.088845
92.264	0.085878
92.302	0.084033
92.34	0.080698
92.378	0.078491
92.416	0.074025
92.454	0.072003
92.492	0.06999
92.53	0.063559
92.568	0.059904
92.606	0.058076
92.644	0.056166
92.682	0.053714
92.72	0.054417
92.758	0.05318
92.796	0.047739
92.834	0.047679
92.872	0.046283
92.91	0.046912
92.948	0.047091
92.986	0.047841
93.024	0.044925
93.062	0.047903
93.1	0.046536
93.138	0.042281
93.176	0.040955
93.214	0.044005
93.252	0.038732
93.29	0.039107
93.328	0.038717
93.366	0.037217
93.404	0.035687
93.442	0.034544
93.48	0.031594
93.518	0.033477
93.556	0.029838
93.594	0.028841
93.632	0.025476
93.67	0.022401
93.708	0.024001
93.746	0.022491
93.784	0.0216
93.822	0.019152
93.86	0.020505
93.898	0.016124
93.936	0.014455
93.974	0.014378
94.012	0.016922
94.05	0.016307
94.088	0.014077
94.126	0.016773
94.164	0.015081
94.202	0.011403
94.24	0.012346
94.278	0.007478
94.316	0.006088
94.354	0.006573
94.392	0.003008
94.43	0.002359
94.468	0.00365
94.506	0.001998
94.544	0.001994
94.582	0.002234
94.62	-0.000393
94.658	-0.002201
94.696	-0.001026
94.734	-0.003058
94.772	0.001421
94.81	0.002184
94.848	0.003002
94.886	0.000435
94.924	0.000037
94.962	-0.001763
95	-0.001885
95.038	0.001928
95.076	0.002429
95.114	0.004155
95.152	0.010268
95.19	0.016934
95.228	0.026307
95.266	0.039637
95.304	0.048612
95.342	0.062326
95.38	0.070078
95.418	0.077924
95.456	0.086202
95.494	0.094424
95.532	0.09526
95.57	0.099745
95.608	0.105124
95.646	0.1023
95.684	0.106005
95.722	0.10594
95.76	0.107668
95.798	0.107266
95.836	0.101905
95.874	0.099425
95.912	0.095479
95.95	0.093815
95.988	0.095636
96.026	0.087142
96.064	0.083071
96.102	0.079763
96.14	0.078686
96.178	0.07454
96.216	0.068858
96.254	0.068716
96.292	0.066292
96.33	0.057948
96.368	0.055544
96.406	0.051245
96.444	0.050058
96.482	0.052155
96.52	0.051347
96.558	0.051036
96.596	0.050839
96.634	0.049316
96.672	0.050189
96.71	0.047181
96.748	0.045996
96.786	0.043891
96.824	0.04209
96.862	0.039949
96.9	0.037642
96.938	0.037215
96.976	0.03941
97.014	0.035483
97.052	0.034484
97.09	0.036501
97.128	0.03604
97.166	0.035304
97.204	0.033214
97.242	0.031485
97.28	0.032717
97.318	0.031905
97.356	0.029573
97.394	0.025926
97.432	0.024092
97.47	0.022394
97.508	0.023538
97.546	0.022947
97.584	0.020857
97.622	0.024044
97.66	0.030824
97.698	0.039984
97.736	0.050462
97.774	0.056987
97.812	0.065676
97.85	0.076496
97.888	0.086919
97.926	0.091065
97.964	0.094657
98.002	0.099234
98.04	0.101502
98.078	0.105346
98.116	0.101896
98.154	0.104723
98.192	0.104572
98.23	0.101492
98.268	0.095291
98.306	0.094029
98.344	0.088876
98.382	0.08614
98.42	0.086054
98.458	0.084824
98.496	0.082183
98.534	0.080137
98.572	0.077358
98.61	0.071109
98.648	0.073562
98.686	0.071192
98.724	0.06956
98.762	0.066092
98.8	0.063032
98.838	0.05699
98.876	0.054484
98.914	0.055259
98.952	0.051065
98.99	0.04666
99.028	0.042548
99.066	0.036066
99.104	0.031522
99.142	0.028408
99.18	0.02427
99.218	0.021959
99.256	0.018086
99.294	0.022097
99.332	0.020557
99.37	0.015587
99.408	0.013987
99.446	0.011757
99.484	0.010112
99.522	0.006577
99.56	0.006295
99.598	0.002284
99.636	0.002146
99.674	0.00384
99.712	0.004793
99.75	0.00647
99.788	0.005733
99.826	0.003532
99.864	0.003434
99.902	0.002058
99.94	-0.002931
99.978	-0.003768
100.016	-0.004012
100.054	-0.003633
100.092	-0.005116
100.13	-0.006152
100.168	-0.010423
100.206	-0.012829
100.244	-0.009603
100.282	-0.010385
100.32	-0.010054
100.358	-0.009915
100.396	-0.01291
100.434	-0.01213
100.472	-0.013603
100.51	-0.012258
100.548	-0.014729
100.586	-0.016559
100.624	-0.018793
100.662	-0.020767
100.7	-0.01748
100.738	-0.015181
100.776	-0.015995
100.814	-0.015147
100.852	-0.016157
100.89	-0.01441
100.928	-0.011913
100.966	-0.015456
101.004	-0.018645
101.042	-0.016472
101.08	-0.01198
101.118	-0.013306
101.156	-0.01798
101.194	-0.018748
101.232	-0.016813
101.27	-0.013647
101.308	-0.012477
101.346	-0.012728
101.384	-0.015641
101.422	-0.01335
101.46	-0.011845
101.498	-0.013481
101.536	-0.012381
101.574	-0.010737
101.612	-0.008527
101.65	-0.009947
101.688	-0.011639
101.726	-0.011417
101.764	-0.010027
101.802	-0.010895
101.84	-0.013395
101.878	-0.013311
101.916	-0.015865
101.954	-0.013922
101.992	-0.014166
102.03	-0.009892
102.068	-0.008211
102.106	-0.005751
102.144	-0.003543
102.182	-0.002084
102.22	-0.000169
102.258	-0.000513
102.296	-0.000577
102.334	-0.001125
102.372	-0.002438
102.41	-0.000251
102.448	-0.001638
102.486	0.000842
102.524	-0.002041
102.562	-0.001637
102.6	-0.005528
102.638	-0.004643
102.676	-0.005137
102.714	-0.004681
102.752	-0.002714
102.79	-0.005019
102.828	-0.006723
102.866	-0.005348
102.904	-0.002263
102.942	-0.001123
102.98	-0.000273
103.018	-0.003629
103.056	0.002084
103.094	0.001613
103.132	0.002086
103.17	0.000095
103.208	-0.001413
103.246	-0.00192
103.284	-0.00707
103.322	-0.006628
103.36	-0.003538
103.398	0.001742
103.436	0.004748
103.474	0.002443
103.512	0.000791
103.55	-0.000683
103.588	0.00124
103.626	-0.001906
103.664	0.000915
103.702	0.00657
103.74	0.014517
103.778	0.023276
103.816	0.032403
103.854	0.042743
103.892	0.050834
103.93	0.059471
103.968	0.064947
104.006	0.071779
104.044	0.07907
104.082	0.083254
104.12	0.088412
104.158	0.09179
104.196	0.092187
104.234	0.091922
104.272	0.0943
104.31	0.099285
104.348	0.100712
104.386	0.097626
104.424	0.097246
104.462	0.093986
104.5	0.091472
104.538	0.090903
104.576	0.088873
104.614	0.092436
104.652	0.090876
104.69	0.085311
104.728	0.084081
104.766	0.078309
104.804	0.076124
104.842	0.075103
104.88	0.075045
104.918	0.071266
104.956	0.070731
104.994	0.067039
105.032	0.068079
105.07	0.063705
105.108	0.060569
105.146	0.054962
105.184	0.055143
105.222	0.055295
105.26	0.05235
105.298	0.052084
105.336	0.047287
105.374	0.045065
105.412	0.036177
105.45	0.035748
105.488	0.0313
105.526	0.028944
105.564	0.02814
105.602	0.027956
105.64	0.025579
105.678	0.023792
105.716	0.02328
105.754	0.020928
105.792	0.022054
105.83	0.017446
105.868	0.015741
105.906	0.016861
105.944	0.014536
105.982	0.012846
106.02	0.014152
106.058	0.012808
106.096	0.009634
106.134	0.009763
106.172	0.01263
106.21	0.011497
106.248	0.010067
106.286	0.011942
106.324	0.010471
106.362	0.010073
106.4	0.011927
106.438	0.013003
106.476	0.012658
106.514	0.011137
106.552	0.010699
106.59	0.008763
106.628	0.005826
106.666	0.004961
106.704	0.003104
106.742	0.001868
106.78	-0.000353
106.818	-0.001884
106.856	-0.001265
106.894	-0.002175
106.932	-0.004414
106.97	-0.004139
107.008	-0.005694
107.046	-0.002144
107.084	0.001357
107.122	0.001267
107.16	0.000669
107.198	-0.004265
107.236	-0.002309
107.274	-0.000371
107.312	-0.002303
107.35	-0.001718
107.388	-0.002304
107.426	0.00283
107.464	0.008061
107.502	0.010055
107.54	0.008947
107.578	0.012141
107.616	0.010517
107.654	0.010091
107.692	0.012643
107.73	0.008679
107.768	0.002512
107.806	-0.000596
107.844	-0.002962
107.882	-0.0055
107.92	-0.004677
107.958	-0.004136
107.996	-0.000933
108.034	-0.00391
108.072	-0.005361
108.11	-0.005427
108.148	-0.007249
108.186	-0.011311
108.224	-0.005748
108.262	-0.005816
108.3	-0.005229
108.338	-0.003917
108.376	-0.005214
108.414	-0.002259
108.452	0.002765
108.49	0.005384
108.528	0.005286
108.566	0.006444
108.604	0.004709
108.642	0.003419
108.68	0.003469
108.718	0.005599
108.756	0.004659
108.794	0.002936
108.832	0.003352
108.87	0.002689
108.908	0.001977
108.946	0.003474
108.984	0.007278
109.022	0.00954
109.06	0.007243
109.098	0.00621
109.136	0.006039
109.174	0.008099
109.212	0.006424
109.25	0.006932
109.288	0.005607
109.326	0.003918
109.364	0.000225
109.402	0.000824
109.44	0.001333
109.478	0.002011
109.516	0.005559
109.554	0.007779
109.592	0.005013
109.63	0.005891
109.668	0.000435
109.706	0.002365
109.744	0.004096
109.782	0.007359
109.82	0.01469
109.858	0.02326
109.896	0.033708
109.934	0.040788
109.972	0.054316
110.01	0.059753
110.048	0.066815
110.086	0.076501
110.124	0.080395
110.162	0.088306
110.2	0.086352
110.238	0.084801
110.276	0.083827
110.314	0.085579
110.352	0.088556
110.39	0.090724
110.428	0.090092
110.466	0.090001
110.504	0.087253
110.542	0.085225
110.58	0.084584
110.618	0.084909
110.656	0.07977
110.694	0.076795
110.732	0.074823
110.77	0.073193
110.808	0.068563
110.846	0.064794
110.884	0.061614
110.922	0.063667
110.96	0.065128
110.998	0.058677
111.036	0.058993
111.074	0.058528
111.112	0.055155
111.15	0.054222
111.188	0.051416
111.226	0.049547
111.264	0.048397
111.302	0.051793
111.34	0.04613
111.378	0.041236
111.416	0.041958
111.454	0.042472
111.492	0.044209
111.53	0.036881
111.568	0.035409
111.606	0.032955
111.644	0.032663
111.682	0.028823
111.72	0.029266
111.758	0.028037
111.796	0.022818
111.834	0.021028
111.872	0.018923
111.91	0.018198
111.948	0.018918
111.986	0.01865
112.024	0.018112
112.062	0.016927
112.1	0.018116
112.138	0.014359
112.176	0.01154
112.214	0.012713
112.252	0.010459
112.29	0.008279
112.328	0.008345
112.366	0.009178
112.404	0.007738
112.442	0.007498
112.48	0.009335
112.518	0.011375
112.556	0.007103
112.594	0.007794
112.632	0.006657
112.67	0.002859
112.708	0.00486
112.746	0.004102
112.784	0.00445
112.822	0.002262
112.86	0.001184
112.898	-0.000248
112.936	-0.001427
112.974	-0.002337
113.012	-0.002962
113.05	-0.003959
113.088	-0.006658
113.126	-0.005735
113.164	-0.00115
113.202	0.005198
113.24	0.014336
113.278	0.024456
113.316	0.033082
113.354	0.045684
113.392	0.060427
113.43	0.068152
113.468	0.074676
113.506	0.080993
113.544	0.085803
113.582	0.090942
113.62	0.095867
113.658	0.09419
113.696	0.09541
113.734	0.094485
113.772	0.097176
113.81	0.0928
113.848	0.089423
113.886	0.090083
113.924	0.08257
113.962	0.080352
114	0.081186
114.038	0.080849
114.076	0.077662
114.114	0.072479
114.152	0.068978
114.19	0.06705
114.228	0.067213
114.266	0.062743
114.304	0.062014
114.342	0.059533
114.38	0.056875
114.418	0.056491
114.456	0.059085
114.494	0.056869
114.532	0.054855
114.57	0.05137
114.608	0.050304
114.646	0.048148
114.684	0.046608
114.722	0.045576
114.76	0.039388
114.798	0.039783
114.836	0.034593
114.874	0.032295
114.912	0.033729
114.95	0.033462
114.988	0.028815
115.026	0.031459
115.064	0.029222
115.102	0.027672
115.14	0.027662
115.178	0.023047
115.216	0.019529
115.254	0.016555
115.292	0.016096
115.33	0.015839
115.368	0.017809
115.406	0.01853
115.444	0.01737
115.482	0.016046
115.52	0.016586
115.558	0.014003
115.596	0.012896
115.634	0.011251
115.672	0.008921
115.71	0.008386
115.748	0.007821
115.786	0.002382
115.824	0.004361
115.862	0.00308
115.9	0.005814
115.938	0.013975
115.976	0.025539
116.014	0.035312
116.052	0.049904
116.09	0.059644
116.128	0.068216
116.166	0.077999
116.204	0.0788
116.242	0.080216
116.28	0.080812
116.318	0.081454
116.356	0.080805
116.394	0.082174
116.432	0.080679
116.47	0.079173
116.508	0.077174
116.546	0.072895
116.584	0.070416
116.622	0.072026
116.66	0.068804
116.698	0.065874
116.736	0.065481
116.774	0.064471
116.812	0.065366
116.85	0.057032
116.888	0.053557
116.926	0.052775
116.964	0.052836
117.002	0.051242
117.04	0.044957
117.078	0.039559
117.116	0.040445
117.154	0.039779
117.192	0.0371
117.23	0.031311
117.268	0.031092
117.306	0.030236
117.344	0.025354
117.382	0.020817
117.42	0.021998
117.458	0.019889
117.496	0.019462
117.534	0.016929
117.572	0.012831
117.61	0.012504
117.648	0.009997
117.686	0.009131
117.724	0.003786
117.762	0.001551
117.8	-0.000819
117.838	-0.000345
117.876	-0.000457
117.914	-0.001961
117.952	-0.000211
117.99	-0.003436
118.028	-0.005468
118.066	-0.008383
118.104	-0.009553
118.142	-0.005172
118.18	-0.00314
118.218	-0.007405
118.256	-0.004419
118.294	0.000943
118.332	0.001136
118.37	-0.001806
118.408	-0.002808
118.446	-0.00196
118.484	-0.001462
118.522	-0.004826
118.56	-0.008789
118.598	-0.012459
118.636	-0.009038
118.674	-0.007986
118.712	-0.007011
118.75	-0.002467
118.788	-0.004426
118.826	-0.003218
118.864	-0.006735
118.902	-0.004755
118.94	-0.006847
118.978	-0.006726
119.016	-0.001675
119.054	-0.003656
119.092	-0.001621
119.13	-0.001844
119.168	-0.000953
119.206	-0.003087
119.244	-0.005299
119.282	-0.003864
119.32	-0.003242
119.358	-0.005913
119.396	-0.006138
119.434	-0.007629
119.472	-0.006941
119.51	-0.010784
119.548	-0.010211
119.586	-0.00964
119.624	-0.006876
119.662	-0.005589
119.7	-0.004063
119.738	-0.003136
119.776	-0.003985
119.814	-0.001179
119.852	-0.001756
119.89	-0.002696
119.928	0.000947
119.966	0.001424
120.004	0.006789
120.042	0.009302
120.08	0.008168
120.118	0.011466
120.156	0.009638
120.194	0.007898
120.232	0.009533
120.27	0.008459
120.308	0.007407
120.346	0.005575
120.384	0.0023
120.422	0.0037
120.46	0.001269
120.498	-0.004094
120.536	-0.001118
120.574	-0.002486
120.612	-0.002798
120.65	-0.00033
120.688	-0.003198
120.726	-0.004738
120.764	-0.008851
120.802	-0.004807
120.84	-0.000747
120.878	-0.001941
120.916	-0.001977
120.954	-0.004117
120.992	-0.005304
121.03	-0.009016
121.068	-0.006971
121.106	-0.003714
121.144	-0.005405
121.182	-0.004202
121.22	0.001177
121.258	-0.000111
121.296	-0.001153
121.334	0.000709
121.372	-0.001166
121.41	-0.00239
121.448	0.001838
121.486	0.000999
121.524	0.004929
121.562	0.006669
121.6	0.003888
121.638	0.005781
121.676	0.005829
121.714	0.005023
121.752	0.006215
121.79	0.003099
121.828	0.003793
121.866	0.004871
121.904	0.001782
121.942	0.004956
121.98	0.007904
122.018	0.015644
122.056	0.026066
122.094	0.041471
122.132	0.053069
122.17	0.062564
122.208	0.071973
122.246	0.075592
122.284	0.084075
122.322	0.090125
122.36	0.095635
122.398	0.101376
122.436	0.103248
122.474	0.101482
122.512	0.105198
122.55	0.101084
122.588	0.09959
122.626	0.103101
122.664	0.100045
122.702	0.097949
122.74	0.096407
122.778	0.094521
122.816	0.088778
122.854	0.083597
122.892	0.081959
122.93	0.081471
122.968	0.079225
123.006	0.078724
123.044	0.075296
123.082	0.075293
123.12	0.071663
123.158	0.069648
123.196	0.068291
123.234	0.063597
123.272	0.060146
123.31	0.057909
123.348	0.05526
123.386	0.05196
123.424	0.050647
123.462	0.048579
123.5	0.044282
123.538	0.043621
123.576	0.041353
123.614	0.039598
123.652	0.039564
123.69	0.032948
123.728	0.03468
123.766	0.032604
123.804	0.030641
123.842	0.0284
123.88	0.027707
123.918	0.026387
123.956	0.02492
123.994	0.02678
124.032	0.023325
124.07	0.023047
124.108	0.017873
124.146	0.018738
124.184	0.016046
124.222	0.017245
124.26	0.016799
124.298	0.014191
124.336	0.012803
124.374	0.016421
124.412	0.016616
124.45	0.017423
124.488	0.018059
124.526	0.015176
124.564	0.013067
124.602	0.013813
124.64	0.012493
124.678	0.013741
124.716	0.013418
124.754	0.014373
124.792	0.014005
124.83	0.014882
124.868	0.011963
124.906	0.011363
124.944	0.008819
124.982	0.008173
125.02	0.003276
125.058	0.008351
125.096	0.007404
125.134	0.003628
125.172	0.003035
125.21	-0.003324
125.248	-0.003913
125.286	-0.002055
125.324	-0.005591
125.362	-0.003656
125.4	-0.003942
125.438	-0.002194
125.476	-0.005323
125.514	-0.005
125.552	-0.00151
125.59	0.000551
125.628	0.002166
125.666	0.002058
125.704	0.000584
125.742	0.002459
125.78	0.000412
125.818	-0.002119
125.856	-0.006712
125.894	-0.006618
125.932	-0.004799
125.97	-0.003885
126.008	-0.003601
126.046	-0.006606
126.084	-0.002433
126.122	-0.002404
126.16	-0.002425
126.198	-0.003102
126.236	-0.001739
126.274	0.000389
126.312	0.001183
126.35	0.001854
126.388	0.006487
126.426	0.003689
126.464	0.000584
126.502	0.001781
126.54	-0.000603
126.578	0.000697
126.616	-0.001661
126.654	-0.003175
126.692	-0.001828
126.73	-0.000952
126.768	0.001939
126.806	0.002556
126.844	0.003014
126.882	0.004448
126.92	0.006383
126.958	0.006148
126.996	0.005962
127.034	0.001378
127.072	-0.000931
127.11	0.002646
127.148	0.001732
127.186	-0.001483
127.224	-0.001057
127.262	0.000595
127.3	0.003571
127.338	0.006471
127.376	0.003392
127.414	0.004113
127.452	0.005887
127.49	0.003293
127.528	0.005898
127.566	0.00929
127.604	0.006493
127.642	0.005415
127.68	0.005882
127.718	0.004115
127.756	0.003149
127.794	0.004016
127.832	0.002828
127.87	0.001416
127.908	0.002099
127.946	-0.001833
127.984	-0.003793
128.022	-0.003132
128.06	0.001242
128.098	0.00727
128.136	0.017443
128.174	0.027473
128.212	0.040837
128.25	0.052952
128.288	0.062987
128.326	0.074877
128.364	0.081333
128.402	0.083658
128.44	0.088733
128.478	0.089728
128.516	0.08815
128.554	0.091099
128.592	0.090948
128.63	0.086875
128.668	0.081895
128.706	0.078451
128.744	0.074054
128.782	0.075034
128.82	0.073378
128.858	0.071326
128.896	0.069564
128.934	0.067916
128.972	0.065502
129.01	0.067017
129.048	0.067714
129.086	0.067736
129.124	0.063621
129.162	0.058789
129.2	0.056199
129.238	0.054169
129.276	0.053772
129.314	0.047886
129.352	0.043869
129.39	0.042998
129.428	0.040977
129.466	0.039233
129.504	0.035871
129.542	0.033264
129.58	0.027711
129.618	0.026556
129.656	0.024854
129.694	0.020481
129.732	0.021415
129.77	0.02551
129.808	0.024027
129.846	0.026246
129.884	0.01865
129.922	0.018883
129.96	0.016422
129.998	0.016965
130.036	0.018517
130.074	0.016591
130.112	0.014189
130.15	0.014045
130.188	0.015951
130.226	0.01512
130.264	0.009009
130.302	0.008502
130.34	0.007832
130.378	0.004624
130.416	0.007382
130.454	0.00455
130.492	0.004726
130.53	0.003513
130.568	0.003121
130.606	0.001871
130.644	0.000835
130.682	-0.000332
130.72	-0.002649
130.758	0.000238
130.796	-0.001864
130.834	-0.000152
130.872	0.000652
130.91	0.003721
130.948	0.004231
130.986	0.003002
131.024	-0.001456
131.062	-0.00095
131.1	0.00194
131.138	0.001755
131.176	0.006725
131.214	0.001116
131.252	-0.000551
131.29	-0.000371
131.328	-0.00569
131.366	-0.004528
131.404	-0.003734
131.442	-0.002935
131.48	-0.002012
131.518	-0.003328
131.556	-0.004094
131.594	-0.007982
131.632	-0.001446
131.67	0.001206
131.708	0.002613
131.746	0.006506
131.784	0.004251
131.822	0.003137
131.86	0.004813
131.898	0.006212
131.936	0.004419
131.974	0.000785
132.012	0.003896
132.05	0.001606
132.088	-0.001517
132.126	-0.001002
132.164	-0.002537
132.202	-0.001141
132.24	-0.001823
132.278	-0.004165
132.316	-0.001952
132.354	-0.00295
132.392	-0.003452
132.43	-0.002252
132.468	-0.002729
132.506	-0.002863
132.544	-0.001481
132.582	-0.000143
132.62	0.001471
132.658	0.003063
132.696	0.003157
132.734	0.005528
132.772	0.0075
132.81	0.007225
132.848	0.003917
132.886	0.005449
132.924	0.006666
132.962	0.004897
133	0.00517
133.038	0.005402
133.076	0.002821
133.114	0.002357
133.152	0.003958
133.19	0.003435
133.228	0.004307
133.266	0.004539
133.304	0.00319
133.342	0.003192
133.38	0.001848
133.418	0.003104
133.456	0.000453
133.494	0.002485
133.532	-0.003173
133.57	-0.001457
133.608	-0.003783
133.646	-0.003271
133.684	-0.004429
133.722	-0.005787
133.76	-0.007747
133.798	-0.003452
133.836	-0.002339
133.874	-0.004607
133.912	-0.007941
133.95	-0.004167
133.988	-0.002375
134.026	-0.002477
134.064	-0.005696
134.102	-0.002383
134.14	-0.003771
134.178	0.00323
134.216	0.012464
134.254	0.023484
134.292	0.035301
134.33	0.044984
134.368	0.053893
134.406	0.06551
134.444	0.074346
134.482	0.081619
134.52	0.080208
134.558	0.083467
134.596	0.08581
134.634	0.09025
134.672	0.095994
134.71	0.096914
134.748	0.09247
134.786	0.092969
134.824	0.093085
134.862	0.087601
134.9	0.085432
134.938	0.079919
134.976	0.079467
135.014	0.080101
135.052	0.08132
135.09	0.078111
135.128	0.073414
135.166	0.070838
135.204	0.066537
135.242	0.062424
135.28	0.061265
135.318	0.06069
135.356	0.061962
135.394	0.061404
135.432	0.056161
135.47	0.051638
135.508	0.047652
135.546	0.046349
135.584	0.050313
135.622	0.045515
135.66	0.04099
135.698	0.039174
135.736	0.03861
135.774	0.036467
135.812	0.034635
135.85	0.033932
135.888	0.03267
135.926	0.028642
135.964	0.02581
136.002	0.025584
136.04	0.021544
136.078	0.026913
136.116	0.025325
136.154	0.025134
136.192	0.02025
136.23	0.017455
136.268	0.01782
136.306	0.01719
136.344	0.017293
136.382	0.016822
136.42	0.017429
136.458	0.015694
136.496	0.016626
136.534	0.016653
136.572	0.01288
136.61	0.010631
136.648	0.010264
136.686	0.011892
136.724	0.01125
136.762	0.008727
136.8	0.010126
136.838	0.010461
136.876	0.010212
136.914	0.009849
136.952	0.009205
136.99	0.008078
137.028	0.00867
137.066	0.008142
137.104	0.008302
137.142	0.006421
137.18	0.006024
137.218	0.002193
137.256	0.001861
137.294	0.003679
137.332	0.004482
137.37	0.002332
137.408	-0.00027
137.446	0.001097
137.484	0.003951
137.522	0.005741
137.56	0.008761
137.598	0.007707
137.636	0.007381
137.674	0.010511
137.712	0.009551
137.75	0.007007
137.788	0.002965
137.826	0.002275
137.864	0.00138
137.902	0.003182
137.94	0.002383
137.978	0.003217
138.016	0.001619
138.054	0.002491
138.092	-0.003095
138.13	-0.00211
138.168	-0.001146
138.206	-0.002314
138.244	-0.003197
138.282	-0.002353
138.32	-0.002746
138.358	-0.002236
138.396	-0.004277
138.434	-0.004139
138.472	-0.001641
138.51	-0.003527
138.548	-0.002084
138.586	-0.003605
138.624	-0.003474
138.662	-0.005276
138.7	-0.002831
138.738	0.008106
138.776	0.017742
138.814	0.027791
138.852	0.036628
138.89	0.040975
138.928	0.051001
138.966	0.058324
139.004	0.063716
139.042	0.067636
139.08	0.0732
139.118	0.076016
139.156	0.079729
139.194	0.077834
139.232	0.076028
139.27	0.080149
139.308	0.082699
139.346	0.076911
139.384	0.075492
139.422	0.076195
139.46	0.070806
139.498	0.068658
139.536	0.062654
139.574	0.063109
139.612	0.063368
139.65	0.061473
139.688	0.056794
139.726	0.049999
139.764	0.049924
139.802	0.050431
139.84	0.048488
139.878	0.043457
139.916	0.043473
139.954	0.045984
139.992	0.042895
140.03	0.042213
140.068	0.038039
140.106	0.035897
140.144	0.033067
140.182	0.032411
140.22	0.032747
140.258	0.035707
140.296	0.04178
140.334	0.049243
140.372	0.054741
140.41	0.065782
140.448	0.073992
140.486	0.082601
140.524	0.089733
140.562	0.092901
140.6	0.099579
140.638	0.104864
140.676	0.104254
140.714	0.106245
140.752	0.106525
140.79	0.107134
140.828	0.105396
140.866	0.101588
140.904	0.102927
140.942	0.104101
140.98	0.101582
141.018	0.095197
141.056	0.094587
141.094	0.090594
141.132	0.088909
141.17	0.085521
141.208	0.080221
141.246	0.07596
141.284	0.075675
141.322	0.07488
141.36	0.076281
141.398	0.072554
141.436	0.067869
141.474	0.067032
141.512	0.064307
141.55	0.059075
141.588	0.054722
141.626	0.049081
141.664	0.047567
141.702	0.043745
141.74	0.03855
141.778	0.036757
141.816	0.032227
141.854	0.030895
141.892	0.029316
141.93	0.026743
141.968	0.024893
142.006	0.023401
142.044	0.018262
142.082	0.013084
142.12	0.012187
142.158	0.011332
142.196	0.008235
142.234	0.011231
142.272	0.008383
142.31	0.010973
142.348	0.012041
142.386	0.013759
142.424	0.005808
142.462	0.007188
142.5	0.005603
142.538	0.005125
142.576	0.003909
142.614	0.008101
142.652	0.004858
142.69	0.004436
142.728	0.008459
142.766	0.009909
142.804	0.005418
142.842	0.002586
142.88	-0.001264
142.918	0.00087
142.956	0.001998
142.994	-0.000466
143.032	-0.002211
143.07	-0.006371
143.108	-0.009691
143.146	-0.011264
143.184	-0.010896
143.222	-0.011943
143.26	-0.010895
143.298	-0.010081
143.336	-0.009518
143.374	-0.010771
143.412	-0.009948
143.45	-0.009757
143.488	-0.008605
143.526	-0.007526
143.564	-0.007872
143.602	-0.00977
143.64	-0.009678
143.678	-0.007566
143.716	-0.006817
143.754	-0.008067
143.792	-0.005461
143.83	-0.003131
143.868	0.00213
143.906	0.003245
143.944	0.005574
143.982	0.002703
144.02	0.003778
144.058	0.003032
144.096	0.002634
144.134	0.004204
144.172	0.006533
144.21	0.005571
144.248	0.002196
144.286	0.000985
144.324	0.003306
144.362	0.004386
144.4	0.003691
144.438	0.004445
144.476	0.003416
144.514	0.005575
144.552	0.004584
144.59	0.002417
144.628	-0.000912
144.666	-0.004207
144.704	-0.005914
144.742	-0.002568
144.78	-0.004998
144.818	-0.004551
144.856	-0.005027
144.894	-0.003577
144.932	-0.004835
144.97	-0.004906
145.008	-0.005304
145.046	-0.007287
145.084	-0.005094
145.122	-0.004807
145.16	0.001327
145.198	-0.001242
145.236	-0.00222
145.274	-0.003189
145.312	-0.00041
145.35	0.000291
145.388	0.000832
145.426	0.001117
145.464	0.000376
145.502	0.00178
145.54	0.00134
145.578	0.001244
145.616	0.000433
145.654	0.001781
145.692	-0.002024
145.73	-0.00416
145.768	-0.003473
145.806	-0.00514
145.844	-0.005632
145.882	-0.003147
145.92	-0.000763
145.958	-0.000587
145.996	-0.002117
146.034	-0.001805
146.072	-0.003722
146.11	0.000397
146.148	-0.002063
146.186	-0.000895
146.224	0.004652
146.262	0.001057
146.3	-0.001909
146.338	0.00591
146.376	0.010956
146.414	0.0179
146.452	0.024724
146.49	0.036267
146.528	0.045396
146.566	0.055408
146.604	0.058886
146.642	0.067723
146.68	0.076737
146.718	0.082584
146.756	0.084803
146.794	0.085457
146.832	0.083249
146.87	0.083995
146.908	0.080987
146.946	0.080944
146.984	0.080102
147.022	0.083795
147.06	0.077273
147.098	0.075386
147.136	0.072638
147.174	0.070055
147.212	0.068922
147.25	0.063604
147.288	0.065345
147.326	0.06278
147.364	0.06204
147.402	0.056544
147.44	0.054877
147.478	0.054379
147.516	0.056978
147.554	0.051927
147.592	0.051005
147.63	0.049306
147.668	0.04552
147.706	0.04477
147.744	0.047159
147.782	0.04024
147.82	0.036959
147.858	0.037565
147.896	0.036565
147.934	0.033107
147.972	0.032628
148.01	0.030354
148.048	0.028535
148.086	0.029225
148.124	0.026912
148.162	0.025189
148.2	0.024516
148.238	0.02164
148.276	0.019574
148.314	0.015548
148.352	0.020924
148.39	0.018486
148.428	0.019037
148.466	0.016111
148.504	0.013499
148.542	0.016416
148.58	0.019082
148.618	0.015962
148.656	0.014073
148.694	0.011441
148.732	0.013525
148.77	0.015755
148.808	0.019106
148.846	0.021004
148.884	0.017311
148.922	0.013375
148.96	0.009868
148.998	0.00607
149.036	0.00491
149.074	0.002173
149.112	0.000698
149.15	0.0004
149.188	-0.000422
149.226	-0.002048
149.264	-0.000018
149.302	-0.00091
149.34	0.001852
149.378	0.002444
149.416	0.004307
149.454	0.007035
149.492	0.00359
149.53	0.006686
149.568	0.007303
149.606	0.010124
149.644	0.009265
149.682	0.011994
149.72	0.007614
149.758	0.00699
149.796	0.00365
149.834	-0.000807
149.872	-0.000745
149.91	-0.001692
149.948	-0.000207
149.986	-0.002336
150.024	-0.000879
150.062	-0.002519
150.1	-0.001586
150.138	-0.001406
150.176	0.000032
150.214	-0.001944
150.252	-0.002797
150.29	-0.005542
150.328	-0.005148
150.366	-0.003914
150.404	-0.005121
150.442	-0.004332
150.48	-0.003211
150.518	-0.005899
150.556	-0.004017
150.594	-0.002308
150.632	-0.003756
150.67	-0.006757
150.708	-0.00545
150.746	-0.00145
150.784	0.000127
150.822	0.001329
150.86	0.005683
150.898	0.000511
150.936	-0.000665
150.974	-0.00281
151.012	-0.006197
151.05	-0.006023
151.088	-0.006676
151.126	-0.005622
151.164	-0.004415
151.202	-0.006727
151.24	-0.004706
151.278	-0.001368
151.316	-0.000022
151.354	-0.002281
151.392	-0.001228
151.43	-0.003669
151.468	-0.002263
151.506	0.002265
151.544	-0.002784
151.582	-0.001146
151.62	-0.001281
151.658	-0.00074
151.696	-0.005445
151.734	-0.004718
151.772	-0.002456
151.81	-0.002773
151.848	-0.001444
151.886	-0.000387
151.924	0.000692
151.962	0.00217
152	0.000694
152.038	-0.000513
152.076	0.001088
152.114	0.000848
152.152	0.003568
152.19	0.001475
152.228	0.002657
152.266	0.00586
152.304	0.014773
152.342	0.02368
152.38	0.033847
152.418	0.044989
152.456	0.056184
152.494	0.066792
152.532	0.074637
152.57	0.080639
152.608	0.084226
152.646	0.086446
152.684	0.090316
152.722	0.091569
152.76	0.095204
152.798	0.098034
152.836	0.094885
152.874	0.095193
152.912	0.091408
152.95	0.089609
152.988	0.087051
153.026	0.085191
153.064	0.083719
153.102	0.079788
153.14	0.081719
153.178	0.080796
153.216	0.081302
153.254	0.077805
153.292	0.07188
153.33	0.069821
153.368	0.066478
153.406	0.066873
153.444	0.070049
153.482	0.063328
153.52	0.060358
153.558	0.059355
153.596	0.0584
153.634	0.06109
153.672	0.062499
153.71	0.059938
153.748	0.056366
153.786	0.050568
153.824	0.045198
153.862	0.043977
153.9	0.043351
153.938	0.045806
153.976	0.044111
154.014	0.04271
154.052	0.042055
154.09	0.040313
154.128	0.036407
154.166	0.033303
154.204	0.032755
154.242	0.030027
154.28	0.031245
154.318	0.024664
154.356	0.024274
154.394	0.02154
154.432	0.020658
154.47	0.017012
154.508	0.020751
154.546	0.018909
154.584	0.015544
154.622	0.011106
154.66	0.00768
154.698	0.009577
154.736	0.009054
154.774	0.005766
154.812	0.005816
154.85	0.005343
154.888	0.00267
154.926	0.002098
154.964	0.000928
155.002	0.001852
155.04	0.001287
155.078	-0.000257
155.116	0.001369
155.154	0.001639
155.192	0.00281
155.23	0.002701
155.268	0.002106
155.306	0.001927
155.344	0.005189
155.382	0.00751
155.42	0.00431
155.458	0.002545
155.496	0.000639
155.534	0.003166
155.572	0.005448
155.61	0.004052
155.648	0.003842
155.686	0.00733
155.724	0.008006
155.762	0.005468
155.8	0.002735
155.838	0.000091
155.876	0.001629
155.914	0.000942
155.952	0.002902
155.99	0.006862
156.028	0.009064
156.066	0.009561
156.104	0.009908
156.142	0.007416
156.18	0.005793
156.218	0.006282
156.256	0.00776
156.294	0.005253
156.332	0.008675
156.37	0.007845
156.408	0.00564
156.446	0.003938
156.484	0.005941
156.522	0.006273
156.56	0.005534
156.598	0.004607
156.636	0.002007
156.674	0.000424
156.712	0.000817
156.75	-0.00069
156.788	0.005328
156.826	0.002857
156.864	0.003341
156.902	0.003114
156.94	0.005523
156.978	0.00506
157.016	0.003546
157.054	0.002491
157.092	0.000739
157.13	0.001441
157.168	-0.005299
157.206	-0.005378
157.244	-0.000887
157.282	-0.001901
157.32	-0.003685
157.358	-0.000227
157.396	-0.001782
157.434	0.003762
157.472	0.002353
157.51	0.002201
157.548	0.002206
157.586	0.004048
157.624	0.004755
157.662	0.005912
157.7	0.006685
157.738	0.006
157.776	0.001643
157.814	0.003919
157.852	0.002393
157.89	0.004675
157.928	0.005553
157.966	0.010078
158.004	0.009529
158.042	0.008886
158.08	0.009115
158.118	0.009878
158.156	0.010005
158.194	0.004737
158.232	0.004362
158.27	0.006834
158.308	0.005344
158.346	0.006198
158.384	0.002733
158.422	0.006
158.46	0.010541
158.498	0.007788
158.536	0.011457
158.574	0.019555
158.612	0.031765
158.65	0.040107
158.688	0.050684
158.726	0.057671
158.764	0.067887
158.802	0.075209
158.84	0.080324
158.878	0.08589
158.916	0.090564
158.954	0.094435
158.992	0.096756
159.03	0.104434
159.068	0.105924
159.106	0.104123
159.144	0.103327
159.182	0.102985
159.22	0.107257
159.258	0.108455
159.296	0.107297
159.334	0.102988
159.372	0.097587
159.41	0.095516
159.448	0.093171
159.486	0.089521
159.524	0.087197
159.562	0.083312
159.6	0.08155
159.638	0.084075
159.676	0.076742
159.714	0.074973
159.752	0.07414
159.79	0.07073
159.828	0.0705
159.866	0.069047
159.904	0.062783
159.942	0.062973
159.98	0.063259
160.018	0.056973
160.056	0.055113
160.094	0.055656
160.132	0.052871
160.17	0.050876
160.208	0.050544
160.246	0.049625
160.284	0.04367
160.322	0.043915
160.36	0.040571
160.398	0.03539
160.436	0.02989
160.474	0.031649
160.512	0.030247
160.55	0.02931
160.588	0.031471
160.626	0.028428
160.664	0.025312
160.702	0.025922
160.74	0.021665
160.778	0.021962
160.816	0.020922
160.854	0.021109
160.892	0.022061
160.93	0.020805
160.968	0.018357
161.006	0.019966
161.044	0.021657
161.082	0.020448
161.12	0.01626
161.158	0.01736
161.196	0.016972
161.234	0.016592
161.272	0.012438
161.31	0.013666
161.348	0.010352
161.386	0.006811
161.424	0.007882
161.462	0.008931
161.5	0.008209
161.538	0.004331
161.576	0.006707
161.614	0.005208
161.652	0.004655
161.69	0.00232
161.728	0.004604
161.766	0.000716
161.804	0.002849
161.842	-0.002803
161.88	-0.001561
161.918	0.001862
161.956	0.001177
161.994	-0.002023
162.032	-0.003213
162.07	-0.001606
162.108	0.002889
162.146	-0.00067
162.184	-0.001332
162.222	0.00141
162.26	0.00225
162.298	0.000632
162.336	0.000504
162.374	-0.003807
162.412	-0.002449
162.45	-0.004517
162.488	-0.004312
162.526	-0.003549
162.564	-0.00018
162.602	0.000558
162.64	0.00007
162.678	0.000392
162.716	0.000754
162.754	-0.003332
162.792	-0.007128
162.83	-0.00696
162.868	-0.005721
162.906	-0.005426
162.944	-0.006228
162.982	-0.004973
163.02	-0.006123
163.058	-0.004833
163.096	-0.005694
163.134	-0.005053
163.172	-0.000828
163.21	0.003077
163.248	0.000773
163.286	0.000724
163.324	-0.000557
163.362	-0.00166
163.4	-0.00388
163.438	-0.003166
163.476	-0.001227
163.514	-0.000042
163.552	0.000768
163.59	0.002531
163.628	0.003821
163.666	-0.000095
163.704	-0.002689
163.742	0.00018
163.78	-0.002684
163.818	-0.002952
163.856	-0.001197
163.894	0.001981
163.932	0.000887
163.97	-0.003867
164.008	-0.00038
164.046	-0.001661
164.084	-0.000492
164.122	0.00062
164.16	-0.001612
164.198	0.001245
164.236	0.002866
164.274	-0.001862
164.312	-0.003418
164.35	0.00044
164.388	-0.003136
164.426	-0.00399
164.464	-0.00475
164.502	-0.002516
164.54	-0.000908
164.578	-0.002418
164.616	0.004967
164.654	0.013183
164.692	0.01968
164.73	0.023803
164.768	0.031794
164.806	0.039305
164.844	0.04896
164.882	0.052523
164.92	0.058146
164.958	0.060463
164.996	0.064925
165.034	0.06482
165.072	0.068868
165.11	0.071336
165.148	0.071672
165.186	0.072654
165.224	0.072587
165.262	0.068476
165.3	0.068184
165.338	0.067949
165.376	0.06668
165.414	0.06462
165.452	0.063933
165.49	0.061909
165.528	0.062651
165.566	0.059205
165.604	0.05496
165.642	0.055638
165.68	0.053285
165.718	0.049876
165.756	0.053216
165.794	0.052557
165.832	0.048144
165.87	0.045697
165.908	0.047863
165.946	0.044583
165.984	0.043201
166.022	0.040789
166.06	0.038477
166.098	0.037202
166.136	0.039385
166.174	0.035291
166.212	0.040731
166.25	0.041171
166.288	0.037599
166.326	0.033184
166.364	0.030928
166.402	0.031918
166.44	0.029692
166.478	0.023915
166.516	0.020592
166.554	0.020955
166.592	0.020175
166.63	0.018643
166.668	0.018836
166.706	0.018552
166.744	0.016096
166.782	0.015905
166.82	0.013016
166.858	0.01069
166.896	0.011367
166.934	0.01028
166.972	0.007095
167.01	0.010299
167.048	0.01035
167.086	0.012106
167.124	0.010259
167.162	0.006376
167.2	0.007476
167.238	0.009081
167.276	0.005446
167.314	0.007114
167.352	0.008473
167.39	0.006544
167.428	0.007801
167.466	0.005424
167.504	0.002322
167.542	0.002558
167.58	0.003274
167.618	0.000577
167.656	-0.001325
167.694	-0.00028
167.732	-0.004548
167.77	-0.005654
167.808	-0.006049
167.846	-0.005223
167.884	-0.004399
167.922	-0.004087
167.96	-0.00261
167.998	-0.000867
168.036	0.003445
168.074	0.001879
168.112	0.001415
168.15	0.002566
168.188	0.003719
168.226	0.003029
168.264	0.004443
168.302	0.008237
168.34	0.008284
168.378	0.004665
168.416	0.002537
168.454	-0.00052
168.492	-0.003766
168.53	-0.009523
168.568	-0.010351
168.606	-0.011487
168.644	-0.011595
168.682	-0.010466
168.72	-0.011747
168.758	-0.011134
168.796	-0.009341
168.834	-0.013468
168.872	-0.010872
168.91	-0.008272
168.948	-0.010851
168.986	-0.010173
169.024	-0.006161
169.062	-0.008412
169.1	-0.008235
169.138	-0.00496
169.176	-0.003927
169.214	-0.001609
169.252	-0.00554
169.29	-0.002849
169.328	-0.003654
169.366	-0.003317
169.404	0.000984
169.442	0.007348
169.48	0.00816
169.518	0.00765
169.556	0.00418
169.594	0.004363
169.632	0.007312
169.67	0.0022
169.708	0.005326
169.746	0.010195
169.784	0.012265
169.822	0.014069
169.86	0.013339
169.898	0.009607
169.936	0.008407
169.974	0.010721
170.012	0.012855
170.05	0.006274
170.088	0.007541
170.126	0.008417
170.164	0.010322
170.202	0.012629
170.24	0.012947
170.278	0.011423
170.316	0.013916
170.354	0.009812
170.392	0.013324
170.43	0.011026
170.468	0.008623
170.506	0.009869
170.544	0.010014
170.582	0.008921
170.62	0.013767
170.658	0.013793
170.696	0.017117
170.734	0.024328
170.772	0.034954
170.81	0.043829
170.848	0.053576
170.886	0.05927
170.924	0.069801
170.962	0.078596
171	0.082857
171.038	0.087747
171.076	0.09529
171.114	0.098577
171.152	0.097758
171.19	0.103282
171.228	0.103413
171.266	0.106044
171.304	0.104875
171.342	0.105785
171.38	0.105575
171.418	0.106764
171.456	0.100593
171.494	0.09897
171.532	0.095309
171.57	0.091123
171.608	0.08708
171.646	0.084447
171.684	0.080916
171.722	0.077158
171.76	0.07392
171.798	0.069885
171.836	0.068926
171.874	0.065087
171.912	0.06422
171.95	0.062969
171.988	0.064816
172.026	0.061359
172.064	0.056278
172.102	0.05596
172.14	0.055203
172.178	0.051307
172.216	0.04913
172.254	0.04548
172.292	0.043119
172.33	0.040991
172.368	0.037507
172.406	0.032638
172.444	0.033891
172.482	0.031016
172.52	0.030448
172.558	0.024012
172.596	0.023265
172.634	0.025558
172.672	0.023238
172.71	0.023007
172.748	0.021043
172.786	0.021879
172.824	0.021379
172.862	0.021184
172.9	0.015279
172.938	0.01273
172.976	0.010652
173.014	0.012234
173.052	0.013194
173.09	0.016138
173.128	0.017268
173.166	0.018433
173.204	0.018537
173.242	0.018279
173.28	0.021421
173.318	0.022445
173.356	0.019474
173.394	0.017985
173.432	0.017826
173.47	0.014102
173.508	0.011015
173.546	0.011848
173.584	0.01159
173.622	0.01018
173.66	0.010192
173.698	0.00833
173.736	0.005305
173.774	0.007896
173.812	0.006966
173.85	0.005804
173.888	0.005403
173.926	0.005191
173.964	0.003862
174.002	0.002383
174.04	-0.001006
174.078	-0.001256
174.116	-0.001714
174.154	0.002443
174.192	0.000977
174.23	0.002964
174.268	0.001111
174.306	-0.000477
174.344	-0.004273
174.382	-0.001215
174.42	-0.001674
174.458	0.001528
174.496	-0.000344
174.534	-0.00029
174.572	-0.002726
174.61	-0.000394
174.648	-0.000562
174.686	-0.00012
174.724	-0.001405
174.762	0.000282
174.8	0.00143
174.838	-0.002336
174.876	0.001064
174.914	-0.002115
174.952	0.001457
174.99	0.001676
175.028	0.004677
175.066	0.002312
175.104	0.000937
175.142	0.000124
175.18	-0.000095
175.218	-0.004551
175.256	-0.004402
175.294	-0.002928
175.332	-0.002853
175.37	0.001816
175.408	0.001212
175.446	0.006727
175.484	0.006951
175.522	0.008037
175.56	0.009131
175.598	0.008253
175.636	0.006699
175.674	0.006312
175.712	0.004142
175.75	0.004776
175.788	0.005304
175.826	0.005619
175.864	0.006712
175.902	0.006151
175.94	0.004667
175.978	-0.00033
176.016	0.001096
176.054	0.003046
176.092	0.003389
176.13	0.001965
176.168	-0.0006
176.206	0.002231
176.244	-0.000762
176.282	-0.001792
176.32	0.000153
176.358	-0.000561
176.396	-0.002967
176.434	-0.005753
176.472	-0.007507
176.51	-0.007195
176.548	-0.009462
176.586	-0.008807
176.624	-0.010216
176.662	-0.010646
176.7	-0.009881
176.738	-0.007487
176.776	-0.001497
176.814	0.004904
176.852	0.012671
176.89	0.019645
176.928	0.024355
176.966	0.030527
177.004	0.038616
177.042	0.046044
177.08	0.052924
177.118	0.058968
177.156	0.063608
177.194	0.066891
177.232	0.073166
177.27	0.07581
177.308	0.079497
177.346	0.080445
177.384	0.078547
177.422	0.077828
177.46	0.075513
177.498	0.074834
177.536	0.075892
177.574	0.072025
177.612	0.067548
177.65	0.066812
177.688	0.064801
177.726	0.063728
177.764	0.060856
177.802	0.057395
177.84	0.055247
177.878	0.052642
177.916	0.04882
177.954	0.048111
177.992	0.049721
178.03	0.047908
178.068	0.043776
178.106	0.044482
178.144	0.041793
178.182	0.042598
178.22	0.045075
178.258	0.041467
178.296	0.03823
178.334	0.03665
178.372	0.034575
178.41	0.031447
178.448	0.031116
178.486	0.027822
178.524	0.026579
178.562	0.026393
178.6	0.024117
178.638	0.023783
178.676	0.02744
178.714	0.029121
178.752	0.025364
178.79	0.022449
178.828	0.022809
178.866	0.026202
178.904	0.019676
178.942	0.020331
178.98	0.019202
179.018	0.015951
179.056	0.013327
179.094	0.016955
179.132	0.018737
179.17	0.020216
179.208	0.020092
179.246	0.017607
179.284	0.016066
179.322	0.012732
179.36	0.011387
179.398	0.008793
179.436	0.009538
179.474	0.010336
179.512	0.008714
179.55	0.011184
179.588	0.01137
179.626	0.012249
179.664	0.011452
179.702	0.00914
179.74	0.008988
179.778	0.007085
179.816	0.010999
179.854	0.010283
179.892	0.013638
179.93	0.007709
179.968	0.004437
180.006	0.004909
180.044	0.002124
180.082	0.002232
180.12	0.004737
180.158	0.004291
180.196	0.002953
180.234	0.002099
180.272	0.005053
180.31	0.008012
180.348	0.008092
180.386	0.0045
180.424	0.001337
180.462	0.002375
180.5	-0.000358
180.538	-0.003326
180.576	-0.002443
180.614	0.00092
180.652	0.001267
180.69	-0.002741
180.728	-0.001816
180.766	0.000755
180.804	0.003788
180.842	0.002134
180.88	-0.000897
180.918	-0.000449
180.956	0.000378
180.994	0.002288
181.032	0.001176
181.07	0.0018
181.108	0.002132
181.146	0.005428
181.184	0.006556
181.222	0.008974
181.26	0.00674
181.298	0.005217
181.336	0.002868
181.374	0.000933
181.412	0.001782
181.45	-0.001802
181.488	-0.001984
181.526	0.000473
181.564	-0.001958
181.602	-0.00413
181.64	-0.00532
181.678	-0.007432
181.716	-0.006
181.754	-0.005493
181.792	-0.006654
181.83	-0.008813
181.868	-0.009803
181.906	-0.004485
181.944	-0.00057
181.982	0.000763
182.02	0.000922
182.058	0.002686
182.096	0.00391
182.134	0.001721
182.172	-0.001488
182.21	-0.001295
182.248	0.001783
182.286	0.001773
182.324	0.001329
182.362	-0.000249
182.4	-0.002895
182.438	-0.002943
182.476	-0.002517
182.514	-0.001572
182.552	0.001931
182.59	0.00201
182.628	0.000666
182.666	0.000986
182.704	0.004484
182.742	0.004618
182.78	0.009257
182.818	0.004206
182.856	0.010354
182.894	0.017711
182.932	0.024653
182.97	0.030601
183.008	0.040246
183.046	0.050242
183.084	0.059237
183.122	0.064309
183.16	0.069739
183.198	0.07263
183.236	0.07516
183.274	0.079781
183.312	0.080064
183.35	0.082046
183.388	0.083244
183.426	0.087014
183.464	0.09079
183.502	0.092826
183.54	0.089608
183.578	0.087209
183.616	0.087679
183.654	0.089687
183.692	0.088642
183.73	0.08423
183.768	0.081874
183.806	0.078246
183.844	0.07118
183.882	0.074953
183.92	0.07072
183.958	0.072255
183.996	0.067844
184.034	0.066005
184.072	0.063389
184.11	0.065099
184.148	0.064516
184.186	0.058999
184.224	0.058565
184.262	0.061891
184.3	0.057542
184.338	0.053361
184.376	0.051389
184.414	0.047755
184.452	0.046556
184.49	0.044015
184.528	0.044947
184.566	0.045333
184.604	0.046816
184.642	0.04462
184.68	0.043704
