1	28.971
2	29.706
3	30.765
4	30.029
5	29.824
6	29.5
7	33
8	32.588
9	34.441
10	35.441
11	35.324
12	37.765
13	38.294
14	36.971
15	38.618
16	38.206
17	40.147
18	39.265
19	40.353
20	38.471
21	38.794
22	39.676
23	40.294
24	40.235
25	39.471
26	39.765
27	38.882
28	38.706
29	39.618
30	38.676
31	38.559
32	36.676
33	38.353
34	37.353
35	37.5
36	38.059
37	36.941
38	36.912
39	38.647
40	36.206
41	36
42	36.765
43	36.088
44	36.588
45	36.5
46	35.588
47	36
48	35.235
49	35.647
50	34.882
51	36.382
52	35.412
53	35.441
54	34.912
55	34.647
56	35
57	36.176
58	35.794
59	35.206
60	33.853
61	34.676
62	35.206
63	32.147
64	33.147
65	32.853
66	32.147
67	32.029
68	32.618
69	32.941
70	33.029
71	32.971
72	32.294
73	32.206
74	32.529
75	31.853
76	31.971
77	31.765
78	33.176
79	33.971
80	33.853
81	32.324
82	31.088
83	32.118
84	32.735
85	31.735
86	30.853
87	31.941
88	31.088
89	33.676
90	33.088
91	31.118
92	31
93	31.265
94	30.706
95	32.059
96	31.647
97	33.824
98	31.971
99	31.735
100	31.647
101	31.765
102	31.765
103	32.5
104	31.029
105	31.235
106	31.471
107	31.324
108	29.971
109	30.971
110	31.471
111	31.676
112	30.235
113	32.029
114	30.206
115	30.471
116	30.912
117	30.794
118	31.559
119	28.853
120	30.882
121	29.206
122	29.794
123	30.206
124	31.765
125	30.618
126	30.941
127	31.088
128	31.559
129	29.941
130	29.588
131	31.794
132	30.118
133	31.235
134	30.971
135	30.706
136	30.471
137	30.882
138	30.706
139	31.265
140	31.147
141	30.588
142	29.765
143	30.647
144	31
145	31.706
146	29.941
147	31.412
148	31.147
149	30.206
150	29.706
151	31.794
152	29.176
153	29.676
154	30.353
155	30.706
156	30.765
157	30.265
158	30.676
159	30.176
160	29.647
161	30.647
162	31.529
163	30.147
164	30.412
165	29.294
166	30.971
167	29.853
168	30.882
169	29.735
170	30.912
171	30.059
172	31.206
173	31.882
174	30.265
175	30.559
176	30.382
177	31.588
178	30.147
179	30.912
180	29.471
181	30.912
182	29.765
183	31.353
184	30.559
185	31.853
186	32.912
187	33.824
188	34.324
189	35.559
190	35.647
191	36.794
192	38.324
193	37.765
194	40.618
195	38.294
196	39
197	37.912
198	39.412
199	39.353
200	39.235
201	40.294
202	39.029
203	37.912
204	38.029
205	38.294
206	38.441
207	39.882
208	38.882
209	37.588
210	40.853
211	38.912
212	36.794
213	38.912
214	37.735
215	37.853
216	38.676
217	36.353
218	36.088
219	36
220	36.912
221	35.176
222	36.559
223	36.5
224	35.853
225	36.5
226	36.441
227	35.441
228	35.735
229	35.765
230	33.941
231	35.5
232	35.088
233	35.912
234	34.294
235	34.294
236	34.118
237	34.353
238	33.118
239	34.412
240	32.706
241	33.853
242	33.471
243	34.324
244	33.529
245	33.324
246	33.235
247	33.412
248	33.441
249	33.941
250	34.5
251	34.412
252	33.706
253	33.676
254	34.529
255	33.235
256	34.765
257	33.706
258	33.206
259	32.088
260	32.5
261	32.765
262	32.676
263	32.5
264	31.382
265	33.588
266	31.971
267	33.147
268	32.647
269	33.324
270	32.824
271	33.147
272	31.706
273	31.382
274	30.029
275	32.794
276	32.147
277	33.118
278	31.059
279	32.441
280	31.294
281	32.676
282	32.147
283	30.735
284	31.5
285	31.441
286	30.441
287	30.971
288	32.529
289	31.735
290	30.706
291	31.912
292	31.853
293	31.882
294	30.941
295	32.059
296	31.235
297	30.824
298	31.853
299	31.412
300	31.471
301	31.176
302	31.118
303	31.118
304	31.5
305	30.294
306	30.912
307	32.029
308	31.265
309	31.441
310	31.206
311	31.265
312	31.265
313	31.176
314	31.206
315	31.382
316	30.147
317	30.676
318	31.441
319	30.618
320	30.294
321	30.441
322	31.5
323	29.235
324	30.941
325	30.441
326	31.824
327	30.324
328	31.441
329	30.676
330	31.294
331	31.206
332	32.353
333	29.765
334	30.147
335	30.118
336	30.147
337	29.176
338	30.471
339	29.059
340	30.676
341	31.471
342	30.235
343	29.176
344	30.412
345	30.324
346	30.912
347	30.706
348	30.147
349	30.588
350	31.294
351	30.941
352	30.176
353	29.941
354	29.559
355	30.971
356	29.941
357	30.559
358	29.676
359	29.588
360	30.235
361	29.676
362	29.176
363	29.618
364	31.265
365	31.412
366	29.735
367	30.676
368	29.382
369	30.618
370	30.529
371	31.441
372	29.559
373	31
374	30.706
375	30.676
376	29.441
377	31
378	30.676
379	29.294
380	28.912
381	30.382
382	30.765
383	30.971
384	29.647
385	30
386	30.206
387	29.618
388	29.118
389	29.824
390	30.147
391	29.941
392	28.735
393	30.294
394	29.971
395	29.706
396	28.471
397	30.735
398	30.735
399	30.735
400	29.794
401	29.735
402	29.441
403	30.971
404	31.382
405	30.618
406	29.147
407	29.912
408	30.735
409	29.676
410	30.324
411	30.5
412	29.088
413	30.235
414	31.529
415	30.529
416	30.088
417	30.941
418	29.118
419	28.941
420	28.912
421	30.294
422	28.941
423	29.735
424	30.441
425	28.941
426	30.618
427	28.735
428	29.559
429	29.735
430	30.265
431	30.941
432	30.588
433	30.265
434	28.735
435	30.5
436	30
437	28.265
438	29.235
439	30.471
440	29.735
441	28.941
442	30.029
443	29.559
444	29.971
445	29.265
446	29.941
447	29.559
448	29.971
449	29.147
450	29.353
451	29.529
452	29.912
453	29.441
454	29.235
455	28.941
456	29.088
457	28.941
458	28.088
459	29.206
460	29.5
461	28.853
462	29.206
463	30.059
464	29.529
465	29.176
466	30.765
467	29.471
468	29.471
469	30.176
470	28.735
471	28.912
472	28.588
473	29
474	30.265
475	30.824
476	28.824
477	30.324
478	29.647
479	30.676
480	30.059
481	29.794
482	29.088
483	30.176
484	29.824
485	28.912
486	30.353
487	30.471
488	29.029
489	28.941
490	30.912
491	28.794
492	29.206
493	28.559
494	28.941
495	29.588
496	30.412
497	28.529
498	30.765
499	30.706
500	30
501	28.265
502	29.265
503	28.353
504	30.824
505	28.882
506	30.824
507	29.765
508	29.382
509	29.676
510	29.088
511	29.118
512	30.559
513	29.941
514	30.618
515	28.882
516	29.647
517	28.235
518	29.735
519	29.206
520	29.529
521	28.941
522	29.206
523	28.853
524	29.147
525	28.971
526	28.471
527	27.824
528	30.059
529	29.971
530	29.735
531	29.412
532	29.735
533	29.206
534	29.176
535	28.735
536	29.529
537	29.235
538	30.265
539	30.471
540	30.441
541	28.529
542	28.618
543	30.176
544	29.735
545	29.294
546	29.382
547	29.853
548	29.235
549	29.382
550	29.941
551	28.912
552	29.941
553	29.088
554	28.971
555	29.971
556	28.882
557	30
558	27.971
559	28.912
560	28.118
561	29.618
562	29.029
563	27.824
564	29.5
565	30.324
566	30.794
567	31
568	28.647
569	29.441
570	30.059
571	30.441
572	29.765
573	27.735
574	29.853
575	29.647
576	28.618
577	29.765
578	30.412
579	29.559
580	29.971
581	30.529
582	29.118
583	29.412
584	29.882
585	29.382
586	29.324
587	29.294
588	29.471
589	30.441
590	28.912
591	27.706
592	30.441
593	30.706
594	29.706
595	31.147
596	31
597	29.912
598	29.265
599	29.618
600	30.353
601	31.088
602	29.794
603	29.059
604	30.176
605	29.412
606	29.676
607	28.5
608	30.059
609	30.059
610	29.206
611	30.176
612	29.529
613	31.294
614	29.382
615	30.941
616	28.824
617	30.059
618	29.882
619	30.471
620	30.324
621	29.412
622	29.176
623	29.794
624	30.441
625	32.441
626	32.853
627	34.559
628	36.118
629	35.706
630	36.235
631	38.559
632	37.971
633	37.559
634	38.735
635	37.176
636	37.735
637	37.294
638	38.618
639	37.706
640	38.971
641	38.235
642	38.059
643	37.824
644	37.559
645	38.882
646	37.882
647	38.706
648	36.588
649	37.471
650	38
651	36.588
652	36.676
653	35.794
654	37.5
655	38.059
656	36.382
657	35.529
658	35.588
659	36.118
660	37.353
661	34.941
662	34.529
663	34.029
664	36.235
665	36.794
666	33.971
667	35.235
668	34.647
669	32.735
670	35.529
671	34.559
672	34.147
673	34.294
674	33.853
675	33.735
676	33.971
677	34.147
678	32.147
679	34.176
680	33.441
681	32.382
682	32.971
683	32.882
684	32.588
685	32.235
686	32.059
687	32.941
688	33.265
689	32.176
690	32.324
691	33.324
692	33.882
693	32.382
694	33.059
695	31.059
696	31.5
697	31.441
698	32.824
699	31.765
700	31.559
701	31.441
702	29.971
703	30.618
704	31
705	31.029
706	30.765
707	30.794
708	30.412
709	31.382
710	32.147
711	30.294
712	30.765
713	31.059
714	31.882
715	30.912
716	31.088
717	31.647
718	31.265
719	29.588
720	30.471
721	31.206
722	31.941
723	31.353
724	31.912
725	30.853
726	30.529
727	30.412
728	31.853
729	31.147
730	29.206
731	30.441
732	30.382
733	31.206
734	29.618
735	30.147
736	31.235
737	30.059
738	29.353
739	30.676
740	29.618
741	30.971
742	30.471
743	30.147
744	29.618
745	30.676
746	30.059
747	29.412
748	29.618
749	29.559
750	30.059
751	30.147
752	30.294
753	30.235
754	30.618
755	29.882
756	30.824
757	30.118
758	29.088
759	29.971
760	29.324
761	29.882
762	30.088
763	29.882
764	31.353
765	29.735
766	28.265
767	29.471
768	30.088
769	29.941
770	29.559
771	28.912
772	28.706
773	29.529
774	30.176
775	29.265
776	30.471
777	30.324
778	30.294
779	30.176
780	29.794
781	30.853
782	30.5
783	29.265
784	30.382
785	30.059
786	30.206
787	31.176
788	30.588
789	29.882
790	29.735
791	29.765
792	29.882
793	28.647
794	30.824
795	28.765
796	30.353
797	30.382
798	29.265
799	29.706
800	30.382
801	30.529
802	29.824
803	30.559
804	28.588
805	29.941
806	29.971
807	30.324
808	29.912
809	29.529
810	30.088
811	29.853
812	30.5
813	30.029
814	30.324
815	29.059
816	29.882
817	31.971
818	29.794
819	28.735
820	30.029
821	30.471
822	30.559
823	29.794
824	30.029
825	30.382
826	29.971
827	30.441
828	30.853
829	30.353
830	28.882
831	30.853
832	28.618
833	30.765
834	29.882
835	28.559
836	29.971
837	29.412
838	29.794
839	28.941
840	29.559
841	29.618
842	28.882
843	29.147
844	29.676
845	30.382
846	29.118
847	29.529
848	30.088
849	29.882
850	27.088
851	29.824
852	30.794
853	29
854	28.971
855	28.824
856	28.324
857	30
858	29.882
859	29.853
860	28.618
861	28.735
862	29.294
863	29.265
864	29
865	30.559
866	30.147
867	30.559
868	30.706
869	30.529
870	28.618
871	29.176
872	29.206
873	29.412
874	28.765
875	28.971
876	29.059
877	29.118
878	29.029
879	30.647
880	28.824
881	29.029
882	28.088
883	30.176
884	29.324
885	28.824
886	29.735
887	31.382
888	28.912
889	30.588
890	29.735
891	29.794
892	29.412
893	29.853
894	28.735
895	30.324
896	28.765
897	30.5
898	29.206
899	28.265
900	29.088
901	28.5
902	28.824
903	29.941
904	28.941
905	29.265
906	28.853
907	29.5
908	29.735
909	28.588
910	30
911	28.941
912	29.882
913	29.059
914	29.676
915	28.5
916	29.294
917	30.559
918	29.176
919	28.853
920	29.676
921	29.912
922	30.147
923	30.324
924	29.559
925	29
926	27.971
927	28.647
928	30.176
929	30.618
930	28.206
931	30.382
932	29.529
933	28.824
934	29.088
935	28.647
936	28.618
937	29.647
938	28.647
939	29.147
940	28.294
941	28.882
942	28.588
943	28.882
944	29.471
945	29.382
946	29.235
947	30.471
948	29.412
949	29.5
950	29.794
951	31.029
952	29.059
953	29.706
954	29.412
955	28.382
956	29.088
957	29.118
958	30.559
959	28.206
960	29.324
961	29.882
962	29.206
963	29.176
964	30.324
965	28.441
966	29.471
967	29.941
968	29.618
969	29.588
970	29.5
971	28.529
972	29
973	28.794
974	29.706
975	29.088
976	30.765
977	30.059
978	29.853
979	30.206
980	28.235
981	29.176
982	29.353
983	29.676
984	29.794
985	30.235
986	29.059
987	30.059
988	30.382
989	28.971
990	30.118
991	27.971
992	30
993	30.147
994	29.971
995	29.794
996	29.324
997	30.971
998	30.265
999	28.412
1000	31.294
1001	29.618
1002	28.912
1003	29.706
1004	29.176
1005	29.294
1006	28.824
1007	30.676
1008	30.559
1009	30.029
1010	29.529
1011	31.088
1012	31.382
1013	28.529
1014	29.912
1015	28.529
1016	28.676
1017	28.824
1018	29.324
1019	28.882
1020	29.676
1021	29.471
1022	28.441
1023	31
1024	29.412
1025	29.353
1026	28.735
1027	29.559
1028	28.647
1029	30.382
1030	29.235
1031	30
1032	30.618
1033	30.676
1034	29.353
1035	28.471
1036	29.235
1037	29.765
1038	30.882
1039	31.353
1040	33.412
1041	34.176
1042	35.412
1043	35.765
1044	35.206
1045	36.382
1046	35.529
1047	36.559
1048	37.882
1049	36.971
1050	37.529
1051	37.059
1052	37.147
1053	37.5
1054	36.647
1055	35.853
1056	36.147
1057	37.588
1058	36.941
1059	36.412
1060	35.588
1061	37.794
1062	36.824
1063	37.118
1064	35.794
1065	36.353
1066	35.824
1067	36.147
1068	37.029
1069	34.912
1070	34.676
1071	37.412
1072	35.765
1073	35.059
1074	35
1075	35.647
1076	33.618
1077	34.529
1078	35.471
1079	33.676
1080	33.971
1081	34
1082	34.529
1083	35.059
1084	33.5
1085	35.529
1086	33.147
1087	34.029
1088	33.559
1089	35.088
1090	34.765
1091	33.588
1092	33.824
1093	34
1094	32.618
1095	34.147
1096	31.441
1097	32.059
1098	32.765
1099	32.676
1100	32.176
1101	32.735
1102	32.529
1103	31.912
1104	30.412
1105	32.971
1106	32.059
1107	31.706
1108	31.941
1109	31.559
1110	32.324
1111	31.441
1112	31.059
1113	31.147
1114	30.941
1115	32.471
1116	32.088
1117	31.088
1118	30.794
1119	32.324
1120	30.353
1121	31.412
1122	30.471
1123	31.029
1124	30.941
1125	30.147
1126	28.618
1127	30.853
1128	30.588
1129	30.176
1130	30.588
1131	30.088
1132	31.706
1133	31.441
1134	30.265
1135	30.5
1136	30.912
1137	31.412
1138	30.5
1139	30.294
1140	28.941
1141	29.912
1142	31.235
1143	30.618
1144	29.5
1145	30.265
1146	29.118
1147	29.794
1148	28.971
1149	28.912
1150	31.294
1151	29.5
1152	30.265
1153	29.765
1154	30.353
1155	29.029
1156	31.029
1157	30.706
1158	29.941
1159	29.353
1160	29.735
1161	30.706
1162	30.235
1163	29.147
1164	29.912
1165	29
1166	29.5
1167	30.176
1168	27.971
1169	30.206
1170	29.676
1171	29.471
1172	28.853
1173	28.529
1174	29.647
1175	29.971
1176	29.676
1177	30.324
1178	30.559
1179	29.735
1180	30.765
1181	29.765
1182	29.5
1183	30.882
1184	30.824
1185	30.118
1186	29.794
1187	29.5
1188	29.529
1189	29.559
1190	29.265
1191	30.147
1192	29.5
1193	29.735
1194	30.441
1195	29.235
1196	30.265
1197	29.206
1198	30.471
1199	29.029
1200	29.471
1201	28.853
1202	29.471
1203	29.882
1204	28.853
1205	29.235
1206	29.029
1207	29.618
1208	27.706
1209	30.647
1210	28.265
1211	29.029
1212	28.176
1213	28.971
1214	29.706
1215	29.059
1216	30.529
1217	29.706
1218	29.824
1219	29.382
1220	28.971
1221	30
1222	28.735
1223	29.353
1224	29.147
1225	29.706
1226	29.794
1227	29.794
1228	29.676
1229	31.353
1230	29.912
1231	30.382
1232	29.618
1233	29.147
1234	30.471
1235	31
1236	29.088
1237	29.471
1238	30.059
1239	28.882
1240	30.353
1241	28.441
1242	29.265
1243	30.912
1244	27.853
1245	30.382
1246	29.529
1247	29.529
1248	27.206
1249	29.382
1250	29.176
1251	29.471
1252	29.676
1253	28.794
1254	28.529
1255	28.5
1256	30.059
1257	30.265
1258	28.735
1259	29.029
1260	29.206
1261	29.235
1262	29.735
1263	30
1264	29.235
1265	30.118
1266	28.941
1267	29.471
1268	29.382
1269	29.5
1270	29.824
1271	31.059
1272	29.882
1273	29.853
1274	30.353
1275	28.853
1276	28.676
1277	30.794
1278	29
1279	29.235
1280	30.382
1281	31.029
1282	27.441
1283	29.059
1284	28.353
1285	30.088
1286	30.618
1287	29.5
1288	29.382
1289	30.147
1290	28.353
1291	28.912
1292	30.618
1293	27.824
1294	29.029
1295	29.529
1296	30.059
1297	29.676
1298	28.059
1299	28.853
1300	28.647
1301	28.676
1302	29.647
1303	30.147
1304	29.294
1305	28.353
1306	29.529
1307	29.529
1308	30.353
1309	27.971
1310	30.265
1311	29.176
1312	29.176
1313	29.559
1314	29.088
1315	29.412
1316	29.353
1317	29.147
1318	30.5
1319	29.176
1320	29.529
1321	29.824
1322	29.412
1323	29.971
1324	29
1325	29.059
1326	29.912
1327	29.294
1328	27.971
1329	29.118
1330	29.676
1331	28.941
1332	29.088
1333	29.029
1334	30.088
1335	29
1336	27.912
1337	29.853
1338	29.559
1339	28.941
1340	28.853
1341	30.088
1342	28.5
1343	30.118
1344	28.618
1345	29.941
1346	30.676
1347	28.5
1348	30.676
1349	30.529
1350	29.235
1351	28.441
1352	30.412
1353	28.912
1354	29.618
1355	29.794
1356	30.176
1357	27.824
1358	28.971
1359	29.735
1360	29.206
1361	29.588
1362	29.382
1363	30.294
1364	29.265
1365	29.118
1366	29.029
1367	29
1368	29.353
1369	30.294
1370	29.441
1371	28.088
1372	28.912
1373	29.971
1374	28.735
1375	29.176
1376	30.206
1377	28.559
1378	29.735
1379	29.912
1380	29.176
1381	29.618
1382	29.176
1383	28.353
1384	28.559
1385	30.735
1386	29.676
1387	30.353
1388	29.647
1389	28.941
1390	29.912
1391	29.882
1392	27.735
1393	29.059
1394	29.706
1395	30.647
1396	29.382
1397	29.265
1398	29.206
1399	30.118
1400	29.265
1401	29.441
1402	28.824
1403	29.147
1404	28.971
1405	28.529
1406	28.735
1407	29.353
1408	29.118
1409	28.529
1410	28.618
1411	29.412
1412	29
1413	28.588
1414	28.382
1415	29.324
1416	27.618
1417	29.265
1418	29.941
1419	28.794
1420	29.206
1421	28.588
1422	28.029
1423	30.235
1424	28.412
1425	30.618
1426	29.853
1427	28.529
1428	29.118
1429	29.059
1430	28.353
1431	30.412
1432	29.706
1433	30.882
1434	32.5
1435	33.029
1436	33.618
1437	34.618
1438	36.265
1439	35.029
1440	34.676
1441	35.971
1442	36.382
1443	35.853
1444	36.647
1445	36.882
1446	35.529
1447	36.441
1448	35.588
1449	36.029
1450	36.765
1451	35.029
1452	35.912
1453	36.235
1454	35.853
1455	36.588
1456	36.088
1457	36.382
1458	35.706
1459	35.588
1460	35.5
1461	35.647
1462	34.588
1463	35
1464	35.559
1465	35.029
1466	35.265
1467	34.706
1468	35.5
1469	34.235
1470	33.971
1471	35.382
1472	33.882
1473	33.912
1474	34.088
1475	33.176
1476	33.706
1477	34.706
1478	35
1479	33.265
1480	33.265
1481	31.412
1482	33.765
1483	33.118
1484	32.441
1485	34.059
1486	32.971
1487	32.118
1488	32.853
1489	31.647
1490	32.765
1491	32.912
1492	31.176
1493	33.147
1494	32.353
1495	30.471
1496	31.971
1497	32.941
1498	31.853
1499	30.588
1500	32.824
1501	30.735
1502	29.912
1503	30.412
1504	31.647
1505	31.912
1506	31.824
1507	32.529
1508	31.441
1509	33.059
1510	32.206
1511	30.882
1512	30.853
1513	32.059
1514	31.706
1515	31.324
1516	30.029
1517	31.765
1518	30.559
1519	32.706
1520	30.676
1521	30.235
1522	30.676
1523	29.382
1524	30.941
1525	30.735
1526	30.353
1527	30.559
1528	31.147
1529	30.471
1530	30.618
1531	30.265
1532	29.853
1533	31.176
1534	30.765
1535	30.235
1536	29.676
1537	28.706
1538	30.647
1539	32.471
1540	30.088
1541	30.5
1542	29.059
1543	28.765
1544	30.853
1545	31.912
1546	30.147
1547	30.294
1548	28.706
1549	30.118
1550	30.559
1551	30.618
1552	31.471
1553	30.265
1554	30.324
1555	30.735
1556	29.618
1557	29.147
1558	30.176
1559	30.559
1560	29.824
1561	29.853
1562	29.853
1563	29.706
1564	30.147
1565	29.5
1566	29.353
1567	29.471
1568	29.824
1569	29.706
1570	29.853
1571	28.853
1572	29.588
1573	29.059
1574	29.529
1575	28.324
1576	31.147
1577	29.529
1578	30.941
1579	29
1580	29.471
1581	29.118
1582	28.588
1583	30.382
1584	29.647
1585	29.912
1586	28.529
1587	28.353
1588	29.588
1589	28.088
1590	29.529
1591	28.912
1592	29.941
1593	29.5
1594	29.912
1595	29.941
1596	30.5
1597	30.529
1598	30.412
1599	29.676
1600	28.912
1601	29.647
1602	29.588
1603	29.529
1604	28.353
1605	30.794
1606	28.529
1607	30.118
1608	29.176
1609	28.824
1610	30.147
1611	29.618
1612	30.529
1613	30.206
1614	28.5
1615	28.912
1616	30.029
1617	29.118
1618	29.206
1619	29.206
1620	28.794
1621	29.029
1622	30.353
1623	30.412
1624	30.676
1625	30.618
1626	28.471
1627	29.588
1628	29.824
1629	28.735
1630	27.618
1631	28.559
1632	29.176
1633	30.088
1634	29.765
1635	29.853
1636	29.088
1637	29.588
1638	27.706
1639	29.176
1640	28
1641	27.765
1642	29.882
1643	29.794
1644	29.118
1645	29
1646	28.088
1647	30.029
1648	28.882
1649	29.147
1650	28.824
1651	28.559
1652	28.176
1653	29.735
1654	27.824
1655	29.235
1656	27.618
1657	28.912
1658	29.029
1659	29.559
1660	28.529
1661	29.088
1662	28.824
1663	28.647
1664	29
1665	28.941
1666	28.765
1667	29.382
1668	28.912
1669	29.147
1670	28.147
1671	29.676
1672	28.324
1673	29.647
1674	27.706
1675	29.588
1676	28.765
1677	27.706
1678	28.559
1679	28.088
1680	27.676
1681	30.235
1682	30.559
1683	34.353
1684	32
1685	34.206
1686	34.206
1687	34.824
1688	34.971
1689	35.765
1690	35.765
1691	34.853
1692	34.941
1693	35.824
1694	36.471
1695	35.853
1696	36.765
1697	34.912
1698	34.529
1699	35.912
1700	36
1701	35.706
1702	35.647
1703	35.147
1704	36.118
1705	35.588
1706	36.147
1707	33.824
1708	35.147
1709	35.971
1710	35.706
1711	34.618
1712	35.441
1713	35.088
1714	34.5
1715	34.206
1716	34.647
1717	34.088
1718	34.441
1719	33.088
1720	33.382
1721	33.824
1722	32.735
1723	33.735
1724	33.265
1725	31.941
1726	32.971
1727	33.353
1728	32.735
1729	32.824
1730	32.441
1731	32.324
1732	33
1733	34.265
1734	32.529
1735	32.176
1736	32.941
1737	32.971
1738	32.735
1739	31.529
1740	32.235
1741	31.765
1742	30.853
1743	32.176
1744	31.765
1745	31.735
1746	31.529
1747	32.294
1748	31.941
1749	32.118
1750	30.441
1751	31.529
1752	31.265
1753	30.971
1754	31
1755	32.088
1756	31.353
1757	31.088
1758	30.088
1759	30.5
1760	31.588
1761	30.676
1762	31.265
1763	29.324
1764	30.059
1765	31.765
1766	30.941
1767	31.176
1768	30.294
1769	30.441
1770	30.5
1771	29.882
1772	29.353
1773	29.588
1774	31.294
1775	29.706
1776	30.765
1777	30.676
1778	29.618
1779	31.441
1780	30.529
1781	32.265
1782	30.559
1783	31.353
1784	29.882
1785	30.382
1786	29.559
1787	29.118
1788	29.324
1789	30.235
1790	29.971
1791	28.5
1792	28.824
1793	27.765
1794	29.529
1795	29.235
1796	29.529
1797	29.853
1798	31.147
1799	28.912
1800	29.559
1801	30.029
1802	29.529
1803	29.882
1804	29.324
1805	28.941
1806	30.471
1807	29.088
1808	28.559
1809	29.088
1810	29.618
1811	29.676
1812	28.794
1813	29.912
1814	30.882
1815	29.353
1816	29.029
1817	28.853
1818	29
1819	29.412
1820	28.206
1821	30.088
1822	28.941
1823	29.853
1824	30.824
1825	28.794
1826	30.471
1827	30.029
1828	30.029
1829	29.882
1830	28.941
1831	29.559
1832	28.765
1833	29.235
1834	29.529
1835	29.294
1836	30.324
1837	28.5
1838	29.382
1839	29.588
1840	30.853
1841	29.029
1842	28.912
1843	29.5
1844	29.235
1845	29.088
1846	29.324
1847	30.059
1848	29.5
1849	29.176
1850	29.235
1851	27.618
1852	28.941
1853	29.559
1854	28.853
1855	29.265
1856	30.088
1857	29.765
1858	28.765
1859	29.618
1860	29.118
1861	30.118
1862	29.029
1863	29.765
1864	29.5
1865	29.088
1866	28.5
1867	29.765
1868	29.088
1869	29.029
1870	29.176
1871	29.706
1872	29.088
1873	28.529
1874	29.088
1875	28.265
1876	29.176
1877	28.324
1878	29.118
1879	29.706
1880	29.235
1881	29
1882	28.206
1883	29.176
1884	28.882
1885	29.029
1886	28.971
1887	28
1888	27.324
1889	29.824
1890	28.676
1891	29.265
1892	28.941
1893	28.471
1894	28.706
1895	28.5
1896	26.647
1897	29.676
1898	29.088
1899	28.941
1900	29.029
1901	28.088
1902	27.765
1903	29.206
1904	28.529
1905	28.706
1906	28.353
1907	28.5
1908	29.324
1909	29
1910	27.941
1911	29.088
1912	28.529
1913	29.118
1914	28.382
1915	28.882
1916	27.765
1917	28.206
1918	28.324
1919	28.382
1920	27.412
1921	29.235
1922	28.412
1923	29.147
1924	29.294
1925	30
1926	29.588
1927	28.824
1928	28.353
1929	28.294
1930	30.353
1931	28.176
1932	29.176
1933	27.647
1934	28.559
1935	28.029
1936	28.441
1937	28.941
1938	28.676
1939	29.118
1940	29.088
1941	28.235
1942	30.559
1943	28.294
1944	29.559
1945	29.559
1946	29.971
1947	29.353
1948	28.941
1949	29.853
1950	28.735
1951	28.853
1952	28.206
1953	29.088
1954	28.5
1955	28.971
1956	29.853
1957	28.647
1958	27.706
1959	28.941
1960	29
1961	28.588
1962	27.853
1963	29.176
1964	29.176
1965	29.118
1966	28.618
1967	28.618
1968	28.059
1969	29.235
1970	28.353
1971	28.353
1972	28.912
1973	28.206
1974	28.618
1975	29.294
1976	28.941
1977	28.676
1978	30.471
1979	29.882
1980	28.853
1981	29.618
1982	28.176
1983	29.206
1984	29.5
1985	27.941
1986	30.118
1987	28.176
1988	27.147
1989	29.147
1990	29.529
1991	30.147
1992	28.765
1993	28.5
1994	28.912
1995	29.676
1996	28.824
1997	28.676
1998	29.529
1999	28.971
2000	28.735
2001	28.353
2002	29.941
2003	29.588
2004	29.471
2005	28.059
2006	28.765
2007	28.029
2008	28.853
2009	30
2010	31.029
2011	28.971
2012	29.088
2013	28.971
2014	29.235
2015	29.294
2016	28.176
2017	28.882
2018	29.235
2019	28.824
2020	27.147
2021	28.176
2022	29.529
2023	29.559
2024	29.588
2025	29.882
2026	28.088
2027	29.941
2028	28.971
2029	28.5
2030	30.529
2031	31.118
2032	30.353
2033	33.412
2034	33.5
2035	33.824
2036	34.5
2037	34.353
2038	34.588
2039	34.647
2040	34.618
2041	35.324
2042	35.029
2043	36.029
2044	34.735
2045	36.853
2046	35.882
2047	35.618
2048	36.529
2049	35.412
2050	35.029
2051	35.882
2052	35.647
2053	36.824
2054	36.529
2055	35.029
2056	35.853
2057	36.471
2058	35.529
2059	34.765
2060	33.118
2061	34.559
2062	33.941
2063	34.676
2064	33.853
2065	34.147
2066	32.471
2067	33.912
2068	34.118
2069	33.912
2070	34
2071	33.088
2072	32.824
2073	32.382
2074	32.529
2075	32.647
2076	33.529
2077	31.882
2078	33.088
2079	32.735
2080	32.147
2081	32.294
2082	31.441
2083	32.735
2084	32.676
2085	31.441
2086	32.5
2087	31.029
2088	30.971
2089	31.5
2090	31.353
2091	32.912
2092	30.971
2093	31.353
2094	30.088
2095	31.206
2096	31.235
2097	30.206
2098	30.706
2099	30.735
2100	31.529
2101	30.235
2102	33
2103	29.676
2104	29.471
2105	30.941
2106	32.059
2107	31
2108	30.676
2109	31.324
2110	29.912
2111	29.824
2112	30.471
2113	30.029
2114	29.853
2115	30.206
2116	29.5
2117	31.676
2118	29.971
2119	30.118
2120	29.853
2121	30.265
2122	29.676
2123	30.235
2124	30.735
2125	29.441
2126	28.882
2127	29.853
2128	29.971
2129	30.176
2130	30.235
2131	30.765
2132	30.676
2133	30.059
2134	30.588
2135	29.382
2136	29.088
2137	29.265
2138	30.088
2139	29.588
2140	28.765
2141	29.471
2142	28.618
2143	29.088
2144	29.706
2145	29.941
2146	30.059
2147	29.206
2148	29.529
2149	30.412
2150	30.588
2151	30.441
2152	28.706
2153	28.471
2154	29.529
2155	30.294
2156	30.147
2157	29.676
2158	30.353
2159	31.088
2160	29.382
2161	29.353
2162	28.294
2163	28.235
2164	28.706
2165	29.765
2166	28.206
2167	29.324
2168	29.235
2169	28.618
2170	28.382
2171	28.853
2172	29.5
2173	29.353
2174	29.647
2175	29.176
2176	30.088
2177	29.559
2178	29.412
2179	29.412
2180	30.412
2181	29.471
2182	30.029
2183	30.5
2184	30.294
2185	29.676
2186	30.265
2187	29.324
2188	29.471
2189	28.588
2190	29.441
2191	29.5
2192	29.324
2193	29.206
2194	29.412
2195	29.382
2196	27.265
2197	29.235
2198	28.029
2199	29.353
2200	28.882
2201	28.941
2202	29.5
2203	29.235
2204	28.765
2205	28.294
2206	28.176
2207	28.853
2208	29.441
2209	28.529
2210	27.853
2211	28.588
2212	29.088
2213	28.588
2214	29.706
2215	29.971
2216	29.235
2217	28.471
2218	28.853
2219	29.765
2220	29.147
2221	29.588
2222	28.382
2223	29.029
2224	29.382
2225	28.794
2226	29.382
2227	30.265
2228	29.206
2229	28.765
2230	27.882
2231	29.824
2232	29.971
2233	28.618
2234	29.676
2235	29.5
2236	29.176
2237	28.147
2238	27.5
2239	28.382
2240	30.706
2241	28.765
2242	29.265
2243	28.412
2244	26.324
2245	27.882
2246	28.118
2247	29.118
2248	29.235
2249	28.235
2250	29.324
2251	28.353
2252	28.294
2253	29.529
2254	28.529
2255	28.559
2256	29.059
2257	28.147
2258	27.853
2259	28.765
2260	28.235
2261	29.706
2262	29.676
2263	28.941
2264	28.824
2265	29.029
2266	29.588
2267	28.618
2268	29.176
2269	29.824
2270	29
2271	29.412
2272	30.324
2273	28.912
2274	29.5
2275	28.147
2276	28.265
2277	29.353
2278	29.118
2279	28.647
2280	28.324
2281	29.382
2282	27.618
2283	28.853
2284	29.588
2285	28.676
2286	29
2287	27.706
2288	29.235
2289	29.176
2290	29.235
2291	29.647
2292	28.941
2293	28.676
2294	29.471
2295	28.529
2296	29.676
2297	28.735
2298	29.941
2299	29
2300	27.206
2301	28.706
2302	28.176
2303	29.235
2304	28.647
2305	28.824
2306	28.706
2307	28.5
2308	28.588
2309	30.118
2310	28.529
2311	28.882
2312	29.324
2313	28.618
2314	28.647
2315	28.529
2316	27.5
2317	29.265
2318	28.324
2319	29.676
2320	28.676
2321	28.5
2322	29.5
2323	28.912
2324	28.618
2325	29.088
2326	29.529
2327	28.147
2328	29.765
2329	28.941
2330	29.706
2331	28.588
2332	29.5
2333	29.382
2334	29.235
2335	29.206
2336	28.294
2337	28.912
2338	29.382
2339	30.265
2340	28.559
2341	29.353
2342	29.618
2343	28.735
2344	29.647
2345	27.882
2346	28.294
2347	29.912
2348	29.059
2349	28.853
2350	28.118
2351	29.294
2352	28.941
2353	28.971
2354	28.853
2355	29.147
2356	27.971
2357	29.618
2358	28.382
2359	28.853
2360	27.941
2361	28.471
2362	28.294
2363	29.765
2364	28.176
2365	29.765
2366	28.324
2367	29.471
2368	27.912
2369	27.971
2370	28.147
2371	28.529
2372	29.353
2373	29.176
2374	29.824
2375	28.441
2376	28.941
2377	28.412
2378	28.441
2379	29.147
2380	30.265
2381	32.176
2382	32.029
2383	33.029
2384	33.294
2385	32.324
2386	33.324
2387	34.441
2388	35.618
2389	34.706
2390	34.912
2391	34.294
2392	34.382
2393	34.588
2394	36.059
2395	34.118
2396	34.824
2397	33.824
2398	34.441
2399	34.235
2400	33.618
2401	34.176
2402	34.118
2403	33.941
2404	34.471
2405	34.382
2406	33.735
2407	33.176
2408	32.647
2409	33.412
2410	34.588
2411	34.471
2412	33.941
2413	32.882
2414	33.088
2415	32.794
2416	31.206
2417	32.706
2418	33.088
2419	32.294
2420	33.529
2421	33.412
2422	31.088
2423	31.206
2424	31.588
2425	31.382
2426	33.176
2427	31.529
2428	30.5
2429	31.206
2430	30.147
2431	30.882
2432	31.235
2433	31.647
2434	31.794
2435	31.529
2436	31.794
2437	32.176
2438	30.206
2439	30.618
2440	30.382
2441	31.176
2442	31.471
2443	31.559
2444	30.176
2445	31.294
2446	30.971
2447	30.882
2448	30.529
2449	30.735
2450	30.5
2451	31.176
2452	31.529
2453	30.971
2454	30.176
2455	31.529
2456	30
2457	31.412
2458	31.735
2459	30.676
2460	30
2461	29.941
2462	29.941
2463	31.176
2464	29.088
2465	29.559
2466	29.5
2467	30.529
2468	31.471
2469	30
2470	30.706
2471	30.471
2472	30.912
2473	31.618
2474	30.265
2475	29.618
2476	30.412
2477	30.088
2478	30.176
2479	29.912
2480	30.265
2481	28.971
2482	30.147
2483	29.706
2484	28.471
2485	30.5
2486	30.265
2487	29.706
2488	28.824
2489	29.382
2490	29.088
2491	28.059
2492	29.353
2493	29.912
2494	29.294
2495	29.529
2496	28.941
2497	30.265
2498	28.971
2499	28.059
2500	28.088
2501	29.088
2502	29.735
2503	30.147
2504	29.941
2505	27.941
2506	28.794
2507	28.853
2508	28.853
2509	29.5
2510	29.676
2511	28.735
2512	29
2513	28.176
2514	29.676
2515	29.647
2516	29.029
2517	29.735
2518	28.265
2519	30
2520	29.176
2521	29.529
2522	28.706
2523	29.235
2524	27.529
2525	28.853
2526	29.088
2527	29
2528	28.971
2529	30.206
2530	29.853
2531	28.588
2532	29.029
2533	27.971
2534	28.765
2535	29.412
2536	29.353
2537	29.176
2538	29.294
2539	29.5
2540	28.412
2541	27.824
2542	29.206
2543	29.088
2544	27.882
2545	28.912
2546	28.941
2547	28.618
2548	28.618
2549	28.706
2550	28.5
2551	27.471
2552	29.382
2553	28.676
2554	28.618
2555	28.441
2556	29.559
2557	29.176
2558	28.824
2559	29.471
2560	28.971
2561	28.765
2562	30.912
2563	29.324
2564	29.059
2565	29.588
2566	29.147
2567	28.324
2568	28.324
2569	29.882
2570	28.088
2571	29.118
2572	28.794
2573	28.559
2574	28.382
2575	28.176
2576	29
2577	27.441
2578	29.441
2579	29.765
2580	28.794
2581	28.529
2582	28.294
2583	29.412
2584	28.853
2585	29.853
2586	28.441
2587	28.412
2588	27.088
2589	28.382
2590	27.588
2591	28.853
2592	28.559
2593	30.618
2594	28.324
2595	28.441
2596	28.853
2597	27.794
2598	28.471
2599	29.353
2600	29.912
2601	29.147
2602	29.059
2603	28.118
2604	29.353
2605	29.588
2606	27.529
2607	29.588
2608	28.765
2609	28.529
2610	28.471
2611	28.147
2612	28.559
2613	28.647
2614	27.824
2615	30.088
2616	28.265
2617	29.912
2618	27.382
2619	26.882
2620	28.824
2621	28
2622	27.441
2623	28.706
2624	29.471
2625	29.176
2626	27.853
2627	28.529
2628	28.118
2629	28.353
2630	28.765
2631	29.294
2632	30.735
2633	29.588
2634	28.676
2635	29.265
2636	28.853
2637	28.147
2638	27
2639	28.559
2640	28.5
2641	29.676
2642	28.912
2643	28.618
2644	29.118
2645	29.882
2646	29.324
2647	28.588
2648	29.706
2649	29.235
2650	28.853
2651	29.265
2652	28.294
2653	28.735
2654	28.471
2655	28.824
2656	28.5
2657	28.147
2658	28.147
2659	29.412
2660	29.118
2661	27.912
2662	28.765
2663	30.676
2664	28.471
2665	29.5
2666	29.471
2667	28.412
2668	29.559
2669	29.029
2670	28.206
2671	28.853
2672	29.265
2673	29.618
2674	29.294
2675	28.5
2676	29.059
2677	28.529
2678	28.294
2679	28.441
2680	28.971
2681	27.706
2682	28.324
2683	28.853
2684	27.941
2685	28.588
2686	29.118
2687	28.529
2688	28.971
2689	29.176
2690	29.265
2691	29.441
2692	29.382
2693	29.353
2694	28.735
2695	29.118
2696	28.029
2697	29.265
2698	28.735
2699	28.971
2700	28.794
2701	28.441
2702	30.294
2703	27.441
2704	28.353
2705	29.059
2706	28.971
2707	29.471
2708	29.118
2709	29.059
2710	29.941
2711	28.235
2712	29.118
2713	29.765
2714	27.588
2715	30
2716	27.912
2717	28.294
2718	27.794
2719	27.824
2720	28
2721	29.353
2722	28.294
2723	28.059
2724	28.294
2725	27.941
2726	28.441
2727	28.853
2728	29.029
2729	30.618
2730	29.735
2731	31.941
2732	32.941
2733	33.412
2734	34.294
2735	34
2736	35.059
2737	34.265
2738	35.294
2739	36.029
2740	36.118
2741	36.147
2742	35.853
2743	36.029
2744	35.559
2745	35.853
2746	36.029
2747	36.647
2748	35.235
2749	34.382
2750	34.206
2751	34.147
2752	35.647
2753	33.765
2754	34.882
2755	34.588
2756	32.971
2757	34.882
2758	34.471
2759	32.941
2760	33.794
2761	33.353
2762	32.324
2763	33.412
2764	33.618
2765	32.059
2766	32.206
2767	33.382
2768	32.941
2769	33.118
2770	30.971
2771	32.941
2772	31.529
2773	32
2774	31.088
2775	30.971
2776	30.441
2777	31.706
2778	31.912
2779	31.588
2780	31.647
2781	32.382
2782	29.853
2783	31.353
2784	31.618
2785	32.324
2786	30.206
2787	30.176
2788	29.529
2789	31.235
2790	30
2791	32.118
2792	31.382
2793	31.618
2794	30.971
2795	29.294
2796	29.676
2797	29.706
2798	29.382
2799	30.412
2800	29.382
2801	29.706
2802	30.118
2803	29.618
2804	28.941
2805	29.676
2806	28.559
2807	30.529
2808	29.971
2809	30.765
2810	30.529
2811	30.324
2812	29.529
2813	30.765
2814	30.588
2815	28.941
2816	30.471
2817	28.794
2818	29.647
2819	29.294
2820	30.5
2821	29.647
2822	29.059
2823	29.676
2824	30.471
2825	29.941
2826	30.206
2827	29.971
2828	29.353
2829	29.441
2830	28.5
2831	29.5
2832	29.853
2833	29.941
2834	28.882
2835	30
2836	29.618
2837	30.706
2838	29.265
2839	29.706
2840	29.088
2841	28.853
2842	30.5
2843	30.059
2844	30.882
2845	28.706
2846	30.382
2847	30.059
2848	28.676
2849	30.441
2850	30.647
2851	29.941
2852	28.706
2853	29.235
2854	29.324
2855	30.294
2856	30.059
2857	29.324
2858	29
2859	29.382
2860	29.353
2861	30.588
2862	29.882
2863	29.235
2864	28.853
2865	30.765
2866	29.559
2867	29.794
2868	30.029
2869	30.588
2870	30.147
2871	30.118
2872	29.059
2873	30.029
2874	29.5
2875	30.118
2876	30.529
2877	29.353
2878	29.735
2879	28.588
2880	29.882
2881	29.441
2882	30.647
2883	28.471
2884	30.559
2885	30
2886	29.294
2887	28.588
2888	28.735
2889	28.941
2890	29.794
2891	29.5
2892	28.529
2893	29.824
2894	29.471
2895	29.265
2896	30.265
2897	28.618
2898	29
2899	29.059
2900	28.971
2901	29.353
2902	27.559
2903	29.735
2904	29.5
2905	29.176
2906	28.235
2907	29.176
2908	30.029
2909	29.059
2910	29.176
2911	29.412
2912	29.118
2913	29.059
2914	29.647
2915	28.529
2916	29.029
2917	28.676
2918	29.735
2919	28.676
2920	28.441
2921	28.265
2922	28.676
2923	29.471
2924	27.941
2925	28.941
2926	28.971
2927	28.441
2928	27.559
2929	28.882
2930	28
2931	28.324
2932	29
2933	28.971
2934	28.5
2935	28.235
2936	28.765
2937	28.882
2938	29.265
2939	29.324
2940	29.588
2941	29.588
2942	28.647
2943	28.794
2944	27.235
2945	29.206
2946	28.353
2947	28.971
2948	29.059
2949	28.029
2950	28.265
2951	27.853
2952	28.029
2953	27.853
2954	29
2955	29.088
2956	28.324
2957	28.441
2958	28.647
2959	30.176
2960	28.294
2961	28.824
2962	29.971
2963	28.676
2964	28.794
2965	27.412
2966	28.441
2967	28.147
2968	27.412
2969	29.412
2970	28.559
2971	28.559
2972	29.794
2973	28.235
2974	28.529
2975	30.029
2976	29.059
2977	28.912
2978	27.824
2979	28.735
2980	29.176
2981	29.118
2982	28.676
2983	29.265
2984	30.176
2985	29.971
2986	29.235
2987	29.441
2988	28.559
2989	28.941
2990	28.765
2991	28.794
2992	29.118
2993	28.118
2994	28.441
2995	29.824
2996	29.5
2997	28.676
2998	27.735
2999	28.941
3000	28.5
3001	28.471
3002	27.941
3003	28.206
3004	29.912
3005	28.676
3006	28.765
3007	28.588
3008	28.088
3009	27.676
3010	28.853
3011	28
3012	28.676
3013	28.206
3014	28.353
3015	28.794
3016	28.647
3017	26.735
3018	27.206
3019	28.559
3020	27.971
3021	28.029
3022	28.5
3023	27.676
3024	28.147
3025	28.265
3026	28.382
3027	28.706
3028	27.176
3029	28.618
3030	27.147
3031	29.206
3032	28.471
3033	29.706
3034	28.588
3035	28.765
3036	28.912
3037	28.294
3038	27.294
3039	28
3040	29.706
3041	29.618
3042	29.471
3043	29.412
3044	27.5
3045	27.882
3046	27.794
3047	28.706
3048	28.882
3049	29.118
3050	29.471
3051	28.441
3052	28.941
3053	27.882
3054	28.265
3055	29.529
3056	30.353
3057	29.029
3058	27.794
3059	28.353
3060	27.882
3061	28.882
3062	29.176
3063	28.265
3064	28.882
3065	28.647
3066	28.265
3067	28.706
3068	27.294
3069	29.176
3070	28.882
3071	29.059
3072	28.412
3073	29.235
3074	29.059
3075	27.794
3076	27.824
3077	30.029
3078	29.559
3079	31.206
3080	30.588
3081	31.912
3082	32.912
3083	32.353
3084	34.176
3085	33.824
3086	34.382
3087	33.206
3088	34.059
3089	33.265
3090	33.794
3091	34.559
3092	34.059
3093	33.706
3094	32.941
3095	34.441
3096	33.912
3097	34.471
3098	34.735
3099	35.618
3100	34.735
3101	34.441
3102	33.059
3103	34.088
3104	34.353
3105	33.941
3106	32.941
3107	32.559
3108	32
3109	33.5
3110	32.794
3111	33.412
3112	33.029
3113	33.941
3114	34.353
3115	34.147
3116	32.382
3117	34.588
3118	34.235
3119	32.853
3120	33.382
3121	33.647
3122	33
3123	32.882
3124	33.206
3125	34.206
3126	32.176
3127	33.088
3128	33.029
3129	31.235
3130	31.824
3131	32.529
3132	31.588
3133	33.176
3134	30.5
3135	31.676
3136	31.618
3137	32.824
3138	32.353
3139	31.765
3140	33.029
3141	31.971
3142	31.794
3143	30.676
3144	30.588
3145	31.5
3146	31.176
3147	29.941
3148	31.176
3149	30.353
3150	32.235
3151	31.794
3152	31.265
3153	31.118
3154	30.647
3155	31.382
3156	31.735
3157	30.294
3158	31.588
3159	29.706
3160	30.088
3161	31.471
3162	29.441
3163	30.324
3164	30.088
3165	29.941
3166	29.324
3167	30.971
3168	30.471
3169	30.176
3170	30.5
3171	30.471
3172	30.235
3173	30.382
3174	29.471
3175	29.294
3176	29.647
3177	29.912
3178	29.882
3179	29.853
3180	29.147
3181	30.353
3182	29.412
3183	29.471
3184	29.882
3185	30.088
3186	29.353
3187	28.706
3188	29.029
3189	30.147
3190	29.353
3191	29.853
3192	29.706
3193	29.029
3194	28.824
3195	29.676
3196	29.529
3197	29.882
3198	28.882
3199	28.853
3200	28.029
3201	29.147
3202	29.324
3203	28.882
3204	30.294
3205	28.765
3206	29.794
3207	28.941
3208	30.147
3209	29.5
3210	29.647
3211	29.059
3212	29.912
3213	28.941
3214	29.206
3215	30.912
3216	28.147
3217	29.853
3218	29.176
3219	29.235
3220	28.588
3221	29.706
3222	28.176
3223	28.559
3224	29.941
3225	28.235
3226	29.559
3227	29.176
3228	28.853
3229	29.618
3230	29.441
3231	29.706
3232	29.206
3233	29.765
3234	30.324
3235	29.735
3236	29.912
3237	29.235
3238	29.353
3239	29.412
3240	29.941
3241	29.471
3242	28.324
3243	30.412
3244	28.294
3245	29.588
3246	29.353
3247	28.088
3248	28.912
3249	29.147
3250	29.265
3251	29.706
3252	28.5
3253	30.971
3254	29.147
3255	27.912
3256	29.118
3257	28.971
3258	29.588
3259	29.147
3260	29.118
3261	28.412
3262	29.471
3263	30.147
3264	29.206
3265	29.412
3266	28.265
3267	29.265
3268	29.029
3269	29.147
3270	29.206
3271	28.294
3272	29.912
3273	29.118
3274	28.265
3275	28.588
3276	28.618
3277	27.324
3278	27.824
3279	28.206
3280	27.824
3281	27.353
3282	28.206
3283	28.206
3284	27.176
3285	29.735
3286	28.618
3287	28.529
3288	28.588
3289	28.206
3290	27.559
3291	29.324
3292	28.941
3293	28.529
3294	29.294
3295	28.471
3296	28.647
3297	29
3298	28.765
3299	28.529
3300	28.5
3301	28.294
3302	27.735
3303	29.088
3304	29.441
3305	28.324
3306	29
3307	29.706
3308	29.235
3309	29.676
3310	27.324
3311	29.382
3312	28.735
3313	28.647
3314	27.882
3315	26.5
3316	28.471
3317	30.265
3318	27.794
3319	28.706
3320	27.147
3321	27.794
3322	28.647
3323	30.206
3324	28.941
3325	28.853
3326	28.676
3327	28.794
3328	28.647
3329	28.5
3330	29.735
3331	29.941
3332	28.941
3333	28.559
3334	27.324
3335	28.088
3336	28.206
3337	27.853
3338	28.382
3339	28.794
3340	27.941
3341	28.206
3342	28.147
3343	27.971
3344	28.588
3345	28.5
3346	28.941
3347	28.588
3348	27.735
3349	28.5
3350	28.588
3351	28.824
3352	27
3353	28.206
3354	28.412
3355	29.206
3356	27.5
3357	28.941
3358	28.471
3359	27.647
3360	27.676
3361	28.5
3362	28.618
3363	28.971
3364	28.706
3365	28.824
3366	28.059
3367	29.382
3368	29.147
3369	29.235
3370	28.265
3371	28.118
3372	27.265
3373	28.294
3374	27.471
3375	27.559
3376	28
3377	28.941
3378	28
3379	27.706
3380	28.235
3381	27.824
3382	28.765
3383	28.382
3384	28.382
3385	28.324
3386	28.853
3387	28.824
3388	27.912
3389	28.618
3390	28.353
3391	28.176
3392	27.176
3393	27.618
3394	27.294
3395	28.559
3396	28.647
3397	27.853
3398	29.029
3399	29.588
3400	29.882
3401	31.059
3402	29.882
3403	29.382
3404	29.588
3405	28.618
3406	29.353
3407	27.941
3408	29.382
3409	30.676
3410	27.412
3411	27.529
3412	28.971
3413	28.853
3414	27.794
3415	28.559
3416	29.676
3417	26.735
3418	28.941
3419	28.176
3420	28.676
3421	28.941
3422	28.529
3423	28.324
3424	28.765
3425	28.941
3426	29.941
3427	29.912
3428	30.206
3429	31.559
3430	30.824
3431	31.588
3432	32.265
3433	33.412
3434	32.088
3435	32.529
3436	34.382
3437	34.5
3438	35.029
3439	33.824
3440	34.882
3441	34.382
3442	34.618
3443	33.235
3444	34.265
3445	34.882
3446	33.676
3447	34.882
3448	33.353
3449	34.618
3450	33.794
3451	32.824
3452	34.176
3453	34
3454	33.147
3455	33.265
3456	33.412
3457	34.618
3458	31.059
3459	33.471
3460	33.618
3461	34.971
3462	33.5
3463	36.5
3464	34.147
3465	34.118
3466	33.176
3467	34.412
3468	32.971
3469	34.382
3470	32.882
3471	33.529
3472	32.735
3473	32.529
3474	33.706
3475	32.412
3476	33.265
3477	33.059
3478	32.765
3479	32.118
3480	32.735
3481	32.441
3482	33.324
3483	32.765
3484	32.088
3485	31.794
3486	32.971
3487	34.029
3488	33.265
3489	32.235
3490	31.147
3491	32.735
3492	31.324
3493	30.412
3494	31.265
3495	31.324
3496	30.441
3497	31.706
3498	30.176
3499	29.971
3500	30.5
3501	31.088
3502	30.235
3503	30.735
3504	30.559
3505	30.765
3506	30.118
3507	31.176
3508	31.618
3509	30.735
3510	29.912
3511	30.147
3512	30.853
3513	29.735
3514	30.735
3515	30.824
3516	30.5
3517	31.5
3518	30.882
3519	30.618
3520	30
3521	30.618
3522	30.765
3523	30.794
3524	30.147
3525	30.206
3526	29.294
3527	30.559
3528	29.618
3529	30
3530	29.676
3531	30.559
3532	29.853
3533	29.059
3534	28.618
3535	29.735
3536	29.529
3537	30.147
3538	29.647
3539	29.618
3540	28.912
3541	29.059
3542	29.029
3543	29.882
3544	29.235
3545	29.147
3546	28.971
3547	28.853
3548	28.353
3549	29.5
3550	28.676
3551	28.206
3552	27.765
3553	30.118
3554	30.647
3555	29.441
3556	28.735
3557	29.382
3558	29.471
3559	29.647
3560	30.382
3561	29.118
3562	29.765
3563	29.265
3564	28.794
3565	29.706
3566	29.206
3567	29.794
3568	29.676
3569	28.176
3570	30.529
3571	30.206
3572	28.382
3573	28.559
3574	28.088
3575	28.559
3576	28.294
3577	29.529
3578	29.324
3579	29.059
3580	28.382
3581	28.853
3582	28.765
3583	29.324
3584	28.676
3585	29.294
3586	29.088
3587	28.324
3588	27.941
3589	29.265
3590	28.529
3591	27.824
3592	27.912
3593	28.324
3594	28.676
3595	29.794
3596	29.265
3597	28.765
3598	28.824
3599	28.029
3600	28.618
3601	29.147
3602	28.853
3603	28.971
3604	27.118
3605	27.765
3606	29.441
3607	28.647
3608	30.882
3609	27.853
3610	28.353
3611	29.118
3612	29.206
3613	27.706
3614	29.118
3615	28.529
3616	27.912
3617	29.029
3618	28.294
3619	29.529
3620	28.824
3621	29.765
3622	29.265
3623	28.206
3624	29.059
3625	27.029
3626	29.676
3627	28.794
3628	28.882
3629	28.706
3630	28.441
3631	29.294
3632	29.147
3633	28.206
3634	28.647
3635	28.294
3636	28.618
3637	27.588
3638	27.971
3639	28.794
3640	28.882
3641	28.794
3642	28.559
3643	29.235
3644	28.824
3645	29.559
3646	28.441
3647	29.029
3648	27.206
3649	28.382
3650	28.706
3651	28.971
3652	28.412
3653	29.441
3654	28.206
3655	28.265
3656	28.265
3657	29.882
3658	28.235
3659	27.971
3660	27.706
3661	29.882
3662	29.471
3663	28.118
3664	28.441
3665	28.471
3666	28.765
3667	28.118
3668	29.088
3669	28.971
3670	28.618
3671	28.382
3672	29.471
3673	28.647
3674	28.912
3675	29.382
3676	28.794
3677	28.706
3678	29.176
3679	30.588
3680	29.088
3681	28.912
3682	28.529
3683	30.412
3684	28.588
3685	30.147
3686	27.735
3687	28.676
3688	28.912
3689	29.176
3690	29.706
3691	29.588
3692	29
3693	29.206
3694	29.588
3695	29.765
3696	29.118
3697	28.529
3698	28.118
3699	27.559
3700	28.294
3701	28.882
3702	29.324
3703	27.206
3704	28.118
3705	28.971
3706	30.471
3707	29.559
3708	29.324
3709	29.324
3710	27.941
3711	28.412
3712	28.412
3713	29.059
3714	27.853
3715	28.971
3716	27.794
3717	28.324
3718	28.235
3719	28.235
3720	27.676
3721	28.794
3722	29.676
3723	29.588
3724	29.059
3725	28.353
3726	28.824
3727	28.618
3728	27.941
3729	27.882
3730	27.941
3731	28.618
3732	27.588
3733	29.029
3734	28.235
3735	27.676
3736	28.882
3737	28.706
3738	28
3739	29.088
3740	28.588
3741	30.118
3742	29.265
3743	28.647
3744	28.294
3745	28.676
3746	28.118
3747	28.853
3748	28.206
3749	27.706
3750	28.941
3751	28.529
3752	28.971
3753	29.735
3754	29.118
3755	27.382
3756	28.265
3757	28.824
3758	28.294
3759	28.706
3760	29.206
3761	28.853
3762	28.324
3763	28.471
3764	28.588
3765	29.559
3766	28.412
3767	28.765
3768	28.265
3769	28.618
3770	30.206
3771	29.824
3772	28.735
3773	28.559
3774	27.412
3775	28.882
3776	29.412
3777	30.882
3778	30.676
3779	30.824
3780	31.647
3781	30.735
3782	32.971
3783	33.735
3784	33.265
3785	33.235
3786	34.059
3787	33.265
3788	33.706
3789	34.353
3790	33.941
3791	33.353
3792	33.706
3793	33.235
3794	34.147
3795	33.471
3796	33.088
3797	33.912
3798	33.176
3799	33.647
3800	34.794
3801	32.912
3802	33.529
3803	33.471
3804	32.353
3805	33.235
3806	34.412
3807	32.294
3808	32.118
3809	32.471
3810	32.588
3811	30.794
3812	32.412
3813	32.735
3814	31.765
3815	31.765
3816	31.324
3817	32.265
3818	31.059
3819	31.676
3820	30.882
3821	31.794
3822	31.441
3823	31.676
3824	30
3825	30.529
3826	32.559
3827	31.971
3828	32.029
3829	30.353
3830	31.294
3831	32.647
3832	29.353
3833	30.059
3834	31.088
3835	30.794
3836	31.529
3837	29.529
3838	30.647
3839	30.147
3840	30.353
3841	29.029
3842	29.824
3843	30.676
3844	30.824
3845	29.176
3846	29.382
3847	30
3848	29.588
3849	29.559
3850	30.294
3851	30.118
3852	29.059
3853	30.588
3854	30.294
3855	29.265
3856	29.794
3857	31.088
3858	29.5
3859	29.412
3860	30.647
3861	29.853
3862	27.676
3863	30.559
3864	30.706
3865	28.441
3866	29.441
3867	30
3868	28.529
3869	29.147
3870	28.824
3871	30
3872	28.676
3873	29.529
3874	27.676
3875	28.765
3876	28.5
3877	31.206
3878	29.529
3879	30.235
3880	28.382
3881	29.559
3882	28.441
3883	29.265
3884	29.588
3885	29.294
3886	29.853
3887	29.529
3888	29.382
3889	28.882
3890	29.5
3891	29.412
3892	29.176
3893	28.676
3894	29.912
3895	29.794
3896	29.059
3897	28.118
3898	30.088
3899	29.441
3900	29.676
3901	28.676
3902	29.029
3903	29.118
3904	29.088
3905	30.206
3906	29.294
3907	28.529
3908	28.912
3909	29.353
3910	30.029
3911	28.853
3912	31.647
3913	29.059
3914	29.353
3915	28.559
3916	29.235
3917	30.088
3918	30.147
3919	28.647
3920	28.118
3921	28.382
3922	29.618
3923	28.941
3924	27.941
3925	28.588
3926	30.176
3927	28.971
3928	28.029
3929	29.118
3930	29.235
3931	30.324
3932	28.059
3933	28.382
3934	29.206
3935	29.265
3936	28.176
3937	27.647
3938	29.059
3939	28.206
3940	28.941
3941	29
3942	28.324
3943	28.324
3944	28.971
3945	29.294
3946	29.824
3947	29.794
3948	28.706
3949	27.5
3950	29.353
3951	28.294
3952	28.941
3953	28.529
3954	28.941
3955	28.235
3956	28.912
3957	28.706
3958	28.941
3959	29.088
3960	29.471
3961	28.912
3962	28.559
3963	27.882
3964	29.382
3965	28.794
3966	29.5
3967	28.147
3968	28.235
3969	28.324
3970	29.5
3971	29.706
3972	29.265
3973	28.971
3974	29.412
3975	28.765
3976	28.5
3977	28.853
3978	28.441
3979	29.206
3980	28.882
3981	28.029
3982	28.618
3983	28.265
3984	28.059
3985	28.176
3986	27.853
3987	28.971
3988	28.971
3989	29.118
3990	29.147
3991	28.618
3992	28.735
3993	29.029
3994	29.735
3995	28.882
3996	28
3997	27.912
3998	29.029
3999	28.882
4000	29.294
4001	29
4002	28
4003	29
4004	28.824
4005	29.088
4006	28.5
4007	28.853
4008	28.706
4009	29.441
4010	28.941
4011	29.265
4012	27.912
4013	28.412
4014	27.853
4015	28.794
4016	28.265
4017	29.441
4018	28.441
4019	30.029
4020	28.559
4021	29.794
4022	27.294
4023	30.265
4024	27.588
4025	30.324
4026	30.206
4027	30.471
4028	31.618
4029	31.412
4030	31.765
4031	32.529
4032	32.206
4033	32.059
4034	34.824
4035	32.353
4036	34.235
4037	34.147
4038	34.235
4039	34.735
4040	34.176
4041	34.235
4042	35.559
4043	33.588
4044	34.588
4045	35.353
4046	34.618
4047	34.765
4048	33.5
4049	34.147
4050	32.971
4051	33.706
4052	33.471
4053	34.118
4054	34.235
4055	33.5
4056	33.735
4057	32.765
4058	32.382
4059	32.647
4060	32.235
4061	32.824
4062	31.559
4063	31.029
4064	31.029
4065	33.559
4066	32.676
4067	30.441
4068	31.735
4069	33.206
4070	30.941
4071	31.765
4072	32.176
4073	31.441
4074	30.529
4075	31.706
4076	31.735
4077	32.147
4078	30.735
4079	31.941
4080	30.206
4081	31.118
4082	30.529
4083	30.147
4084	30.5
4085	30.353
4086	31.882
4087	31.059
4088	30
4089	28.294
4090	30.471
4091	29.912
4092	29.441
4093	30.059
4094	30.588
4095	29.824
4096	29.588
4097	30.088
4098	30.235
4099	29
4100	30.412
4101	30.853
4102	30.265
4103	30.412
4104	29.029
4105	28.353
4106	31.176
4107	31.324
4108	29.147
4109	29.559
4110	30.559
4111	30.176
4112	29.353
4113	30.588
4114	30.412
4115	28.265
4116	29.588
4117	31.029
4118	29.912
4119	29.971
4120	28.882
4121	28.412
4122	29.353
4123	30.029
4124	30.029
4125	30.206
4126	32.118
4127	31.853
4128	32.235
4129	32.912
4130	32.382
4131	33.324
4132	32.588
4133	33.676
4134	33.412
4135	35.206
4136	35.706
4137	34.382
4138	33.882
4139	35.324
4140	34.765
4141	33.765
4142	33.706
4143	33.735
4144	32.5
4145	34.265
4146	34
4147	33.853
4148	33.353
4149	31.618
4150	33.794
4151	34.676
4152	33.471
4153	33.735
4154	32.294
4155	32.588
4156	32.824
4157	32.265
4158	32.294
4159	31.735
4160	32.176
4161	31.147
4162	31.941
4163	30.794
4164	30.412
4165	30.765
4166	30.029
4167	29.882
4168	30.206
4169	30.441
4170	30.059
4171	29.941
4172	29.794
4173	30.353
4174	29.794
4175	29.853
4176	30.618
4177	30.265
4178	29.971
4179	30.618
4180	30.235
4181	30.794
4182	29.471
4183	30.382
4184	29.529
4185	29.5
4186	30.824
4187	28.853
4188	29.176
4189	30.059
4190	29.882
4191	28.324
4192	29.5
4193	29.794
4194	29.912
4195	29
4196	28.912
4197	28.5
4198	30.029
4199	30.088
4200	29.412
4201	29.971
4202	29.412
4203	28.676
4204	29.971
4205	29.794
4206	28.676
4207	29.588
4208	28.706
4209	29.235
4210	28.324
4211	28.853
4212	29.353
4213	29.235
4214	28.441
4215	29.824
4216	28.735
4217	28.559
4218	29.559
4219	29.647
4220	30.088
4221	29.412
4222	30.353
4223	29.088
4224	28.765
4225	28.971
4226	28.882
4227	29.235
4228	29.706
4229	29.029
4230	29.559
4231	28.647
4232	28.941
4233	28.853
4234	29.5
4235	29.706
4236	28.118
4237	27.529
4238	28.647
4239	28
4240	28.206
4241	28.618
4242	28.529
4243	28.853
4244	29.588
4245	29.206
4246	28.412
4247	28.824
4248	27.647
4249	28.588
4250	28.676
4251	29.029
4252	29.265
4253	29.206
4254	28.029
4255	27.912
4256	28.382
4257	29.147
4258	29.794
4259	27.735
4260	28.735
4261	30.059
4262	28.5
4263	27.794
4264	28.265
4265	28.412
4266	28.529
4267	27.941
4268	28.971
4269	28.765
4270	29.029
4271	29.824
4272	27
4273	28.294
4274	27.706
4275	29.5
4276	28.853
4277	28.441
4278	28.559
4279	29.647
4280	28
4281	29.088
4282	28.235
4283	28.118
4284	29.706
4285	28.529
4286	28.5
4287	29.941
4288	28.588
4289	30.235
4290	29.118
4291	28.5
4292	28.029
4293	29.294
4294	28.059
4295	28.794
4296	29.441
4297	29.735
4298	28.029
4299	28.794
4300	28.588
4301	28.706
4302	29.324
4303	28.206
4304	28.176
4305	28.529
4306	27.765
4307	28.294
4308	28.588
4309	28.706
4310	27.735
4311	29.176
4312	28.588
4313	29.353
4314	28.647
4315	28.971
4316	27.382
4317	27.941
4318	28.735
4319	28.824
4320	27.618
4321	30
4322	29.324
4323	29.706
4324	28.912
4325	29.735
4326	27.676
4327	29
4328	27.735
4329	28.412
4330	28.059
4331	27.912
4332	27.5
4333	29.235
4334	29.353
4335	27.853
4336	27.265
4337	28.441
4338	27.353
4339	28.324
4340	28
4341	27.441
4342	28.765
4343	28.324
4344	27.971
4345	28.471
4346	29.647
4347	28.941
4348	27.765
4349	29.647
4350	29.647
4351	29.176
4352	29.5
4353	28.176
4354	27.882
4355	29.971
4356	28.088
4357	28.235
4358	28.265
4359	29.059
4360	29.618
4361	29.735
4362	29.029
4363	28.382
4364	28.647
4365	28.971
4366	28.559
4367	28.765
4368	28.412
4369	29.059
4370	28.559
4371	27.647
4372	28.647
4373	27.971
4374	29.294
4375	27.324
4376	28.912
4377	28.5
4378	29.235
4379	29.441
4380	28.529
4381	27.353
4382	28.118
4383	28.059
4384	27.5
4385	27.765
4386	28
4387	27.441
4388	28.471
4389	27.529
4390	29.059
4391	29.294
4392	28.529
4393	28.853
4394	28.676
4395	28.794
4396	28.147
4397	29.324
4398	28.412
4399	27.118
4400	27.765
4401	28.118
4402	28.941
4403	28.588
4404	27.971
4405	28.147
4406	27.588
4407	28.324
4408	28.147
4409	29.441
4410	29.176
4411	28.824
4412	29
4413	28.676
4414	28.941
4415	27.471
4416	27.235
4417	29.176
4418	27.676
4419	27.353
4420	27.882
4421	28.882
4422	27.265
4423	27.912
4424	27.529
4425	28.676
4426	27.941
4427	28.029
4428	27.265
4429	29.412
4430	28.353
4431	27.265
4432	27.029
4433	28.088
4434	27.618
4435	28.176
4436	29.324
4437	27.794
4438	27.941
4439	29.824
4440	27.529
4441	28.618
4442	28.147
4443	26.794
4444	28.029
4445	29.176
4446	27.765
4447	28.353
4448	27.529
4449	28.118
4450	27.294
4451	29.176
4452	28.147
4453	27.618
4454	28.588
4455	29.176
4456	26.706
4457	28.294
4458	28.059
4459	29.235
4460	27
4461	29.147
4462	29.647
4463	29.971
4464	30.294
4465	30.412
4466	30.059
4467	31.882
4468	32.353
4469	31.912
4470	32.441
4471	32.529
4472	32.353
4473	32.088
4474	33.647
4475	33.265
4476	33.088
4477	33.618
4478	33.824
4479	33.147
4480	33.5
4481	34.735
4482	33.353
4483	33.147
4484	31.088
4485	33
4486	32.588
4487	32.088
4488	31
4489	31.794
4490	31.765
4491	32.912
4492	31.824
4493	30.353
4494	31.618
4495	31.147
4496	29.647
4497	30.706
4498	31.029
4499	31.588
4500	30.941
4501	31.382
4502	30
4503	31.353
4504	30.529
4505	30.588
4506	31.294
4507	32.647
4508	31
4509	31.618
4510	30.529
4511	29.706
4512	31.118
4513	30.265
4514	30.176
4515	29.706
4516	30.176
4517	32.206
4518	30.324
4519	30
4520	31.206
4521	29.441
4522	30.235
4523	31.882
4524	30.412
4525	30
4526	30.5
4527	29.324
4528	29.353
4529	29
4530	29.294
4531	30.235
4532	28.294
4533	31.353
4534	30.235
4535	29.941
4536	29.176
4537	28.676
4538	28.853
4539	28.471
4540	29.294
4541	28.265
4542	28.235
4543	29.265
4544	28.559
4545	28.059
4546	29.588
4547	29.559
4548	30.471
4549	30.118
4550	29.235
4551	29.618
4552	29.353
4553	29.588
4554	29.265
4555	28.265
4556	28.824
4557	29.706
4558	28.588
4559	29.471
4560	29.206
4561	29.412
4562	29.382
4563	28.618
4564	27.588
4565	29.912
4566	28.912
4567	28.324
4568	28.647
4569	28.382
4570	28
4571	30.176
4572	29.471
4573	28.353
4574	29.618
4575	29.324
4576	28.765
4577	28.676
4578	29.176
4579	28.676
4580	30.235
4581	29.118
4582	29.559
4583	27.912
4584	28.235
4585	29.118
4586	29.324
4587	29.176
4588	28.824
4589	28.618
4590	28.206
4591	28.912
4592	28.647
4593	29.941
4594	28.147
4595	28.618
4596	29.735
4597	28.265
4598	29.529
4599	27.676
4600	28.559
4601	28.735
4602	28.735
4603	29.618
4604	29.265
4605	28.412
4606	28.029
4607	28.265
4608	29.706
4609	28.912
4610	28.059
4611	28.029
4612	28.265
4613	29.941
4614	28.676
4615	28.235
4616	28.441
4617	28.735
4618	29.912
4619	27.971
4620	27.412
4621	29.618
4622	28.735
4623	28.382
4624	28.382
4625	29.118
4626	28.971
4627	27.206
4628	27.676
4629	28.912
4630	28.176
4631	27.824
4632	28.265
4633	29.059
4634	29.176
4635	28.618
4636	28.529
4637	27.882
4638	28.353
4639	28.735
4640	29.088
4641	27.088
4642	28.147
4643	28.265
4644	27.735
4645	29.147
4646	28.353
4647	28.324
4648	28.676
4649	27.824
4650	28.765
4651	28.912
4652	28.088
4653	29.029
4654	28.912
4655	28.765
4656	28.676
4657	29.265
4658	28.206
4659	28.353
4660	28.471
4661	28.118
4662	29
4663	28.618
4664	29
4665	28.559
4666	27.765
4667	27.559
4668	28.059
4669	28.382
4670	28.029
4671	29.735
4672	29.294
4673	29.824
4674	28.059
4675	29.265
4676	28.5
4677	28.147
4678	28.147
4679	28.176
4680	27.882
4681	28.794
4682	29.147
4683	27.882
4684	28.088
4685	28.206
4686	30.029
4687	28.588
4688	28.941
4689	29.5
4690	27.618
4691	28.941
4692	29.059
4693	29.294
4694	27.765
4695	28.088
4696	28.059
4697	26.559
4698	29.235
4699	28.559
4700	29.618
4701	28.706
4702	27.647
4703	29.206
4704	28.647
4705	29.824
4706	28.647
4707	29.471
4708	28.794
4709	29.324
4710	28.118
4711	29.647
4712	28.529
4713	28.324
4714	27.088
4715	29.176
4716	28.618
4717	27.382
4718	28.647
4719	27.735
4720	28.441
4721	28.382
4722	27.559
4723	28.353
4724	28.176
4725	27.265
4726	28.324
4727	28.059
4728	28.088
4729	27.559
4730	29.029
4731	29.471
4732	30.529
4733	30.941
4734	32.618
4735	31.941
4736	31.618
4737	33.794
4738	32.118
4739	32.206
4740	32.059
4741	31.941
4742	33.294
4743	32.853
4744	33.441
4745	32.853
4746	32.5
4747	32.735
4748	33.529
4749	33.088
4750	33.5
4751	32.735
4752	34.235
4753	32.176
4754	33.118
4755	33.353
4756	33.441
4757	33.059
4758	33.324
4759	31.706
4760	32.382
4761	31.5
4762	32.471
4763	32.618
4764	31.176
4765	31.176
4766	31.5
4767	32.647
4768	30.265
4769	32.235
4770	31.912
4771	31.588
4772	31.088
4773	31.529
4774	30.647
4775	30.912
4776	30.618
4777	30.324
4778	30.735
4779	30.676
4780	30.147
4781	31.588
4782	29.765
4783	30
4784	30.765
4785	31.235
4786	28.735
4787	30.059
4788	30.059
4789	30.618
4790	29.147
4791	30.382
4792	31.118
4793	30.882
4794	29.353
4795	29.824
4796	29.206
4797	29.176
4798	30.176
4799	30.353
4800	29.735
4801	29.118
4802	29.824
4803	29.971
4804	29.706
4805	30.235
4806	30.882
4807	29.529
4808	28.971
4809	29.206
4810	30.912
4811	31.206
4812	30.206
4813	30.265
4814	32.265
4815	33.176
4816	32.912
4817	33.294
4818	32.588
4819	33.676
4820	33.294
4821	33.059
4822	33.912
4823	32.824
4824	32.824
4825	32.647
4826	33.206
4827	32.412
4828	32.824
4829	34
4830	31.853
4831	33.971
4832	32.735
4833	32.029
4834	32.206
4835	31.441
4836	33.206
4837	32.412
4838	31.294
4839	30.441
4840	32.618
4841	31.882
4842	30.824
4843	31.059
4844	31.206
4845	30.176
4846	31.353
4847	31.088
4848	30.647
4849	29.265
4850	31.735
4851	30.529
4852	31.559
4853	31.029
4854	30
4855	30.735
4856	29.529
4857	30.882
4858	29.971
4859	29.765
4860	30.647
4861	31.059
4862	30.882
4863	30.824
4864	29.588
4865	30.412
4866	29.647
4867	28.529
4868	30.706
4869	29.471
4870	28.882
4871	30.147
4872	29
4873	30.706
4874	29.794
4875	29.971
4876	30.265
4877	30.059
4878	29.824
4879	30.765
4880	29.147
4881	29.971
4882	29.147
4883	30.706
4884	30.118
4885	29.588
4886	30.882
4887	29.029
4888	29.824
4889	29.265
4890	28.794
4891	30.441
4892	28.088
4893	27.824
4894	28.441
4895	28.912
4896	28.441
4897	28.206
4898	29.618
4899	29.118
4900	28.412
4901	28.971
4902	29.559
4903	29.088
4904	28.618
4905	28.676
4906	27.941
4907	29.059
4908	28.441
4909	27.088
4910	27.618
4911	29
4912	28.353
4913	29.971
4914	29.647
4915	27.912
4916	29.441
4917	28.324
4918	28.912
4919	28.471
4920	28.824
4921	27.147
4922	27.618
4923	28.941
4924	28.118
4925	28.206
4926	28.882
4927	28.912
4928	28.059
4929	28.441
4930	26.735
4931	28.941
4932	28.971
4933	28.441
4934	28.353
4935	27.912
4936	27.912
4937	28.353
4938	29.088
4939	29.353
4940	29.735
4941	28.941
4942	28.235
4943	28.206
4944	27.559
4945	29.412
4946	27.912
4947	27.529
4948	28.206
4949	28.912
4950	27.059
4951	28.265
4952	27.382
4953	29.912
4954	27.765
4955	30.265
4956	28.706
4957	28.294
4958	28.118
4959	28.265
4960	28.176
4961	29.412
4962	29.147
4963	29.441
4964	27.529
4965	27.765
4966	29.529
4967	27.559
4968	29.176
4969	27.824
4970	26.235
4971	29.294
4972	29.029
4973	27.765
4974	27.441
4975	29.059
4976	27.706
4977	28.529
4978	28.441
4979	27.382
4980	27.941
4981	27.971
4982	29.206
4983	29.412
4984	27.529
4985	28.824
4986	28.324
4987	28.882
4988	28.088
4989	27.941
4990	28.676
4991	28.882
4992	28.912
4993	27.294
4994	28.471
4995	28.206
4996	29.618
4997	27.441
4998	28.029
4999	27.353
5000	27.529
5001	27.324
5002	27.882
5003	29.147
5004	27.588
5005	27.912
5006	27.824
5007	27.971
5008	28.324
5009	29.324
5010	27.353
5011	28.941
5012	27.324
5013	27.029
5014	28.088
5015	28.412
5016	28.471
5017	28.794
5018	28.735
5019	26.824
5020	27.265
5021	28.412
5022	28.353
5023	28.765
5024	29.382
5025	31
5026	29.412
5027	31
5028	31.176
5029	30.853
5030	29.971
5031	32.735
5032	31.588
5033	31.676
5034	33.088
5035	33.176
5036	34.882
5037	34.735
5038	33.529
5039	32.324
5040	32.5
5041	31.735
5042	33
5043	32.647
5044	32.206
5045	32.853
5046	30.735
5047	31.971
5048	33.735
5049	33.088
5050	32.176
5051	33.941
5052	31.029
5053	31.647
5054	31.353
5055	31.059
5056	30.941
5057	31.941
5058	31.471
5059	30.176
5060	31.265
5061	30.912
5062	31.618
5063	30.794
5064	31.118
5065	31.118
5066	29.147
5067	29.882
5068	29.765
5069	29.794
5070	30.441
5071	30.735
5072	31.441
5073	31.118
5074	30.176
5075	30
5076	29.088
5077	30.353
5078	30.588
5079	29.382
5080	29.353
5081	28.912
5082	28.706
5083	29.735
5084	29.912
5085	28.824
5086	29.353
5087	28.706
5088	30.441
5089	29.912
5090	30.794
5091	28.706
5092	29.294
5093	27.706
5094	29.206
5095	29.118
5096	28.088
5097	29.353
5098	28.706
5099	29.324
5100	28.735
5101	29.5
5102	29.294
5103	29.529
5104	29.059
5105	30.088
5106	28.029
5107	29.324
5108	29.824
5109	28.441
5110	29.147
5111	29.676
5112	28.176
5113	26.5
5114	29.353
5115	27.882
5116	28.471
5117	28.412
5118	27.059
5119	27.5
5120	27.412
5121	28.529
5122	28.412
5123	28.971
5124	28.706
5125	28.853
5126	29.176
5127	28.471
5128	27.853
5129	28.176
5130	28.176
5131	29.265
5132	28.059
5133	28.676
5134	28.176
5135	28.147
5136	27.853
5137	27.471
5138	28.794
5139	29.176
5140	27.529
5141	28.882
5142	29.088
5143	29.029
5144	29.206
5145	27.5
5146	29.176
5147	28.529
5148	29.941
5149	28.029
5150	27.412
5151	30.294
5152	27.765
5153	27.647
5154	26.235
5155	27.765
5156	27.118
5157	27.382
5158	28.294
5159	28.294
5160	28.382
5161	30.265
5162	29.118
5163	29.412
5164	29.941
5165	30.912
5166	31.294
5167	31.206
5168	31.794
5169	32.147
5170	33.265
5171	32.324
5172	32.765
5173	32.559
5174	32.265
5175	30.882
5176	30.824
5177	32.588
5178	32.412
5179	31.735
5180	30.853
5181	31.441
5182	30.265
5183	31.971
5184	30.882
5185	30.059
5186	31.176
5187	31.176
5188	30.206
5189	29.882
5190	30.235
5191	31.353
5192	29.529
5193	30.471
5194	30.353
5195	30.353
5196	29.676
5197	29.735
5198	30.588
5199	29.206
5200	28.853
5201	30.265
5202	29.647
5203	30.912
5204	30.088
5205	28.412
5206	30.206
5207	28.676
5208	30.265
5209	30.382
5210	29.324
5211	29.971
5212	28.941
5213	30.118
5214	28.618
5215	30.647
5216	27.412
5217	28.176
5218	28.235
5219	28.706
5220	28.676
5221	28.824
5222	28.912
5223	28.265
5224	29.353
5225	29.618
5226	28.265
5227	29.765
5228	29.588
5229	28.265
5230	27.471
5231	27.765
5232	28.529
5233	28.088
5234	30.294
5235	28.824
5236	29.559
5237	28.382
5238	27.029
5239	29.441
5240	27.853
5241	28.941
5242	28.118
5243	27.118
5244	27.735
5245	28.294
