0,038	0,006536
0,076	0,003851
0,114	0,003632
0,152	0,003126
0,19	0,0018
0,228	0,000829
0,266	-0,001746
0,304	-0,001135
0,342	-0,002919
0,38	-0,00031
0,418	-0,000922
0,456	-0,00048
0,494	-0,001165
0,532	-0,001649
0,57	-0,000032
0,608	-0,000609
0,646	0,002653
0,684	0,003645
0,722	0,005101
0,76	0,005837
0,798	0,004182
0,836	0,002754
0,874	0,000997
0,912	-0,001171
0,95	-0,001541
0,988	-0,002181
1,026	-0,00339
1,064	-0,002446
1,102	-0,002513
1,14	-0,002311
1,178	-0,002956
1,216	-0,00237
1,254	-0,001698
1,292	-0,002197
1,33	-0,000141
1,368	-0,000775
1,406	-0,001699
1,444	-0,001346
1,482	0,002102
1,52	0,000927
1,558	0,000244
1,596	-0,002729
1,634	-0,000758
1,672	0,000642
1,71	0,001122
1,748	0,000563
1,786	0,001006
1,824	0,000518
1,862	0,00158
1,9	0,002539
1,938	0,000892
1,976	-0,002258
2,014	-0,001813
2,052	-0,003506
2,09	-0,004406
2,128	-0,005166
2,166	-0,002041
2,204	-0,002516
2,242	0,000777
2,28	0,000994
2,318	-0,000851
2,356	-0,000911
2,394	-0,002954
2,432	-0,005288
2,47	-0,003677
2,508	-0,003472
2,546	0,000553
2,584	0,004139
2,622	0,017752
2,66	0,027581
2,698	0,039473
2,736	0,046873
2,774	0,055366
2,812	0,063759
2,85	0,072107
2,888	0,078473
2,926	0,085591
2,964	0,091147
3,002	0,095689
3,04	0,098418
3,078	0,101276
3,116	0,101606
3,154	0,101506
3,192	0,099005
3,23	0,093131
3,268	0,090733
3,306	0,082689
3,344	0,078494
3,382	0,072048
3,42	0,070769
3,458	0,069958
3,496	0,069569
3,534	0,063118
3,572	0,058092
3,61	0,056778
3,648	0,055486
3,686	0,055114
3,724	0,053769
3,762	0,054638
3,8	0,05217
3,838	0,051137
3,876	0,053299
3,914	0,050343
3,952	0,050258
3,99	0,047903
4,028	0,044984
4,066	0,042294
4,104	0,039028
4,142	0,040867
4,18	0,039897
4,218	0,039998
4,256	0,042233
4,294	0,042179
4,332	0,04037
4,37	0,039012
4,408	0,038722
4,446	0,038205
4,484	0,032995
4,522	0,033051
4,56	0,031192
4,598	0,02962
4,636	0,030296
4,674	0,029333
4,712	0,026214
4,75	0,024671
4,788	0,021973
4,826	0,01943
4,864	0,019128
4,902	0,021757
4,94	0,019669
4,978	0,019192
5,016	0,023026
5,054	0,02159
5,092	0,022658
5,13	0,022986
5,168	0,022672
5,206	0,020532
5,244	0,018958
5,282	0,016545
5,32	0,018681
5,358	0,018132
5,396	0,019503
5,434	0,018005
5,472	0,016467
5,51	0,016462
5,548	0,013024
5,586	0,012145
5,624	0,013458
5,662	0,011368
5,7	0,009168
5,738	0,004458
5,776	0,002346
5,814	-0,000024
5,852	-0,000048
5,89	0,002469
5,928	0,000523
5,966	0,00024
6,004	0,00165
6,042	0,001147
6,08	0,001591
6,118	0,001094
6,156	-0,00202
6,194	-0,002111
6,232	-0,004374
6,27	-0,002649
6,308	-0,002641
6,346	-0,002466
6,384	-0,002362
6,422	-0,006506
6,46	-0,009597
6,498	-0,008841
6,536	-0,005696
6,574	-0,006669
6,612	-0,005961
6,65	-0,00154
6,688	-0,001255
6,726	0,000702
6,764	0,001581
6,802	0,003333
6,84	-0,000015
6,878	0,002639
6,916	0,003678
6,954	0,002855
6,992	0,002329
7,03	0,001595
7,068	0,004542
7,106	0,003285
7,144	0,002397
7,182	0,003686
7,22	0,005047
7,258	0,005144
7,296	0,004889
7,334	0,003717
7,372	0,001579
7,41	0,000894
7,448	0,003324
7,486	0,003089
7,524	-0,001159
7,562	0,002592
7,6	-0,000684
7,638	-0,002278
7,676	-0,002546
7,714	-0,002517
7,752	-0,002519
7,79	-0,001716
7,828	0,001599
7,866	0,001433
7,904	0,001929
7,942	0,001444
7,98	0,002543
8,018	0,003633
8,056	0,000755
8,094	0,000046
8,132	-0,000882
8,17	-0,002202
8,208	0,000432
8,246	0,000324
8,284	0,000833
8,322	0,002581
8,36	0,000837
8,398	0,000683
8,436	-0,000583
8,474	-0,001623
8,512	-0,003382
8,55	-0,00344
8,588	-0,000282
8,626	0,003283
8,664	0,002598
8,702	0,003439
8,74	0,00092
8,778	-0,003826
8,816	-0,000121
8,854	-0,002707
8,892	-0,000796
8,93	-0,002644
8,968	-0,003917
9,006	-0,004188
9,044	-0,0037
9,082	-0,00491
9,12	-0,003558
9,158	-0,002939
9,196	-0,001775
9,234	-0,002111
9,272	0,000805
9,31	0,000876
9,348	0,000469
9,386	-0,001205
9,424	-0,001736
9,462	-0,002746
9,5	-0,00454
9,538	-0,005345
9,576	-0,006655
9,614	-0,004166
9,652	0,007153
9,69	0,018671
9,728	0,027354
9,766	0,0392
9,804	0,052549
9,842	0,064246
9,88	0,07126
9,918	0,081618
9,956	0,087522
9,994	0,092248
10,032	0,094708
10,07	0,097735
10,108	0,09767
10,146	0,098676
10,184	0,100915
10,222	0,099674
10,26	0,098272
10,298	0,095688
10,336	0,093908
10,374	0,092721
10,412	0,087696
10,45	0,087454
10,488	0,083874
10,526	0,080149
10,564	0,078817
10,602	0,078455
10,64	0,078756
10,678	0,078662
10,716	0,073944
10,754	0,070183
10,792	0,071758
10,83	0,070061
10,868	0,064819
10,906	0,06202
10,944	0,063026
10,982	0,061454
11,02	0,060121
11,058	0,060176
11,096	0,054773
11,134	0,05191
11,172	0,0515
11,21	0,046693
11,248	0,04911
11,286	0,046991
11,324	0,04636
11,362	0,043741
11,4	0,037662
11,438	0,038013
11,476	0,035091
11,514	0,036729
11,552	0,036167
11,59	0,034584
11,628	0,036354
11,666	0,03478
11,704	0,031661
11,742	0,029393
11,78	0,025002
11,818	0,024723
11,856	0,023865
11,894	0,021165
11,932	0,021412
11,97	0,022039
12,008	0,02102
12,046	0,02231
12,084	0,023135
12,122	0,021548
12,16	0,023591
12,198	0,022523
12,236	0,022443
12,274	0,021365
12,312	0,019645
12,35	0,017507
12,388	0,015002
12,426	0,015799
12,464	0,015984
12,502	0,014099
12,54	0,015151
12,578	0,015254
12,616	0,012876
12,654	0,013116
12,692	0,010581
12,73	0,009998
12,768	0,010927
12,806	0,011821
12,844	0,009878
12,882	0,008579
12,92	0,008658
12,958	0,006336
12,996	0,006166
13,034	0,008726
13,072	0,008547
13,11	0,006478
13,148	0,005278
13,186	0,002472
13,224	0,002436
13,262	0,001013
13,3	0,001153
13,338	-0,001859
13,376	-0,004107
13,414	-0,003143
13,452	0,000416
13,49	-0,000199
13,528	0,001604
13,566	0,001933
13,604	0,0032
13,642	0,000729
13,68	-0,000315
13,718	-0,001605
13,756	-0,001737
13,794	-0,001845
13,832	-0,003492
13,87	-0,003734
13,908	-0,004511
13,946	-0,004644
13,984	-0,007238
14,022	-0,007236
14,06	-0,008294
14,098	-0,010126
14,136	-0,011591
14,174	-0,01045
14,212	-0,009143
14,25	-0,008605
14,288	-0,010171
14,326	-0,009636
14,364	-0,006351
14,402	-0,003935
14,44	-0,002975
14,478	-0,004971
14,516	-0,003574
14,554	-0,005668
14,592	-0,006001
14,63	-0,006557
14,668	-0,0032
14,706	-0,000912
14,744	-0,001123
14,782	0,001292
14,82	-0,000042
14,858	-0,00273
14,896	-0,004474
14,934	-0,002314
14,972	-0,001938
15,01	-0,001216
15,048	-0,002839
15,086	-0,003563
15,124	-0,001616
15,162	-0,002298
15,2	-0,001615
15,238	-0,001204
15,276	-0,001758
15,314	0,004753
15,352	0,004404
15,39	0,00459
15,428	0,004548
15,466	0,002037
15,504	0,001414
15,542	0,000912
15,58	0,000756
15,618	-0,000097
15,656	0,000368
15,694	0,002276
15,732	0,00408
15,77	0,006534
15,808	0,006716
15,846	0,009584
15,884	0,008699
15,922	0,008644
15,96	0,007414
15,998	0,007776
16,036	0,008399
16,074	0,017222
16,112	0,024397
16,15	0,033546
16,188	0,043978
16,226	0,056176
16,264	0,067198
16,302	0,073203
16,34	0,082331
16,378	0,087261
16,416	0,089308
16,454	0,091961
16,492	0,092334
16,53	0,091455
16,568	0,094601
16,606	0,094045
16,644	0,09229
16,682	0,089997
16,72	0,085395
16,758	0,083453
16,796	0,081039
16,834	0,078271
16,872	0,075809
16,91	0,074933
16,948	0,075023
16,986	0,072919
17,024	0,071813
17,062	0,069354
17,1	0,066897
17,138	0,062861
17,176	0,061914
17,214	0,059233
17,252	0,056172
17,29	0,055538
17,328	0,058884
17,366	0,058511
17,404	0,054076
17,442	0,053456
17,48	0,052228
17,518	0,049797
17,556	0,049814
17,594	0,047394
17,632	0,04605
17,67	0,044929
17,708	0,044275
17,746	0,039471
17,784	0,038547
17,822	0,035137
17,86	0,034414
17,898	0,033525
17,936	0,033658
17,974	0,032559
18,012	0,029705
18,05	0,028279
18,088	0,028037
18,126	0,026842
18,164	0,028726
18,202	0,029537
18,24	0,02833
18,278	0,025385
18,316	0,025076
18,354	0,024664
18,392	0,029188
18,43	0,029427
18,468	0,024923
18,506	0,022461
18,544	0,019547
18,582	0,021035
18,62	0,021676
18,658	0,021933
18,696	0,022608
18,734	0,020701
18,772	0,018954
18,81	0,016114
18,848	0,01486
18,886	0,012011
18,924	0,011384
18,962	0,010885
19	0,008925
19,038	0,007123
19,076	0,007175
19,114	0,006068
19,152	0,004983
19,19	0,004197
19,228	0,007923
19,266	0,003431
19,304	0,003776
19,342	0,005504
19,38	0,00597
19,418	0,005774
19,456	0,0087
19,494	0,010752
19,532	0,007821
19,57	0,00569
19,608	0,005513
19,646	0,005837
19,684	0,005216
19,722	0,005626
19,76	0,004764
19,798	0,006058
19,836	0,006839
19,874	0,006711
19,912	0,006911
19,95	0,006025
19,988	0,001871
20,026	0,00241
20,064	0,000912
20,102	0,001185
20,14	0,001085
20,178	-0,001868
20,216	0,000018
20,254	-0,001624
20,292	-0,00126
20,33	-0,002865
20,368	-0,003901
20,406	-0,005584
20,444	-0,005145
20,482	-0,00771
20,52	-0,007858
20,558	-0,010136
20,596	-0,010432
20,634	-0,009091
20,672	-0,009017
20,71	-0,007605
20,748	-0,008418
20,786	-0,007147
20,824	-0,005275
20,862	-0,006626
20,9	-0,006401
20,938	-0,004452
20,976	-0,004554
21,014	-0,004422
21,052	-0,007821
21,09	-0,003855
21,128	-0,003872
21,166	-0,003852
21,204	-0,004925
21,242	-0,004615
21,28	-0,005097
21,318	-0,004162
21,356	-0,004445
21,394	-0,003134
21,432	-0,004764
21,47	-0,007276
21,508	-0,0076
21,546	-0,007523
21,584	-0,007112
21,622	-0,004384
21,66	-0,001217
21,698	-0,003467
21,736	-0,004353
21,774	-0,005731
21,812	-0,004525
21,85	-0,001917
21,888	-0,003225
21,926	-0,000973
21,964	0,000348
22,002	0,002238
22,04	-0,000025
22,078	-0,002198
22,116	-0,00352
22,154	-0,002094
22,192	-0,002238
22,23	0,000555
22,268	-0,000393
22,306	-0,001966
22,344	-0,003275
22,382	-0,003187
22,42	-0,00205
22,458	0,000734
22,496	-0,003496
22,534	-0,004877
22,572	-0,005384
22,61	-0,006658
22,648	-0,005946
22,686	-0,00575
22,724	-0,00952
22,762	-0,009322
22,8	-0,008882
22,838	-0,007252
22,876	-0,005098
22,914	-0,002085
22,952	0,001637
22,99	0,010128
23,028	0,014383
23,066	0,026147
23,104	0,035274
23,142	0,048099
23,18	0,059485
23,218	0,071022
23,256	0,080244
23,294	0,085594
23,332	0,090503
23,37	0,09416
23,408	0,094511
23,446	0,092936
23,484	0,093422
23,522	0,094975
23,56	0,093861
23,598	0,09306
23,636	0,090671
23,674	0,090799
23,712	0,089179
23,75	0,08455
23,788	0,083248
23,826	0,082747
23,864	0,078936
23,902	0,072915
23,94	0,073476
23,978	0,074093
24,016	0,071736
24,054	0,070185
24,092	0,06589
24,13	0,065323
24,168	0,06085
24,206	0,059497
24,244	0,059661
24,282	0,057957
24,32	0,055949
24,358	0,056957
24,396	0,055737
24,434	0,052674
24,472	0,047336
24,51	0,045266
24,548	0,046185
24,586	0,044855
24,624	0,044576
24,662	0,043177
24,7	0,043551
24,738	0,039176
24,776	0,03911
24,814	0,037033
24,852	0,035673
24,89	0,033093
24,928	0,033093
24,966	0,032386
25,004	0,029814
25,042	0,027438
25,08	0,028494
25,118	0,028838
25,156	0,028201
25,194	0,027285
25,232	0,027739
25,27	0,025664
25,308	0,02363
25,346	0,025075
25,384	0,025455
25,422	0,026518
25,46	0,023669
25,498	0,021239
25,536	0,021925
25,574	0,020109
25,612	0,020911
25,65	0,020664
25,688	0,021239
25,726	0,01856
25,764	0,019271
25,802	0,021165
25,84	0,023616
25,878	0,023132
25,916	0,020542
25,954	0,018618
25,992	0,018809
26,03	0,014882
26,068	0,015328
26,106	0,013564
26,144	0,013298
26,182	0,013289
26,22	0,011492
26,258	0,011005
26,296	0,011396
26,334	0,011604
26,372	0,011494
26,41	0,01133
26,448	0,0124
26,486	0,010971
26,524	0,007332
26,562	0,007961
26,6	0,007728
26,638	0,005871
26,676	0,003383
26,714	0,001366
26,752	0,000448
26,79	-0,000962
26,828	0,002023
26,866	0,001117
26,904	0,000543
26,942	-0,00179
26,98	-0,003013
27,018	-0,003454
27,056	-0,00565
27,094	-0,005527
27,132	-0,004225
27,17	-0,009955
27,208	-0,009196
27,246	-0,008992
27,284	-0,009144
27,322	-0,006062
27,36	-0,002702
27,398	-0,000278
27,436	-0,004109
27,474	-0,006231
27,512	-0,002129
27,55	0,000407
27,588	-0,000542
27,626	-0,001518
27,664	0,001409
27,702	0,003218
27,74	0,001836
27,778	0,002768
27,816	-0,001247
27,854	-0,000514
27,892	-0,000169
27,93	0,00103
27,968	-0,000675
28,006	-0,002981
28,044	-0,006561
28,082	-0,008918
28,12	-0,008172
28,158	-0,009451
28,196	-0,007484
28,234	-0,006448
28,272	-0,005545
28,31	-0,004681
28,348	-0,002928
28,386	-0,003349
28,424	-0,005395
28,462	-0,006873
28,5	-0,008629
28,538	-0,006101
28,576	-0,006068
28,614	-0,005437
28,652	-0,003319
28,69	-0,00185
28,728	-0,005831
28,766	-0,007037
28,804	-0,003061
28,842	0,004778
28,88	0,01806
28,918	0,02702
28,956	0,035747
28,994	0,047558
29,032	0,055725
29,07	0,064614
29,108	0,076413
29,146	0,083287
29,184	0,087505
29,222	0,08831
29,26	0,091314
29,298	0,09407
29,336	0,093839
29,374	0,092061
29,412	0,090502
29,45	0,092825
29,488	0,095978
29,526	0,094825
29,564	0,08818
29,602	0,08647
29,64	0,085318
29,678	0,079883
29,716	0,077357
29,754	0,076099
29,792	0,074354
29,83	0,073813
29,868	0,06838
29,906	0,064925
29,944	0,063896
29,982	0,061981
30,02	0,060404
30,058	0,057931
30,096	0,05689
30,134	0,05586
30,172	0,050194
30,21	0,050365
30,248	0,047766
30,286	0,048403
30,324	0,049618
30,362	0,048093
30,4	0,046375
30,438	0,044671
30,476	0,039197
30,514	0,03856
30,552	0,036789
30,59	0,034505
30,628	0,030799
30,666	0,031804
30,704	0,031534
30,742	0,030672
30,78	0,027035
30,818	0,027454
30,856	0,027663
30,894	0,027555
30,932	0,031254
30,97	0,031142
31,008	0,030124
31,046	0,029356
31,084	0,027151
31,122	0,02597
31,16	0,028926
31,198	0,027945
31,236	0,027674
31,274	0,025771
31,312	0,026664
31,35	0,02544
31,388	0,024321
31,426	0,022217
31,464	0,026249
31,502	0,023993
31,54	0,02278
31,578	0,017703
31,616	0,019017
31,654	0,019988
31,692	0,016335
31,73	0,013563
31,768	0,012024
31,806	0,010796
31,844	0,008341
31,882	0,009674
31,92	0,0054
31,958	0,006123
31,996	0,007755
32,034	0,007701
32,072	0,008105
32,11	0,00804
32,148	0,010254
32,186	0,008847
32,224	0,008853
32,262	0,007474
32,3	0,005271
32,338	0,003204
32,376	0,000543
32,414	-0,003036
32,452	-0,00432
32,49	-0,004733
32,528	-0,003218
32,566	-0,004835
32,604	-0,004878
32,642	-0,00529
32,68	-0,005651
32,718	-0,003977
32,756	0,000731
32,794	0,001123
32,832	0,002742
32,87	0,005556
32,908	0,005693
32,946	0,001657
32,984	0,000534
33,022	0,000363
33,06	-0,000265
33,098	-0,003409
33,136	-0,005606
33,174	-0,003139
33,212	-0,000007
33,25	-0,003584
33,288	-0,00185
33,326	-0,00366
33,364	-0,004274
33,402	-0,00586
33,44	-0,005683
33,478	-0,002555
33,516	-0,002184
33,554	-0,001673
33,592	-0,001941
33,63	-0,003208
33,668	-0,002845
33,706	0,000151
33,744	0,000869
33,782	-0,000158
33,82	-0,000313
33,858	0,000576
33,896	-0,001811
33,934	-0,003056
33,972	-0,001752
34,01	0,000416
34,048	0,000618
34,086	0,000228
34,124	-0,003366
34,162	-0,003936
34,2	-0,003181
34,238	-0,002758
34,276	-0,00268
34,314	-0,003748
34,352	0,000201
34,39	0,002627
34,428	0,002499
34,466	0,002011
34,504	0,001616
34,542	0,004481
34,58	0,00486
34,618	0,006361
34,656	0,003039
34,694	0,000901
34,732	0,003214
34,77	0,001419
34,808	-0,001025
34,846	-0,002328
34,884	-0,003258
34,922	-0,002482
34,96	-0,00062
34,998	-0,001176
35,036	0,000626
35,074	0,002413
35,112	-0,000712
35,15	0,00007
35,188	0,000476
35,226	0,001787
35,264	0,000053
35,302	0,001629
35,34	-0,000241
35,378	0,000683
35,416	0,002888
35,454	0,005899
35,492	0,011547
35,53	0,016947
35,568	0,029439
35,606	0,038609
35,644	0,047352
35,682	0,056244
35,72	0,063146
35,758	0,072373
35,796	0,077729
35,834	0,084281
35,872	0,081228
35,91	0,082712
35,948	0,086629
35,986	0,090273
36,024	0,095619
36,062	0,101267
36,1	0,106163
36,138	0,106605
36,176	0,110052
36,214	0,111945
36,252	0,111473
36,29	0,112589
36,328	0,109148
36,366	0,109632
36,404	0,10896
36,442	0,107512
36,48	0,104241
36,518	0,102895
36,556	0,098344
36,594	0,098769
36,632	0,0964
36,67	0,095193
36,708	0,093587
36,746	0,091078
36,784	0,086496
36,822	0,08521
36,86	0,07924
36,898	0,07949
36,936	0,076943
36,974	0,072148
37,012	0,067928
37,05	0,066586
37,088	0,065187
37,126	0,063351
37,164	0,062549
37,202	0,058053
37,24	0,054332
37,278	0,052397
37,316	0,05137
37,354	0,048944
37,392	0,048262
37,43	0,046908
37,468	0,04819
37,506	0,045133
37,544	0,044967
37,582	0,041822
37,62	0,041653
37,658	0,039901
37,696	0,036627
37,734	0,034022
37,772	0,032189
37,81	0,029561
37,848	0,031611
37,886	0,033776
37,924	0,031988
37,962	0,031008
38	0,031667
38,038	0,031632
38,076	0,029015
38,114	0,028657
38,152	0,026613
38,19	0,02373
38,228	0,026094
38,266	0,025012
38,304	0,023171
38,342	0,021499
38,38	0,016946
38,418	0,013155
38,456	0,010532
38,494	0,013369
38,532	0,01603
38,57	0,017126
38,608	0,017391
38,646	0,016479
38,684	0,013289
38,722	0,011417
38,76	0,012816
38,798	0,013939
38,836	0,012496
38,874	0,009542
38,912	0,011568
38,95	0,012608
38,988	0,008574
39,026	0,004353
39,064	0,002891
39,102	-0,00321
39,14	-0,005047
39,178	-0,006082
39,216	-0,006338
39,254	-0,007869
39,292	-0,006216
39,33	-0,003623
39,368	-0,001711
39,406	-0,002143
39,444	-0,003308
39,482	-0,002698
39,52	-0,001079
39,558	-0,004649
39,596	-0,003466
39,634	-0,005227
39,672	-0,006036
39,71	-0,005228
39,748	-0,005961
39,786	-0,007075
39,824	-0,006936
39,862	-0,008722
39,9	-0,007681
39,938	-0,010119
39,976	-0,010508
40,014	-0,009127
40,052	-0,010073
40,09	-0,012116
40,128	-0,013177
40,166	-0,006905
40,204	-0,008641
40,242	-0,005544
40,28	-0,00583
40,318	-0,007166
40,356	-0,008581
40,394	-0,007124
40,432	-0,009819
40,47	-0,004865
40,508	-0,00133
40,546	-0,004252
40,584	-0,002251
40,622	-0,001852
40,66	-0,003137
40,698	-0,001508
40,736	-0,001167
40,774	-0,000779
40,812	-0,000716
40,85	-0,000023
40,888	0,003243
40,926	0,001909
40,964	0,000472
41,002	-0,001197
41,04	-0,001329
41,078	-0,00109
41,116	-0,001915
41,154	-0,002936
41,192	-0,000229
41,23	-0,002456
41,268	-0,00329
41,306	-0,003835
41,344	-0,004429
41,382	-0,00431
41,42	-0,005078
41,458	-0,004344
41,496	-0,006049
41,534	-0,005188
41,572	-0,008004
41,61	-0,007335
41,648	-0,006015
41,686	-0,003292
41,724	-0,004103
41,762	-0,005206
41,8	-0,004491
41,838	-0,004007
41,876	-0,005779
41,914	-0,00649
41,952	-0,006431
41,99	-0,008015
42,028	-0,003436
42,066	-0,000086
42,104	-0,002134
42,142	-0,001776
42,18	-0,000405
42,218	-0,003554
42,256	-0,003349
42,294	0,000538
42,332	0,010665
42,37	0,019542
42,408	0,03054
42,446	0,041116
42,484	0,050293
42,522	0,058857
42,56	0,067345
42,598	0,076205
42,636	0,083341
42,674	0,085678
42,712	0,084982
42,75	0,08591
42,788	0,087455
42,826	0,086463
42,864	0,084059
42,902	0,080921
42,94	0,080258
42,978	0,077291
43,016	0,075972
43,054	0,071189
43,092	0,069381
43,13	0,067242
43,168	0,063629
43,206	0,060682
43,244	0,060068
43,282	0,061274
43,32	0,06308
43,358	0,061643
43,396	0,057157
43,434	0,056609
43,472	0,052386
43,51	0,04908
43,548	0,047874
43,586	0,04441
43,624	0,041877
43,662	0,042582
43,7	0,044006
43,738	0,0461
43,776	0,045768
43,814	0,045354
43,852	0,043055
43,89	0,040394
43,928	0,039067
43,966	0,041096
44,004	0,046449
44,042	0,052232
44,08	0,060547
44,118	0,071615
44,156	0,079985
44,194	0,085867
44,232	0,088088
44,27	0,094037
44,308	0,093769
44,346	0,094604
44,384	0,095044
44,422	0,09356
44,46	0,092006
44,498	0,089341
44,536	0,086482
44,574	0,088079
44,612	0,086534
44,65	0,085692
44,688	0,083283
44,726	0,08041
44,764	0,077043
44,802	0,077012
44,84	0,073202
44,878	0,069424
44,916	0,068654
44,954	0,066508
44,992	0,063858
45,03	0,064911
45,068	0,06062
45,106	0,057066
45,144	0,055395
45,182	0,054744
45,22	0,052771
45,258	0,05303
45,296	0,051588
45,334	0,05081
45,372	0,045739
45,41	0,04239
45,448	0,039148
45,486	0,03138
45,524	0,028453
45,562	0,02603
45,6	0,025611
45,638	0,023651
45,676	0,023967
45,714	0,022926
45,752	0,021201
45,79	0,019987
45,828	0,016703
45,866	0,016989
45,904	0,016559
45,942	0,013975
45,98	0,012353
46,018	0,012211
46,056	0,011018
46,094	0,008463
46,132	0,00806
46,17	0,007626
46,208	0,00625
46,246	0,004496
46,284	0,002903
46,322	0,004932
46,36	0,003486
46,398	0,006955
46,436	0,005208
46,474	0,004123
46,512	0,004518
46,55	-0,000942
46,588	-0,002314
46,626	-0,005143
46,664	-0,004728
46,702	-0,004998
46,74	-0,002022
46,778	-0,001013
46,816	-0,001591
46,854	-0,003845
46,892	-0,002099
46,93	-0,004067
46,968	-0,002587
47,006	-0,00328
47,044	-0,00552
47,082	-0,006933
47,12	-0,007294
47,158	-0,008886
47,196	-0,006023
47,234	-0,006227
47,272	-0,009329
47,31	-0,007063
47,348	-0,007651
47,386	-0,010569
47,424	-0,012268
47,462	-0,011704
47,5	-0,011849
47,538	-0,014665
47,576	-0,010209
47,614	-0,011789
47,652	-0,014782
47,69	-0,010898
47,728	-0,011204
47,766	-0,010633
47,804	-0,007718
47,842	-0,00805
47,88	-0,007542
47,918	-0,012611
47,956	-0,012355
47,994	-0,010035
48,032	-0,008274
48,07	-0,007487
48,108	-0,006642
48,146	-0,005751
48,184	-0,003233
48,222	-0,0032
48,26	-0,003923
48,298	-0,002241
48,336	-0,001858
48,374	-0,002115
48,412	0,000311
48,45	-0,00249
48,488	-0,001231
48,526	-0,002396
48,564	-0,006066
48,602	-0,005182
48,64	-0,002483
48,678	-0,005015
48,716	-0,006661
48,754	-0,007209
48,792	-0,009526
48,83	-0,008851
48,868	-0,009871
48,906	-0,010481
48,944	-0,011808
48,982	-0,010427
49,02	-0,00833
49,058	-0,008801
49,096	-0,008237
49,134	-0,007149
49,172	-0,003699
49,21	-0,005094
49,248	-0,002829
49,286	0,001555
49,324	0,001691
49,362	0,000273
49,4	-0,00156
49,438	-0,002721
49,476	-0,002559
49,514	-0,000286
49,552	0,001188
49,59	-0,000333
49,628	-0,000364
49,666	-0,0031
49,704	-0,002716
49,742	-0,004271
49,78	-0,001309
49,818	-0,000182
49,856	-0,001163
49,894	-0,001808
49,932	-0,000355
49,97	0,001268
50,008	-0,001893
50,046	0,001745
50,084	0,004299
50,122	0,011209
50,16	0,018224
50,198	0,028976
50,236	0,036471
50,274	0,046014
50,312	0,054221
50,35	0,06366
50,388	0,067802
50,426	0,072522
50,464	0,074981
50,502	0,080462
50,54	0,077782
50,578	0,075901
50,616	0,075668
50,654	0,080928
50,692	0,078281
50,73	0,074709
50,768	0,076035
50,806	0,075825
50,844	0,073652
50,882	0,070398
50,92	0,067639
50,958	0,067042
50,996	0,063046
51,034	0,063178
51,072	0,063333
51,11	0,064015
51,148	0,064
51,186	0,061655
51,224	0,058002
51,262	0,055128
51,3	0,050999
51,338	0,048828
51,376	0,045023
51,414	0,04272
51,452	0,040049
51,49	0,040948
51,528	0,038735
51,566	0,038333
51,604	0,038149
51,642	0,035623
51,68	0,033171
51,718	0,032752
51,756	0,03208
51,794	0,031307
51,832	0,033228
51,87	0,033467
51,908	0,034432
51,946	0,031824
51,984	0,029914
52,022	0,027118
52,06	0,025197
52,098	0,026413
52,136	0,026097
52,174	0,023671
52,212	0,024469
52,25	0,025744
52,288	0,028547
52,326	0,026805
52,364	0,026453
52,402	0,020529
52,44	0,019343
52,478	0,018172
52,516	0,019754
52,554	0,019379
52,592	0,01815
52,63	0,015301
52,668	0,012207
52,706	0,012777
52,744	0,012247
52,782	0,006882
52,82	0,006227
52,858	0,005246
52,896	0,007169
52,934	0,003473
52,972	0,005598
53,01	0,006268
53,048	0,005551
53,086	0,010689
53,124	0,009228
53,162	0,004892
53,2	0,002589
53,238	0,005611
53,276	0,007142
53,314	0,008312
53,352	0,007984
53,39	0,007764
53,428	0,007706
53,466	0,007638
53,504	0,006981
53,542	0,010131
53,58	0,006787
53,618	0,006623
53,656	0,008179
53,694	0,008397
53,732	0,006379
53,77	0,006184
53,808	0,008263
53,846	0,009717
53,884	0,00967
53,922	0,005946
53,96	0,004888
53,998	0,006072
54,036	0,006034
54,074	0,004512
54,112	0,004599
54,15	0,002017
54,188	0,002174
54,226	0,000313
54,264	-0,002563
54,302	-0,003955
54,34	-0,002769
54,378	-0,005962
54,416	-0,001796
54,454	-0,001649
54,492	-0,002683
54,53	-0,000402
54,568	-0,000798
54,606	0,002154
54,644	0,004788
54,682	0,002755
54,72	0,004461
54,758	0,004061
54,796	0,005008
54,834	0,002523
54,872	0,00007
54,91	-0,000028
54,948	0,002154
54,986	-0,000986
55,024	-0,003616
55,062	-0,003462
55,1	-0,001727
55,138	-0,000469
55,176	0,001341
55,214	0,004991
55,252	0,006962
55,29	0,010237
55,328	0,008217
55,366	0,007205
55,404	0,006733
55,442	0,00904
55,48	0,009825
55,518	0,00924
55,556	0,007192
55,594	0,003096
55,632	0,001455
55,67	-0,002191
55,708	-0,003419
55,746	-0,004172
55,784	-0,001109
55,822	-0,000558
55,86	-0,00176
55,898	-0,001025
55,936	-0,00127
55,974	-0,000249
56,012	-0,002119
56,05	-0,002483
56,088	-0,002511
56,126	-0,002298
56,164	-0,000354
56,202	0,000615
56,24	0,000558
56,278	-0,000789
56,316	-0,000394
56,354	-0,000163
56,392	0,000187
56,43	0,000053
56,468	-0,000993
56,506	0,001987
56,544	0,001991
56,582	-0,001414
56,62	-0,002934
56,658	-0,000738
56,696	-0,003607
56,734	-0,004465
56,772	-0,004535
56,81	-0,004537
56,848	-0,005978
56,886	-0,004588
56,924	-0,005202
56,962	-0,0047
57	-0,002981
57,038	-0,001058
57,076	0,000485
57,114	0,000211
57,152	-0,001968
57,19	-0,003497
57,228	-0,002585
57,266	-0,001996
57,304	0,00012
57,342	0,002218
57,38	0,001816
57,418	0,002229
57,456	0,004674
57,494	0,004516
57,532	0,004143
57,57	0,004214
57,608	0,006996
57,646	0,009166
57,684	0,009181
57,722	0,009134
57,76	0,009581
57,798	0,00773
57,836	0,007709
57,874	0,00697
57,912	0,005744
57,95	0,005874
57,988	0,010681
58,026	0,008845
58,064	0,006015
58,102	0,004413
58,14	0,003422
58,178	0,002207
58,216	0,004542
58,254	0,01011
58,292	0,018282
58,33	0,024764
58,368	0,034791
58,406	0,044457
58,444	0,058881
58,482	0,068374
58,52	0,075214
58,558	0,078025
58,596	0,082814
58,634	0,08532
58,672	0,085017
58,71	0,086751
58,748	0,086175
58,786	0,082035
58,824	0,08096
58,862	0,078057
58,9	0,07529
58,938	0,072268
58,976	0,071566
59,014	0,070439
59,052	0,06962
59,09	0,066342
59,128	0,062787
59,166	0,06124
59,204	0,057798
59,242	0,057224
59,28	0,05631
59,318	0,056144
59,356	0,057475
59,394	0,052824
59,432	0,050698
59,47	0,045089
59,508	0,046019
59,546	0,042795
59,584	0,041706
59,622	0,039412
59,66	0,039714
59,698	0,039011
59,736	0,037917
59,774	0,040132
59,812	0,035807
59,85	0,035746
59,888	0,032139
59,926	0,031208
59,964	0,030136
60,002	0,027003
60,04	0,023996
60,078	0,025744
60,116	0,02603
60,154	0,023054
60,192	0,021883
60,23	0,025721
60,268	0,026411
60,306	0,025036
60,344	0,024956
60,382	0,023495
60,42	0,020455
60,458	0,019403
60,496	0,019959
60,534	0,017755
60,572	0,016115
60,61	0,013264
60,648	0,010071
60,686	0,012151
60,724	0,012567
60,762	0,012884
60,8	0,014436
60,838	0,015111
60,876	0,014512
60,914	0,012079
60,952	0,013589
60,99	0,01328
61,028	0,009899
61,066	0,01018
61,104	0,009662
61,142	0,010821
61,18	0,010563
61,218	0,011541
61,256	0,009936
61,294	0,009585
61,332	0,010673
61,37	0,007394
61,408	0,006942
61,446	0,005745
61,484	0,006081
61,522	0,007909
61,56	0,005628
61,598	0,008027
61,636	0,003247
61,674	0,00497
61,712	0,002807
61,75	-0,000899
61,788	-0,002135
61,826	-0,001281
61,864	-0,001495
61,902	-0,000877
61,94	-0,001064
61,978	-0,001409
62,016	-0,004288
62,054	-0,00457
62,092	-0,003431
62,13	-0,004101
62,168	-0,007111
62,206	-0,006229
62,244	-0,005987
62,282	0,000907
62,32	0,008789
62,358	0,019966
62,396	0,031793
62,434	0,043795
62,472	0,052147
62,51	0,057478
62,548	0,064683
62,586	0,071323
62,624	0,073479
62,662	0,0782
62,7	0,078184
62,738	0,082236
62,776	0,082285
62,814	0,079784
62,852	0,078166
62,89	0,07264
62,928	0,072711
62,966	0,068402
63,004	0,062068
63,042	0,062202
63,08	0,058854
63,118	0,057406
63,156	0,057274
63,194	0,05389
63,232	0,051131
63,27	0,048308
63,308	0,046561
63,346	0,043954
63,384	0,045127
63,422	0,045228
63,46	0,045393
63,498	0,044294
63,536	0,042367
63,574	0,043665
63,612	0,043612
63,65	0,042623
63,688	0,038669
63,726	0,035069
63,764	0,036772
63,802	0,034862
63,84	0,033101
63,878	0,03278
63,916	0,032739
63,954	0,033512
63,992	0,031964
64,03	0,03193
64,068	0,031613
64,106	0,029052
64,144	0,026459
64,182	0,025008
64,22	0,022495
64,258	0,020893
64,296	0,021908
64,334	0,022385
64,372	0,021138
64,41	0,020328
64,448	0,020719
64,486	0,019364
64,524	0,018354
64,562	0,015438
64,6	0,013498
64,638	0,014126
64,676	0,013623
64,714	0,010906
64,752	0,013593
64,79	0,012164
64,828	0,013322
64,866	0,011613
64,904	0,01031
64,942	0,011815
64,98	0,010702
65,018	0,008081
65,056	0,006662
65,094	0,005761
65,132	0,005117
65,17	0,003044
65,208	0,002642
65,246	0,002061
65,284	0,000163
65,322	0,000726
65,36	-0,003251
65,398	-0,001485
65,436	-0,001431
65,474	-0,00042
65,512	-0,001543
65,55	0,000395
65,588	-0,003657
65,626	-0,002609
65,664	-0,001326
65,702	-0,002446
65,74	0,002052
65,778	0,00736
65,816	0,014729
65,854	0,021027
65,892	0,034923
65,93	0,046037
65,968	0,056386
66,006	0,064015
66,044	0,070121
66,082	0,074272
66,12	0,081964
66,158	0,084021
66,196	0,086466
66,234	0,085534
66,272	0,084221
66,31	0,084056
66,348	0,081581
66,386	0,077381
66,424	0,075959
66,462	0,071674
66,5	0,067253
66,538	0,06422
66,576	0,066256
66,614	0,063808
66,652	0,063764
66,69	0,058165
66,728	0,056354
66,766	0,054273
66,804	0,054203
66,842	0,051476
66,88	0,051198
66,918	0,049579
66,956	0,04993
66,994	0,04557
67,032	0,042294
67,07	0,04061
67,108	0,040426
67,146	0,041598
67,184	0,043045
67,222	0,046372
67,26	0,053122
67,298	0,05941
67,336	0,066085
67,374	0,068502
67,412	0,07644
67,45	0,082759
67,488	0,088321
67,526	0,092455
67,564	0,092327
67,602	0,095848
67,64	0,098399
67,678	0,095641
67,716	0,094936
67,754	0,090397
67,792	0,08675
67,83	0,083879
67,868	0,078717
67,906	0,077301
67,944	0,074079
67,982	0,070716
68,02	0,068447
68,058	0,06525
68,096	0,066341
68,134	0,063214
68,172	0,062018
68,21	0,062643
68,248	0,05957
68,286	0,057539
68,324	0,054905
68,362	0,055289
68,4	0,053364
68,438	0,052374
68,476	0,052434
68,514	0,048989
68,552	0,043525
68,59	0,042253
68,628	0,039331
68,666	0,037942
68,704	0,036627
68,742	0,033529
68,78	0,028423
68,818	0,027391
68,856	0,025555
68,894	0,019498
68,932	0,015441
68,97	0,015377
69,008	0,013982
69,046	0,014502
69,084	0,015305
69,122	0,015804
69,16	0,011994
69,198	0,01502
69,236	0,016498
69,274	0,012137
69,312	0,009423
69,35	0,006844
69,388	0,008469
69,426	0,011403
69,464	0,007757
69,502	0,006588
69,54	0,007796
69,578	0,006719
69,616	0,005136
69,654	0,006283
69,692	0,004771
69,73	0,005325
69,768	0,002672
69,806	0,00305
69,844	0,003879
69,882	0,003744
69,92	-0,000003
69,958	-0,003087
69,996	-0,002716
70,034	-0,001034
70,072	-0,000328
70,11	-0,001664
70,148	-0,003641
70,186	-0,002961
70,224	-0,002432
70,262	-0,004997
70,3	-0,005236
70,338	-0,010398
70,376	-0,009672
70,414	-0,007471
70,452	-0,005422
70,49	-0,004302
70,528	-0,005475
70,566	-0,003071
70,604	-0,003799
70,642	-0,003562
70,68	-0,004199
70,718	-0,005126
70,756	-0,007129
70,794	-0,005845
70,832	-0,005148
70,87	-0,003046
70,908	-0,003201
70,946	-0,00541
70,984	-0,004989
71,022	-0,007343
71,06	-0,003983
71,098	-0,00572
71,136	-0,005999
71,174	-0,00372
71,212	-0,004052
71,25	-0,002237
71,288	-0,002902
71,326	-0,002369
71,364	-0,001828
71,402	-0,005149
71,44	-0,00368
71,478	-0,005363
71,516	-0,008529
71,554	-0,009228
71,592	-0,011066
71,63	-0,012746
71,668	-0,01762
71,706	-0,015707
71,744	-0,012774
71,782	-0,008152
71,82	-0,009596
71,858	-0,008993
71,896	-0,007648
71,934	-0,005655
71,972	-0,007271
72,01	-0,00766
72,048	-0,0052
72,086	-0,007176
72,124	-0,00923
72,162	-0,011198
72,2	-0,012509
72,238	-0,012949
72,276	-0,013183
72,314	-0,011736
72,352	-0,012027
72,39	-0,010262
72,428	-0,00922
72,466	-0,010407
72,504	-0,009198
72,542	-0,007813
72,58	-0,00732
72,618	-0,005204
72,656	-0,00518
72,694	-0,005298
72,732	-0,005687
72,77	-0,004156
72,808	-0,003585
72,846	-0,006806
72,884	-0,005777
72,922	-0,007401
72,96	-0,007568
72,998	-0,006784
73,036	-0,009764
73,074	-0,009945
73,112	-0,007918
73,15	-0,00658
73,188	-0,006074
73,226	-0,004185
73,264	0,001777
73,302	0,006516
73,34	0,014836
73,378	0,025381
73,416	0,032692
73,454	0,041511
73,492	0,049243
73,53	0,054965
73,568	0,05724
73,606	0,061108
73,644	0,064775
73,682	0,067274
73,72	0,06684
73,758	0,069614
73,796	0,067698
73,834	0,066498
73,872	0,066447
73,91	0,060965
73,948	0,059333
73,986	0,05911
74,024	0,060049
74,062	0,055644
74,1	0,054238
74,138	0,053973
74,176	0,055214
74,214	0,052985
74,252	0,053302
74,29	0,049789
74,328	0,04767
74,366	0,045811
74,404	0,045766
74,442	0,044067
74,48	0,046901
74,518	0,048179
74,556	0,045086
74,594	0,043832
74,632	0,042316
74,67	0,041328
74,708	0,038512
74,746	0,037858
74,784	0,037507
74,822	0,036739
74,86	0,033843
74,898	0,034199
74,936	0,032603
74,974	0,032811
75,012	0,033656
75,05	0,031351
75,088	0,027998
75,126	0,028495
75,164	0,028503
75,202	0,024796
75,24	0,023515
75,278	0,021417
75,316	0,023512
75,354	0,021978
75,392	0,021343
75,43	0,019892
75,468	0,019065
75,506	0,019424
75,544	0,017495
75,582	0,015119
75,62	0,0149
75,658	0,015502
75,696	0,012436
75,734	0,01068
75,772	0,011233
75,81	0,008908
75,848	0,006685
75,886	0,006327
75,924	0,008101
75,962	0,007839
76	0,009592
76,038	0,011233
76,076	0,006876
76,114	0,004018
76,152	0,006079
76,19	0,005787
76,228	0,006855
76,266	0,004484
76,304	0,004651
76,342	0,005328
76,38	0,005213
76,418	0,004079
76,456	0,007515
76,494	0,003944
76,532	0,002731
76,57	0,003477
76,608	0,000801
76,646	0,000599
76,684	0,002036
76,722	-0,001813
76,76	-0,002171
76,798	0,000398
76,836	-0,00459
76,874	-0,003774
76,912	-0,004128
76,95	-0,003629
76,988	-0,0025
77,026	0,001267
77,064	0,001995
77,102	0,000165
77,14	0,002937
77,178	0,001536
77,216	0,00132
77,254	-0,001592
77,292	-0,000868
77,33	-0,001738
77,368	-0,001665
77,406	-0,004267
77,444	-0,002099
77,482	-0,001963
77,52	-0,002087
77,558	-0,000937
77,596	-0,001895
77,634	0,001089
77,672	-0,000025
77,71	0,000523
77,748	0,001889
77,786	-0,002019
77,824	-0,002966
77,862	-0,006264
77,9	-0,006113
77,938	-0,004629
77,976	-0,003417
78,014	-0,003543
78,052	-0,001464
78,09	-0,001211
78,128	-0,003164
78,166	-0,00233
78,204	-0,001051
78,242	-0,00108
78,28	-0,004093
78,318	-0,003732
78,356	-0,00292
78,394	-0,002595
78,432	-0,001666
78,47	-0,004974
78,508	-0,005305
78,546	-0,004065
78,584	-0,005178
78,622	-0,004625
78,66	-0,006087
78,698	-0,006196
78,736	-0,004102
78,774	0,000114
78,812	0,002615
78,85	-0,000336
78,888	-0,003886
78,926	-0,001693
78,964	-0,001468
79,002	0,001758
79,04	0,001419
79,078	0,003356
79,116	0,002993
79,154	0,004311
79,192	0,002537
79,23	0,003136
79,268	0,002484
79,306	-0,000025
79,344	0,00314
79,382	0,006294
79,42	0,01295
79,458	0,024341
79,496	0,028589
79,534	0,037611
79,572	0,047333
79,61	0,057636
79,648	0,063296
79,686	0,067617
79,724	0,072024
79,762	0,073288
79,8	0,073371
79,838	0,073931
79,876	0,069951
79,914	0,067297
79,952	0,067237
79,99	0,068803
80,028	0,068946
80,066	0,066262
80,104	0,064794
80,142	0,061714
80,18	0,05898
80,218	0,055824
80,256	0,058116
80,294	0,05594
80,332	0,052233
80,37	0,051001
80,408	0,051482
80,446	0,049451
80,484	0,050018
80,522	0,047984
80,56	0,048023
80,598	0,049256
80,636	0,048861
80,674	0,049846
80,712	0,045273
80,75	0,046841
80,788	0,044813
80,826	0,043547
80,864	0,043699
80,902	0,043491
80,94	0,043208
80,978	0,04043
81,016	0,038357
81,054	0,034733
81,092	0,03368
81,13	0,031202
81,168	0,030013
81,206	0,030901
81,244	0,030702
81,282	0,027283
81,32	0,025687
81,358	0,027325
81,396	0,024716
81,434	0,026
81,472	0,021635
81,51	0,021206
81,548	0,019691
81,586	0,014657
81,624	0,013895
81,662	0,016399
81,7	0,013596
81,738	0,011038
81,776	0,010068
81,814	0,010972
81,852	0,011891
81,89	0,010499
81,928	0,009369
81,966	0,010322
82,004	0,006376
82,042	0,005411
82,08	0,006725
82,118	0,005555
82,156	0,004354
82,194	0,004482
82,232	0,001974
82,27	0,00215
82,308	0,001633
82,346	-0,00017
82,384	0,001039
82,422	0,000927
82,46	-0,000239
82,498	-0,003028
82,536	-0,003196
82,574	-0,002124
82,612	-0,004471
82,65	-0,000598
82,688	-0,000552
82,726	0,001224
82,764	0,000468
82,802	-0,000654
82,84	-0,000543
82,878	-0,000273
82,916	-0,002453
82,954	-0,004456
82,992	-0,004103
83,03	-0,001381
83,068	-0,003403
83,106	-0,002493
83,144	-0,006916
83,182	-0,008442
83,22	-0,005761
83,258	-0,001881
83,296	-0,002633
83,334	-0,00561
83,372	-0,006452
83,41	-0,006996
83,448	-0,005712
83,486	-0,004794
83,524	-0,005498
83,562	-0,008073
83,6	-0,007985
83,638	-0,010429
83,676	-0,008758
83,714	-0,006504
83,752	-0,004823
83,79	-0,004068
83,828	-0,003518
83,866	-0,00423
83,904	-0,004785
83,942	-0,005774
83,98	-0,004901
84,018	-0,005656
84,056	-0,000254
84,094	-0,00122
84,132	-0,001237
84,17	0,001909
84,208	0,00322
84,246	0,001727
84,284	-0,000769
84,322	0,000207
84,36	0,001115
84,398	-0,000074
84,436	-0,00051
84,474	0,002018
84,512	0,001564
84,55	0,000263
84,588	0,004794
84,626	0,004522
84,664	0,001215
84,702	0,000534
84,74	0,002782
84,778	0,002693
84,816	0,003655
84,854	0,006014
84,892	0,003633
84,93	0,002357
84,968	0,005356
85,006	0,006
85,044	0,005864
85,082	0,004667
85,12	0,004555
85,158	0,008218
85,196	0,008045
85,234	0,008555
85,272	0,007588
85,31	0,008875
85,348	0,007717
85,386	0,007071
85,424	0,007678
85,462	0,011215
85,5	0,016043
85,538	0,022696
85,576	0,03109
85,614	0,040317
85,652	0,051106
85,69	0,061523
85,728	0,066901
85,766	0,07454
85,804	0,081097
85,842	0,081461
85,88	0,082526
85,918	0,082276
85,956	0,082225
85,994	0,082909
86,032	0,083252
86,07	0,086569
86,108	0,077698
86,146	0,075505
86,184	0,070815
86,222	0,065345
86,26	0,06472
86,298	0,060913
86,336	0,056059
86,374	0,057531
86,412	0,056408
86,45	0,055103
86,488	0,056182
86,526	0,054353
86,564	0,053332
86,602	0,050295
86,64	0,049409
86,678	0,049095
86,716	0,049315
86,754	0,043994
86,792	0,042755
86,83	0,041753
86,868	0,039466
86,906	0,033883
86,944	0,032421
86,982	0,030697
87,02	0,028911
87,058	0,030212
87,096	0,028887
87,134	0,025427
87,172	0,023908
87,21	0,022935
87,248	0,022299
87,286	0,015442
87,324	0,014699
87,362	0,016485
87,4	0,022824
87,438	0,027906
87,476	0,038712
87,514	0,045566
87,552	0,054022
87,59	0,058783
87,628	0,064478
87,666	0,069319
87,704	0,070432
87,742	0,072314
87,78	0,074905
87,818	0,075434
87,856	0,076671
87,894	0,078158
87,932	0,076492
87,97	0,076671
88,008	0,075549
88,046	0,070628
88,084	0,071158
88,122	0,070162
88,16	0,064843
88,198	0,061543
88,236	0,061595
88,274	0,056749
88,312	0,055668
88,35	0,05436
88,388	0,051101
88,426	0,046536
88,464	0,046335
88,502	0,044571
88,54	0,038594
88,578	0,037157
88,616	0,03708
88,654	0,039817
88,692	0,040431
88,73	0,034918
88,768	0,033608
88,806	0,032006
88,844	0,03345
88,882	0,030847
88,92	0,030122
88,958	0,027597
88,996	0,027836
89,034	0,026785
89,072	0,025415
89,11	0,021582
89,148	0,021974
89,186	0,017744
89,224	0,019409
89,262	0,019702
89,3	0,018562
89,338	0,016797
89,376	0,013931
89,414	0,011172
89,452	0,005868
89,49	0,00184
89,528	0,002563
89,566	0,002792
89,604	0,001313
89,642	0,003599
89,68	0,001044
89,718	-0,000867
89,756	-0,004332
89,794	-0,004464
89,832	-0,002281
89,87	-0,002876
89,908	-0,000484
89,946	-0,000421
89,984	-0,000236
90,022	-0,000832
90,06	0,001799
90,098	0,001139
90,136	-0,001204
90,174	-0,002743
90,212	-0,001896
90,25	-0,001268
90,288	-0,003876
90,326	-0,005537
90,364	-0,00738
90,402	-0,006425
90,44	-0,007994
90,478	-0,006679
90,516	-0,007531
90,554	-0,007976
90,592	-0,010137
90,63	-0,008971
90,668	-0,010853
90,706	-0,010955
90,744	-0,010782
90,782	-0,011621
90,82	-0,013754
90,858	-0,015533
90,896	-0,012782
90,934	-0,012694
90,972	-0,009024
91,01	-0,008584
91,048	-0,009997
91,086	-0,005877
91,124	0,000454
91,162	-0,00478
91,2	-0,00612
91,238	-0,006121
91,276	-0,008595
91,314	-0,013079
91,352	-0,011731
91,39	-0,010567
91,428	-0,010578
91,466	-0,010392
91,504	-0,009368
91,542	-0,005345
91,58	0,003273
91,618	0,011657
91,656	0,024491
91,694	0,034325
91,732	0,043071
91,77	0,050425
91,808	0,054282
91,846	0,059206
91,884	0,063091
91,922	0,067735
91,96	0,068812
91,998	0,073211
92,036	0,073401
92,074	0,071693
92,112	0,066746
92,15	0,064756
92,188	0,064945
92,226	0,06081
92,264	0,06055
92,302	0,060127
92,34	0,058054
92,378	0,055146
92,416	0,053171
92,454	0,05447
92,492	0,05219
92,53	0,050431
92,568	0,046906
92,606	0,044267
92,644	0,041225
92,682	0,036673
92,72	0,037274
92,758	0,037141
92,796	0,037308
92,834	0,036662
92,872	0,034585
92,91	0,037046
92,948	0,039398
92,986	0,038246
93,024	0,03643
93,062	0,03524
93,1	0,032442
93,138	0,029906
93,176	0,028385
93,214	0,028727
93,252	0,027119
93,29	0,027123
93,328	0,028309
93,366	0,028048
93,404	0,024688
93,442	0,023278
93,48	0,024697
93,518	0,024511
93,556	0,025236
93,594	0,023035
93,632	0,022734
93,67	0,020744
93,708	0,01694
93,746	0,017436
93,784	0,017814
93,822	0,017714
93,86	0,016647
93,898	0,016679
93,936	0,015761
93,974	0,014359
94,012	0,010585
94,05	0,012471
94,088	0,013353
94,126	0,01629
94,164	0,014623
94,202	0,014676
94,24	0,009761
94,278	0,007907
94,316	0,006554
94,354	0,006376
94,392	0,005011
94,43	0,003153
94,468	0,001959
94,506	-0,001412
94,544	-0,001576
94,582	-0,002527
94,62	-0,000864
94,658	-0,003984
94,696	-0,004349
94,734	-0,000836
94,772	0,00198
94,81	-0,001135
94,848	0,001163
94,886	0,000998
94,924	-0,002389
94,962	-0,002288
95	-0,001771
95,038	0,00008
95,076	-0,001641
95,114	-0,003431
95,152	-0,002506
95,19	0,007435
95,228	0,015338
95,266	0,026115
95,304	0,032277
95,342	0,039332
95,38	0,047163
95,418	0,055143
95,456	0,06313
95,494	0,068538
95,532	0,072458
95,57	0,073203
95,608	0,076529
95,646	0,076708
95,684	0,076713
95,722	0,076345
95,76	0,077607
95,798	0,074971
95,836	0,074584
95,874	0,071721
95,912	0,069891
95,95	0,068001
95,988	0,06359
96,026	0,063177
96,064	0,062805
96,102	0,061777
96,14	0,058953
96,178	0,056848
96,216	0,052218
96,254	0,053184
96,292	0,049955
96,33	0,046031
96,368	0,043889
96,406	0,03839
96,444	0,036733
96,482	0,034718
96,52	0,034993
96,558	0,034806
96,596	0,032904
96,634	0,031258
96,672	0,032142
96,71	0,0301
96,748	0,029478
96,786	0,030792
96,824	0,028647
96,862	0,029006
96,9	0,031056
96,938	0,033023
96,976	0,036483
97,014	0,03596
97,052	0,035835
97,09	0,035468
97,128	0,03326
97,166	0,031626
97,204	0,032329
97,242	0,032266
97,28	0,031837
97,318	0,027864
97,356	0,025641
97,394	0,022014
97,432	0,022933
97,47	0,020992
97,508	0,021634
97,546	0,020911
97,584	0,019248
97,622	0,021222
97,66	0,024266
97,698	0,030635
97,736	0,038804
97,774	0,047702
97,812	0,058269
97,85	0,063227
97,888	0,068693
97,926	0,071662
97,964	0,072846
98,002	0,078539
98,04	0,082039
98,078	0,084093
98,116	0,084692
98,154	0,083599
98,192	0,084334
98,23	0,081058
98,268	0,079465
98,306	0,075377
98,344	0,071494
98,382	0,073107
98,42	0,070485
98,458	0,064928
98,496	0,061961
98,534	0,058804
98,572	0,056173
98,61	0,053302
98,648	0,051591
98,686	0,044832
98,724	0,043849
98,762	0,039543
98,8	0,039319
98,838	0,039401
98,876	0,035389
98,914	0,031065
98,952	0,027911
98,99	0,024639
99,028	0,02528
99,066	0,020627
99,104	0,02271
99,142	0,017389
99,18	0,018541
99,218	0,020534
99,256	0,018362
99,294	0,014137
99,332	0,012777
99,37	0,014014
99,408	0,009903
99,446	0,006367
99,484	0,006898
99,522	0,003477
99,56	0,001532
99,598	0,002357
99,636	-0,001352
99,674	-0,002876
99,712	-0,001838
99,75	0,000218
99,788	0,005476
99,826	0,003116
99,864	0,001862
99,902	0,000785
99,94	-0,001195
99,978	-0,003466
100,016	-0,003435
100,054	-0,005918
100,092	-0,008456
100,13	-0,011026
100,168	-0,015709
100,206	-0,0182
100,244	-0,021911
100,282	-0,018511
100,32	-0,019258
100,358	-0,017349
100,396	-0,015683
100,434	-0,014941
100,472	-0,016857
100,51	-0,018109
100,548	-0,017569
100,586	-0,018345
100,624	-0,016924
100,662	-0,018075
100,7	-0,015265
100,738	-0,014404
100,776	-0,012806
100,814	-0,009683
100,852	-0,009399
100,89	-0,009418
100,928	-0,009115
100,966	-0,009535
101,004	-0,01223
101,042	-0,011981
101,08	-0,013015
101,118	-0,015185
101,156	-0,015395
101,194	-0,015842
101,232	-0,017136
101,27	-0,017528
101,308	-0,018125
101,346	-0,015108
101,384	-0,013655
101,422	-0,017215
101,46	-0,017999
101,498	-0,018783
101,536	-0,016658
101,574	-0,016459
101,612	-0,01563
101,65	-0,015475
101,688	-0,01219
101,726	-0,012462
101,764	-0,010257
101,802	-0,012042
101,84	-0,009899
101,878	-0,011283
101,916	-0,01278
101,954	-0,012638
101,992	-0,012646
102,03	-0,010735
102,068	-0,011906
102,106	-0,011964
102,144	-0,008903
102,182	-0,006427
102,22	-0,007606
102,258	-0,004662
102,296	-0,001594
102,334	-0,002253
102,372	-0,00283
102,41	-0,004655
102,448	-0,009104
102,486	-0,009844
102,524	-0,008322
102,562	-0,008187
102,6	-0,006757
102,638	-0,005807
102,676	-0,004638
102,714	0,000553
102,752	-0,001594
102,79	0,00023
102,828	-0,000364
102,866	0,001192
102,904	-0,00048
102,942	0,000529
102,98	0,001704
103,018	0,002544
103,056	0,003965
103,094	0,001941
103,132	0,002112
103,17	0,000915
103,208	0,00317
103,246	0,006264
103,284	0,002859
103,322	0,004801
103,36	0,001684
103,398	0,004718
103,436	0,003282
103,474	-0,000225
103,512	-0,00537
103,55	-0,002265
103,588	-0,001041
103,626	-0,002503
103,664	-0,000042
103,702	0,000801
103,74	0,003146
103,778	0,013778
103,816	0,025084
103,854	0,03364
103,892	0,041203
103,93	0,049579
103,968	0,056019
104,006	0,058871
104,044	0,064861
104,082	0,067613
104,12	0,067565
104,158	0,067534
104,196	0,067206
104,234	0,065773
104,272	0,066347
104,31	0,068465
104,348	0,065668
104,386	0,065971
104,424	0,070044
104,462	0,067582
104,5	0,065314
104,538	0,062936
104,576	0,062607
104,614	0,062224
104,652	0,061445
104,69	0,059715
104,728	0,060506
104,766	0,061791
104,804	0,060205
104,842	0,057645
104,88	0,053658
104,918	0,05616
104,956	0,053558
104,994	0,049377
105,032	0,047904
105,07	0,04723
105,108	0,047528
105,146	0,046449
105,184	0,047037
105,222	0,043941
105,26	0,042075
105,298	0,04052
105,336	0,038132
105,374	0,037774
105,412	0,031971
105,45	0,031277
105,488	0,028662
105,526	0,030687
105,564	0,02573
105,602	0,024764
105,64	0,02333
105,678	0,025555
105,716	0,026799
105,754	0,020964
105,792	0,017481
105,83	0,016297
105,868	0,01223
105,906	0,010019
105,944	0,008527
105,982	0,012025
106,02	0,0146
106,058	0,011821
106,096	0,012271
106,134	0,010379
106,172	0,012887
106,21	0,013514
106,248	0,014646
106,286	0,013979
106,324	0,011709
106,362	0,009662
106,4	0,005508
106,438	0,007562
106,476	0,007763
106,514	0,009348
106,552	0,007337
106,59	0,006048
106,628	0,003574
106,666	0,000898
106,704	0,002058
106,742	0,002083
106,78	-0,000658
106,818	-0,002852
106,856	-0,00238
106,894	0,001113
106,932	0,001827
106,97	0,002455
107,008	0,001497
107,046	0,002992
107,084	0,003295
107,122	0,003116
107,16	0,00417
107,198	0,005
107,236	0,006307
107,274	0,00696
107,312	0,007926
107,35	0,011287
107,388	0,011969
107,426	0,015447
107,464	0,014322
107,502	0,013469
107,54	0,015554
107,578	0,013515
107,616	0,00965
107,654	0,012156
107,692	0,00856
107,73	0,009736
107,768	0,013077
107,806	0,008348
107,844	0,007304
107,882	0,00799
107,92	0,005762
107,958	0,006711
107,996	0,001595
108,034	-0,000895
108,072	-0,002412
108,11	-0,0032
108,148	-0,00236
108,186	-0,003164
108,224	-0,000202
108,262	-0,001036
108,3	0,002489
108,338	0,000346
108,376	0,000655
108,414	0,001363
108,452	-0,000827
108,49	-0,001061
108,528	-0,00104
108,566	-0,001778
108,604	-0,001086
108,642	-0,003488
108,68	-0,004408
108,718	-0,00278
108,756	-0,002152
108,794	-0,000295
108,832	0,000056
108,87	0,002617
108,908	0,005999
108,946	0,005585
108,984	0,004514
109,022	0,004459
109,06	0,006452
109,098	0,003559
109,136	-0,001902
109,174	-0,002596
109,212	-0,00094
109,25	0,001728
109,288	0,000014
109,326	-0,000188
109,364	0,000745
109,402	0,003202
109,44	0,001154
109,478	-0,000768
109,516	-0,000947
109,554	-0,000776
109,592	0,000309
109,63	0,000317
109,668	0,001073
109,706	0,002718
109,744	0,001203
109,782	0,004865
109,82	0,007904
109,858	0,01148
109,896	0,020487
109,934	0,03372
109,972	0,0402
110,01	0,047015
110,048	0,052663
110,086	0,059566
110,124	0,064196
110,162	0,066476
110,2	0,065366
110,238	0,064334
110,276	0,064068
110,314	0,064593
110,352	0,06476
110,39	0,057843
110,428	0,054924
110,466	0,054736
110,504	0,051152
110,542	0,051228
110,58	0,049345
110,618	0,047163
110,656	0,045087
110,694	0,043995
110,732	0,038764
110,77	0,035876
110,808	0,035557
110,846	0,034161
110,884	0,032189
110,922	0,033056
110,96	0,035725
110,998	0,034271
111,036	0,035643
111,074	0,035883
111,112	0,034016
111,15	0,031263
111,188	0,030896
111,226	0,030165
111,264	0,030615
111,302	0,030131
111,34	0,027079
111,378	0,025442
111,416	0,02326
111,454	0,02172
111,492	0,017667
111,53	0,016958
111,568	0,013752
111,606	0,016317
111,644	0,014807
111,682	0,012811
111,72	0,01162
111,758	0,012736
111,796	0,011393
111,834	0,009886
111,872	0,011403
111,91	0,011875
111,948	0,012496
111,986	0,019358
112,024	0,019541
112,062	0,018598
112,1	0,01602
112,138	0,016376
112,176	0,016785
112,214	0,014937
112,252	0,012313
112,29	0,011307
112,328	0,01004
112,366	0,008678
112,404	0,007391
112,442	0,007061
112,48	0,00767
112,518	0,009318
112,556	0,008017
112,594	0,008682
112,632	0,008257
112,67	0,007907
112,708	0,006257
112,746	0,003766
112,784	-0,001324
112,822	0,001062
112,86	0,00114
112,898	-0,000537
112,936	-0,002228
112,974	-0,005096
113,012	-0,005823
113,05	-0,004272
113,088	-0,004654
113,126	-0,007845
113,164	-0,004513
113,202	0,001763
113,24	0,011689
113,278	0,017536
113,316	0,027026
113,354	0,038286
113,392	0,043368
113,43	0,049923
113,468	0,055085
113,506	0,062958
113,544	0,068274
113,582	0,070381
113,62	0,071078
113,658	0,071972
113,696	0,072252
113,734	0,071749
113,772	0,066889
113,81	0,065836
113,848	0,064617
113,886	0,063456
113,924	0,062148
113,962	0,060874
114	0,061775
114,038	0,060145
114,076	0,057707
114,114	0,056668
114,152	0,053781
114,19	0,053696
114,228	0,054059
114,266	0,051437
114,304	0,049815
114,342	0,050892
114,38	0,048627
114,418	0,045934
114,456	0,044409
114,494	0,041707
114,532	0,039392
114,57	0,035174
114,608	0,036097
114,646	0,036275
114,684	0,035958
114,722	0,038976
114,76	0,036286
114,798	0,032186
114,836	0,02973
114,874	0,027815
114,912	0,028417
114,95	0,029111
114,988	0,028712
115,026	0,026394
115,064	0,024826
115,102	0,025441
115,14	0,023182
115,178	0,026192
115,216	0,026109
115,254	0,025299
115,292	0,023694
115,33	0,017642
115,368	0,015754
115,406	0,014075
115,444	0,011672
115,482	0,011751
115,52	0,008539
115,558	0,008533
115,596	0,007592
115,634	0,007985
115,672	0,005773
115,71	0,00652
115,748	0,010106
115,786	0,008078
115,824	0,00995
115,862	0,008566
115,9	0,01052
115,938	0,013078
115,976	0,021267
116,014	0,029243
116,052	0,036535
116,09	0,043421
116,128	0,051101
116,166	0,05344
116,204	0,053425
116,242	0,057068
116,28	0,058095
116,318	0,05922
116,356	0,058399
116,394	0,055739
116,432	0,056458
116,47	0,058224
116,508	0,057982
116,546	0,056079
116,584	0,055172
116,622	0,057579
116,66	0,057447
116,698	0,057
116,736	0,053572
116,774	0,050633
116,812	0,051593
116,85	0,049567
116,888	0,04686
116,926	0,044831
116,964	0,040606
117,002	0,040116
117,04	0,03383
117,078	0,031985
117,116	0,028112
117,154	0,025005
117,192	0,025986
117,23	0,029343
117,268	0,024622
117,306	0,024771
117,344	0,024066
117,382	0,024594
117,42	0,023001
117,458	0,020158
117,496	0,019266
117,534	0,016887
117,572	0,015993
117,61	0,013459
117,648	0,013172
117,686	0,014397
117,724	0,010015
117,762	0,008162
117,8	0,006627
117,838	0,005782
117,876	0,004396
117,914	0,003767
117,952	0,005511
117,99	-0,0009
118,028	-0,002938
118,066	-0,003756
118,104	-0,004065
118,142	-0,004848
118,18	-0,002532
118,218	-0,006138
118,256	-0,006382
118,294	-0,001627
118,332	-0,001772
118,37	0,002443
118,408	0,001382
118,446	0,00115
118,484	0,000284
118,522	-0,001262
118,56	-0,001974
118,598	-0,005688
118,636	-0,005206
118,674	-0,002532
118,712	-0,001892
118,75	0,000407
118,788	-0,001052
118,826	-0,000798
118,864	-0,000059
118,902	0,000227
118,94	-0,000911
118,978	0,000892
119,016	0,000229
119,054	0,002392
119,092	-0,002324
119,13	-0,005218
119,168	-0,006017
119,206	-0,005196
119,244	-0,007167
119,282	-0,005295
119,32	-0,007097
119,358	-0,005437
119,396	-0,00687
119,434	-0,007979
119,472	-0,008468
119,51	-0,010126
119,548	-0,006664
119,586	-0,004893
119,624	0,000512
119,662	-0,001737
119,7	-0,002085
119,738	-0,002734
119,776	-0,001602
119,814	-0,000714
119,852	0,000281
119,89	-0,000238
119,928	-0,002127
119,966	-0,004803
120,004	-0,000271
120,042	-0,00236
120,08	-0,005479
120,118	-0,002915
120,156	-0,000418
120,194	0,000619
120,232	0,000878
120,27	-0,000917
120,308	-0,003319
120,346	-0,004382
120,384	-0,003675
120,422	-0,004945
120,46	-0,005193
120,498	-0,006045
120,536	-0,00477
120,574	-0,0044
120,612	-0,001328
120,65	-0,001074
120,688	-0,002096
120,726	-0,000962
120,764	0,000273
120,802	0,002256
120,84	-0,0002
120,878	-0,000609
120,916	-0,000694
120,954	-0,002906
120,992	-0,004524
121,03	-0,002865
121,068	-0,004341
121,106	-0,005706
121,144	-0,003207
121,182	-0,000254
121,22	-0,000848
121,258	-0,002107
121,296	-0,001202
121,334	-0,003212
121,372	-0,002257
121,41	-0,000811
121,448	-0,001706
121,486	-0,002572
121,524	-0,001601
121,562	-0,001182
121,6	-0,002128
121,638	-0,003695
121,676	-0,008294
121,714	-0,005256
121,752	-0,00711
121,79	-0,007664
121,828	-0,010135
121,866	-0,010255
121,904	-0,010598
121,942	-0,006793
121,98	-0,000733
122,018	0,004395
122,056	0,010443
122,094	0,016783
122,132	0,027934
122,17	0,036053
122,208	0,045012
122,246	0,052851
122,284	0,057472
122,322	0,066218
122,36	0,068549
122,398	0,069672
122,436	0,069636
122,474	0,069547
122,512	0,067835
122,55	0,07161
122,588	0,072225
122,626	0,069987
122,664	0,06669
122,702	0,060815
122,74	0,056519
122,778	0,052818
122,816	0,054589
122,854	0,052431
122,892	0,050381
122,93	0,048895
122,968	0,047954
123,006	0,047028
123,044	0,045877
123,082	0,043709
123,12	0,039236
123,158	0,039534
123,196	0,038959
123,234	0,038058
123,272	0,039813
123,31	0,039178
123,348	0,037869
123,386	0,033394
123,424	0,03021
123,462	0,031735
123,5	0,029166
123,538	0,0274
123,576	0,026263
123,614	0,026909
123,652	0,026265
123,69	0,025538
123,728	0,026129
123,766	0,026425
123,804	0,026556
123,842	0,026473
123,88	0,026013
123,918	0,024767
123,956	0,025441
123,994	0,022047
124,032	0,02292
124,07	0,022499
124,108	0,022155
124,146	0,019696
124,184	0,023127
124,222	0,021974
124,26	0,020784
124,298	0,01889
124,336	0,0161
124,374	0,01494
124,412	0,010103
124,45	0,008791
124,488	0,006322
124,526	0,004557
124,564	0,007888
124,602	0,005896
124,64	0,004431
124,678	0,004345
124,716	0,002468
124,754	0,005246
124,792	0,007406
124,83	0,006959
124,868	0,005739
124,906	0,006371
124,944	0,005849
124,982	0,00623
125,02	0,007002
125,058	0,004343
125,096	0,003906
125,134	0,00329
125,172	0,003085
125,21	0,005705
125,248	0,006202
125,286	0,006684
125,324	0,00593
125,362	0,004907
125,4	0,00687
125,438	0,003201
125,476	0,004519
125,514	0,001429
125,552	-0,001875
125,59	-0,001391
125,628	-0,002075
125,666	-0,003331
125,704	-0,002838
125,742	-0,003073
125,78	-0,003151
125,818	-0,005357
125,856	-0,003312
125,894	-0,002893
125,932	-0,005681
125,97	-0,004674
126,008	-0,00199
126,046	-0,005956
126,084	-0,004182
126,122	-0,004747
126,16	-0,002498
126,198	-0,000133
126,236	-0,002393
126,274	-0,000158
126,312	0,002227
126,35	0,001807
126,388	0,002072
126,426	0,003819
126,464	0,003024
126,502	0,00274
126,54	0,003632
126,578	0,003199
126,616	0,004481
126,654	0,004766
126,692	0,004818
126,73	0,002733
126,768	0,00376
126,806	0,003748
126,844	-0,001726
126,882	-0,001484
126,92	0,001033
126,958	0,001302
126,996	0,000661
127,034	0,000141
127,072	-0,000037
127,11	-0,002555
127,148	-0,000457
127,186	-0,004189
127,224	-0,002776
127,262	-0,002586
127,3	-0,000909
127,338	0,001168
127,376	-0,002108
127,414	-0,00175
127,452	-0,001958
127,49	0,000501
127,528	-0,00063
127,566	0,000309
127,604	0,003361
127,642	0,003156
127,68	0,004584
127,718	0,007246
127,756	0,009815
127,794	0,007578
127,832	0,006526
127,87	0,001806
127,908	0,000488
127,946	0,002147
127,984	0,002932
128,022	0,002552
128,06	0,001687
128,098	0,009647
128,136	0,021175
128,174	0,024443
128,212	0,033955
128,25	0,043427
128,288	0,052111
128,326	0,058908
128,364	0,064421
128,402	0,068197
128,44	0,071088
128,478	0,073646
128,516	0,075411
128,554	0,076795
128,592	0,074882
128,63	0,073898
128,668	0,069744
128,706	0,066667
128,744	0,064041
128,782	0,062028
128,82	0,060167
128,858	0,058868
128,896	0,057516
128,934	0,055244
128,972	0,054281
129,01	0,05094
129,048	0,048374
129,086	0,047961
129,124	0,045911
129,162	0,045291
129,2	0,045893
129,238	0,042057
129,276	0,036534
129,314	0,033355
129,352	0,035181
129,39	0,034626
129,428	0,032576
129,466	0,030839
129,504	0,029561
129,542	0,029818
129,58	0,025336
129,618	0,022063
129,656	0,020511
129,694	0,022647
129,732	0,022188
129,77	0,020935
129,808	0,018664
129,846	0,018855
129,884	0,017938
129,922	0,01694
129,96	0,020773
129,998	0,020604
130,036	0,017758
130,074	0,013334
130,112	0,010307
130,15	0,010866
130,188	0,008187
130,226	0,008544
130,264	0,006878
130,302	0,003936
130,34	0,005189
130,378	0,006045
130,416	0,008207
130,454	0,011289
130,492	0,012987
130,53	0,010875
130,568	0,011891
130,606	0,015021
130,644	0,012624
130,682	0,010383
130,72	0,011176
130,758	0,011077
130,796	0,006861
130,834	0,008177
130,872	0,008083
130,91	0,009164
130,948	0,009951
130,986	0,010851
131,024	0,008551
131,062	0,006901
131,1	0,004763
131,138	0,001156
131,176	-0,000613
131,214	-0,000065
131,252	0,003871
131,29	0,004148
131,328	0,006042
131,366	0,006114
131,404	0,001539
131,442	-0,000418
131,48	-0,000165
131,518	-0,000466
131,556	0,000523
131,594	-0,000874
131,632	0,000514
131,67	0,000558
131,708	-0,0017
131,746	-0,00142
131,784	0,000959
131,822	0,000674
131,86	-0,000308
131,898	0,001226
131,936	0,005478
131,974	0,002217
132,012	0,002936
132,05	0,001829
132,088	-0,00059
132,126	0,001974
132,164	0,003667
132,202	0,002813
132,24	-0,001742
132,278	0,000647
132,316	0,001443
132,354	0,000917
132,392	-0,002127
132,43	-0,002139
132,468	0,002106
132,506	-0,00549
132,544	-0,0024
132,582	-0,001502
132,62	-0,000752
132,658	-0,000444
132,696	0,001486
132,734	0,000708
132,772	0,001143
132,81	0,000637
132,848	0,001735
132,886	0,00059
132,924	0,000126
132,962	-0,001362
133	0,000037
133,038	-0,001021
133,076	-0,000858
133,114	-0,001272
133,152	-0,001247
133,19	-0,001301
133,228	-0,002648
133,266	-0,000854
133,304	-0,002542
133,342	-0,001942
133,38	0,000398
133,418	-0,000034
133,456	0,000061
133,494	-0,000915
133,532	0,00183
133,57	0,00181
133,608	-0,000895
133,646	-0,000534
133,684	-0,003764
133,722	-0,004832
133,76	-0,003995
133,798	-0,004364
133,836	-0,004659
133,874	-0,003418
133,912	-0,000828
133,95	0,00264
133,988	0,002816
134,026	0,003091
134,064	0,004482
134,102	0,004091
134,14	0,002182
134,178	0,006383
134,216	0,010826
134,254	0,01929
134,292	0,028974
134,33	0,030629
134,368	0,036628
134,406	0,045783
134,444	0,055242
134,482	0,059218
134,52	0,06156
134,558	0,064542
134,596	0,067575
134,634	0,07077
134,672	0,072783
134,71	0,071507
134,748	0,070417
134,786	0,072068
134,824	0,072522
134,862	0,072585
134,9	0,071169
134,938	0,064621
134,976	0,0647
135,014	0,060627
135,052	0,057379
135,09	0,051226
135,128	0,04952
135,166	0,050102
135,204	0,048514
135,242	0,046129
135,28	0,046388
135,318	0,04537
135,356	0,041102
135,394	0,04032
135,432	0,038002
135,47	0,03696
135,508	0,035464
135,546	0,035463
135,584	0,037057
135,622	0,034156
135,66	0,034944
135,698	0,032329
135,736	0,03192
135,774	0,030468
135,812	0,028988
135,85	0,025931
135,888	0,023281
135,926	0,01778
135,964	0,016256
136,002	0,01651
136,04	0,01425
136,078	0,016564
136,116	0,017207
136,154	0,019373
136,192	0,018338
136,23	0,017204
136,268	0,018857
136,306	0,01907
136,344	0,019804
136,382	0,020735
136,42	0,020429
136,458	0,021053
136,496	0,020934
136,534	0,018124
136,572	0,015394
136,61	0,014877
136,648	0,014477
136,686	0,011744
136,724	0,011541
136,762	0,012598
136,8	0,012187
136,838	0,011786
136,876	0,012461
136,914	0,012976
136,952	0,012273
136,99	0,013238
137,028	0,009936
137,066	0,00812
137,104	0,00654
137,142	0,006072
137,18	0,009117
137,218	0,007558
137,256	0,006088
137,294	0,004895
137,332	0,003859
137,37	0,002014
137,408	0,001286
137,446	0,003437
137,484	0,003563
137,522	0,00134
137,56	0,002071
137,598	0,002862
137,636	0,001204
137,674	0,000624
137,712	-0,004709
137,75	-0,004271
137,788	-0,006299
137,826	-0,00781
137,864	-0,006822
137,902	-0,005997
137,94	-0,005667
137,978	-0,007902
138,016	-0,009705
138,054	-0,009308
138,092	-0,006337
138,13	-0,00674
138,168	-0,009542
138,206	-0,005109
138,244	-0,00307
138,282	-0,001936
138,32	-0,002949
138,358	-0,005065
138,396	-0,007056
138,434	-0,007585
138,472	-0,007824
138,51	-0,009105
138,548	-0,007609
138,586	-0,006896
138,624	-0,006273
138,662	-0,006724
138,7	-0,005145
138,738	0,001199
138,776	0,007524
138,814	0,016398
138,852	0,02762
138,89	0,03698
138,928	0,04552
138,966	0,052697
139,004	0,054294
139,042	0,057605
139,08	0,063498
139,118	0,062783
139,156	0,059607
139,194	0,06133
139,232	0,062937
139,27	0,062843
139,308	0,058928
139,346	0,056987
139,384	0,051744
139,422	0,053199
139,46	0,051448
139,498	0,04865
139,536	0,04723
139,574	0,046871
139,612	0,047993
139,65	0,043352
139,688	0,042292
139,726	0,043314
139,764	0,040836
139,802	0,039357
139,84	0,038064
139,878	0,037645
139,916	0,039197
139,954	0,0382
139,992	0,037827
140,03	0,036121
140,068	0,038171
140,106	0,038872
140,144	0,033712
140,182	0,034191
140,22	0,034231
140,258	0,035678
140,296	0,039858
140,334	0,05036
140,372	0,058461
140,41	0,069276
140,448	0,077353
140,486	0,085818
140,524	0,094964
140,562	0,101135
140,6	0,10034
140,638	0,100089
140,676	0,100969
140,714	0,101261
140,752	0,099095
140,79	0,098271
140,828	0,093531
140,866	0,090696
140,904	0,086622
140,942	0,084017
140,98	0,08496
141,018	0,081201
141,056	0,07801
141,094	0,078225
141,132	0,073741
141,17	0,074496
141,208	0,071785
141,246	0,070227
141,284	0,069139
141,322	0,066391
141,36	0,065078
141,398	0,061237
141,436	0,062727
141,474	0,060534
141,512	0,06065
141,55	0,060115
141,588	0,057415
141,626	0,054627
141,664	0,053356
141,702	0,050997
141,74	0,045516
141,778	0,040137
141,816	0,038601
141,854	0,040177
141,892	0,03965
141,93	0,035298
141,968	0,032001
142,006	0,028954
142,044	0,026321
142,082	0,0221
142,12	0,020221
142,158	0,017826
142,196	0,015169
142,234	0,012192
142,272	0,010346
142,31	0,013364
142,348	0,01341
142,386	0,014085
142,424	0,012439
142,462	0,00895
142,5	0,011171
142,538	0,009781
142,576	0,008126
142,614	0,008313
142,652	0,00366
142,69	0,002983
142,728	0,002004
142,766	0,002711
142,804	0,003005
142,842	0,003316
142,88	0,005347
142,918	0,00616
142,956	0,004948
142,994	0,004751
143,032	0,004442
143,07	0,004758
143,108	0,005673
143,146	0,001912
143,184	-0,001215
143,222	-0,001368
143,26	-0,002174
143,298	-0,007589
143,336	-0,007214
143,374	-0,007138
143,412	-0,009763
143,45	-0,009127
143,488	-0,009387
143,526	-0,007146
143,564	-0,005765
143,602	-0,005095
143,64	-0,003631
143,678	-0,004444
143,716	-0,005518
143,754	-0,003043
143,792	-0,00211
143,83	-0,001664
143,868	-0,001978
143,906	-0,001892
143,944	-0,001871
143,982	-0,003374
144,02	-0,005938
144,058	-0,005453
144,096	-0,005656
144,134	-0,005001
144,172	-0,003797
144,21	-0,005077
144,248	-0,004165
144,286	-0,004211
144,324	-0,005525
144,362	-0,006258
144,4	-0,003726
144,438	-0,002429
144,476	-0,004385
144,514	-0,000999
144,552	-0,001621
144,59	-0,001185
144,628	-0,005442
144,666	-0,007256
144,704	-0,007726
144,742	-0,004096
144,78	-0,003403
144,818	-0,008454
144,856	-0,0065
144,894	-0,005835
144,932	-0,007749
144,97	-0,008446
145,008	-0,005663
145,046	-0,005148
145,084	-0,003678
145,122	-0,004853
145,16	-0,004067
145,198	-0,005294
145,236	-0,00567
145,274	-0,007744
145,312	-0,007587
145,35	-0,007141
145,388	-0,008339
145,426	-0,005936
145,464	-0,005238
145,502	-0,001548
145,54	-0,000343
145,578	0,000402
145,616	-0,000477
145,654	0,001345
145,692	0,004441
145,73	0,002222
145,768	-0,001038
145,806	0,001097
145,844	-0,001806
145,882	-0,003586
145,92	-0,004641
145,958	-0,001244
145,996	-0,002502
146,034	-0,00413
146,072	-0,00189
146,11	-0,001824
146,148	-0,001913
146,186	0,000353
146,224	0,002245
146,262	0,003346
146,3	0,002585
146,338	0,002651
146,376	0,004525
146,414	0,01247
146,452	0,016974
146,49	0,024851
146,528	0,033673
146,566	0,040107
146,604	0,048296
146,642	0,0536
146,68	0,057763
146,718	0,059893
146,756	0,063997
146,794	0,06186
146,832	0,061547
146,87	0,060008
146,908	0,059186
146,946	0,061724
146,984	0,061344
147,022	0,056296
147,06	0,056661
147,098	0,05211
147,136	0,049149
147,174	0,051648
147,212	0,051591
147,25	0,049581
147,288	0,046917
147,326	0,043189
147,364	0,040431
147,402	0,038593
147,44	0,039045
147,478	0,03677
147,516	0,036619
147,554	0,037341
147,592	0,035051
147,63	0,037379
147,668	0,037743
147,706	0,03861
147,744	0,040176
147,782	0,038581
147,82	0,034973
147,858	0,034278
147,896	0,030611
147,934	0,030512
147,972	0,030111
148,01	0,026201
148,048	0,024532
148,086	0,024396
148,124	0,02702
148,162	0,020506
148,2	0,021774
148,238	0,021409
148,276	0,01728
148,314	0,015702
148,352	0,01218
148,39	0,011906
148,428	0,012074
148,466	0,009476
148,504	0,01017
148,542	0,010699
148,58	0,011572
148,618	0,012526
148,656	0,011335
148,694	0,00869
148,732	0,006085
148,77	0,007492
148,808	0,011413
148,846	0,010474
148,884	0,010365
148,922	0,009302
148,96	0,006562
148,998	0,006974
149,036	0,007542
149,074	0,006745
149,112	0,005851
149,15	0,00431
149,188	0,003798
149,226	0,006306
149,264	0,00466
149,302	0,007114
149,34	0,00751
149,378	0,008648
149,416	0,008037
149,454	0,007425
149,492	0,00677
149,53	0,006442
149,568	0,006384
149,606	0,006643
149,644	0,007083
149,682	0,002439
149,72	0,004361
149,758	0,005479
149,796	0,00201
149,834	0,003357
149,872	0,000843
149,91	0,000102
149,948	-0,002921
149,986	-0,001383
150,024	-0,003866
150,062	-0,005072
150,1	-0,004984
150,138	-0,003133
150,176	-0,005042
150,214	-0,003766
150,252	-0,004712
150,29	-0,008984
150,328	-0,008704
150,366	-0,012048
150,404	-0,009754
150,442	-0,006932
150,48	-0,007733
150,518	-0,006754
150,556	-0,004861
150,594	-0,003785
150,632	0,001121
150,67	-0,000298
150,708	-0,002129
150,746	-0,003859
150,784	-0,003492
150,822	-0,001388
150,86	0,002353
150,898	-0,000728
150,936	-0,001485
150,974	-0,000114
151,012	-0,001858
151,05	-0,000541
151,088	-0,003098
151,126	0,001294
151,164	0,002328
151,202	0,001834
151,24	0,000835
151,278	0,002404
151,316	0,000857
151,354	0,000399
151,392	0,00064
151,43	0,002629
151,468	0,000294
151,506	-0,000806
151,544	0,000131
151,582	-0,001405
151,62	-0,00398
151,658	-0,004704
151,696	-0,002158
151,734	-0,002681
151,772	-0,004084
151,81	-0,006737
151,848	-0,008485
151,886	-0,00864
151,924	-0,004032
151,962	-0,004751
152	-0,006237
152,038	-0,007069
152,076	-0,006023
152,114	-0,006984
152,152	-0,006937
152,19	-0,006504
152,228	-0,004938
152,266	-0,00191
152,304	0,005205
152,342	0,012868
152,38	0,02443
152,418	0,031762
152,456	0,043331
152,494	0,051194
152,532	0,056755
152,57	0,061668
152,608	0,068113
152,646	0,071969
152,684	0,073195
152,722	0,072202
152,76	0,072575
152,798	0,072862
152,836	0,072874
152,874	0,071969
152,912	0,072168
152,95	0,072147
152,988	0,073405
153,026	0,069465
153,064	0,066297
153,102	0,06576
153,14	0,064191
153,178	0,064406
153,216	0,062482
153,254	0,059644
153,292	0,058767
153,33	0,056954
153,368	0,056925
153,406	0,058661
153,444	0,058034
153,482	0,05537
153,52	0,05488
153,558	0,054238
153,596	0,050343
153,634	0,047529
153,672	0,049151
153,71	0,046273
153,748	0,045931
153,786	0,046711
153,824	0,044722
153,862	0,042551
153,9	0,041207
153,938	0,039163
153,976	0,039552
154,014	0,038455
154,052	0,036414
154,09	0,036761
154,128	0,036037
154,166	0,036256
154,204	0,032781
154,242	0,03194
154,28	0,030801
154,318	0,032424
154,356	0,029259
154,394	0,029569
154,432	0,029015
154,47	0,026324
154,508	0,025847
154,546	0,024072
154,584	0,025045
154,622	0,025042
154,66	0,02199
154,698	0,024999
154,736	0,025254
154,774	0,024329
154,812	0,024704
154,85	0,022781
154,888	0,021595
154,926	0,016704
154,964	0,014956
155,002	0,014733
155,04	0,014281
155,078	0,013831
155,116	0,012938
155,154	0,012578
155,192	0,013761
155,23	0,012933
155,268	0,01053
155,306	0,006053
155,344	0,00578
155,382	0,006193
155,42	0,009566
155,458	0,01227
155,496	0,010985
155,534	0,010692
155,572	0,012038
155,61	0,010978
155,648	0,009345
155,686	0,009382
155,724	0,009144
155,762	0,006212
155,8	0,003517
155,838	0,002478
155,876	0,003133
155,914	0,000781
155,952	0,001725
155,99	0,005156
156,028	0,00551
156,066	0,005381
156,104	0,006792
156,142	0,007138
156,18	0,007244
156,218	0,007197
156,256	0,006739
156,294	0,007515
156,332	0,010084
156,37	0,005573
156,408	0,004449
156,446	0,006979
156,484	0,007002
156,522	0,00439
156,56	0,004804
156,598	0,003731
156,636	0,003528
156,674	-0,000313
156,712	-0,000413
156,75	0,000725
156,788	-0,000018
156,826	-0,002395
156,864	-0,002332
156,902	-0,00251
156,94	-0,001189
156,978	-0,001619
157,016	-0,000914
157,054	-0,001652
157,092	-0,000999
157,13	-0,003277
157,168	-0,001923
157,206	0,000299
157,244	0,00328
157,282	0,001313
157,32	0,002278
157,358	0,003408
157,396	0,002816
157,434	0,001201
157,472	0,000801
157,51	-0,001138
157,548	-0,004477
157,586	-0,004811
157,624	-0,003584
157,662	-0,003168
157,7	-0,003587
157,738	-0,002027
157,776	0,001453
157,814	0,000781
157,852	0,004354
157,89	0,004932
157,928	0,00578
157,966	0,003574
158,004	0,001346
158,042	0,002985
158,08	0,00192
158,118	0,000838
158,156	0,002093
158,194	0,000305
158,232	-0,000605
158,27	-0,004429
158,308	-0,002982
158,346	-0,003031
158,384	-0,00315
158,422	-0,003407
158,46	-0,003293
158,498	-0,002507
158,536	0,001788
158,574	0,012507
158,612	0,019769
158,65	0,029022
158,688	0,035716
158,726	0,044255
158,764	0,053189
158,802	0,062816
158,84	0,067026
158,878	0,071486
158,916	0,07587
158,954	0,077197
158,992	0,077165
159,03	0,082684
159,068	0,084746
159,106	0,087832
159,144	0,086019
159,182	0,08537
159,22	0,083134
159,258	0,080395
159,296	0,076874
159,334	0,06959
159,372	0,064975
159,41	0,062088
159,448	0,064309
159,486	0,0634
159,524	0,061433
159,562	0,060089
159,6	0,058614
159,638	0,056261
159,676	0,055932
159,714	0,053028
159,752	0,049979
159,79	0,048426
159,828	0,043255
159,866	0,043549
159,904	0,045128
159,942	0,042226
159,98	0,043507
160,018	0,040118
160,056	0,037556
160,094	0,036121
160,132	0,033599
160,17	0,033455
160,208	0,030421
160,246	0,027546
160,284	0,027796
160,322	0,028368
160,36	0,025727
160,398	0,027223
160,436	0,027853
160,474	0,028823
160,512	0,022907
160,55	0,021085
160,588	0,02407
160,626	0,021766
160,664	0,022892
160,702	0,022814
160,74	0,02016
160,778	0,018813
160,816	0,018182
160,854	0,018632
160,892	0,014228
160,93	0,014429
160,968	0,014757
161,006	0,014301
161,044	0,015298
161,082	0,015517
161,12	0,014809
161,158	0,013453
161,196	0,013333
161,234	0,014184
161,272	0,014729
161,31	0,012413
161,348	0,010562
161,386	0,010555
161,424	0,011837
161,462	0,009821
161,5	0,009449
161,538	0,0066
161,576	0,007962
161,614	0,007441
161,652	0,005285
161,69	0,003436
161,728	0,002652
161,766	0,004738
161,804	0,005782
161,842	0,003263
161,88	0,005503
161,918	0,005312
161,956	0,006011
161,994	0,005632
162,032	0,002467
162,07	0,000303
162,108	-0,002608
162,146	-0,005855
162,184	-0,006311
162,222	-0,006396
162,26	-0,003184
162,298	-0,002694
162,336	-0,003443
162,374	-0,004407
162,412	-0,002599
162,45	-0,003871
162,488	0,000589
162,526	0,001755
162,564	0,004513
162,602	0,001561
162,64	0,001761
162,678	0,001454
162,716	-0,000683
162,754	0,000269
162,792	-0,000871
162,83	-0,001235
162,868	-0,000144
162,906	-0,003755
162,944	-0,005147
162,982	-0,002073
163,02	-0,00129
163,058	-0,006448
163,096	-0,006453
163,134	-0,004414
163,172	-0,00263
163,21	-0,00352
163,248	-0,00006
163,286	-0,000368
163,324	0,000374
163,362	-0,001334
163,4	-0,001174
163,438	0,00264
163,476	0,002062
163,514	-0,00183
163,552	-0,004286
163,59	-0,00612
163,628	-0,003334
163,666	-0,005972
163,704	-0,007457
163,742	-0,00921
163,78	-0,011669
163,818	-0,011169
163,856	-0,007568
163,894	-0,00815
163,932	-0,008293
163,97	-0,008196
164,008	-0,006562
164,046	-0,00638
164,084	-0,004679
164,122	-0,007054
164,16	-0,00682
164,198	-0,005445
164,236	-0,004754
164,274	-0,00561
164,312	-0,005834
164,35	-0,005211
164,388	-0,005517
164,426	-0,001618
164,464	-0,001744
164,502	0,000305
164,54	0,000766
164,578	0,000075
164,616	0,003
164,654	0,005898
164,692	0,012285
164,73	0,018536
164,768	0,026883
164,806	0,033533
164,844	0,042251
164,882	0,047205
164,92	0,05243
164,958	0,054858
164,996	0,052311
165,034	0,054675
165,072	0,056286
165,11	0,055264
165,148	0,055294
165,186	0,052269
165,224	0,054401
165,262	0,051804
165,3	0,051469
165,338	0,052597
165,376	0,051866
165,414	0,054139
165,452	0,048626
165,49	0,049722
165,528	0,049821
165,566	0,045495
165,604	0,044254
165,642	0,044057
165,68	0,043577
165,718	0,043066
165,756	0,044822
165,794	0,042312
165,832	0,041185
165,87	0,040874
165,908	0,04177
165,946	0,039081
165,984	0,037884
166,022	0,036574
166,06	0,035005
166,098	0,034899
166,136	0,034408
166,174	0,03196
166,212	0,034076
166,25	0,033704
166,288	0,031147
166,326	0,029979
166,364	0,029383
166,402	0,027871
166,44	0,027647
166,478	0,026812
166,516	0,023708
166,554	0,021141
166,592	0,020411
166,63	0,018049
166,668	0,017941
166,706	0,012529
166,744	0,013294
166,782	0,013767
166,82	0,016579
166,858	0,013052
166,896	0,013495
166,934	0,013004
166,972	0,011903
167,01	0,011977
167,048	0,010728
167,086	0,009028
167,124	0,008429
167,162	0,010165
167,2	0,010112
167,238	0,013245
167,276	0,012784
167,314	0,014174
167,352	0,012576
167,39	0,012301
167,428	0,01226
167,466	0,010701
167,504	0,010543
167,542	0,008365
167,58	0,007378
167,618	0,008004
167,656	0,00837
167,694	0,008042
167,732	0,008279
167,77	0,007191
167,808	0,004271
167,846	0,003145
167,884	0,001501
167,922	0,003348
167,96	0,000333
167,998	0,002433
168,036	0,000281
168,074	0,002155
168,112	0,003452
168,15	0,003533
168,188	0,002894
168,226	0,005819
168,264	0,007659
168,302	0,005134
168,34	0,004258
168,378	0,004827
168,416	0,005288
168,454	0,007128
168,492	0,008765
168,53	0,007257
168,568	0,00755
168,606	0,006766
168,644	0,005293
168,682	0,00668
168,72	0,006811
168,758	0,006599
168,796	0,00451
168,834	0,003819
168,872	0,001073
168,91	-0,001254
168,948	-0,002169
168,986	-0,004767
169,024	-0,006802
169,062	-0,008206
169,1	-0,006266
169,138	-0,00319
169,176	-0,008203
169,214	-0,007784
169,252	-0,008094
169,29	-0,006394
169,328	-0,006746
169,366	-0,005115
169,404	-0,004057
169,442	-0,003225
169,48	-0,001069
169,518	-0,001789
169,556	0,001782
169,594	-0,002068
169,632	-0,00494
169,67	-0,00684
169,708	-0,005969
169,746	-0,003663
169,784	-0,0039
169,822	-0,000629
169,86	-0,000518
169,898	-0,000487
169,936	0,001242
169,974	0,002038
170,012	0,005672
170,05	0,004272
170,088	0,005057
170,126	0,003593
170,164	0,002768
170,202	0,003908
170,24	0,003186
170,278	0,003302
170,316	0,001238
170,354	-0,005548
170,392	-0,004585
170,43	-0,004843
170,468	-0,002908
170,506	-0,001745
170,544	0,003131
170,582	0,002417
170,62	0,002496
170,658	-0,001617
170,696	0,002256
170,734	0,006255
170,772	0,014709
170,81	0,024267
170,848	0,02989
170,886	0,03924
170,924	0,04543
170,962	0,052701
171	0,059098
171,038	0,062473
171,076	0,064126
171,114	0,066076
171,152	0,067247
171,19	0,066661
171,228	0,0684
171,266	0,066846
171,304	0,066717
171,342	0,069575
171,38	0,070098
171,418	0,068606
171,456	0,065853
171,494	0,06218
171,532	0,06005
171,57	0,061169
171,608	0,057452
171,646	0,053802
171,684	0,051772
171,722	0,047875
171,76	0,044569
171,798	0,045577
171,836	0,04292
171,874	0,043519
171,912	0,041059
171,95	0,041451
171,988	0,039969
172,026	0,03607
172,064	0,03667
172,102	0,036593
172,14	0,033406
172,178	0,033608
172,216	0,02942
172,254	0,030476
172,292	0,026459
172,33	0,023751
172,368	0,020974
172,406	0,02035
172,444	0,021511
172,482	0,019835
172,52	0,017535
172,558	0,016643
172,596	0,017246
172,634	0,01543
172,672	0,017326
172,71	0,022007
172,748	0,022335
172,786	0,022472
172,824	0,019122
172,862	0,018845
172,9	0,015071
172,938	0,01321
172,976	0,013221
173,014	0,011452
173,052	0,012363
173,09	0,012904
173,128	0,010673
173,166	0,009927
173,204	0,008109
173,242	0,010951
173,28	0,013502
173,318	0,014457
173,356	0,015812
173,394	0,015692
173,432	0,014247
173,47	0,015798
173,508	0,014082
173,546	0,013896
173,584	0,01223
173,622	0,009637
173,66	0,008335
173,698	0,008108
173,736	0,005954
173,774	-0,000785
173,812	-0,001722
173,85	-0,001994
173,888	-0,002904
173,926	-0,000608
173,964	-0,003569
174,002	-0,003005
174,04	-0,001904
174,078	-0,004133
174,116	-0,003743
174,154	-0,001926
174,192	0,000007
174,23	0,000103
174,268	0,001392
174,306	-0,000032
174,344	-0,001525
174,382	0,000499
174,42	0,002432
174,458	0,002733
174,496	0,003201
174,534	0,001875
174,572	0,002432
174,61	0,001793
174,648	0,000784
174,686	0,00045
174,724	0,000347
174,762	0,002573
174,8	0,001837
174,838	0,003005
174,876	0,000244
174,914	0,000062
174,952	-0,000118
174,99	-0,001368
175,028	-0,000296
175,066	-0,004539
175,104	-0,002904
175,142	-0,002733
175,18	-0,001803
175,218	-0,003123
175,256	-0,001906
175,294	0,00166
175,332	0,00322
175,37	0,003123
175,408	0,003582
175,446	0,005862
175,484	0,006317
175,522	0,008097
175,56	0,005916
175,598	0,006335
175,636	0,00928
175,674	0,010038
175,712	0,00882
175,75	0,006416
175,788	0,006241
175,826	0,004989
175,864	0,003173
175,902	-0,002275
175,94	-0,003038
175,978	-0,003295
176,016	-0,002641
176,054	-0,000779
176,092	0,000395
176,13	0,001577
176,168	0,002969
176,206	0,001661
176,244	0,000546
176,282	0,003416
176,32	0,00284
176,358	0,003563
176,396	0,00458
176,434	0,001601
176,472	0,001034
176,51	0,002343
176,548	-0,003114
176,586	-0,002316
176,624	-0,003131
176,662	-0,003964
176,7	-0,003783
176,738	-0,007212
176,776	-0,004489
176,814	0,00185
176,852	0,008337
176,89	0,014497
176,928	0,025901
176,966	0,026989
177,004	0,035144
177,042	0,045649
177,08	0,051056
177,118	0,053931
177,156	0,057798
177,194	0,060222
177,232	0,065609
177,27	0,065584
177,308	0,067748
177,346	0,068307
177,384	0,066754
177,422	0,065595
177,46	0,065134
177,498	0,061336
177,536	0,060499
177,574	0,058367
177,612	0,054669
177,65	0,053668
177,688	0,052141
177,726	0,046224
177,764	0,047217
177,802	0,042644
177,84	0,040588
177,878	0,039878
177,916	0,039126
177,954	0,037023
177,992	0,035529
178,03	0,031368
178,068	0,028666
178,106	0,02816
178,144	0,027742
178,182	0,032837
178,22	0,029229
178,258	0,030157
178,296	0,030843
178,334	0,032689
178,372	0,029521
178,41	0,027231
178,448	0,025992
178,486	0,029914
178,524	0,028917
178,562	0,024179
178,6	0,024747
178,638	0,023487
178,676	0,021868
178,714	0,023207
178,752	0,021846
178,79	0,025126
178,828	0,022486
178,866	0,02166
178,904	0,018464
178,942	0,018908
178,98	0,017917
179,018	0,017757
179,056	0,019602
179,094	0,019482
179,132	0,020125
179,17	0,018515
179,208	0,015083
179,246	0,015041
179,284	0,014718
179,322	0,013834
179,36	0,011163
179,398	0,01089
179,436	0,010087
179,474	0,006982
179,512	0,006411
179,55	0,006072
179,588	0,007505
179,626	0,01024
179,664	0,011177
179,702	0,014163
179,74	0,014366
179,778	0,010661
179,816	0,010222
179,854	0,009486
179,892	0,009491
179,93	0,009826
179,968	0,00875
180,006	0,006465
180,044	0,009472
180,082	0,008455
180,12	0,006529
180,158	0,004588
180,196	0,002844
180,234	-0,000259
180,272	0,001796
180,31	0,001563
180,348	0,004235
180,386	0,00045
180,424	0,001494
180,462	0,002925
180,5	0,003778
180,538	0,002715
180,576	0,002076
180,614	0,000886
180,652	0,000314
180,69	0,002016
180,728	0,001179
180,766	0,003738
180,804	0,00439
180,842	0,004485
180,88	0,002932
180,918	0,000184
180,956	-0,005112
180,994	-0,005174
181,032	-0,003773
181,07	-0,00431
181,108	-0,000625
181,146	0,001226
181,184	0,000247
181,222	-0,001387
181,26	-0,004511
181,298	-0,004797
181,336	-0,004585
181,374	-0,004413
181,412	-0,007158
181,45	-0,002769
181,488	-0,005053
181,526	-0,005293
181,564	-0,006023
181,602	-0,005266
181,64	-0,007356
181,678	-0,008717
181,716	-0,004037
181,754	-0,006138
181,792	-0,009244
181,83	-0,008564
181,868	-0,006108
181,906	-0,004616
181,944	-0,002355
181,982	-0,003957
182,02	-0,005088
182,058	-0,003269
182,096	-0,004707
182,134	-0,003104
182,172	-0,004432
182,21	-0,004308
182,248	-0,003108
182,286	-0,002873
182,324	0,000029
182,362	0,000927
182,4	0,003884
182,438	0,001349
182,476	-0,001638
182,514	-0,004174
182,552	-0,00299
182,59	-0,001991
182,628	0,002536
182,666	0,006094
182,704	0,007816
182,742	0,007063
182,78	0,008236
182,818	0,008477
182,856	0,012703
182,894	0,018783
182,932	0,022757
182,97	0,025602
183,008	0,031077
183,046	0,038271
183,084	0,042875
183,122	0,051916
183,16	0,059869
183,198	0,062572
183,236	0,062046
183,274	0,067294
183,312	0,071319
183,35	0,069937
183,388	0,072116
183,426	0,075585
183,464	0,075319
183,502	0,075147
183,54	0,076463
183,578	0,075364
183,616	0,073756
183,654	0,073386
183,692	0,070681
183,73	0,070893
183,768	0,067843
183,806	0,068264
183,844	0,068453
183,882	0,06758
183,92	0,064787
183,958	0,062398
183,996	0,064072
184,034	0,064673
184,072	0,063559
184,11	0,062351
184,148	0,060029
184,186	0,054668
184,224	0,051438
184,262	0,049593
184,3	0,046412
184,338	0,045438
184,376	0,044139
184,414	0,041531
184,452	0,04319
184,49	0,041166
184,528	0,042394
184,566	0,040431
184,604	0,040549
184,642	0,035301
184,68	0,035891
