0,038	0
0,076	-0,000594
0,114	0,001593
0,152	0,005987
0,19	0,005208
0,228	0,006151
0,266	0,006536
0,304	0,005711
0,342	0,006467
0,38	0,008584
0,418	0,008203
0,456	0,007341
0,494	0,009159
0,532	0,004358
0,57	0,006292
0,608	0,001637
0,646	0,003542
0,684	0,00343
0,722	0,00185
0,76	-0,001937
0,798	-0,001932
0,836	-0,000524
0,874	0,000764
0,912	0,001306
0,95	0,001326
0,988	-0,00117
1,026	0,000358
1,064	-0,000195
1,102	-0,003472
1,14	-0,003931
1,178	-0,003251
1,216	-0,004215
1,254	-0,003056
1,292	-0,000239
1,33	0,000819
1,368	0,003053
1,406	0,004535
1,444	0,0034
1,482	0,004029
1,52	0,000796
1,558	-0,000367
1,596	-0,001753
1,634	-0,007153
1,672	-0,005362
1,71	-0,00179
1,748	-0,010039
1,786	-0,008133
1,824	-0,006439
1,862	-0,008115
1,9	-0,006749
1,938	-0,005258
1,976	-0,008709
2,014	-0,008618
2,052	-0,011337
2,09	-0,008937
2,128	-0,012147
2,166	-0,011397
2,204	-0,006575
2,242	-0,007334
2,28	-0,003509
2,318	-0,000446
2,356	-0,00157
2,394	-0,002707
2,432	-0,007115
2,47	-0,009024
2,508	-0,012171
2,546	-0,007467
2,584	-0,00058
2,622	0,005963
2,66	0,012971
2,698	0,021014
2,736	0,027257
2,774	0,034868
2,812	0,041251
2,85	0,046263
2,888	0,049085
2,926	0,052855
2,964	0,05269
3,002	0,051524
3,04	0,054501
3,078	0,0494
3,116	0,050828
3,154	0,046852
3,192	0,04157
3,23	0,03611
3,268	0,034371
3,306	0,030235
3,344	0,02909
3,382	0,029818
3,42	0,027669
3,458	0,023239
3,496	0,025273
3,534	0,020681
3,572	0,024994
3,61	0,021279
3,648	0,015602
3,686	0,017808
3,724	0,02347
3,762	0,022331
3,8	0,019132
3,838	0,015842
3,876	0,013427
3,914	0,014814
3,952	0,014058
3,99	0,015605
4,028	0,018506
4,066	0,016736
4,104	0,015077
4,142	0,019705
4,18	0,018457
4,218	0,018135
4,256	0,01672
4,294	0,015857
4,332	0,0154
4,37	0,015581
4,408	0,017349
4,446	0,018114
4,484	0,016131
4,522	0,012633
4,56	0,01342
4,598	0,011759
4,636	0,012505
4,674	0,015798
4,712	0,01757
4,75	0,01491
4,788	0,013114
4,826	0,010219
4,864	0,005257
4,902	0,007351
4,94	0,006566
4,978	0,006575
5,016	0,004268
5,054	0,005487
5,092	0,006094
5,13	0,004834
5,168	0,006769
5,206	0,009733
5,244	0,009653
5,282	0,00825
5,32	0,006152
5,358	0,005901
5,396	0,009091
5,434	0,009591
5,472	0,007512
5,51	0,007379
5,548	0,003775
5,586	-0,00099
5,624	-0,000019
5,662	0,001877
5,7	0,000463
5,738	0,004218
5,776	0,006373
5,814	0,004737
5,852	0,004846
5,89	0,001522
5,928	0,002148
5,966	0,003831
6,004	0,001154
6,042	0,001004
6,08	-0,00304
6,118	-0,001201
6,156	-0,001023
6,194	-0,002677
6,232	-0,001362
6,27	0,001858
6,308	0,001517
6,346	-0,002174
6,384	-0,001136
6,422	-0,002328
6,46	0,000577
6,498	-0,001535
6,536	-0,002316
6,574	-0,001638
6,612	-0,0054
6,65	-0,002256
6,688	0,00051
6,726	0,001953
6,764	0,003011
6,802	0,004652
6,84	0,006624
6,878	0,006501
6,916	0,007972
6,954	0,007081
6,992	0,009429
7,03	0,00921
7,068	0,00813
7,106	0,007596
7,144	0,008322
7,182	0,006861
7,22	0,008987
7,258	0,007474
7,296	0,00537
7,334	0,007216
7,372	0,005471
7,41	0,005242
7,448	0,005058
7,486	0,006878
7,524	0,008191
7,562	0,002827
7,6	0,000363
7,638	-0,001064
7,676	-0,00158
7,714	-0,001593
7,752	-0,005174
7,79	-0,00697
7,828	-0,003855
7,866	-0,005402
7,904	-0,004396
7,942	0,000491
7,98	-0,001103
8,018	0,002437
8,056	-0,000627
8,094	-0,000275
8,132	0,003314
8,17	0,004982
8,208	0,003246
8,246	0,001766
8,284	0,002928
8,322	0,003443
8,36	0,004538
8,398	0,003332
8,436	0,00305
8,474	0,000703
8,512	0,001653
8,55	-0,000627
8,588	-0,000836
8,626	-0,002865
8,664	-0,001249
8,702	-0,002425
8,74	-0,006166
8,778	-0,003636
8,816	-0,00724
8,854	-0,004954
8,892	0,000089
8,93	0,000284
8,968	0,00152
9,006	0,002201
9,044	-0,000765
9,082	-0,000681
9,12	0,002787
9,158	0,003849
9,196	0,007115
9,234	0,006744
9,272	0,005433
9,31	0,0081
9,348	0,005003
9,386	0,00037
9,424	0,0013
9,462	0,00471
9,5	0,00167
9,538	0,002905
9,576	0,005149
9,614	0,011164
9,652	0,012759
9,69	0,021227
9,728	0,030928
9,766	0,040891
9,804	0,044841
9,842	0,049333
9,88	0,055588
9,918	0,056977
9,956	0,058436
9,994	0,053875
10,032	0,053598
10,07	0,053171
10,108	0,056061
10,146	0,05613
10,184	0,053354
10,222	0,05045
10,26	0,052558
10,298	0,044025
10,336	0,040459
10,374	0,036342
10,412	0,02853
10,45	0,025963
10,488	0,025362
10,526	0,026639
10,564	0,027852
10,602	0,02982
10,64	0,029324
10,678	0,029221
10,716	0,028021
10,754	0,029057
10,792	0,026371
10,83	0,026277
10,868	0,026758
10,906	0,026853
10,944	0,02349
10,982	0,020249
11,02	0,01833
11,058	0,013043
11,096	0,012923
11,134	0,008973
11,172	0,009353
11,21	0,009212
11,248	0,009653
11,286	0,013211
11,324	0,012867
11,362	0,01025
11,4	0,007428
11,438	0,010866
11,476	0,009966
11,514	0,010437
11,552	0,012297
11,59	0,010596
11,628	0,013242
11,666	0,008441
11,704	0,009991
11,742	0,013552
11,78	0,008189
11,818	0,005461
11,856	0,00445
11,894	0,00623
11,932	0,006219
11,97	0,008675
12,008	0,007906
12,046	0,00589
12,084	0,009567
12,122	0,009701
12,16	0,008268
12,198	0,010741
12,236	0,010883
12,274	0,008996
12,312	0,00877
12,35	0,006681
12,388	0,006038
12,426	0,00578
12,464	0,004733
12,502	0,005001
12,54	0,004393
12,578	0,008916
12,616	0,010216
12,654	0,007987
12,692	0,006876
12,73	0,010231
12,768	0,008445
12,806	0,005279
12,844	0,00426
12,882	0,005218
12,92	0,003728
12,958	0,004311
12,996	0,004751
13,034	0,00275
13,072	0,000241
13,11	-0,00092
13,148	-0,001064
13,186	-0,002835
13,224	-0,002169
13,262	-0,002817
13,3	-0,003039
13,338	-0,002706
13,376	-0,002268
13,414	-0,001595
13,452	0,000995
13,49	-0,000386
13,528	-0,002886
13,566	0,003893
13,604	0,003655
13,642	0,001596
13,68	0,000001
13,718	0,003639
13,756	0,003575
13,794	0,004845
13,832	0,001255
13,87	-0,000147
13,908	0,002186
13,946	0,000787
13,984	0,001457
14,022	0,000549
14,06	0,000259
14,098	0,006545
14,136	0,004527
14,174	0,002267
14,212	0,002238
14,25	-0,000147
14,288	-0,002045
14,326	-0,000462
14,364	-0,00358
14,402	-0,003357
14,44	-0,000472
14,478	-0,001857
14,516	-0,007034
14,554	-0,00442
14,592	-0,00553
14,63	-0,007747
14,668	-0,004251
14,706	-0,000887
14,744	0,000446
14,782	0,003032
14,82	0,006708
14,858	0,005813
14,896	0,007417
14,934	0,00835
14,972	0,006908
15,01	0,005622
15,048	0,001529
15,086	0,006613
15,124	0,006474
15,162	0,004343
15,2	0,004664
15,238	0,00712
15,276	0,005462
15,314	0,002423
15,352	0,001082
15,39	0,003425
15,428	0,001115
15,466	0,005344
15,504	0,006065
15,542	0,005351
15,58	0,004461
15,618	0,001754
15,656	0,001598
15,694	0,001322
15,732	-0,000675
15,77	-0,004912
15,808	-0,002938
15,846	-0,00216
15,884	-0,000294
15,922	0,00232
15,96	0,002261
15,998	0,000032
16,036	0,004024
16,074	0,005154
16,112	0,010453
16,15	0,019361
16,188	0,025119
16,226	0,03278
16,264	0,038215
16,302	0,038203
16,34	0,038856
16,378	0,043153
16,416	0,046157
16,454	0,042358
16,492	0,044187
16,53	0,04352
16,568	0,048094
16,606	0,040673
16,644	0,037982
16,682	0,032457
16,72	0,033464
16,758	0,028872
16,796	0,025122
16,834	0,028412
16,872	0,024897
16,91	0,019808
16,948	0,016508
16,986	0,024078
17,024	0,024512
17,062	0,020916
17,1	0,022454
17,138	0,022511
17,176	0,022968
17,214	0,020201
17,252	0,021004
17,29	0,015632
17,328	0,01595
17,366	0,013569
17,404	0,01139
17,442	0,009684
17,48	0,008213
17,518	0,009832
17,556	0,011474
17,594	0,014299
17,632	0,017196
17,67	0,016697
17,708	0,014202
17,746	0,01132
17,784	0,012836
17,822	0,013481
17,86	0,012946
17,898	0,011687
17,936	0,011249
17,974	0,011292
18,012	0,01173
18,05	0,011177
18,088	0,011377
18,126	0,011033
18,164	0,012368
18,202	0,011898
18,24	0,010137
18,278	0,008779
18,316	0,00684
18,354	0,008023
18,392	0,006007
18,43	0,008952
18,468	0,009613
18,506	0,009198
18,544	0,007282
18,582	0,004736
18,62	0,004467
18,658	0,000398
18,696	0,00221
18,734	0,00129
18,772	0,001356
18,81	-0,00425
18,848	-0,005515
18,886	-0,005571
18,924	-0,005386
18,962	-0,005966
19	-0,003473
19,038	-0,002044
19,076	-0,003834
19,114	-0,003412
19,152	-0,003395
19,19	-0,003359
19,228	-0,002547
19,266	0,000128
19,304	-0,001399
19,342	-0,001779
19,38	0,000821
19,418	-0,000618
19,456	-0,000013
19,494	0,003303
19,532	0,001942
19,57	0,000883
19,608	0,001242
19,646	0,003434
19,684	0,005162
19,722	0,002333
19,76	0,003511
19,798	0,006839
19,836	0,007572
19,874	0,007172
19,912	0,005173
19,95	0,006734
19,988	0,005593
20,026	0,007662
20,064	0,005415
20,102	0,007992
20,14	0,005399
20,178	0,006671
20,216	0,007425
20,254	0,005056
20,292	0,005851
20,33	-0,000958
20,368	-0,00097
20,406	-0,002933
20,444	-0,003402
20,482	-0,005893
20,52	-0,007412
20,558	-0,004094
20,596	-0,004068
20,634	-0,004777
20,672	-0,006657
20,71	-0,008694
20,748	-0,008669
20,786	-0,006476
20,824	-0,006265
20,862	-0,003051
20,9	0,00066
20,938	0,000743
20,976	0,001243
21,014	0,003572
21,052	0,005677
21,09	0,001868
21,128	0,004051
21,166	0,002862
21,204	0,003278
21,242	0,003795
21,28	0,00613
21,318	0,006087
21,356	0,00745
21,394	0,006139
21,432	0,0064
21,47	0,003866
21,508	-0,0018
21,546	-0,005916
21,584	-0,004088
21,622	-0,00195
21,66	-0,001495
21,698	0,000888
21,736	0,00052
21,774	-0,002795
21,812	-0,0021
21,85	-0,004586
21,888	-0,006176
21,926	-0,005791
21,964	-0,001316
22,002	0,000297
22,04	0,003589
22,078	0,004426
22,116	0,00313
22,154	0,007547
22,192	0,006142
22,23	0,006061
22,268	0,004717
22,306	0,004328
22,344	0,004066
22,382	0,006365
22,42	0,007504
22,458	0,009529
22,496	0,013517
22,534	0,011599
22,572	0,012218
22,61	0,005666
22,648	0,000963
22,686	0,002144
22,724	-0,001432
22,762	-0,003313
22,8	-0,002356
22,838	0,000847
22,876	0,002532
22,914	0,000393
22,952	-0,001117
22,99	0,002196
23,028	0,006992
23,066	0,012709
23,104	0,017705
23,142	0,024406
23,18	0,031239
23,218	0,035823
23,256	0,039726
23,294	0,041471
23,332	0,045585
23,37	0,048634
23,408	0,044704
23,446	0,049395
23,484	0,050002
23,522	0,046101
23,56	0,04533
23,598	0,043772
23,636	0,041356
23,674	0,038127
23,712	0,037658
23,75	0,037325
23,788	0,035615
23,826	0,033738
23,864	0,029778
23,902	0,02824
23,94	0,035275
23,978	0,038536
24,016	0,037958
24,054	0,039379
24,092	0,037118
24,13	0,032276
24,168	0,02919
24,206	0,029711
24,244	0,026196
24,282	0,023645
24,32	0,023482
24,358	0,023962
24,396	0,022157
24,434	0,021689
24,472	0,017764
24,51	0,018616
24,548	0,01876
24,586	0,018674
24,624	0,016038
24,662	0,018728
24,7	0,019007
24,738	0,014159
24,776	0,012966
24,814	0,014741
24,852	0,01379
24,89	0,013343
24,928	0,013572
24,966	0,018201
25,004	0,018175
25,042	0,018497
25,08	0,017058
25,118	0,016057
25,156	0,017466
25,194	0,014266
25,232	0,009503
25,27	0,007801
25,308	0,006021
25,346	0,004332
25,384	0,001026
25,422	0,004372
25,46	0,003549
25,498	0,000607
25,536	-0,00235
25,574	-0,000047
25,612	-0,000862
25,65	0,001168
25,688	0,00187
25,726	0,001983
25,764	0,00248
25,802	0,007235
25,84	0,008708
25,878	0,010537
25,916	0,012046
25,954	0,007404
25,992	0,005858
26,03	0,007538
26,068	0,009436
26,106	0,010236
26,144	0,00675
26,182	0,010151
26,22	0,007845
26,258	0,011507
26,296	0,008602
26,334	0,006704
26,372	0,003951
26,41	0,003153
26,448	0,006374
26,486	0,008171
26,524	0,005306
26,562	0,001197
26,6	0,004445
26,638	0,006327
26,676	0,003753
26,714	0,001328
26,752	-0,000206
26,79	0,002576
26,828	0,000339
26,866	-0,003082
26,904	-0,004873
26,942	-0,003423
26,98	-0,004664
27,018	-0,002746
27,056	-0,005384
27,094	-0,003242
27,132	0,002294
27,17	-0,000681
27,208	-0,001742
27,246	-0,001471
27,284	-0,000408
27,322	-0,001253
27,36	-0,003266
27,398	-0,000609
27,436	0,002326
27,474	0,001593
27,512	0,002592
27,55	-0,000769
27,588	0,003796
27,626	0,002306
27,664	0,003085
27,702	0,003385
27,74	0,005545
27,778	0,004164
27,816	0,004932
27,854	0,001628
27,892	-0,002228
27,93	-0,002743
27,968	0,001717
28,006	-0,000739
28,044	-0,001015
28,082	-0,000505
28,12	-0,003598
28,158	-0,003718
28,196	0,000834
28,234	0,00032
28,272	0,004035
28,31	-0,000309
28,348	0,000643
28,386	-0,004249
28,424	-0,007451
28,462	-0,006993
28,5	-0,005871
28,538	-0,006258
28,576	-0,002851
28,614	-0,000934
28,652	-0,002878
28,69	-0,001792
28,728	-0,003499
28,766	0,000459
28,804	0,001797
28,842	0,008382
28,88	0,013643
28,918	0,020077
28,956	0,02444
28,994	0,030335
29,032	0,036057
29,07	0,043125
29,108	0,042039
29,146	0,038319
29,184	0,038701
29,222	0,040783
29,26	0,040099
29,298	0,039749
29,336	0,037511
29,374	0,036905
29,412	0,034455
29,45	0,031508
29,488	0,033147
29,526	0,034358
29,564	0,036967
29,602	0,034756
29,64	0,033088
29,678	0,03161
29,716	0,034106
29,754	0,02989
29,792	0,028106
29,83	0,023386
29,868	0,020361
29,906	0,021782
29,944	0,022759
29,982	0,022285
30,02	0,019732
30,058	0,016229
30,096	0,012301
30,134	0,012819
30,172	0,014079
30,21	0,014144
30,248	0,011264
30,286	0,01275
30,324	0,013161
30,362	0,01304
30,4	0,01382
30,438	0,014521
30,476	0,016292
30,514	0,016267
30,552	0,020529
30,59	0,019626
30,628	0,017954
30,666	0,018894
30,704	0,018382
30,742	0,022655
30,78	0,020057
30,818	0,020285
30,856	0,022588
30,894	0,019907
30,932	0,018723
30,97	0,01795
31,008	0,018857
31,046	0,015277
31,084	0,012881
31,122	0,011469
31,16	0,015254
31,198	0,013333
31,236	0,013648
31,274	0,009466
31,312	0,008115
31,35	0,005342
31,388	0,004071
31,426	0,001824
31,464	0,00062
31,502	0,002697
31,54	0,003517
31,578	0,004172
31,616	0,00696
31,654	0,007031
31,692	0,006554
31,73	0,006244
31,768	0,001691
31,806	0,00424
31,844	0,00417
31,882	0,00667
31,92	0,00713
31,958	0,006619
31,996	0,008344
32,034	0,009603
32,072	0,009706
32,11	0,011064
32,148	0,012637
32,186	0,008315
32,224	0,004264
32,262	0,00728
32,3	0,005237
32,338	0,006673
32,376	0,004198
32,414	0,001624
32,452	0,003191
32,49	0,003193
32,528	0,005912
32,566	0,003988
32,604	0,004854
32,642	0,005617
32,68	0,003306
32,718	0,004731
32,756	0,00724
32,794	0,00741
32,832	0,006103
32,87	0,005065
32,908	0,006515
32,946	0,005755
32,984	0,00687
33,022	0,007582
33,06	0,008422
33,098	0,007983
33,136	0,005454
33,174	0,004846
33,212	0,000637
33,25	-0,003521
33,288	0,003006
33,326	0,004551
33,364	0,004078
33,402	0,003887
33,44	0,000846
33,478	0,001924
33,516	0,000193
33,554	-0,000062
33,592	-0,001663
33,63	0,001893
33,668	0,001901
33,706	0,000827
33,744	0,004619
33,782	0,008023
33,82	0,007609
33,858	0,006037
33,896	0,007826
33,934	0,005302
33,972	0,001932
34,01	-0,001268
34,048	-0,004785
34,086	-0,005021
34,124	-0,005671
34,162	-0,00347
34,2	-0,00467
34,238	-0,001741
34,276	0,002342
34,314	-0,000903
34,352	-0,002239
34,39	-0,00241
34,428	-0,002901
34,466	-0,00011
34,504	0,001029
34,542	0,001982
34,58	0,004375
34,618	0,00513
34,656	0,00288
34,694	0,004423
34,732	0,003186
34,77	0,005823
34,808	0,00441
34,846	0,006079
34,884	0,005666
34,922	0,004555
34,96	0,00385
34,998	0,005176
35,036	0,004786
35,074	0,006733
35,112	0,001296
35,15	0,001795
35,188	0,0035
35,226	0,006513
35,264	0,006334
35,302	0,007272
35,34	0,004653
35,378	0,005066
35,416	0,007882
35,454	0,005789
35,492	0,011888
35,53	0,015499
35,568	0,020862
35,606	0,029066
35,644	0,032669
35,682	0,038644
35,72	0,040555
35,758	0,044355
35,796	0,048896
35,834	0,048537
35,872	0,043864
35,91	0,045302
35,948	0,044746
35,986	0,04542
36,024	0,044949
36,062	0,045593
36,1	0,049734
36,138	0,052549
36,176	0,054622
36,214	0,054641
36,252	0,056048
36,29	0,0499
36,328	0,046614
36,366	0,04379
36,404	0,045164
36,442	0,04352
36,48	0,042574
36,518	0,040194
36,556	0,037864
36,594	0,040059
36,632	0,040124
36,67	0,035595
36,708	0,032618
36,746	0,026442
36,784	0,020968
36,822	0,02355
36,86	0,018885
36,898	0,019352
36,936	0,017215
36,974	0,015341
37,012	0,012503
37,05	0,008609
37,088	0,011158
37,126	0,009196
37,164	0,008344
37,202	0,007639
37,24	0,008912
37,278	0,004139
37,316	0,007094
37,354	0,003294
37,392	0,001681
37,43	0,005632
37,468	0,005543
37,506	0,0035
37,544	0,005093
37,582	0,001201
37,62	0,003332
37,658	0,00298
37,696	0,003816
37,734	0,005227
37,772	0,002274
37,81	0,000493
37,848	0,001383
37,886	-0,000712
37,924	0,001205
37,962	-0,000199
38	0,002345
38,038	0,005066
38,076	0,005423
38,114	0,004551
38,152	0,002046
38,19	0,007201
38,228	0,004071
38,266	0,002528
38,304	-0,002238
38,342	-0,00194
38,38	-0,002853
38,418	-0,005901
38,456	-0,008177
38,494	-0,009512
38,532	-0,007536
38,57	-0,005138
38,608	-0,006418
38,646	-0,004551
38,684	-0,002866
38,722	-0,005984
38,76	-0,002902
38,798	-0,006105
38,836	-0,005527
38,874	-0,002589
38,912	-0,000439
38,95	0,002815
38,988	0,004088
39,026	0,004856
39,064	0,00469
39,102	0,00535
39,14	0,006126
39,178	0,004722
39,216	0,004716
39,254	0,005507
39,292	0,003438
39,33	0,00666
39,368	0,004117
39,406	0,003739
39,444	0,001216
39,482	0,004268
39,52	0,004223
39,558	0,002186
39,596	-0,000869
39,634	-0,002533
39,672	-0,003608
39,71	-0,000777
39,748	-0,000619
39,786	-0,004698
39,824	-0,006011
39,862	-0,004352
39,9	-0,00978
39,938	-0,009197
39,976	-0,011943
40,014	-0,01194
40,052	-0,007431
40,09	-0,006153
40,128	-0,006721
40,166	-0,005178
40,204	-0,005894
40,242	-0,001462
40,28	-0,003167
40,318	-0,004496
40,356	-0,001874
40,394	-0,000347
40,432	-0,001661
40,47	-0,000327
40,508	-0,000134
40,546	0,000106
40,584	0,002516
40,622	0,005472
40,66	0,007887
40,698	0,009078
40,736	0,010135
40,774	0,013483
40,812	0,015333
40,85	0,010736
40,888	0,013044
40,926	0,012575
40,964	0,008919
41,002	0,008046
41,04	0,008013
41,078	0,002525
41,116	0,003369
41,154	0,00288
41,192	0,002853
41,23	0,00013
41,268	-0,001327
41,306	-0,000594
41,344	-0,003939
41,382	-0,003567
41,42	0,000247
41,458	0,003259
41,496	0,003728
41,534	0,000314
41,572	0,003657
41,61	0,003821
41,648	0,005062
41,686	0,004584
41,724	0,004248
41,762	0,002412
41,8	0,002098
41,838	0,004038
41,876	0,00654
41,914	0,006008
41,952	0,002543
41,99	0,003649
42,028	0,000393
42,066	0,001201
42,104	0,002712
42,142	0,004441
42,18	0,007284
42,218	0,001132
42,256	0,001995
42,294	0,004962
42,332	0,011706
42,37	0,020168
42,408	0,024986
42,446	0,03441
42,484	0,039712
42,522	0,043111
42,56	0,043527
42,598	0,044972
42,636	0,047949
42,674	0,046186
42,712	0,043474
42,75	0,043477
42,788	0,039825
42,826	0,038633
42,864	0,038694
42,902	0,037491
42,94	0,031848
42,978	0,030834
43,016	0,025707
43,054	0,025068
43,092	0,026262
43,13	0,022026
43,168	0,026924
43,206	0,021094
43,244	0,021168
43,282	0,017351
43,32	0,01601
43,358	0,018131
43,396	0,016328
43,434	0,016447
43,472	0,013401
43,51	0,010089
43,548	0,00614
43,586	0,005997
43,624	0,000962
43,662	0,004149
43,7	0,004537
43,738	0,00668
43,776	0,007195
43,814	0,003647
43,852	0,008171
43,89	0,00617
43,928	0,008996
43,966	0,01029
44,004	0,015427
44,042	0,023068
44,08	0,024538
44,118	0,031649
44,156	0,034716
44,194	0,036623
44,232	0,037416
44,27	0,042089
44,308	0,040003
44,346	0,040413
44,384	0,038663
44,422	0,03507
44,46	0,037564
44,498	0,03638
44,536	0,033249
44,574	0,027979
44,612	0,026681
44,65	0,027471
44,688	0,027747
44,726	0,025825
44,764	0,019058
44,802	0,014803
44,84	0,018205
44,878	0,018143
44,916	0,013487
44,954	0,01144
44,992	0,006904
45,03	0,002136
45,068	0,006675
45,106	0,005909
45,144	0,006898
45,182	0,005802
45,22	0,008142
45,258	0,004831
45,296	0,008364
45,334	0,004527
45,372	0,00095
45,41	-0,003249
45,448	-0,007807
45,486	-0,009899
45,524	-0,00979
45,562	-0,004106
45,6	-0,002359
45,638	-0,002621
45,676	-0,000111
45,714	-0,001362
45,752	0,002104
45,79	0,005402
45,828	0,001881
45,866	0,005137
45,904	0,005494
45,942	0,005693
45,98	0,000283
46,018	0,002179
46,056	0,005693
46,094	0,006051
46,132	0,011109
46,17	0,011024
46,208	0,00981
46,246	0,012625
46,284	0,011516
46,322	0,011024
46,36	0,012346
46,398	0,01073
46,436	0,007518
46,474	0,009462
46,512	0,012539
46,55	0,004381
46,588	0,002751
46,626	0,000989
46,664	-0,0001
46,702	0,002559
46,74	0,003822
46,778	0,008636
46,816	0,008028
46,854	0,004445
46,892	0,005977
46,93	0,004426
46,968	0,006438
47,006	0,010042
47,044	0,006705
47,082	0,003319
47,12	0,007469
47,158	0,004269
47,196	0,003085
47,234	0,000856
47,272	0,002774
47,31	-0,001804
47,348	0,001414
47,386	0,001414
47,424	-0,001196
47,462	-0,002832
47,5	-0,002198
47,538	-0,001725
47,576	-0,000494
47,614	0,001676
47,652	0,00588
47,69	0,005651
47,728	0,006089
47,766	0,005148
47,804	0,005258
47,842	0,003679
47,88	0,004986
47,918	0,000423
47,956	0,002084
47,994	0,005133
48,032	0,005987
48,07	0,004184
48,108	0,00745
48,146	0,009322
48,184	0,012336
48,222	0,010024
48,26	0,009052
48,298	0,007043
48,336	0,00993
48,374	0,007458
48,412	0,006615
48,45	0,008166
48,488	0,007518
48,526	0,003638
48,564	0,00369
48,602	0,003233
48,64	0,002774
48,678	0,003357
48,716	-0,000428
48,754	-0,001026
48,792	-0,005576
48,83	-0,006593
48,868	-0,008037
48,906	-0,010201
48,944	-0,009558
48,982	-0,006745
49,02	-0,002133
49,058	-0,002793
49,096	-0,002896
49,134	-0,003426
49,172	-0,001378
49,21	0,000917
49,248	-0,002192
49,286	-0,000079
49,324	-0,00219
49,362	-0,000822
49,4	0,002849
49,438	0,001134
49,476	-0,001793
49,514	-0,000262
49,552	0,002859
49,59	0,000317
49,628	-0,000462
49,666	-0,00251
49,704	-0,005085
49,742	-0,004943
49,78	-0,002449
49,818	0,001518
49,856	0,002871
49,894	0,007312
49,932	0,007589
49,97	0,004466
50,008	0,005254
50,046	0,009069
50,084	0,010292
50,122	0,014783
50,16	0,017091
50,198	0,021954
50,236	0,024363
50,274	0,030255
50,312	0,034197
50,35	0,039779
50,388	0,040046
50,426	0,03665
50,464	0,037786
50,502	0,041257
50,54	0,041245
50,578	0,037092
50,616	0,035391
50,654	0,037301
50,692	0,034104
50,73	0,031881
50,768	0,030679
50,806	0,026479
50,844	0,022218
50,882	0,022953
50,92	0,024512
50,958	0,022652
50,996	0,02059
51,034	0,020256
51,072	0,021823
51,11	0,021546
51,148	0,019008
51,186	0,012437
51,224	0,013154
51,262	0,013276
51,3	0,013431
51,338	0,013931
51,376	0,013033
51,414	0,010717
51,452	0,01164
51,49	0,013459
51,528	0,010709
51,566	0,009115
51,604	0,007852
51,642	0,007335
51,68	0,007697
51,718	0,007733
51,756	0,006926
51,794	0,004367
51,832	0,005773
51,87	0,00762
51,908	0,005893
51,946	0,002464
51,984	0,001203
52,022	0,002844
52,06	0,003884
52,098	0,005112
52,136	0,009284
52,174	0,012788
52,212	0,014104
52,25	0,011614
52,288	0,009548
52,326	0,011565
52,364	0,010548
52,402	0,008493
52,44	0,008782
52,478	0,009164
52,516	0,007258
52,554	0,005824
52,592	0,005158
52,63	0,003082
52,668	0,002101
52,706	-0,002702
52,744	0,000954
52,782	-0,000533
52,82	-0,005378
52,858	-0,004531
52,896	0,000401
52,934	0,000612
52,972	-0,001663
53,01	-0,00216
53,048	-0,000025
53,086	-0,0005
53,124	-0,001295
53,162	-0,002252
53,2	-0,001554
53,238	-0,004276
53,276	0,001174
53,314	0,001434
53,352	0,004613
53,39	0,008263
53,428	0,008928
53,466	0,005488
53,504	0,005074
53,542	0,00422
53,58	0,002311
53,618	0,004748
53,656	0,010358
53,694	0,012697
53,732	0,014169
53,77	0,013184
53,808	0,015171
53,846	0,015246
53,884	0,011889
53,922	0,0078
53,96	0,00574
53,998	0,005042
54,036	0,004685
54,074	0,005345
54,112	0,003367
54,15	0,0001
54,188	0,003573
54,226	0,001288
54,264	0,000243
54,302	0,000649
54,34	0,000515
54,378	0,002414
54,416	0,004785
54,454	0,004908
54,492	0,006701
54,53	0,006607
54,568	0,0078
54,606	0,009689
54,644	0,01131
54,682	0,012445
54,72	0,014973
54,758	0,014271
54,796	0,012954
54,834	0,011078
54,872	0,011901
54,91	0,011371
54,948	0,009248
54,986	0,007282
55,024	0,010089
55,062	0,007666
55,1	0,00714
55,138	0,008661
55,176	0,008183
55,214	0,007261
55,252	0,007922
55,29	0,010743
55,328	0,011235
55,366	0,00816
55,404	0,007463
55,442	0,01111
55,48	0,009489
55,518	0,010364
55,556	0,009557
55,594	0,006361
55,632	0,006722
55,67	0,007444
55,708	0,006935
55,746	0,001872
55,784	0,006863
55,822	0,004611
55,86	0,006493
55,898	0,007159
55,936	0,006225
55,974	0,006024
56,012	0,005425
56,05	0,004552
56,088	0,001186
56,126	0,001822
56,164	-0,000453
56,202	-0,001553
56,24	-0,002577
56,278	0,000158
56,316	-0,000275
56,354	0,002685
56,392	0,005551
56,43	0,005493
56,468	0,009081
56,506	0,010678
56,544	0,010042
56,582	0,010356
56,62	0,008608
56,658	0,007418
56,696	0,005957
56,734	0,003477
56,772	0,003317
56,81	0,002125
56,848	0,001032
56,886	0,001652
56,924	-0,000105
56,962	0,002501
57	0,004764
57,038	0,002159
57,076	0,006228
57,114	0,003852
57,152	0,002256
57,19	-0,001175
57,228	-0,001483
57,266	-0,000787
57,304	0,000002
57,342	-0,001292
57,38	0,002067
57,418	0,001473
57,456	0,004991
57,494	0,005215
57,532	0,011467
57,57	0,010528
57,608	0,008645
57,646	0,007983
57,684	0,003217
57,722	-0,000887
57,76	-0,001331
57,798	0,001836
57,836	0,001823
57,874	0,000388
57,912	0,000995
57,95	0,002976
57,988	0,004986
58,026	0,004543
58,064	0,003228
58,102	0,00293
58,14	0,002895
58,178	0,002497
58,216	0,007337
58,254	0,010714
58,292	0,01583
58,33	0,018273
58,368	0,023408
58,406	0,025394
58,444	0,030732
58,482	0,03146
58,52	0,036494
58,558	0,039293
58,596	0,041028
58,634	0,037721
58,672	0,041152
58,71	0,043625
58,748	0,043509
58,786	0,041043
58,824	0,041479
58,862	0,035826
58,9	0,03294
58,938	0,030233
58,976	0,028678
59,014	0,026704
59,052	0,028711
59,09	0,027685
59,128	0,027308
59,166	0,025467
59,204	0,025
59,242	0,025296
59,28	0,018736
59,318	0,014099
59,356	0,009203
59,394	0,008735
59,432	0,009299
59,47	0,011399
59,508	0,010978
59,546	0,016748
59,584	0,014034
59,622	0,015638
59,66	0,017971
59,698	0,015313
59,736	0,016329
59,774	0,019067
59,812	0,017119
59,85	0,012603
59,888	0,008388
59,926	0,003
59,964	-0,000406
60,002	-0,003174
60,04	-0,001621
60,078	-0,001078
60,116	0,001685
60,154	0,000336
60,192	0,002803
60,23	0,003948
60,268	0,004423
60,306	0,006821
60,344	0,006114
60,382	0,004103
60,42	0,002493
60,458	0,001159
60,496	0,004377
60,534	0,007729
60,572	0,005648
60,61	0,003084
60,648	0,003754
60,686	0,003464
60,724	0,002698
60,762	0,005387
60,8	0,008507
60,838	0,010565
60,876	0,012321
60,914	0,015569
60,952	0,016043
60,99	0,014851
61,028	0,017294
61,066	0,01784
61,104	0,016021
61,142	0,019683
61,18	0,017547
61,218	0,017731
61,256	0,010603
61,294	0,013774
61,332	0,015765
61,37	0,012194
61,408	0,00797
61,446	0,00421
61,484	0,003097
61,522	0,004867
61,56	0,004593
61,598	0,003998
61,636	0,003345
61,674	0,006656
61,712	0,006126
61,75	0,005687
61,788	0,006379
61,826	0,004154
61,864	0,002525
61,902	0,003336
61,94	0,000264
61,978	0,002626
62,016	0,005107
62,054	0,003838
62,092	-0,000321
62,13	0,002296
62,168	0,001356
62,206	0,002208
62,244	0,001544
62,282	0,002313
62,32	0,013706
62,358	0,0185
62,396	0,023843
62,434	0,030586
62,472	0,031687
62,51	0,03687
62,548	0,038895
62,586	0,04189
62,624	0,044477
62,662	0,043928
62,7	0,042576
62,738	0,045307
62,776	0,042928
62,814	0,043435
62,852	0,042588
62,89	0,040359
62,928	0,038196
62,966	0,035666
63,004	0,033678
63,042	0,028761
63,08	0,027643
63,118	0,025558
63,156	0,020402
63,194	0,020243
63,232	0,014513
63,27	0,014878
63,308	0,010536
63,346	0,01379
63,384	0,013315
63,422	0,013974
63,46	0,013141
63,498	0,008018
63,536	0,010415
63,574	0,008336
63,612	0,007824
63,65	0,006921
63,688	0,004904
63,726	0,006975
63,764	0,007262
63,802	0,006497
63,84	0,00644
63,878	0,005492
63,916	0,006284
63,954	0,007675
63,992	0,008562
64,03	0,009031
64,068	0,009628
64,106	0,004899
64,144	0,003829
64,182	0,001624
64,22	0,004382
64,258	0,006239
64,296	0,006878
64,334	0,002454
64,372	0,004216
64,41	0,006304
64,448	0,003025
64,486	0,006846
64,524	0,002205
64,562	0,003843
64,6	0,004143
64,638	0,008871
64,676	0,006828
64,714	0,004555
64,752	0,002989
64,79	0,002003
64,828	-0,000981
64,866	-0,000171
64,904	0,002935
64,942	-0,00049
64,98	-0,001205
65,018	-0,000713
65,056	-0,000325
65,094	0,002293
65,132	0,004809
65,17	-0,000778
65,208	-0,00669
65,246	-0,004958
65,284	-0,003703
65,322	-0,003057
65,36	-0,008621
65,398	-0,005595
65,436	-0,00185
65,474	-0,003265
65,512	-0,009435
65,55	-0,002684
65,588	-0,002832
65,626	-0,001823
65,664	-0,001706
65,702	-0,002644
65,74	-0,001711
65,778	0,003098
65,816	0,009637
65,854	0,019354
65,892	0,025936
65,93	0,03077
65,968	0,040134
66,006	0,041551
66,044	0,044488
66,082	0,04429
66,12	0,044773
66,158	0,046457
66,196	0,04633
66,234	0,043589
66,272	0,043872
66,31	0,040253
66,348	0,03859
66,386	0,041408
66,424	0,036498
66,462	0,034507
66,5	0,030376
66,538	0,025749
66,576	0,026055
66,614	0,024834
66,652	0,025051
66,69	0,028787
66,728	0,029715
66,766	0,031128
66,804	0,030081
66,842	0,029591
66,88	0,027971
66,918	0,026796
66,956	0,024768
66,994	0,023042
67,032	0,014731
67,07	0,013151
67,108	0,00994
67,146	0,013062
67,184	0,015812
67,222	0,018357
67,26	0,020097
67,298	0,023346
67,336	0,030388
67,374	0,034208
67,412	0,034352
67,45	0,038927
67,488	0,04076
67,526	0,042385
67,564	0,039812
67,602	0,040442
67,64	0,041497
67,678	0,036808
67,716	0,035102
67,754	0,031837
67,792	0,031043
67,83	0,039346
67,868	0,033395
67,906	0,034831
67,944	0,03385
67,982	0,031661
68,02	0,030488
68,058	0,028936
68,096	0,027066
68,134	0,023664
68,172	0,018942
68,21	0,01842
68,248	0,020371
68,286	0,019282
68,324	0,020602
68,362	0,018083
68,4	0,018008
68,438	0,019897
68,476	0,020911
68,514	0,020551
68,552	0,015528
68,59	0,017078
68,628	0,012688
68,666	0,012968
68,704	0,00489
68,742	0,006084
68,78	0,004011
68,818	0,00506
68,856	0,009223
68,894	0,005397
68,932	0,008059
68,97	0,004953
69,008	0,005519
69,046	0,009917
69,084	0,009204
69,122	0,006898
69,16	0,004276
69,198	0,007252
69,236	0,01091
69,274	0,006055
69,312	0,007606
69,35	0,007554
69,388	0,00665
69,426	0,001304
69,464	0,001458
69,502	0,00242
69,54	0,00258
69,578	0,000016
69,616	0,002381
69,654	0,002182
69,692	0,000976
69,73	0,002417
69,768	-0,000751
69,806	0,000594
69,844	-0,001814
69,882	-0,001262
69,92	0,001316
69,958	0,000456
69,996	-0,002462
70,034	-0,005026
70,072	-0,001387
70,11	0,000158
70,148	0,000339
70,186	-0,001139
70,224	-0,000189
70,262	-0,002719
70,3	0,001265
70,338	-0,001182
70,376	0,000809
70,414	0,002255
70,452	-0,000817
70,49	0,00029
70,528	0,002954
70,566	-0,00027
70,604	0,002713
70,642	0,002392
70,68	0,00076
70,718	0,00691
70,756	0,008523
70,794	0,004266
70,832	0,004391
70,87	0,00376
70,908	0,001127
70,946	0,003125
70,984	0,002514
71,022	0,005391
71,06	0,005559
71,098	0,010298
71,136	0,008783
71,174	0,009909
71,212	0,007728
71,25	0,0082
71,288	0,011233
71,326	0,00873
71,364	0,006449
71,402	0,005407
71,44	0,008033
71,478	0,010263
71,516	0,003605
71,554	0
71,592	-0,003831
71,63	-0,004305
71,668	-0,004899
71,706	-0,005015
71,744	-0,00373
71,782	0,000089
71,82	-0,000758
71,858	-0,000446
71,896	-0,000605
71,934	0,003026
71,972	0,001756
72,01	0,001399
72,048	0,005077
72,086	0,002579
72,124	0,004798
72,162	0,00236
72,2	0,00431
72,238	0,007093
72,276	0,003692
72,314	0,001095
72,352	0,000534
72,39	0,000867
72,428	0,000036
72,466	0,00274
72,504	0,001966
72,542	0,000645
72,58	0,002516
72,618	0,00264
72,656	0,000737
72,694	-0,000728
72,732	0,000757
72,77	0,001626
72,808	0,002306
72,846	-0,001607
72,884	0,000886
72,922	0,00175
72,96	0,003384
72,998	0,001472
73,036	-0,001206
73,074	-0,002456
73,112	-0,006385
73,15	-0,007507
73,188	-0,006781
73,226	-0,006273
73,264	-0,004302
73,302	-0,000591
73,34	0,002808
73,378	0,008075
73,416	0,012711
73,454	0,021119
73,492	0,029786
73,53	0,031571
73,568	0,033004
73,606	0,033829
73,644	0,033728
73,682	0,0327
73,72	0,03313
73,758	0,029729
73,796	0,026657
73,834	0,026083
73,872	0,026358
73,91	0,022192
73,948	0,02145
73,986	0,019043
74,024	0,017108
74,062	0,018744
74,1	0,015388
74,138	0,009857
74,176	0,006875
74,214	0,00637
74,252	0,004528
74,29	0,003482
74,328	0,004002
74,366	0,005335
74,404	0,004587
74,442	0,008003
74,48	0,009191
74,518	0,009863
74,556	0,01127
74,594	0,009736
74,632	0,010058
74,67	0,010647
74,708	0,013469
74,746	0,009925
74,784	0,007365
74,822	0,01092
74,86	0,01021
74,898	0,008351
74,936	0,009518
74,974	0,011496
75,012	0,011383
75,05	0,01055
75,088	0,013152
75,126	0,009847
75,164	0,008066
75,202	0,009193
75,24	0,004874
75,278	0,003527
75,316	0,005652
75,354	0,005308
75,392	0,006166
75,43	0,003932
75,468	0,001162
75,506	-0,002955
75,544	-0,001231
75,582	-0,002209
75,62	-0,004737
75,658	-0,008444
75,696	-0,011524
75,734	-0,012117
75,772	-0,007077
75,81	-0,007317
75,848	-0,006668
75,886	-0,002619
75,924	-0,004278
75,962	-0,004965
76	-0,002506
76,038	-0,005384
76,076	-0,004846
76,114	-0,006066
76,152	-0,007146
76,19	-0,002296
76,228	-0,003632
76,266	-0,002784
76,304	0,000301
76,342	0,003527
76,38	0,004895
76,418	0,007231
76,456	0,004605
76,494	0,001066
76,532	-0,000716
76,57	0,000664
76,608	-0,001639
76,646	-0,002723
76,684	-0,002153
76,722	-0,002247
76,76	-0,003052
76,798	0,001167
76,836	0,004681
76,874	0,001563
76,912	-0,000251
76,95	-0,001092
76,988	-0,002094
77,026	0,000089
77,064	-0,001781
77,102	0,001341
77,14	-0,000179
77,178	0,001895
77,216	0,002554
77,254	0,001667
77,292	0,003302
77,33	0,004241
77,368	-0,000165
77,406	-0,001875
77,444	0,001591
77,482	-0,001843
77,52	0,002924
77,558	0,007204
77,596	0,007114
77,634	0,007959
77,672	0,007063
77,71	0,005954
77,748	0,002632
77,786	0,004603
77,824	0,004154
77,862	0,003091
77,9	0,003291
77,938	0,003515
77,976	0,003332
78,014	0,00067
78,052	0,000508
78,09	0,004611
78,128	0,007159
78,166	0,010613
78,204	0,006992
78,242	0,004213
78,28	0,002291
78,318	0,003814
78,356	0,006258
78,394	0,001855
78,432	0,002607
78,47	0,003664
78,508	0,005186
78,546	0,004896
78,584	0,00112
78,622	0,006842
78,66	0,005365
78,698	0,006236
78,736	0,003421
78,774	0,002219
78,812	0,003691
78,85	0,003353
78,888	0,005053
78,926	0,008116
78,964	0,006415
79,002	0,00677
79,04	0,007169
79,078	0,004975
79,116	0,005248
79,154	0,005039
79,192	0,005186
79,23	0,004981
79,268	0,006955
79,306	0,010193
79,344	0,011745
79,382	0,017852
79,42	0,020172
79,458	0,027774
79,496	0,029564
79,534	0,035707
79,572	0,042881
79,61	0,043943
79,648	0,045945
79,686	0,046153
79,724	0,046323
79,762	0,044748
79,8	0,038618
79,838	0,034499
79,876	0,030219
79,914	0,029339
79,952	0,027687
79,99	0,029682
80,028	0,030467
80,066	0,030033
80,104	0,025162
80,142	0,022881
80,18	0,021413
80,218	0,020717
80,256	0,017615
80,294	0,011341
80,332	0,010153
80,37	0,005892
80,408	0,006798
80,446	0,004595
80,484	0,005972
80,522	0,008285
80,56	0,010296
80,598	0,01249
80,636	0,010605
80,674	0,010483
80,712	0,01
80,75	0,011575
80,788	0,010569
80,826	0,01321
80,864	0,011536
80,902	0,010092
80,94	0,010977
80,978	0,011225
81,016	0,011586
81,054	0,010113
81,092	0,007176
81,13	0,008377
81,168	0,01092
81,206	0,011149
81,244	0,014169
81,282	0,013083
81,32	0,011749
81,358	0,008181
81,396	0,008275
81,434	0,0076
81,472	0,006128
81,51	0,004637
81,548	0,004578
81,586	0,007137
81,624	0,010205
81,662	0,008136
81,7	0,005132
81,738	0,003495
81,776	0,004006
81,814	0,00453
81,852	0,002557
81,89	0,001881
81,928	-0,001464
81,966	0,001215
82,004	-0,000941
82,042	-0,001543
82,08	-0,001019
82,118	-0,001966
82,156	0,001756
82,194	0,001111
82,232	0,0038
82,27	0,002459
82,308	0,001093
82,346	-0,000399
82,384	-0,001461
82,422	-0,000294
82,46	-0,002577
82,498	-0,004831
82,536	-0,003746
82,574	-0,002031
82,612	0,004697
82,65	0,006423
82,688	0,005775
82,726	0,00493
82,764	0,007075
82,802	0,007898
82,84	0,005746
82,878	0,004509
82,916	0,00408
82,954	0,004591
82,992	-0,000335
83,03	0,000958
83,068	0,001668
83,106	0,000448
83,144	-0,000273
83,182	-0,000952
83,22	-0,001856
83,258	-0,000536
83,296	0,000591
83,334	-0,003954
83,372	-0,008485
83,41	-0,005439
83,448	-0,002879
83,486	-0,003888
83,524	-0,004687
83,562	-0,007778
83,6	-0,007074
83,638	-0,005267
83,676	-0,008353
83,714	-0,008938
83,752	-0,007072
83,79	-0,003181
83,828	-0,002612
83,866	-0,004477
83,904	-0,005666
83,942	-0,00716
83,98	-0,0039
84,018	-0,001606
84,056	-0,000056
84,094	0,001363
84,132	0,001542
84,17	0,000259
84,208	0,000351
84,246	-0,002461
84,284	-0,001857
84,322	-0,001499
84,36	0,000217
84,398	-0,00136
84,436	0,000748
84,474	-0,000236
84,512	-0,00152
84,55	0,001532
84,588	0,001863
84,626	-0,000867
84,664	0,001149
84,702	0,002456
84,74	0,001879
84,778	0,002762
84,816	0,001512
84,854	0,00529
84,892	0,006273
84,93	0,004992
84,968	0,005509
85,006	0,005298
85,044	0,002923
85,082	0,003827
85,12	0,001022
85,158	0,002649
85,196	0,000441
85,234	-0,001053
85,272	-0,00099
85,31	-0,000174
85,348	0,00402
85,386	-0,00049
85,424	0,001993
85,462	0,007457
85,5	0,011716
85,538	0,017355
85,576	0,026676
85,614	0,031267
85,652	0,037993
85,69	0,039893
85,728	0,045309
85,766	0,044884
85,804	0,046156
85,842	0,046026
85,88	0,04479
85,918	0,045067
85,956	0,043788
85,994	0,04003
86,032	0,038544
86,07	0,035373
86,108	0,027673
86,146	0,024541
86,184	0,023679
86,222	0,023998
86,26	0,022804
86,298	0,021657
86,336	0,021791
86,374	0,02293
86,412	0,022037
86,45	0,018059
86,488	0,014447
86,526	0,011995
86,564	0,015208
86,602	0,011605
86,64	0,009488
86,678	0,009788
86,716	0,008949
86,754	0,009434
86,792	0,006969
86,83	0,003249
86,868	0,003083
86,906	0,001162
86,944	0,000334
86,982	0,001976
87,02	0,00156
87,058	0,002409
87,096	-0,002988
87,134	-0,001295
87,172	-0,0021
87,21	-0,00055
87,248	-0,002068
87,286	-0,000567
87,324	-0,001102
87,362	0,000892
87,4	0,001948
87,438	0,006883
87,476	0,014703
87,514	0,020747
87,552	0,025055
87,59	0,027491
87,628	0,02659
87,666	0,026441
87,704	0,025401
87,742	0,026382
87,78	0,028926
87,818	0,028008
87,856	0,031628
87,894	0,031711
87,932	0,027672
87,97	0,028277
88,008	0,026131
88,046	0,025545
88,084	0,020467
88,122	0,016858
88,16	0,014197
88,198	0,015617
88,236	0,018418
88,274	0,017496
88,312	0,018138
88,35	0,021808
88,388	0,020251
88,426	0,016908
88,464	0,018035
88,502	0,014591
88,54	0,014553
88,578	0,013655
88,616	0,014374
88,654	0,011617
88,692	0,008579
88,73	0,009901
88,768	0,01035
88,806	0,009534
88,844	0,011615
88,882	0,014312
88,92	0,012924
88,958	0,015075
88,996	0,016748
89,034	0,014512
89,072	0,012229
89,11	0,012285
89,148	0,008547
89,186	0,011509
89,224	0,014935
89,262	0,012094
89,3	0,012502
89,338	0,009109
89,376	0,012681
89,414	0,011907
89,452	0,013969
89,49	0,014705
89,528	0,01564
89,566	0,014412
89,604	0,014588
89,642	0,010136
89,68	0,011048
89,718	0,007584
89,756	0,007312
89,794	0,006546
89,832	0,004292
89,87	0,003126
89,908	0,004163
89,946	0,002641
89,984	0,005661
90,022	0,008224
90,06	0,006192
90,098	0,003437
90,136	0,004573
90,174	0,001359
90,212	0,002061
90,25	-0,001083
90,288	-0,004541
90,326	-0,004909
90,364	-0,007477
90,402	-0,004063
90,44	-0,005057
90,478	-0,000828
90,516	0,001676
90,554	0,003832
90,592	0,006023
90,63	0,008948
90,668	0,003702
90,706	-0,002784
90,744	-0,005097
90,782	-0,002276
90,82	-0,005882
90,858	-0,007437
90,896	-0,005452
90,934	-0,000643
90,972	-0,000222
91,01	0,002259
91,048	0,00178
91,086	0,008291
91,124	0,007081
91,162	0,005931
91,2	0,007598
91,238	0,007691
91,276	0,007075
91,314	0,005275
91,352	0,008572
91,39	0,008116
91,428	0,006068
91,466	0,004816
91,504	0,006286
91,542	0,011262
91,58	0,012785
91,618	0,01471
91,656	0,020004
91,694	0,027221
91,732	0,030219
91,77	0,034067
91,808	0,035255
91,846	0,03657
91,884	0,039298
91,922	0,042214
91,96	0,040727
91,998	0,041891
92,036	0,042375
92,074	0,038816
92,112	0,033324
92,15	0,032094
92,188	0,027928
92,226	0,024542
92,264	0,025979
92,302	0,027228
92,34	0,025604
92,378	0,024592
92,416	0,02615
92,454	0,027552
92,492	0,024696
92,53	0,019292
92,568	0,014224
92,606	0,011119
92,644	0,00757
92,682	0,004634
92,72	0,002534
92,758	0,004929
92,796	0,004199
92,834	0,004519
92,872	0,010713
92,91	0,011877
92,948	0,012951
92,986	0,011015
93,024	0,010993
93,062	0,010541
93,1	0,004841
93,138	0,003008
93,176	0,003173
93,214	0,000052
93,252	-0,000682
93,29	0,000288
93,328	-0,000102
93,366	0,003164
93,404	0,003478
93,442	0,005208
93,48	0,004629
93,518	0,005566
93,556	0,008839
93,594	0,008005
93,632	0,010836
93,67	0,010833
93,708	0,005113
93,746	0,00482
93,784	0,003099
93,822	0,006609
93,86	0,006192
93,898	0,007523
93,936	0,007201
93,974	0,007036
94,012	0,008034
94,05	0,009837
94,088	0,0047
94,126	0,003544
94,164	0,004213
94,202	0,002322
94,24	-0,001464
94,278	0,00019
94,316	-0,000602
94,354	-0,003143
94,392	-0,002734
94,43	-0,000152
94,468	0,002977
94,506	0,000092
94,544	-0,003478
94,582	-0,004736
94,62	-0,00299
94,658	-0,004958
94,696	-0,003477
94,734	0,001186
94,772	0,004678
94,81	0,002251
94,848	0,00134
94,886	-0,001202
94,924	-0,000578
94,962	0,000111
95	0,002651
95,038	0,001172
95,076	0,000881
95,114	-0,000769
95,152	0,002824
95,19	0,005371
95,228	0,009499
95,266	0,017659
95,304	0,02192
95,342	0,026597
95,38	0,03026
95,418	0,030849
95,456	0,033575
95,494	0,040627
95,532	0,041519
95,57	0,046507
95,608	0,045853
95,646	0,044391
95,684	0,040574
95,722	0,041282
95,76	0,040132
95,798	0,035589
95,836	0,03341
95,874	0,027581
95,912	0,027384
95,95	0,026954
95,988	0,021319
96,026	0,017636
96,064	0,01372
96,102	0,015435
96,14	0,018054
96,178	0,016743
96,216	0,016803
96,254	0,01756
96,292	0,01253
96,33	0,009129
96,368	0,009418
96,406	0,00552
96,444	0,005401
96,482	0,003779
96,52	0,005324
96,558	0,004154
96,596	0,004712
96,634	0,003979
96,672	0,005115
96,71	0,004587
96,748	0,003117
96,786	0,003644
96,824	0,007132
96,862	0,009312
96,9	0,012262
96,938	0,009587
96,976	0,012221
97,014	0,014511
97,052	0,013576
97,09	0,014766
97,128	0,013191
97,166	0,013412
97,204	0,013596
97,242	0,012606
97,28	0,01157
97,318	0,013435
97,356	0,014599
97,394	0,010935
97,432	0,008829
97,47	0,007573
97,508	0,00817
97,546	0,006487
97,584	0,007487
97,622	0,008522
97,66	0,008935
97,698	0,01237
97,736	0,019942
97,774	0,027344
97,812	0,032752
97,85	0,037059
97,888	0,041087
97,926	0,044823
97,964	0,048212
98,002	0,046581
98,04	0,050262
98,078	0,052736
98,116	0,051819
98,154	0,050436
98,192	0,046876
98,23	0,044554
98,268	0,042936
98,306	0,041627
98,344	0,040902
98,382	0,037565
98,42	0,033262
98,458	0,027562
98,496	0,026405
98,534	0,02505
98,572	0,024131
98,61	0,023081
98,648	0,025726
98,686	0,020301
98,724	0,018724
98,762	0,017351
98,8	0,017014
98,838	0,018458
98,876	0,018339
98,914	0,016765
98,952	0,013932
98,99	0,013417
99,028	0,01358
99,066	0,013161
99,104	0,011988
99,142	0,012584
99,18	0,013553
99,218	0,015813
99,256	0,016536
99,294	0,017833
99,332	0,020471
99,37	0,017223
99,408	0,015612
99,446	0,016005
99,484	0,012745
99,522	0,012537
99,56	0,012411
99,598	0,010783
99,636	0,007693
99,674	0,00659
99,712	0,006338
99,75	0,005172
99,788	0,001509
99,826	0,002071
99,864	0,001202
99,902	0,001319
99,94	0,001716
99,978	-0,003622
100,016	-0,006331
100,054	-0,00757
100,092	-0,009761
100,13	-0,006767
100,168	-0,001273
100,206	-0,004621
100,244	-0,003724
100,282	-0,002518
100,32	-0,003611
100,358	-0,002803
100,396	-0,00178
100,434	-0,001399
100,472	-0,003126
100,51	-0,00263
100,548	-0,001107
100,586	-0,003904
100,624	0,001528
100,662	0,000773
100,7	0,002948
100,738	0,000471
100,776	-0,001067
100,814	-0,001991
100,852	0,000422
100,89	-0,008007
100,928	-0,00945
100,966	-0,006685
101,004	-0,007123
101,042	-0,004757
101,08	-0,003714
101,118	-0,002733
101,156	-0,001314
101,194	-0,004613
101,232	-0,006794
101,27	-0,007998
101,308	-0,009324
101,346	-0,011465
101,384	-0,01297
101,422	-0,012194
101,46	-0,006576
101,498	-0,0103
101,536	-0,004627
101,574	-0,006343
101,612	-0,004979
101,65	-0,006979
101,688	-0,007772
101,726	-0,00773
101,764	-0,007432
101,802	-0,007258
101,84	-0,002634
101,878	-0,002881
101,916	-0,003546
101,954	-0,002634
101,992	-0,00009
102,03	0,003752
102,068	0,004764
102,106	0,007281
102,144	0,001703
102,182	0,00513
102,22	0,0036
102,258	0,002798
102,296	0,004412
102,334	0,002528
102,372	0,001867
102,41	0,004918
102,448	0,003504
102,486	0,003123
102,524	0,000296
102,562	0,001001
102,6	0,000116
102,638	-0,00038
102,676	0,001152
102,714	0,001777
102,752	0,00132
102,79	0,002333
102,828	0,006156
102,866	0,007082
102,904	0,004007
102,942	0,005988
102,98	0,007694
103,018	0,01011
103,056	0,009701
103,094	0,009153
103,132	0,008047
103,17	0,007912
103,208	0,008308
103,246	0,006825
103,284	0,006601
103,322	0,005761
103,36	0,007222
103,398	0,004031
103,436	0,003492
103,474	0,004487
103,512	0,007576
103,55	0,005954
103,588	0,004892
103,626	-0,00105
103,664	-0,006351
103,702	-0,00164
103,74	0,002707
103,778	0,012158
103,816	0,018281
103,854	0,025999
103,892	0,033059
103,93	0,031686
103,968	0,033147
104,006	0,034694
104,044	0,036253
104,082	0,033854
104,12	0,032312
104,158	0,030159
104,196	0,02777
104,234	0,025741
104,272	0,029635
104,31	0,0295
104,348	0,024594
104,386	0,019376
104,424	0,019139
104,462	0,023686
104,5	0,017968
104,538	0,015499
104,576	0,020237
104,614	0,016654
104,652	0,021341
104,69	0,024481
104,728	0,023805
104,766	0,022619
104,804	0,022885
104,842	0,015976
104,88	0,011779
104,918	0,015888
104,956	0,01134
104,994	0,005302
105,032	0,007832
105,07	0,006715
105,108	0,011558
105,146	0,008669
105,184	0,010449
105,222	0,010202
105,26	0,009379
105,298	0,011383
105,336	0,008021
105,374	0,009464
105,412	0,010155
105,45	0,006971
105,488	0,005593
105,526	0,008182
105,564	0,008229
105,602	0,005519
105,64	0,002344
105,678	0,002645
105,716	0,003843
105,754	0,000732
105,792	-0,001658
105,83	-0,003841
105,868	-0,001441
105,906	-0,004555
105,944	-0,004802
105,982	-0,00554
106,02	-0,005035
106,058	-0,003163
106,096	-0,006823
106,134	-0,003106
106,172	-0,001827
106,21	0,000579
106,248	0,004247
106,286	0,006862
106,324	0,003643
106,362	0,00447
106,4	-0,004147
106,438	-0,004481
106,476	-0,00259
106,514	-0,003213
106,552	0,000257
106,59	0,000886
106,628	0,00071
106,666	0,000316
106,704	-0,00015
106,742	-0,003329
106,78	-0,005717
106,818	-0,005739
106,856	-0,005515
106,894	-0,00376
106,932	-0,002063
106,97	-0,002737
107,008	-0,001621
107,046	-0,002612
107,084	-0,000816
107,122	-0,001632
107,16	0,000912
107,198	0,00016
107,236	0,002649
107,274	0,005665
107,312	0,005634
107,35	0,007062
107,388	0,01213
107,426	0,015786
107,464	0,019768
107,502	0,020694
107,54	0,016826
107,578	0,013412
107,616	0,009489
107,654	0,009903
107,692	0,01258
107,73	0,008553
107,768	0,007607
107,806	0,005448
107,844	0,006328
107,882	0,007785
107,92	0,010825
107,958	0,010857
107,996	0,010838
108,034	0,007615
108,072	0,008275
108,11	0,00739
108,148	0,007993
108,186	0,006006
108,224	0,004254
108,262	0,008073
108,3	0,009523
108,338	0,00807
108,376	0,008756
108,414	0,006557
108,452	0,002968
108,49	0,001552
108,528	-0,003327
108,566	0,000613
108,604	-0,002046
108,642	-0,005686
108,68	-0,00421
108,718	-0,003702
108,756	0,00143
108,794	0,002747
108,832	0,004725
108,87	0,00504
108,908	0,003306
108,946	0,006749
108,984	0,006445
109,022	0,005699
109,06	0,005414
109,098	0,006177
109,136	0,005152
109,174	0,007962
109,212	0,007964
109,25	0,005362
109,288	0,005481
109,326	0,00514
109,364	0,004414
109,402	-0,001391
109,44	0,001782
109,478	0,000253
109,516	0,001704
109,554	0,001414
109,592	0,004554
109,63	0,002279
109,668	0,001782
109,706	0,003974
109,744	0,003463
109,782	0,009856
109,82	0,010655
109,858	0,01752
109,896	0,018271
109,934	0,023545
109,972	0,026024
110,01	0,029017
110,048	0,031605
110,086	0,033746
110,124	0,035016
110,162	0,033517
110,2	0,038812
110,238	0,033996
110,276	0,033496
110,314	0,032913
110,352	0,029993
110,39	0,028737
110,428	0,024426
110,466	0,021021
110,504	0,021357
110,542	0,024015
110,58	0,020456
110,618	0,018061
110,656	0,019121
110,694	0,015624
110,732	0,017379
110,77	0,014454
110,808	0,012752
110,846	0,008185
110,884	0,008555
110,922	0,009469
110,96	0,010117
110,998	0,012645
111,036	0,012686
111,074	0,01588
111,112	0,0147
111,15	0,01278
111,188	0,007975
111,226	0,007377
111,264	0,009428
111,302	0,010075
111,34	0,006566
111,378	0,002496
111,416	0,001277
111,454	0,00342
111,492	0,003032
111,53	0,001551
111,568	-0,000835
111,606	0,001844
111,644	0,003124
111,682	0,000642
111,72	0,001858
111,758	0,000207
111,796	0,000448
111,834	0,000649
111,872	-0,001229
111,91	-0,002174
111,948	0,001366
111,986	0,003857
112,024	0,003649
112,062	0,005973
112,1	-0,000521
112,138	-0,000413
112,176	0,000675
112,214	0,002077
112,252	0,002019
112,29	0,001529
112,328	0,001071
112,366	0,001911
112,404	0,002553
112,442	0,000538
112,48	0,003358
112,518	0,002425
112,556	0,002871
112,594	0,006953
112,632	0,004805
112,67	0,006082
112,708	0,001112
112,746	0,001442
112,784	-0,000655
112,822	-0,001605
112,86	-0,003102
112,898	-0,001783
112,936	-0,002286
112,974	-0,007627
113,012	-0,006994
113,05	-0,006407
113,088	-0,004527
113,126	-0,001464
113,164	-0,003247
113,202	0,002271
113,24	0,009236
113,278	0,01817
113,316	0,02358
113,354	0,031561
113,392	0,03457
113,43	0,037121
113,468	0,041629
113,506	0,04459
113,544	0,050097
113,582	0,048449
113,62	0,049699
113,658	0,049407
113,696	0,045341
113,734	0,04309
113,772	0,04062
113,81	0,036195
113,848	0,032255
113,886	0,02672
113,924	0,029245
113,962	0,025901
114	0,026908
114,038	0,025861
114,076	0,023886
114,114	0,020922
114,152	0,01403
114,19	0,014432
114,228	0,020985
114,266	0,021471
114,304	0,019546
114,342	0,023284
114,38	0,020497
114,418	0,014531
114,456	0,012755
114,494	0,013117
114,532	0,017751
114,57	0,011376
114,608	0,012536
114,646	0,015664
114,684	0,010375
114,722	0,007661
114,76	0,009246
114,798	0,011003
114,836	0,010851
114,874	0,012945
114,912	0,017902
114,95	0,016346
114,988	0,014169
115,026	0,015477
115,064	0,013841
115,102	0,014154
115,14	0,012029
115,178	0,01149
115,216	0,010878
115,254	0,009929
115,292	0,012972
115,33	0,014327
115,368	0,011121
115,406	0,010021
115,444	0,009834
115,482	0,011068
115,52	0,007038
115,558	0,007976
115,596	0,004592
115,634	0,002677
115,672	-0,001629
115,71	0,003966
115,748	0,00305
115,786	0,002232
115,824	0,000615
115,862	0,00271
115,9	0,008534
115,938	0,011499
115,976	0,016314
116,014	0,017003
116,052	0,022376
116,09	0,024306
116,128	0,027493
116,166	0,030607
116,204	0,02579
116,242	0,026273
116,28	0,026934
116,318	0,026741
116,356	0,024515
116,394	0,022542
116,432	0,023721
116,47	0,02479
116,508	0,023
116,546	0,022891
116,584	0,025114
116,622	0,023394
116,66	0,026609
116,698	0,022059
116,736	0,021494
116,774	0,025608
116,812	0,024189
116,85	0,020619
116,888	0,017379
116,926	0,009701
116,964	0,010753
117,002	0,006689
117,04	0,00359
117,078	0,001683
117,116	-0,000571
117,154	-0,002325
117,192	-0,005707
117,23	-0,002353
117,268	0,001987
117,306	-0,00022
117,344	0,001506
117,382	0,003282
117,42	0,003046
117,458	0,008236
117,496	0,004623
117,534	0,002584
117,572	0,002344
117,61	0,000329
117,648	-0,001001
117,686	-0,001873
117,724	-0,003195
117,762	-0,002451
117,8	0,00327
117,838	0,004578
117,876	0,003399
117,914	0,003094
117,952	0,002239
117,99	0,001371
118,028	-0,002946
118,066	-0,004796
118,104	-0,002054
118,142	0,000222
118,18	0,002612
118,218	0,0031
118,256	0,001292
118,294	0,002129
118,332	0,001162
118,37	0,002915
118,408	0,00271
118,446	0,003876
118,484	0,002517
118,522	0,002392
118,56	0,001296
118,598	0,000279
118,636	0,001268
118,674	0,002316
118,712	0,001855
118,75	-0,000463
118,788	0,006158
118,826	0,007096
118,864	0,010316
118,902	0,012154
118,94	0,007411
118,978	0,003986
119,016	0,0047
119,054	0,006291
119,092	0,006338
119,13	0,007711
119,168	0,005076
119,206	0,003672
119,244	0,005063
119,282	0,005272
119,32	0,001732
119,358	0,001078
119,396	0,003865
119,434	0,000851
119,472	-0,001809
119,51	-0,003068
119,548	-0,001003
119,586	-0,003562
119,624	0,003138
119,662	0,003918
119,7	0,00584
119,738	0,006935
119,776	0,007396
119,814	0,012272
119,852	0,009546
119,89	0,00618
119,928	0,004726
119,966	0,008402
120,004	0,01106
120,042	0,009875
120,08	0,00801
120,118	0,005911
120,156	0,003898
120,194	0,004616
120,232	0,003713
120,27	0,005574
120,308	0,00606
120,346	0,004802
120,384	0,003981
120,422	0,002912
120,46	0,001082
120,498	0,001007
120,536	-0,00233
120,574	0,003227
120,612	0,005444
120,65	0,004457
120,688	0,003707
120,726	0,002373
120,764	-0,000052
120,802	-0,002932
120,84	-0,002477
120,878	0,002018
120,916	0,000759
120,954	-0,000939
120,992	-0,004106
121,03	-0,003328
121,068	-0,001442
121,106	-0,003918
121,144	-0,004232
121,182	-0,001701
121,22	0,002297
121,258	0,001012
121,296	-0,001091
121,334	-0,001376
121,372	-0,002041
121,41	-0,000913
121,448	-0,000854
121,486	-0,002293
121,524	-0,002361
121,562	-0,000459
121,6	0,001245
121,638	-0,002325
121,676	-0,002818
121,714	-0,005155
121,752	-0,003181
121,79	-0,002362
121,828	-0,001112
121,866	-0,004456
121,904	-0,002425
121,942	-0,002233
121,98	0,001722
122,018	0,004232
122,056	0,009941
122,094	0,019468
122,132	0,021917
122,17	0,026905
122,208	0,034219
122,246	0,036666
122,284	0,040765
122,322	0,043055
122,36	0,044295
122,398	0,04355
122,436	0,042608
122,474	0,035487
122,512	0,034112
122,55	0,034931
122,588	0,033387
122,626	0,031001
122,664	0,029259
122,702	0,028045
122,74	0,025764
122,778	0,023547
122,816	0,020048
122,854	0,016766
122,892	0,017564
122,93	0,015165
122,968	0,015469
123,006	0,017675
123,044	0,018728
123,082	0,015092
123,12	0,011192
123,158	0,011368
123,196	0,014525
123,234	0,015973
123,272	0,016564
123,31	0,014826
123,348	0,012279
123,386	0,008667
123,424	0,007798
123,462	0,005354
123,5	0,00439
123,538	0,002537
123,576	0,002512
123,614	0,001936
123,652	0,001181
123,69	0,003347
123,728	0,003247
123,766	0,00417
123,804	-0,000471
123,842	0,00037
123,88	0,002855
123,918	0,007419
123,956	0,005629
123,994	0,003479
124,032	0,00159
124,07	0,005267
124,108	0,006754
124,146	0,004314
124,184	0,003808
124,222	0,004118
124,26	0,003661
124,298	0,001505
124,336	-0,000043
124,374	-0,001091
124,412	-0,001839
124,45	-0,005233
124,488	-0,007689
124,526	-0,002509
124,564	-0,000088
124,602	0,001163
124,64	-0,002124
124,678	-0,003258
124,716	-0,003057
124,754	-0,000072
124,792	-0,000761
124,83	-0,00181
124,868	-0,002433
124,906	-0,006783
124,944	-0,004276
124,982	-0,003632
125,02	-0,00146
125,058	-0,000535
125,096	-0,002157
125,134	0,000711
125,172	-0,001816
125,21	-0,001882
125,248	0,000928
125,286	0,002655
125,324	0,000299
125,362	-0,000241
125,4	-0,001122
125,438	-0,003741
125,476	-0,001974
125,514	-0,002661
125,552	-0,003593
125,59	-0,002492
125,628	-0,002108
125,666	-0,000909
125,704	-0,000832
125,742	-0,000509
125,78	-0,002113
125,818	-0,007947
125,856	-0,008487
125,894	-0,008009
125,932	-0,007192
125,97	-0,006149
126,008	-0,006213
126,046	-0,005732
126,084	-0,004076
126,122	-0,003243
126,16	-0,003876
126,198	-0,001962
126,236	-0,001085
126,274	0,002974
126,312	0,003322
126,35	0,005988
126,388	0,004904
126,426	0,004643
126,464	0,006016
126,502	0,006494
126,54	0,009603
126,578	0,011353
126,616	0,013096
126,654	0,012532
126,692	0,013821
126,73	0,01451
126,768	0,012842
126,806	0,014059
126,844	0,010132
126,882	0,007231
126,92	0,005288
126,958	0,005209
126,996	0,001949
127,034	0,004039
127,072	0,007015
127,11	0,010839
127,148	0,00631
127,186	0,00206
127,224	0,004231
127,262	0,00311
127,3	0,011081
127,338	0,007223
127,376	0,00876
127,414	0,009646
127,452	0,007126
127,49	0,007014
127,528	0,00822
127,566	0,009732
127,604	0,011159
127,642	0,009589
127,68	0,009981
127,718	0,012618
127,756	0,013455
127,794	0,01179
127,832	0,010979
127,87	0,007724
127,908	0,004862
127,946	0,004916
127,984	0,004236
128,022	0,006714
128,06	0,008036
128,098	0,011893
128,136	0,015598
128,174	0,023847
128,212	0,030287
128,25	0,035228
128,288	0,042141
128,326	0,041279
128,364	0,045974
128,402	0,050764
128,44	0,053774
128,478	0,054075
128,516	0,049992
128,554	0,050609
128,592	0,045943
128,63	0,044337
128,668	0,04019
128,706	0,039236
128,744	0,035967
128,782	0,036185
128,82	0,030507
128,858	0,027773
128,896	0,030347
128,934	0,023741
128,972	0,023265
129,01	0,020831
129,048	0,019699
129,086	0,019594
129,124	0,019376
129,162	0,017259
129,2	0,013448
129,238	0,011664
129,276	0,010492
129,314	0,005949
129,352	0,006879
129,39	0,008914
129,428	0,006972
129,466	0,008766
129,504	0,009327
129,542	0,010503
129,58	0,008204
129,618	0,009884
129,656	0,006878
129,694	0,006736
129,732	0,005316
129,77	0,002105
129,808	0,004489
129,846	0,00202
129,884	0,000639
129,922	-0,003039
129,96	-0,000535
129,998	0,005975
130,036	0,001938
130,074	-0,000338
130,112	-0,000706
130,15	0,003203
130,188	0,000095
130,226	0,003193
130,264	0,002898
130,302	0,002766
130,34	0,000355
130,378	0,002457
130,416	0,001672
130,454	0,008658
130,492	0,01102
130,53	0,004279
130,568	0,006328
130,606	0,006119
130,644	0,00937
130,682	0,009535
130,72	0,006923
130,758	0,005322
130,796	0,005624
130,834	0,004979
130,872	0,003659
130,91	0,008292
130,948	0,008314
130,986	0,01069
131,024	0,008559
131,062	0,010387
131,1	0,008926
131,138	0,004629
131,176	0,00601
131,214	0,010243
131,252	0,008919
131,29	0,007265
131,328	0,006454
131,366	0,004325
131,404	0,00464
131,442	0,004565
131,48	0,001751
131,518	0,004417
131,556	0,00348
131,594	-0,00111
131,632	-0,004125
131,67	-0,001961
131,708	0,000165
131,746	-0,003462
131,784	0,006672
131,822	0,003837
131,86	0,003395
131,898	0,004715
131,936	0,006987
131,974	0,010327
132,012	0,010173
132,05	0,003031
132,088	0,002167
132,126	-0,000847
132,164	0,001314
132,202	-0,002563
132,24	-0,001957
132,278	-0,000163
132,316	0,000647
132,354	-0,002273
132,392	0,000865
132,43	0,004418
132,468	0,007753
132,506	0,009113
132,544	0,009338
132,582	0,005203
132,62	0,005539
132,658	0,006549
132,696	0,007106
132,734	0,009249
132,772	0,012203
132,81	0,011171
132,848	0,011719
132,886	0,011612
132,924	0,01214
132,962	0,011512
133	0,010933
133,038	0,007645
133,076	0,009296
133,114	0,011447
133,152	0,011318
133,19	0,014969
133,228	0,015071
133,266	0,012346
133,304	0,012052
133,342	0,013433
133,38	0,010362
133,418	0,011353
133,456	0,006278
133,494	0,005668
133,532	0,008807
133,57	0,012135
133,608	0,008882
133,646	0,008936
133,684	0,007129
133,722	0,00855
133,76	0,007478
133,798	0,00906
133,836	0,010368
133,874	0,011956
133,912	0,005861
133,95	0,00867
133,988	0,007458
134,026	0,006006
134,064	0,004465
134,102	-0,001641
134,14	-0,001759
134,178	0,004426
134,216	0,007976
134,254	0,013609
134,292	0,021359
134,33	0,025196
134,368	0,026686
134,406	0,033195
134,444	0,036675
134,482	0,036637
134,52	0,033969
134,558	0,038716
134,596	0,039279
134,634	0,040589
134,672	0,042793
134,71	0,041196
134,748	0,039197
134,786	0,039227
134,824	0,038858
134,862	0,033332
134,9	0,027243
134,938	0,025618
134,976	0,021173
135,014	0,016922
135,052	0,017873
135,09	0,014388
135,128	0,018388
135,166	0,020621
135,204	0,023412
135,242	0,02291
135,28	0,019905
135,318	0,018415
135,356	0,017286
135,394	0,016561
135,432	0,012522
135,47	0,012359
135,508	0,004752
135,546	0,004602
135,584	0,007937
135,622	0,010347
135,66	0,010368
135,698	0,010595
135,736	0,008024
135,774	0,007342
135,812	0,00357
135,85	0,004524
135,888	0,007039
135,926	0,005469
135,964	0,003042
136,002	0,001916
136,04	0,001311
136,078	0,000072
136,116	0,003348
136,154	0,002748
136,192	0,001237
136,23	0,001603
136,268	0,00559
136,306	0,002282
136,344	0,004797
136,382	0,004632
136,42	0,004603
136,458	0,008599
136,496	0,014084
136,534	0,012912
136,572	0,0097
136,61	0,011734
136,648	0,010449
136,686	0,008314
136,724	0,007775
136,762	0,008386
136,8	0,004187
136,838	0,00389
136,876	0,00151
136,914	0,000484
136,952	-0,003055
136,99	-0,002525
137,028	-0,00253
137,066	-0,00068
137,104	-0,000027
137,142	0,002488
137,18	0,005088
137,218	0,003965
137,256	0,003728
137,294	0,004728
137,332	0,003226
137,37	-0,000181
137,408	-0,003593
137,446	-0,004825
137,484	-0,003073
137,522	-0,003273
137,56	-0,007889
137,598	-0,007022
137,636	-0,00693
137,674	-0,007763
137,712	-0,005883
137,75	-0,009504
137,788	-0,006177
137,826	-0,005684
137,864	-0,003835
137,902	-0,001698
137,94	-0,002808
137,978	-0,00644
138,016	-0,004236
138,054	-0,002149
138,092	-0,003307
138,13	-0,006086
138,168	-0,004531
138,206	-0,004899
138,244	-0,007587
138,282	-0,010957
138,32	-0,007912
138,358	-0,003555
138,396	-0,005825
138,434	-0,006491
138,472	-0,00707
138,51	-0,004924
138,548	-0,004925
138,586	-0,004503
138,624	-0,003279
138,662	0,00007
138,7	0,002078
138,738	0,005969
138,776	0,007635
138,814	0,016991
138,852	0,014602
138,89	0,01699
138,928	0,020683
138,966	0,024945
139,004	0,028439
139,042	0,028189
139,08	0,027886
139,118	0,028102
139,156	0,02717
139,194	0,028221
139,232	0,026679
139,27	0,024116
139,308	0,020256
139,346	0,021873
139,384	0,023395
139,422	0,026421
139,46	0,024813
139,498	0,021629
139,536	0,017988
139,574	0,016902
139,612	0,015391
139,65	0,012568
139,688	0,010861
139,726	0,010136
139,764	0,012597
139,802	0,009783
139,84	0,009665
139,878	0,012175
139,916	0,014602
139,954	0,015487
139,992	0,016172
140,03	0,020023
140,068	0,021695
140,106	0,023988
140,144	0,023743
140,182	0,024283
140,22	0,024735
140,258	0,025907
140,296	0,029825
140,334	0,034317
140,372	0,035952
140,41	0,041891
140,448	0,047266
140,486	0,050703
140,524	0,050611
140,562	0,049917
140,6	0,05421
140,638	0,055733
140,676	0,05021
140,714	0,049881
140,752	0,047181
140,79	0,046703
140,828	0,043423
140,866	0,040769
140,904	0,04061
140,942	0,036125
140,98	0,037392
141,018	0,038048
141,056	0,035254
141,094	0,038093
141,132	0,038521
141,17	0,041028
141,208	0,03926
141,246	0,033271
141,284	0,033122
141,322	0,029488
141,36	0,028384
141,398	0,03028
141,436	0,030978
141,474	0,027838
141,512	0,020721
141,55	0,018902
141,588	0,019928
141,626	0,019336
141,664	0,017404
141,702	0,014088
141,74	0,014428
141,778	0,012291
141,816	0,012453
141,854	0,013055
141,892	0,015149
141,93	0,01093
141,968	0,014158
142,006	0,012413
142,044	0,009084
142,082	0,006638
142,12	0,001661
142,158	0,002527
142,196	0,004178
142,234	0,004452
142,272	0,003037
142,31	0,002867
142,348	0,000975
142,386	0,004015
142,424	0,006974
142,462	0,005705
142,5	0,003187
142,538	0,004187
142,576	0,003886
142,614	0,001325
142,652	0,004146
142,69	0,001868
142,728	0,002224
142,766	0,005718
142,804	0,008665
142,842	0,014025
142,88	0,017109
142,918	0,014372
142,956	0,012665
142,994	0,008997
143,032	0,010115
143,07	0,007948
143,108	0,012332
143,146	0,013991
143,184	0,012663
143,222	0,006444
143,26	0,006745
143,298	0,004351
143,336	0,002929
143,374	0,001859
143,412	0,003162
143,45	0,002609
143,488	0,002991
143,526	0,002802
143,564	0,003315
143,602	0,002054
143,64	0,003762
143,678	0,003207
143,716	0,006845
143,754	0,009238
143,792	0,011894
143,83	0,011842
143,868	0,011797
143,906	0,014008
143,944	0,010161
143,982	0,010908
144,02	0,013995
144,058	0,012282
144,096	0,011141
144,134	0,008512
144,172	0,011558
144,21	0,010483
144,248	0,009308
144,286	0,008842
144,324	0,010985
144,362	0,010398
144,4	0,009462
144,438	0,008179
144,476	0,006329
144,514	0,005303
144,552	0,003777
144,59	0,002233
144,628	0,000953
144,666	-0,000614
144,704	0,001009
144,742	0,002971
144,78	0,004146
144,818	0,003262
144,856	0,001801
144,894	0,001319
144,932	0,001651
144,97	-0,00021
145,008	0,000777
145,046	0,000415
145,084	0,000399
145,122	0,003531
145,16	0,002247
145,198	0,001128
145,236	0,003234
145,274	-0,001036
145,312	-0,002715
145,35	0,000107
145,388	0,00194
145,426	-0,000983
145,464	0,000361
145,502	0,006363
145,54	0,003635
145,578	0,002442
145,616	-0,001299
145,654	0,000551
145,692	-0,000898
145,73	-0,001422
145,768	0,002247
145,806	0,004608
145,844	0,002406
145,882	0,002445
145,92	0,003549
145,958	0,00245
145,996	0,003006
146,034	0,005216
146,072	0,006043
146,11	0,002968
146,148	0,00009
146,186	-0,003298
146,224	-0,003568
146,262	-0,003731
146,3	-0,005266
146,338	-0,001978
146,376	0,004964
146,414	0,009427
146,452	0,018354
146,49	0,025416
146,528	0,030142
146,566	0,030463
146,604	0,026289
146,642	0,026269
146,68	0,026874
146,718	0,026422
146,756	0,028862
146,794	0,029426
146,832	0,024326
146,87	0,027813
146,908	0,027102
146,946	0,018867
146,984	0,015201
147,022	0,012336
147,06	0,011373
147,098	0,012152
147,136	0,016342
147,174	0,015937
147,212	0,014084
147,25	0,012496
147,288	0,008369
147,326	0,007768
147,364	0,005697
147,402	0,008426
147,44	0,010632
147,478	0,009759
147,516	0,009657
147,554	0,008057
147,592	0,010782
147,63	0,013548
147,668	0,017076
147,706	0,018986
147,744	0,019952
147,782	0,023115
147,82	0,021684
147,858	0,020669
147,896	0,018145
147,934	0,015996
147,972	0,01349
148,01	0,015408
148,048	0,015198
148,086	0,014013
148,124	0,012076
148,162	0,009008
148,2	0,011926
148,238	0,011193
148,276	0,01098
148,314	0,008612
148,352	0,007943
148,39	0,003341
148,428	0,000886
148,466	-0,002437
148,504	-0,002876
148,542	-0,002222
148,58	-0,001446
148,618	-0,001804
148,656	-0,004003
148,694	-0,004853
148,732	-0,001655
148,77	-0,001353
148,808	0,002235
148,846	0,000154
148,884	0,000136
148,922	0,001598
148,96	0,001527
148,998	0,003341
149,036	0,00052
149,074	-0,000396
149,112	-0,000409
149,15	0,00055
149,188	0,003158
149,226	0,007186
149,264	0,005349
149,302	0,009076
149,34	0,014934
149,378	0,017427
149,416	0,016289
149,454	0,018511
149,492	0,018672
149,53	0,020332
149,568	0,018617
149,606	0,017879
149,644	0,01812
149,682	0,015169
149,72	0,010084
149,758	0,011121
149,796	0,010691
149,834	0,0113
149,872	0,006735
149,91	0,004653
149,948	0,006652
149,986	0,005945
150,024	0,001704
150,062	0,002374
150,1	0,000518
150,138	0,000915
150,176	-0,000761
150,214	0,000987
150,252	0,001057
150,29	-0,000775
150,328	-0,001181
150,366	-0,003676
150,404	-0,002028
150,442	-0,006501
150,48	-0,006323
150,518	-0,006254
150,556	-0,005991
150,594	-0,007882
150,632	-0,007147
150,67	-0,00825
150,708	-0,007376
150,746	-0,006387
150,784	-0,002363
150,822	0,001284
150,86	-0,001495
150,898	-0,004618
150,936	-0,006834
150,974	-0,00473
151,012	-0,004435
151,05	-0,003086
151,088	-0,002399
151,126	0,001937
151,164	0,007707
151,202	0,00576
151,24	0,005984
151,278	0,009879
151,316	0,009381
151,354	0,009839
151,392	0,011885
151,43	0,012009
151,468	0,014513
151,506	0,012742
151,544	0,010156
151,582	0,011721
151,62	0,008208
151,658	0,005369
151,696	0,004905
151,734	0,006294
151,772	0,002576
151,81	-0,002081
151,848	-0,004051
151,886	-0,003906
151,924	-0,002976
151,962	-0,000657
152	-0,002418
152,038	-0,004488
152,076	-0,004826
152,114	-0,004469
152,152	-0,002116
152,19	0,000241
152,228	0,000102
152,266	0,000678
152,304	0,006792
152,342	0,017039
152,38	0,017805
152,418	0,019697
152,456	0,021556
152,494	0,026116
152,532	0,026318
152,57	0,02934
152,608	0,030994
152,646	0,034704
152,684	0,036361
152,722	0,039278
152,76	0,037829
152,798	0,038344
152,836	0,037582
152,874	0,038892
152,912	0,033152
152,95	0,034208
152,988	0,030423
153,026	0,030197
153,064	0,031891
153,102	0,027495
153,14	0,029209
153,178	0,02847
153,216	0,026324
153,254	0,028534
153,292	0,026672
153,33	0,024619
153,368	0,026564
153,406	0,022147
153,444	0,023444
153,482	0,02253
153,52	0,023879
153,558	0,027848
153,596	0,028802
153,634	0,031245
153,672	0,031278
153,71	0,022487
153,748	0,024258
153,786	0,023281
153,824	0,018206
153,862	0,018389
153,9	0,018483
153,938	0,016686
153,976	0,01634
154,014	0,018784
154,052	0,017682
154,09	0,013185
154,128	0,010543
154,166	0,010636
154,204	0,012137
154,242	0,009623
154,28	0,005152
154,318	0,005437
154,356	0,003565
154,394	0,003272
154,432	0,006159
154,47	0,006674
154,508	0,007328
154,546	0,006277
154,584	0,007516
154,622	0,007857
154,66	0,006834
154,698	0,005987
154,736	0,006993
154,774	0,009193
154,812	0,008111
154,85	0,004541
154,888	0,011721
154,926	0,015501
154,964	0,013102
155,002	0,013934
155,04	0,013224
155,078	0,011069
155,116	0,009537
155,154	0,012339
155,192	0,012923
155,23	0,012075
155,268	0,010209
155,306	0,009663
155,344	0,01169
155,382	0,01181
155,42	0,012059
155,458	0,010311
155,496	0,010661
155,534	0,007695
155,572	0,01056
155,61	0,011837
155,648	0,01157
155,686	0,009912
155,724	0,008921
155,762	0,007915
155,8	0,009622
155,838	0,01346
155,876	0,009529
155,914	0,008477
155,952	0,010657
155,99	0,008024
156,028	0,009745
156,066	0,006849
156,104	0,011815
156,142	0,01183
156,18	0,009394
156,218	0,007764
156,256	0,014176
156,294	0,014203
156,332	0,014443
156,37	0,011231
156,408	0,01293
156,446	0,01132
156,484	0,010718
156,522	0,010101
156,56	0,00788
156,598	0,006999
156,636	0,005255
156,674	0,005291
156,712	0,006525
156,75	0,001153
156,788	-0,00181
156,826	-0,002266
156,864	-0,003424
156,902	-0,004825
156,94	-0,007958
156,978	-0,006795
157,016	-0,004968
157,054	-0,003786
157,092	-0,000294
157,13	-0,000738
157,168	0,00288
157,206	0,005606
157,244	0,003278
157,282	0,000793
157,32	0,000276
157,358	0,001393
157,396	0,001648
157,434	0,00204
157,472	0,002374
157,51	0,004647
157,548	0,006367
157,586	0,006663
157,624	0,008224
157,662	0,007251
157,7	0,004293
157,738	0,003839
157,776	0,005518
157,814	0,007313
157,852	0,009827
157,89	0,009585
157,928	0,007574
157,966	0,007218
158,004	0,008293
158,042	0,006918
158,08	0,011635
158,118	0,010889
158,156	0,013286
158,194	0,008287
158,232	0,010628
158,27	0,005868
158,308	0,003064
158,346	0,001486
158,384	0,000581
158,422	-0,001414
158,46	0,001028
158,498	0,001919
158,536	0,003341
158,574	0,010091
158,612	0,0158
158,65	0,020303
158,688	0,025113
158,726	0,026994
158,764	0,027702
158,802	0,035
158,84	0,037692
158,878	0,038387
158,916	0,038396
158,954	0,042616
158,992	0,040879
159,03	0,043367
159,068	0,042926
159,106	0,040346
159,144	0,039178
159,182	0,041684
159,22	0,044214
159,258	0,039489
159,296	0,034894
159,334	0,032969
159,372	0,031941
159,41	0,02882
159,448	0,026916
159,486	0,02722
159,524	0,026223
159,562	0,02881
159,6	0,027029
159,638	0,027999
159,676	0,023688
159,714	0,01989
159,752	0,019304
159,79	0,014613
159,828	0,015108
159,866	0,019726
159,904	0,016557
159,942	0,015184
159,98	0,013992
160,018	0,018124
160,056	0,018816
160,094	0,016034
160,132	0,015314
160,17	0,012483
160,208	0,014321
160,246	0,010642
160,284	0,009549
160,322	0,012079
160,36	0,009879
160,398	0,013023
160,436	0,008159
160,474	0,008872
160,512	0,006995
160,55	0,006379
160,588	0,009247
160,626	0,010577
160,664	0,008417
160,702	0,010294
160,74	0,011144
160,778	0,013981
160,816	0,014384
160,854	0,012202
160,892	0,011681
160,93	0,009248
160,968	0,00574
161,006	0,005029
161,044	0,003465
161,082	0,003465
161,12	0,003176
161,158	-0,002724
161,196	-0,000289
161,234	-0,001094
161,272	-0,001188
161,31	0,00107
161,348	-0,00119
161,386	-0,00373
161,424	0,000865
161,462	0,000936
161,5	-0,001322
161,538	-0,000632
161,576	0,000911
161,614	0,001176
161,652	0,003387
161,69	0,007265
161,728	0,008212
161,766	0,008947
161,804	0,010015
161,842	0,009205
161,88	0,010128
161,918	0,012995
161,956	0,011518
161,994	0,010019
162,032	0,01037
162,07	0,0114
162,108	0,009764
162,146	0,008696
162,184	0,005262
162,222	0,006282
162,26	0,00503
162,298	0,002695
162,336	0,000931
162,374	-0,001547
162,412	0,000376
162,45	0,001803
162,488	-0,000866
162,526	0,000738
162,564	0,002135
162,602	0,003823
162,64	0,00019
162,678	0,002249
162,716	-0,003066
162,754	-0,000811
162,792	-0,00012
162,83	-0,000101
162,868	-0,003307
162,906	-0,002596
162,944	-0,005175
162,982	-0,000995
163,02	-0,004282
163,058	-0,001988
163,096	-0,000762
163,134	0,002254
163,172	0,002829
163,21	0,005818
163,248	0,003811
163,286	0,005458
163,324	0,005521
163,362	0,003482
163,4	0,008678
163,438	0,010092
163,476	0,011271
163,514	0,009298
163,552	0,010004
163,59	0,006218
163,628	-0,00038
163,666	-0,000481
163,704	-0,000598
163,742	-0,003235
163,78	-0,005787
163,818	-0,009735
163,856	-0,004412
163,894	-0,003247
163,932	-0,003307
163,97	-0,006197
164,008	-0,007677
164,046	-0,007132
164,084	-0,001606
164,122	-0,004679
164,16	-0,007227
164,198	-0,011514
164,236	-0,008216
164,274	-0,007031
164,312	-0,009941
164,35	-0,010758
164,388	-0,007673
164,426	-0,005812
164,464	-0,006456
164,502	-0,006491
164,54	-0,010829
164,578	-0,008544
164,616	-0,007126
164,654	0,002159
164,692	0,0045
164,73	0,005327
164,768	0,011432
164,806	0,015032
164,844	0,022001
164,882	0,026483
164,92	0,028334
164,958	0,030754
164,996	0,032038
165,034	0,029112
165,072	0,0301
165,11	0,02928
165,148	0,027129
165,186	0,025197
165,224	0,020292
165,262	0,018835
165,3	0,02184
165,338	0,012288
165,376	0,013813
165,414	0,010842
165,452	0,007483
165,49	0,009483
165,528	0,012422
165,566	0,01619
165,604	0,019499
165,642	0,015759
165,68	0,015493
165,718	0,01586
165,756	0,0225
165,794	0,021744
165,832	0,023428
165,87	0,020926
165,908	0,021855
165,946	0,018034
165,984	0,01885
166,022	0,019474
166,06	0,016438
166,098	0,016522
166,136	0,017747
166,174	0,018943
166,212	0,016261
166,25	0,016465
166,288	0,016523
166,326	0,01819
166,364	0,016013
166,402	0,016231
166,44	0,014919
166,478	0,016373
166,516	0,012346
166,554	0,009017
166,592	0,009831
166,63	0,011719
166,668	0,012426
166,706	0,011924
166,744	0,011686
166,782	0,013045
166,82	0,013313
166,858	0,010371
166,896	0,011969
166,934	0,013526
166,972	0,017007
167,01	0,018571
167,048	0,016819
167,086	0,013873
167,124	0,010575
167,162	0,014294
167,2	0,011562
167,238	0,008899
167,276	0,008595
167,314	0,008565
167,352	0,009782
167,39	0,010762
167,428	0,011186
167,466	0,009483
167,504	0,012037
167,542	0,011957
167,58	0,01424
167,618	0,014226
167,656	0,013753
167,694	0,014911
167,732	0,017136
167,77	0,015426
167,808	0,011318
167,846	0,009245
167,884	0,008512
167,922	0,004595
167,96	0,005948
167,998	0,007427
168,036	0,006607
168,074	0,00629
168,112	0,008918
168,15	0,00849
168,188	0,008227
168,226	0,005921
168,264	0,005248
168,302	0,008272
168,34	0,007606
168,378	0,009318
168,416	0,009459
168,454	0,004353
168,492	0,003364
168,53	0,001444
168,568	0,00504
168,606	0,006406
168,644	0,008445
168,682	0,009218
168,72	0,006431
168,758	0,004588
168,796	0,000616
168,834	-0,002434
168,872	0,001222
168,91	-0,001342
168,948	-0,003972
168,986	-0,005507
169,024	-0,002122
169,062	-0,002597
169,1	-0,003129
169,138	-0,001877
169,176	-0,000749
169,214	0,000618
169,252	0,00178
169,29	-0,00118
169,328	-0,002229
169,366	-0,004963
169,404	-0,006055
169,442	-0,006533
169,48	-0,00255
169,518	-0,000893
169,556	-0,00414
169,594	-0,002679
169,632	-0,003342
169,67	0,001807
169,708	0,003682
169,746	0,007834
169,784	0,00842
169,822	0,007779
169,86	0,011448
169,898	0,006415
169,936	0,006508
169,974	0,007174
170,012	0,004297
170,05	0,008874
170,088	0,009748
170,126	0,009682
170,164	0,004935
170,202	0,004057
170,24	0,002537
170,278	0,001117
170,316	0,002074
170,354	0,000179
170,392	0,004018
170,43	0,004738
170,468	0,003965
170,506	0,008214
170,544	0,008239
170,582	0,008207
170,62	0,006239
170,658	0,002031
170,696	0,005792
170,734	0,007763
170,772	0,016182
170,81	0,018965
170,848	0,025986
170,886	0,032324
170,924	0,036372
170,962	0,034445
171	0,033084
171,038	0,034432
171,076	0,034806
171,114	0,040578
171,152	0,043009
171,19	0,045257
171,228	0,043043
171,266	0,040466
171,304	0,038622
171,342	0,042848
171,38	0,038477
171,418	0,037735
171,456	0,034653
171,494	0,032619
171,532	0,028585
171,57	0,02835
171,608	0,025225
171,646	0,0254
171,684	0,023021
171,722	0,018237
171,76	0,017034
171,798	0,017248
171,836	0,018751
171,874	0,017065
171,912	0,01619
171,95	0,01587
171,988	0,015836
172,026	0,015464
172,064	0,018091
172,102	0,017223
172,14	0,01575
172,178	0,01579
172,216	0,017199
172,254	0,012213
172,292	0,014746
172,33	0,012456
172,368	0,012142
172,406	0,016451
172,444	0,013436
172,482	0,01585
172,52	0,016211
172,558	0,015678
172,596	0,01383
172,634	0,010438
172,672	0,009898
172,71	0,008852
172,748	0,012726
172,786	0,012241
172,824	0,009809
172,862	0,011962
172,9	0,013436
172,938	0,009418
172,976	0,006763
173,014	0,003055
173,052	0,004842
173,09	0,004813
173,128	0,007869
173,166	0,005627
173,204	0,00725
173,242	0,00967
173,28	0,00736
173,318	0,011739
173,356	0,01254
173,394	0,012204
173,432	0,011148
173,47	0,009267
173,508	0,011238
173,546	0,007586
173,584	0,005468
173,622	0,005147
173,66	0,006952
173,698	0,000791
173,736	-0,000965
173,774	0,000527
173,812	-0,001365
173,85	-0,003083
173,888	-0,003225
173,926	-0,006587
173,964	-0,006886
174,002	-0,007907
174,04	-0,007176
174,078	-0,006599
174,116	-0,000076
174,154	-0,000669
174,192	0,00082
174,23	0,002605
174,268	0,000617
174,306	-0,001801
174,344	-0,004063
174,382	0,002475
174,42	0,000225
174,458	-0,001672
174,496	-0,004194
174,534	-0,009703
174,572	-0,006139
174,61	-0,009029
174,648	-0,005535
174,686	0,000482
174,724	0,000138
174,762	0,000851
174,8	0,003071
174,838	0,004988
174,876	0,006017
174,914	0,005507
174,952	0,009126
174,99	0,010815
175,028	0,008146
175,066	0,007617
175,104	0,006562
175,142	0,0072
175,18	0,009292
175,218	0,007183
175,256	0,007176
175,294	0,010865
175,332	0,016406
175,37	0,012603
175,408	0,011939
175,446	0,011859
175,484	0,013011
175,522	0,01196
175,56	0,014093
175,598	0,01397
175,636	0,014449
175,674	0,016124
175,712	0,015273
175,75	0,02068
175,788	0,016754
175,826	0,016276
175,864	0,008743
175,902	0,003148
175,94	-0,0001
175,978	0,002979
176,016	0,008934
176,054	0,007475
176,092	0,005868
176,13	0,006044
176,168	0,003774
176,206	0,005933
176,244	0,004095
176,282	0,00684
176,32	0,002838
176,358	0,004195
176,396	0,004399
176,434	0,007685
176,472	0,00551
176,51	0,004462
176,548	0,003541
176,586	0,005662
176,624	0,005691
176,662	0,001744
176,7	-0,000311
176,738	-0,00034
176,776	0,00062
176,814	0,004241
176,852	0,009663
176,89	0,012194
176,928	0,017407
176,966	0,021956
177,004	0,020997
177,042	0,026374
177,08	0,029157
177,118	0,030081
177,156	0,029923
177,194	0,027373
177,232	0,029186
177,27	0,028497
177,308	0,026304
177,346	0,029948
177,384	0,02788
177,422	0,027247
177,46	0,026597
177,498	0,022529
177,536	0,021971
177,574	0,020001
177,612	0,016919
177,65	0,01424
177,688	0,011607
177,726	0,009704
177,764	0,010194
177,802	0,006157
177,84	0,011097
177,878	0,010627
177,916	0,009082
177,954	0,00831
177,992	0,008526
178,03	0,00864
178,068	0,00729
178,106	0,005818
178,144	0,006204
178,182	0,004447
178,22	0,002812
178,258	0,001453
178,296	0,003315
178,334	0,004449
178,372	0,005382
178,41	0,001892
178,448	-0,002329
178,486	0,001311
178,524	-0,000575
178,562	-0,000066
178,6	0,005588
178,638	0,007619
178,676	0,006477
178,714	0,00875
178,752	0,01195
178,79	0,011664
178,828	0,013438
178,866	0,013002
178,904	0,012694
178,942	0,009851
178,98	0,006858
179,018	0,009845
179,056	0,014499
179,094	0,011621
179,132	0,009118
179,17	0,009806
179,208	0,01204
179,246	0,01435
179,284	0,014533
179,322	0,01307
179,36	0,007253
179,398	0,003814
179,436	0,003726
179,474	0,000134
179,512	0,001181
179,55	-0,001868
179,588	-0,000372
179,626	-0,000577
179,664	0,00408
179,702	0,007412
179,74	0,003552
179,778	0,00317
179,816	0,003827
179,854	0,004368
179,892	0,005158
179,93	0,004718
179,968	0,002679
180,006	0,004784
180,044	0,003303
180,082	0,000178
180,12	-0,001092
180,158	0,001133
180,196	0,003432
180,234	0,00194
180,272	-0,000791
180,31	-0,001103
180,348	0,001051
180,386	0,003867
180,424	0,000276
180,462	0,002532
180,5	0,008882
180,538	0,009308
180,576	0,009257
180,614	0,007776
180,652	0,007067
180,69	0,00435
180,728	0,008995
180,766	0,010023
180,804	0,009783
180,842	0,005385
180,88	0,001922
180,918	0,001945
180,956	-0,004107
180,994	-0,002299
181,032	-0,003477
181,07	-0,000335
181,108	-0,000354
181,146	-0,001892
181,184	-0,003137
181,222	-0,004199
181,26	-0,008388
181,298	-0,007338
181,336	-0,011278
181,374	-0,005756
181,412	-0,005653
181,45	0,001662
181,488	0,00175
181,526	0,001099
181,564	-0,000862
181,602	-0,000559
181,64	-0,003633
181,678	0,002262
181,716	0,005493
181,754	0,004726
181,792	0,004917
181,83	0,00336
181,868	0,000933
181,906	0,00194
181,944	0,006482
181,982	0,004893
182,02	0,003766
182,058	-0,00235
182,096	-0,001167
182,134	0,003811
182,172	0,005
182,21	0,007382
182,248	0,005094
182,286	0,00708
182,324	0,009486
182,362	0,010911
182,4	0,00921
182,438	0,008681
182,476	0,01033
182,514	0,011762
182,552	0,011225
182,59	0,011884
182,628	0,01764
182,666	0,021548
182,704	0,018259
182,742	0,020628
182,78	0,016011
182,818	0,014391
182,856	0,013747
182,894	0,018941
182,932	0,024231
182,97	0,023649
183,008	0,028662
183,046	0,03091
183,084	0,031044
183,122	0,034685
183,16	0,039149
183,198	0,040309
183,236	0,047227
183,274	0,047991
183,312	0,047644
183,35	0,047591
183,388	0,052869
183,426	0,046895
183,464	0,042243
183,502	0,037006
183,54	0,036546
183,578	0,030098
183,616	0,028229
183,654	0,030271
183,692	0,026877
183,73	0,027713
183,768	0,02771
183,806	0,027711
183,844	0,026905
183,882	0,027571
183,92	0,028874
183,958	0,023713
183,996	0,023834
184,034	0,018268
184,072	0,020835
184,11	0,020646
184,148	0,017254
184,186	0,022138
184,224	0,01803
184,262	0,017234
184,3	0,01241
184,338	0,008572
184,376	0,010177
184,414	0,00779
184,452	0,004988
184,49	0,008835
184,528	0,009404
184,566	0,011591
184,604	0,01389
184,642	0,012358
184,68	0,012619
