1	36.029
2	35.824
3	36.25
4	36.985
5	35.971
6	36.985
7	37.103
8	38.897
9	40.853
10	40.471
11	43.015
12	42.5
13	43.059
14	42.221
15	42.324
16	43.868
17	44.353
18	43.809
19	44.029
20	45.882
21	44.191
22	42.941
23	43.191
24	42.603
25	43.721
26	43.765
27	42.191
28	43.574
29	43.397
30	43.044
31	42.279
32	41.971
33	41.721
34	42.368
35	41.265
36	41.926
37	40.853
38	41.044
39	39.971
40	39.985
41	41.456
42	40.088
43	41.088
44	39.824
45	40.059
46	41.147
47	40.044
48	41.382
49	39.162
50	39.824
51	40.574
52	40.588
53	40.382
54	40.338
55	39.868
56	39.471
57	40.235
58	39.544
59	38.176
60	38.338
61	37.956
62	38.221
63	38.103
64	38.662
65	37.868
66	38.176
67	37.235
68	38.603
69	39.456
70	37.265
71	37.559
72	38.25
73	37.971
74	37.662
75	36.735
76	37.691
77	38.588
78	38.412
79	37.176
80	37.338
81	39.662
82	38.588
83	37.603
84	37.176
85	36.353
86	37.897
87	38.118
88	38.162
89	37.191
90	36.25
91	38.265
92	37.176
93	38.324
94	37.147
95	38.25
96	37.559
97	36.25
98	37.515
99	36.338
100	37.941
101	35.441
102	37.603
103	36.912
104	36.662
105	37.588
106	36.574
107	37.309
108	37.103
109	37.544
110	37.412
111	36.912
112	36.382
113	37.294
114	36.088
115	36.75
116	37.382
117	36.75
118	37.279
119	37.132
120	36.662
121	36.412
122	36.912
123	37.618
124	38.103
125	36.647
126	36.529
127	37.485
128	37.441
129	36.074
130	37.824
131	36.397
132	36.206
133	36.191
134	37.397
135	36.662
136	36.559
137	35.838
138	36
139	36.603
140	36.309
141	36.618
142	37.926
143	36.221
144	36.676
145	36.691
146	35.588
147	35.868
148	36.397
149	36.103
150	35.691
151	37.118
152	36.338
153	35.706
154	36.191
155	35.441
156	36.309
157	37.809
158	37.044
159	35.853
160	36.926
161	37.044
162	35.853
163	36.426
164	37.029
165	35.926
166	35.647
167	36.809
168	36.971
169	36.015
170	36.397
171	35.25
172	36.088
173	36.029
174	36.809
175	36.662
176	37
177	36.074
178	36.397
179	36.426
180	37.132
181	34.882
182	36.191
183	36.162
184	37.426
185	37.176
186	39.691
187	39.897
188	41.206
189	40.824
190	42.324
191	41.309
192	41.824
193	42.824
194	43.618
195	43.824
196	43.235
197	42.971
198	43.426
199	44.206
200	43.721
201	45.074
202	44.25
203	42.882
204	43.132
205	42.647
206	44.162
207	42.853
208	42.706
209	42.015
210	42.368
211	42.809
212	42.265
213	41.691
214	42.897
215	41.515
216	40.897
217	40.676
218	40.838
219	40.691
220	40.397
221	41.779
222	39.574
223	40.5
224	40.309
225	39.426
226	40.338
227	40.618
228	39.941
229	39.088
230	39.765
231	40.5
232	39.735
233	40.029
234	39.191
235	39.662
236	38.588
237	40.176
238	39.662
239	39.324
240	38.132
241	39.338
242	38.368
243	38.191
244	39.676
245	38.235
246	38.029
247	38.794
248	39.471
249	37.765
250	38.574
251	38.75
252	39.044
253	37.809
254	38.529
255	39.074
256	38.176
257	38.868
258	38.912
259	38.75
260	38.221
261	37.691
262	37.618
263	37.985
264	37.368
265	38.132
266	37.515
267	37.882
268	37.603
269	37.632
270	37.75
271	38.368
272	38.559
273	37.382
274	37.5
275	37.838
276	37.426
277	37.206
278	37.279
279	37.368
280	37.529
281	36.926
282	37.309
283	37.309
284	37.471
285	36.397
286	36.588
287	37.426
288	37.75
289	38.265
290	36.912
291	37.412
292	36.971
293	36.809
294	37.235
295	36.074
296	37.118
297	36.588
298	37.368
299	36.632
300	37.574
301	37.794
302	36
303	36.529
304	36.75
305	36.132
306	37.574
307	37.044
308	36.882
309	37.647
310	35.721
311	35.956
312	37.118
313	35.588
314	36.324
315	35.588
316	36.647
317	36.441
318	35.721
319	36.294
320	37
321	36.176
322	36.191
323	36.265
324	35.618
325	36.25
326	37
327	35.662
328	36.618
329	35.765
330	36.176
331	36.868
332	35.809
333	35.426
334	36.176
335	36.971
336	36.279
337	36.029
338	36.735
339	36.456
340	35.912
341	36.132
342	36.529
343	35.485
344	36.515
345	35.412
346	36.912
347	36.176
348	36.882
349	35.515
350	36.721
351	36.132
352	36.5
353	36.132
354	36.676
355	36.206
356	36.044
357	35.809
358	36.103
359	35.103
360	36.118
361	36.735
362	36.265
363	36.426
364	37.471
365	35.824
366	35.882
367	36.838
368	36.279
369	35.824
370	36.088
371	37.456
372	36.691
373	36.485
374	36.206
375	35.603
376	35.926
377	35.662
378	36.397
379	36.662
380	37.074
381	35.926
382	35.809
383	36.456
384	37.265
385	36.971
386	36.809
387	35.794
388	36.706
389	36.015
390	37.206
391	36.118
392	35.118
393	35.074
394	36.338
395	36.176
396	35.191
397	36.103
398	36.941
399	37.029
400	35.662
401	35.853
402	35.574
403	36.691
404	36.426
405	37.221
406	34.691
407	35.941
408	35.559
409	34.985
410	37.059
411	35.118
412	36.162
413	35.676
414	35.471
415	35.824
416	35.809
417	35.382
418	35.971
419	35.235
420	35.706
421	35.691
422	35.544
423	36.294
424	36.574
425	35.941
426	36.118
427	36.324
428	36.059
429	36.412
430	35.412
431	35.794
432	34.926
433	36.368
434	36.471
435	35.971
436	34.941
437	34.735
438	35.397
439	35.485
440	36.324
441	35.309
442	36.647
443	35.235
444	36.971
445	36.353
446	35.574
447	35.5
448	36.706
449	35.559
450	36.809
451	35.603
452	36.544
453	35.103
454	34.926
455	34.544
456	34.926
457	35.441
458	35.574
459	35.279
460	35.868
461	36.265
462	34.735
463	36.088
464	34.794
465	34.515
466	36.118
467	35.279
468	36.191
469	34.441
470	34.765
471	36.294
472	35.412
473	36.191
474	35.912
475	36.029
476	36.235
477	36.25
478	35.647
479	35.191
480	35.809
481	36.279
482	35.647
483	36.221
484	36.103
485	37.353
486	37.044
487	35.191
488	35.368
489	36.044
490	35.574
491	35.206
492	34.412
493	35.029
494	35.426
495	35.029
496	35.426
497	36.176
498	35.471
499	36.029
500	36.971
501	35.75
502	37.074
503	35.265
504	37.426
505	36.471
506	36.603
507	35.926
508	36.515
509	35.721
510	35.132
511	35.074
512	36.471
513	35.838
514	34.603
515	34.985
516	35.147
517	35.662
518	34.647
519	35.088
520	35.515
521	35.338
522	35.853
523	35.5
524	36.632
525	35.162
526	36.632
527	35.426
528	35.529
529	35.471
530	35.632
531	35.632
532	35.426
533	35.368
534	35.603
535	36.059
536	36.221
537	35.956
538	35.912
539	35.603
540	36.779
541	35.985
542	35.912
543	35.794
544	36.5
545	35.662
546	35.838
547	35.441
548	35.485
549	35.559
550	35.706
551	35.221
552	36.368
553	36.206
554	35.221
555	35.5
556	35.868
557	35.441
558	35.471
559	35.838
560	35.721
561	36.191
562	35.382
563	35.985
564	36.824
565	35.029
566	35.985
567	34.691
568	36.015
569	35.574
570	35.426
571	36.706
572	36.471
573	36.059
574	36
575	34.853
576	36.441
577	36.324
578	36.059
579	35.103
580	35.912
581	35.324
582	36.353
583	35.897
584	35.015
585	36.309
586	35.882
587	35.088
588	34.971
589	36.015
590	35.706
591	36.176
592	35.324
593	35.868
594	35.647
595	35
596	35.794
597	35.118
598	36.103
599	35.544
600	35.279
601	35.912
602	36.456
603	36.338
604	36.176
605	35.338
606	36.206
607	36.985
608	36.044
609	35.485
610	36.456
611	36.382
612	36.471
613	35.912
614	35.75
615	35.632
616	36.618
617	35.5
618	36.103
619	35.941
620	35.309
621	35.632
622	35.926
623	36.75
624	37.941
625	36.853
626	39.735
627	40.794
628	39.985
629	41.118
630	41.574
631	43.059
632	42.5
633	43.221
634	42.706
635	42.824
636	43.706
637	43.471
638	43.279
639	44.779
640	42.75
641	43.191
642	42.397
643	44.176
644	42.544
645	43.397
646	42.691
647	41.706
648	42.662
649	41.5
650	42.412
651	40.324
652	40.529
653	41.088
654	39.779
655	41.191
656	40.441
657	40.191
658	40.176
659	41.015
660	39.426
661	38.912
662	39.691
663	39.059
664	39.191
665	39.441
666	38.721
667	39.441
668	39.485
669	38.971
670	38.632
671	39.132
672	38.574
673	38.059
674	38.897
675	38.824
676	39.221
677	37.941
678	38.309
679	38.235
680	37.779
681	38.279
682	37.926
683	38.221
684	37.971
685	38.397
686	37.368
687	36.794
688	37.956
689	37.706
690	37.147
691	36.574
692	37.059
693	37.647
694	37.132
695	36.618
696	36.485
697	37.132
698	37.132
699	37.147
700	36.132
701	36.206
702	38.397
703	36.588
704	36.529
705	37.221
706	36.603
707	36.824
708	37.176
709	36.485
710	37.25
711	36.25
712	37.059
713	36.5
714	36.897
715	36.103
716	35.912
717	37.735
718	35.691
719	35.441
720	36.706
721	36.191
722	36.25
723	36.368
724	36.735
725	36.765
726	36.353
727	35.279
728	36.015
729	36.838
730	35.941
731	36.662
732	36.382
733	35.471
734	36.265
735	36.118
736	36.059
737	35.515
738	36
739	35.926
740	35.5
741	35.838
742	36.176
743	35.706
744	35.176
745	36.191
746	35.088
747	36.647
748	36.574
749	35.897
750	36.235
751	35.074
752	35.294
753	36
754	36.647
755	35.426
756	36.25
757	34.853
758	35.75
759	36.118
760	34.574
761	35.382
762	36.221
763	35.735
764	36.103
765	35.853
766	35.676
767	35.515
768	36.426
769	35.529
770	36.176
771	35.588
772	35.338
773	35.088
774	34.809
775	36.353
776	35.191
777	36.647
778	35.706
779	35.897
780	37.103
781	36.721
782	35.382
783	34.882
784	35.574
785	35.956
786	34.706
787	34.632
788	35.735
789	34.618
790	35.5
791	35.485
792	36.632
793	35.985
794	35.132
795	36.721
796	35.559
797	35.147
798	35.485
799	36.397
800	36.838
801	36.147
802	37.382
803	36.456
804	35.912
805	35.015
806	35.588
807	34.765
808	35.632
809	35.559
810	35.015
811	35.735
812	34.897
813	36.059
814	35.676
815	35.5
816	36.912
817	36.838
818	36.059
819	35.838
820	35.912
821	36.088
822	35.824
823	35.382
824	36.338
825	35.132
826	35.691
827	37
828	36.162
829	35.779
830	35.176
831	36.412
832	35.397
833	36.044
834	34.544
835	35.456
836	34.912
837	35.647
838	34.765
839	35.824
840	35.132
841	36.074
842	35.985
843	35.706
844	36.147
845	36.559
846	35.618
847	36
848	35.824
849	35.529
850	34.706
851	35.088
852	35.265
853	35.132
854	35.176
855	35.397
856	35.176
857	35
858	36.059
859	34.882
860	35.471
861	35.441
862	35.691
863	35.221
864	34.588
865	36.706
866	35.044
867	36.044
868	35.515
869	35.206
870	35.603
871	34.515
872	35.897
873	36.059
874	35.265
875	36.206
876	35.368
877	35.647
878	35.044
879	35.515
880	34.691
881	35.456
882	35.544
883	36.088
884	34.721
885	35.559
886	35.485
887	35.206
888	35.926
889	36.162
890	35.676
891	34.926
892	35.912
893	35.676
894	35.971
895	35.176
896	35.544
897	35.515
898	35.279
899	35.603
900	35
901	35.912
902	34.971
903	35.941
904	35.397
905	35.897
906	36.103
907	36.691
908	35.691
909	35.015
910	34.309
911	35.353
912	35.588
913	35.235
914	35.618
915	35.882
916	35.353
917	36.191
918	35.971
919	34.588
920	36.912
921	35.75
922	35.882
923	35.485
924	35.147
925	36.485
926	35.647
927	36.191
928	36.691
929	35.75
930	35.279
931	35.559
932	36.029
933	35.794
934	34.912
935	36.368
936	36.485
937	35.971
938	35.838
939	35.25
940	35.279
941	34.868
942	36.015
943	35.324
944	35.926
945	34.559
946	35.088
947	36.176
948	36.25
949	36.515
950	36.382
951	35.382
952	36.044
953	36.235
954	35.559
955	35.941
956	35.985
957	35.441
958	34.676
959	35.529
960	35.809
961	35.353
962	35
963	36
964	35.279
965	35.647
966	36.103
967	35.824
968	35.779
969	35.971
970	34.941
971	35.75
972	35.456
973	34.676
974	36.838
975	34.926
976	35.662
977	35.721
978	35.603
979	34.956
980	35.441
981	36.029
982	35.265
983	36.485
984	36.941
985	36.603
986	35.618
987	36.176
988	35.662
989	36.544
990	36.176
991	35.632
992	36.853
993	35.868
994	37
995	37.088
996	35.691
997	36.985
998	37.191
999	35.632
1000	36.647
1001	35.809
1002	35.235
1003	35.338
1004	36.809
1005	36.206
1006	36.809
1007	36.294
1008	35.971
1009	35.5
1010	34.912
1011	34.265
1012	36.265
1013	36.338
1014	36.279
1015	35.265
1016	35.75
1017	35.985
1018	35.662
1019	35.603
1020	35
1021	34.868
1022	34.941
1023	35.838
1024	35.941
1025	35.647
1026	35.147
1027	35.765
1028	34.926
1029	35.103
1030	34.794
1031	35.132
1032	35.294
1033	34.941
1034	33.853
1035	35.235
1036	36.176
1037	35.706
1038	36.706
1039	38.338
1040	39.147
1041	40.25
1042	40.279
1043	40.897
1044	41.368
1045	40.5
1046	40.515
1047	41.132
1048	42.574
1049	42.118
1050	41.735
1051	42.368
1052	42.147
1053	41.912
1054	41.647
1055	41.029
1056	42.441
1057	43
1058	42.794
1059	41.779
1060	41.074
1061	41.176
1062	41.176
1063	41.074
1064	41.779
1065	40.647
1066	40.074
1067	40.265
1068	40.441
1069	40.191
1070	39.412
1071	40.235
1072	39.206
1073	39.75
1074	38.838
1075	39.456
1076	39.162
1077	38.691
1078	39.294
1079	39.265
1080	39.015
1081	38.853
1082	38.5
1083	38.971
1084	38.426
1085	39.044
1086	38.103
1087	38.5
1088	38.941
1089	38.824
1090	39.147
1091	38.485
1092	38.794
1093	37.618
1094	38.647
1095	38.044
1096	37.765
1097	37.118
1098	37.088
1099	37.588
1100	37.868
1101	38.191
1102	37.338
1103	38.559
1104	37.162
1105	37.103
1106	36.735
1107	37.191
1108	35.838
1109	36.559
1110	36.824
1111	37.029
1112	37.338
1113	37.397
1114	37.176
1115	37.309
1116	36.926
1117	36.544
1118	36.029
1119	36.809
1120	36.912
1121	35.382
1122	37.103
1123	37.838
1124	38.059
1125	35.574
1126	36.191
1127	35.853
1128	36.985
1129	36.529
1130	36.706
1131	35.559
1132	36.735
1133	36.441
1134	36.941
1135	36.588
1136	37.662
1137	36.735
1138	36.309
1139	36.397
1140	35.706
1141	36.676
1142	36.471
1143	35.897
1144	35.985
1145	36.235
1146	35.794
1147	36.603
1148	36.118
1149	36.074
1150	36.206
1151	36.044
1152	36.647
1153	36.618
1154	35.529
1155	36.015
1156	36.132
1157	35.235
1158	36.147
1159	36.029
1160	36.162
1161	34.985
1162	36.059
1163	36.338
1164	36.103
1165	35.721
1166	36.162
1167	36.368
1168	35.176
1169	35.176
1170	35.691
1171	36.471
1172	35.279
1173	34.456
1174	35.956
1175	35.662
1176	36.206
1177	35.897
1178	36.044
1179	35.706
1180	36.015
1181	35.397
1182	35.618
1183	34.721
1184	36.088
1185	36.471
1186	36.103
1187	36.441
1188	36.132
1189	34.794
1190	34.662
1191	37.044
1192	35.426
1193	36.074
1194	36.794
1195	35.779
1196	36.5
1197	35.868
1198	36.721
1199	36.074
1200	36.103
1201	35.559
1202	35.515
1203	36.397
1204	35.647
1205	35.309
1206	35.265
1207	33.794
1208	35.456
1209	35.132
1210	35.632
1211	35.338
1212	36.015
1213	36.088
1214	36.368
1215	35.632
1216	35.5
1217	35.794
1218	35.588
1219	35.912
1220	36.632
1221	35.441
1222	35.765
1223	35.544
1224	35.662
1225	35.338
1226	36.015
1227	35.824
1228	35.779
1229	35.882
1230	35.471
1231	35.809
1232	35.868
1233	35.029
1234	36.588
1235	36.074
1236	35.735
1237	36.853
1238	34.809
1239	36.029
1240	35.176
1241	35.25
1242	35.456
1243	35.235
1244	35.338
1245	35.735
1246	36.5
1247	35.353
1248	36.029
1249	35.309
1250	35.485
1251	35.132
1252	35.456
1253	35.471
1254	36.279
1255	35.706
1256	35.103
1257	36.176
1258	35.574
1259	36.206
1260	35.426
1261	36.279
1262	35.147
1263	36.676
1264	35.824
1265	34.574
1266	35.985
1267	34.765
1268	35.103
1269	35.25
1270	35.941
1271	35.647
1272	35.912
1273	35.162
1274	36.706
1275	34.971
1276	34.5
1277	35.647
1278	35.015
1279	36.029
1280	35.985
1281	36
1282	34.941
1283	34.912
1284	35.985
1285	35.985
1286	36.75
1287	36.691
1288	35.059
1289	35.765
1290	35.206
1291	35.618
1292	35.662
1293	36.162
1294	35.971
1295	35.794
1296	35.294
1297	35.882
1298	35.559
1299	34.779
1300	35.471
1301	35.662
1302	36.059
1303	36.868
1304	36.515
1305	35.735
1306	35.206
1307	35.132
1308	35.515
1309	34.191
1310	35.75
1311	35.456
1312	35.662
1313	35.456
1314	35.544
1315	36.426
1316	35.309
1317	36.471
1318	34.603
1319	35.324
1320	34.559
1321	35.485
1322	34.676
1323	35.618
1324	35.265
1325	34.603
1326	35.074
1327	36
1328	35.412
1329	37.162
1330	36.368
1331	35.809
1332	34.941
1333	34.691
1334	36.206
1335	36.397
1336	35.603
1337	34.426
1338	34.456
1339	35.603
1340	35.412
1341	35.147
1342	35.912
1343	34.676
1344	35.662
1345	36.25
1346	35.029
1347	34.779
1348	36.132
1349	36.191
1350	35.662
1351	35.471
1352	35.721
1353	35.5
1354	34.809
1355	36.044
1356	36.147
1357	35.147
1358	35.441
1359	35.132
1360	35.426
1361	35.882
1362	35.441
1363	36.132
1364	35.25
1365	35.603
1366	35.515
1367	36.353
1368	35.25
1369	34.691
1370	35.897
1371	35.809
1372	35.118
1373	35.735
1374	35.618
1375	35.765
1376	35.176
1377	35
1378	35.132
1379	35.853
1380	34.309
1381	35.882
1382	35.662
1383	35.456
1384	35.382
1385	35.088
1386	34.838
1387	35.485
1388	35.912
1389	36.147
1390	35.294
1391	35.824
1392	35.838
1393	35.956
1394	35.912
1395	36.103
1396	35.338
1397	35.912
1398	34.882
1399	35.309
1400	36.603
1401	35.206
1402	34.588
1403	35.5
1404	35.294
1405	34.882
1406	34.809
1407	35.059
1408	37
1409	35.5
1410	35.368
1411	35.441
1412	35.485
1413	35.838
1414	35.206
1415	34.824
1416	34.118
1417	35.574
1418	34.676
1419	35.118
1420	35.706
1421	34.897
1422	35.882
1423	35.75
1424	35.574
1425	36.074
1426	35.338
1427	35.544
1428	36.147
1429	34.779
1430	34.735
1431	35.382
1432	35.897
1433	36.809
1434	37.588
1435	39.074
1436	39.324
1437	40.397
1438	40.838
1439	40.397
1440	40.574
1441	40.632
1442	41.382
1443	42.176
1444	42.059
1445	41.221
1446	41.647
1447	41.191
1448	41.147
1449	41.544
1450	42.676
1451	41.779
1452	39.75
1453	40.485
1454	40.809
1455	40.471
1456	39.676
1457	40.941
1458	40.647
1459	39.221
1460	40.059
1461	39.412
1462	39.559
1463	39.441
1464	40.882
1465	39.176
1466	39.426
1467	39.515
1468	40.397
1469	38.029
1470	38.971
1471	38.794
1472	38.294
1473	37.456
1474	39.603
1475	38.162
1476	37.941
1477	37.441
1478	38.441
1479	37.632
1480	39.897
1481	38.118
1482	39.103
1483	37.647
1484	37.691
1485	37.471
1486	38.029
1487	38.353
1488	37.338
1489	36.809
1490	37.618
1491	37.706
1492	38.162
1493	37.544
1494	37.015
1495	36.794
1496	36.588
1497	35.676
1498	36.956
1499	37.176
1500	37.706
1501	36.75
1502	38.676
1503	36.324
1504	36.456
1505	37.559
1506	37.426
1507	36.765
1508	36.5
1509	36.456
1510	37.25
1511	36.735
1512	35.735
1513	36.397
1514	36.559
1515	36.824
1516	35.338
1517	36.985
1518	36.824
1519	36
1520	36.353
1521	36.544
1522	36.794
1523	36.735
1524	36.191
1525	36.221
1526	36.971
1527	36.162
1528	35.882
1529	36.221
1530	36.221
1531	35.779
1532	36.647
1533	36.75
1534	35.471
1535	34.897
1536	36.147
1537	35.912
1538	35.5
1539	36.485
1540	36.5
1541	35.794
1542	36.015
1543	35.794
1544	36.265
1545	35.721
1546	35.485
1547	36.676
1548	36
1549	35.897
1550	36.5
1551	36.765
1552	35.309
1553	36.235
1554	37.118
1555	36.162
1556	35.971
1557	35.912
1558	36.353
1559	36.176
1560	36.75
1561	35.838
1562	36.059
1563	35.588
1564	36.368
1565	36.456
1566	35.132
1567	35.647
1568	35.294
1569	35.25
1570	35.662
1571	35.441
1572	35.382
1573	34.721
1574	35.882
1575	35.368
1576	36.765
1577	35.721
1578	35.779
1579	34.559
1580	36.735
1581	34.868
1582	35.853
1583	35.456
1584	34.971
1585	35.779
1586	35.206
1587	35.029
1588	35.324
1589	35.691
1590	36.176
1591	34.941
1592	35.529
1593	35.029
1594	34.544
1595	35.838
1596	36.412
1597	35.515
1598	35.485
1599	35.853
1600	36.603
1601	35.618
1602	35.294
1603	35.882
1604	35.676
1605	36.162
1606	34.956
1607	35.926
1608	35.721
1609	35.676
1610	35.897
1611	35.044
1612	35.941
1613	35.059
1614	36.485
1615	36.118
1616	35.485
1617	35.485
1618	34.882
1619	35.309
1620	34.912
1621	34.882
1622	35.103
1623	36.647
1624	36.132
1625	35.588
1626	35.882
1627	35.912
1628	35.956
1629	35.676
1630	35.235
1631	35.5
1632	34.574
1633	34.985
1634	35.015
1635	35.5
1636	35.515
1637	35.485
1638	35.132
1639	34.824
1640	34.897
1641	35.735
1642	34.706
1643	34.647
1644	34.103
1645	35.338
1646	35.176
1647	35.912
1648	34.574
1649	35.882
1650	34.632
1651	35.059
1652	35.588
1653	35.412
1654	35.103
1655	35.088
1656	35.368
1657	34.176
1658	35.338
1659	35.074
1660	35.015
1661	36.235
1662	34.324
1663	34.985
1664	34.853
1665	34.456
1666	35.779
1667	34.662
1668	35.162
1669	34.029
1670	34.647
1671	35.824
1672	35.559
1673	34.676
1674	35.706
1675	34.691
1676	34.632
1677	35.559
1678	34.956
1679	34.706
1680	36.353
1681	36.353
1682	36.265
1683	37.426
1684	39.103
1685	37.956
1686	39.25
1687	38.941
1688	39.632
1689	39.765
1690	40.912
1691	40.5
1692	41.294
1693	41.191
1694	41.294
1695	40.294
1696	40.765
1697	39.485
1698	39.779
1699	41.794
1700	40.309
1701	39.382
1702	39.574
1703	41.221
1704	40.015
1705	39.632
1706	40.956
1707	40.338
1708	40.235
1709	40.456
1710	39.221
1711	38.118
1712	39.206
1713	39.676
1714	38.515
1715	39.132
1716	39.059
1717	39.485
1718	39.471
1719	38.456
1720	37.912
1721	37.897
1722	37.882
1723	38.515
1724	39.279
1725	38.206
1726	38.088
1727	38.5
1728	38.382
1729	39.147
1730	37.691
1731	37.559
1732	36.868
1733	37.794
1734	37.265
1735	36.676
1736	37.029
1737	37.706
1738	37.397
1739	38
1740	36.485
1741	36.103
1742	37.103
1743	37.809
1744	36.735
1745	36.676
1746	36.706
1747	36.603
1748	36.235
1749	37.25
1750	36.074
1751	37.868
1752	36.265
1753	37.824
1754	35.971
1755	37.294
1756	35.735
1757	35.735
1758	36.118
1759	36.5
1760	37.794
1761	37.029
1762	36
1763	36.279
1764	36.147
1765	35.985
1766	35.309
1767	36.088
1768	35.147
1769	35.029
1770	35.382
1771	36.544
1772	36.162
1773	36.118
1774	35.426
1775	37.309
1776	35.294
1777	35.162
1778	35.735
1779	36.059
1780	36.471
1781	35.897
1782	35.309
1783	35.765
1784	34.456
1785	35.515
1786	34.074
1787	35.5
1788	35.971
1789	36.882
1790	34.088
1791	35.206
1792	34.603
1793	34.441
1794	34.926
1795	34.853
1796	34.662
1797	35.132
1798	35.868
1799	34.588
1800	36.015
1801	35.412
1802	35.441
1803	35.176
1804	35.206
1805	35.971
1806	35.176
1807	34.647
1808	36.074
1809	36.25
1810	35.941
1811	34.618
1812	35.162
1813	34.926
1814	35.588
1815	35.147
1816	35.529
1817	35.706
1818	35.574
1819	36.103
1820	36.059
1821	36
1822	35.5
1823	35.632
1824	35.25
1825	34.941
1826	35.838
1827	36.221
1828	35.941
1829	35.25
1830	36.044
1831	36.221
1832	35.471
1833	34.721
1834	36.206
1835	34.794
1836	35.574
1837	35.941
1838	35.074
1839	34.824
1840	35.309
1841	36.662
1842	36.515
1843	35.353
1844	34.368
1845	34.882
1846	36.324
1847	36.118
1848	35.353
1849	34.485
1850	35.5
1851	36.368
1852	34.529
1853	34.426
1854	35.441
1855	34.882
1856	35.059
1857	35.162
1858	35.956
1859	35.324
1860	36.882
1861	36.162
1862	34.309
1863	35.574
1864	35.706
1865	35.985
1866	35.191
1867	34.588
1868	34.956
1869	36.029
1870	35.75
1871	35.412
1872	35.529
1873	36.015
1874	35.176
1875	35.706
1876	34.603
1877	34.353
1878	34.971
1879	34.485
1880	35.176
1881	35.515
1882	35.353
1883	35.132
1884	35.574
1885	35.441
1886	35.206
1887	34.765
1888	35.603
1889	34.985
1890	35.618
1891	34.985
1892	35.456
1893	34.206
1894	35.618
1895	35.721
1896	34.618
1897	35.015
1898	34.882
1899	35.574
1900	34.426
1901	34.824
1902	35.103
1903	34.25
1904	35.191
1905	35.147
1906	35.382
1907	35.324
1908	34.662
1909	34.676
1910	35.265
1911	35.5
1912	35.971
1913	35.118
1914	35.162
1915	35.662
1916	35.176
1917	35.618
1918	34.838
1919	35.382
1920	34.515
1921	35.103
1922	34.397
1923	36.162
1924	35.941
1925	34.618
1926	34.676
1927	34.456
1928	35.191
1929	35.265
1930	35.691
1931	34.632
1932	34.721
1933	35.926
1934	35.176
1935	35.824
1936	34.603
1937	34.809
1938	36.426
1939	35.265
1940	35.044
1941	34.529
1942	35.412
1943	36.265
1944	34.824
1945	35.088
1946	34.691
1947	35.706
1948	35.912
1949	35
1950	34.588
1951	34.838
1952	34.662
1953	35.706
1954	35.735
1955	35.779
1956	35.132
1957	35.235
1958	34.735
1959	34.926
1960	35.676
1961	35.162
1962	35.691
1963	35.059
1964	36.235
1965	34.088
1966	35.75
1967	35.529
1968	35.25
1969	36.632
1970	33.971
1971	35.074
1972	34.25
1973	34.75
1974	34.559
1975	35.75
1976	35.324
1977	35.456
1978	36.088
1979	35.353
1980	33.882
1981	34.75
1982	35.368
1983	34.765
1984	35.485
1985	35.471
1986	35.5
1987	36.132
1988	35.338
1989	35.074
1990	35.912
1991	35.441
1992	36.088
1993	35.382
1994	34.206
1995	35.5
1996	35.338
1997	35.632
1998	35.662
1999	36.456
2000	35.294
2001	35.338
2002	35.353
2003	35.485
2004	35.735
2005	34.529
2006	35.397
2007	35.088
2008	34.647
2009	34.412
2010	34.559
2011	36.176
2012	35.559
2013	35.529
2014	35.059
2015	34.75
2016	36.044
2017	35.309
2018	35.294
2019	35.088
2020	34.353
2021	35.853
2022	35.603
2023	35.426
2024	35.103
2025	34.441
2026	36.632
2027	35.456
2028	35.838
2029	35.574
2030	36.162
2031	37.206
2032	37.397
2033	36.985
2034	39.897
2035	39.824
2036	40.221
2037	40.75
2038	40.456
2039	40.765
2040	39.882
2041	39.632
2042	40.338
2043	41.176
2044	40.353
2045	41.897
2046	40.721
2047	40.235
2048	40.059
2049	40.559
2050	39.824
2051	39.926
2052	39.809
2053	39.706
2054	40.324
2055	38.926
2056	41.294
2057	40.426
2058	38.676
2059	38.676
2060	40.074
2061	38.941
2062	39.265
2063	38.397
2064	38.647
2065	38.426
2066	38.471
2067	38.735
2068	38.103
2069	38.176
2070	38.25
2071	38.206
2072	38.176
2073	37.176
2074	38.926
2075	37.985
2076	38.324
2077	38.529
2078	38.147
2079	37.353
2080	37.897
2081	36.985
2082	36.559
2083	36.853
2084	36.985
2085	37.515
2086	36.956
2087	35.956
2088	37.147
2089	37.309
2090	37.015
2091	37.103
2092	37.088
2093	35.941
2094	37
2095	37.574
2096	37.059
2097	36.691
2098	37.382
2099	36.868
2100	36.368
2101	36.691
2102	36.397
2103	36.044
2104	35.868
2105	36.426
2106	36.515
2107	37.206
2108	37.015
2109	36.809
2110	36.529
2111	35.721
2112	36.338
2113	36.574
2114	36.426
2115	36.941
2116	35.5
2117	35.853
2118	35.368
2119	36.441
2120	36.853
2121	36.485
2122	35.632
2123	35.794
2124	35.735
2125	35.147
2126	35.603
2127	36.147
2128	35.118
2129	35.426
2130	35.426
2131	36.015
2132	34.882
2133	34.824
2134	34.838
2135	34.926
2136	36.103
2137	36.544
2138	35.485
2139	35.809
2140	35.485
2141	35.015
2142	33.868
2143	35.206
2144	34.618
2145	34.853
2146	35.603
2147	36.132
2148	35.809
2149	35.029
2150	35.618
2151	34.662
2152	36.176
2153	34.941
2154	36.059
2155	35.897
2156	35.632
2157	35.735
2158	35.809
2159	35.662
2160	34.941
2161	34.603
2162	36.338
2163	34.926
2164	36.118
2165	35.059
2166	35.721
2167	35.353
2168	35.985
2169	34.574
2170	34.926
2171	35.118
2172	35.456
2173	34.353
2174	35.441
2175	35.324
2176	35.044
2177	35.456
2178	35.029
2179	35.206
2180	36.235
2181	34.853
2182	35.676
2183	34.147
2184	35.059
2185	33.882
2186	35.691
2187	35.044
2188	35.588
2189	34.985
2190	34.426
2191	35.118
2192	35.941
2193	34.956
2194	35.426
2195	35.044
2196	34.956
2197	34.735
2198	34.574
2199	35.691
2200	35.809
2201	34.897
2202	34.809
2203	34.515
2204	35.5
2205	35.206
2206	35.5
2207	34.897
2208	34.838
2209	35.25
2210	34.559
2211	34.353
2212	35.353
2213	35.059
2214	35.691
2215	34.588
2216	35.676
2217	34.676
2218	34.985
2219	35.588
2220	35.132
2221	35.838
2222	35.265
2223	34.588
2224	35.25
2225	35.353
2226	34.897
2227	35.074
2228	36.074
2229	34.794
2230	34.441
2231	35.618
2232	36.926
2233	35.029
2234	35.912
2235	34.441
2236	35.485
2237	35.441
2238	35.574
2239	35.544
2240	35
2241	35.603
2242	34.662
2243	34.147
2244	35.191
2245	34.897
2246	34.338
2247	34.691
2248	35.838
2249	34.574
2250	34.294
2251	35.426
2252	35.015
2253	34.397
2254	34.662
2255	34.368
2256	35.588
2257	34.824
2258	33.029
2259	33.647
2260	35.941
2261	35.441
2262	35.676
2263	35.632
2264	35.632
2265	34.897
2266	36.147
2267	35.074
2268	35.25
2269	35.956
2270	34.912
2271	35.25
2272	35.235
2273	35.206
2274	36.485
2275	35.162
2276	35.029
2277	34.471
2278	35.118
2279	34.912
2280	34.044
2281	34.721
2282	35.706
2283	35.824
2284	33.882
2285	34.897
2286	35.574
2287	34.103
2288	35.632
2289	34.603
2290	34.529
2291	35.456
2292	35.044
2293	34.971
2294	35.676
2295	35.294
2296	36.588
2297	35.176
2298	33.691
2299	35.029
2300	34.956
2301	34.75
2302	34.25
2303	34.956
2304	34.044
2305	34.176
2306	35.162
2307	34.838
2308	35.5
2309	35.441
2310	35.515
2311	34.544
2312	36.456
2313	34.691
2314	35.132
2315	35.338
2316	35.456
2317	35.088
2318	35.441
2319	34.824
2320	34.706
2321	34.382
2322	35.765
2323	33.75
2324	34.471
2325	34.779
2326	35.132
2327	34.868
2328	34.868
2329	34.515
2330	34.794
2331	34.779
2332	34.265
2333	35.368
2334	35.309
2335	35.279
2336	35.809
2337	35.118
2338	35.147
2339	35.691
2340	35.588
2341	36.132
2342	36.015
2343	34.75
2344	35.603
2345	36.397
2346	34.162
2347	35.162
2348	35.221
2349	35
2350	34.662
2351	34.574
2352	34.853
2353	34.426
2354	34.971
2355	35.5
2356	36.265
2357	33.941
2358	34.588
2359	34.029
2360	35.941
2361	34.103
2362	35.794
2363	35.662
2364	34.294
2365	34.897
2366	35.25
2367	35.853
2368	35.456
2369	34.765
2370	34.794
2371	35.324
2372	34.75
2373	34.956
2374	34.559
2375	35.971
2376	36.265
2377	35.176
2378	36.279
2379	35.824
2380	36.206
2381	37.941
2382	37.956
2383	38.515
2384	39.441
2385	39.544
2386	39.706
2387	38.618
2388	40.456
2389	39.809
2390	40.279
2391	40.294
2392	40.956
2393	39.191
2394	40.029
2395	40.662
2396	40.015
2397	39.897
2398	40.794
2399	40.338
2400	39.074
2401	37.971
2402	38.721
2403	39.676
2404	38.897
2405	39.441
2406	38.603
2407	38.191
2408	38.265
2409	38.162
2410	38.118
2411	38.235
2412	39.721
2413	38.162
2414	37.809
2415	37.676
2416	37.662
2417	37.75
2418	37.176
2419	37.985
2420	38.868
2421	38.338
2422	36.868
2423	37.5
2424	37.206
2425	36.985
2426	37.412
2427	36
2428	36.971
2429	36.912
2430	36.941
2431	38.221
2432	37.059
2433	37.456
2434	36.853
2435	35
2436	36.074
2437	37.382
2438	36.441
2439	35.632
2440	36.397
2441	36.794
2442	36.941
2443	36.721
2444	37.103
2445	36.412
2446	35.824
2447	35.912
2448	35.368
2449	36.706
2450	35.559
2451	36.118
2452	36.324
2453	35.882
2454	35.618
2455	34.971
2456	34.574
2457	36.529
2458	36.221
2459	36.985
2460	37.191
2461	36.868
2462	35.838
2463	35.691
2464	35.088
2465	35.235
2466	36.324
2467	36.221
2468	36.074
2469	36.5
2470	36.559
2471	36.235
2472	36.75
2473	35.838
2474	35.485
2475	36.103
2476	35.309
2477	34.706
2478	34.985
2479	35.074
2480	35.441
2481	34.044
2482	36.074
2483	34.706
2484	35.868
2485	35.309
2486	34.544
2487	35.691
2488	35.647
2489	35.676
2490	34.971
2491	34.882
2492	34.324
2493	34.397
2494	36.412
2495	34.824
2496	34.956
2497	34.824
2498	35.456
2499	35.779
2500	34.912
2501	35.691
2502	36.721
2503	36
2504	35.397
2505	34.603
2506	35.412
2507	35.059
2508	35.471
2509	34.691
2510	34.676
2511	34.765
2512	35.324
2513	35.015
2514	34.574
2515	34.735
2516	34.368
2517	35.809
2518	33.897
2519	34.632
2520	36.618
2521	35.735
2522	35.515
2523	35.162
2524	34.221
2525	34.603
2526	34.794
2527	35.5
2528	35.471
2529	34.956
2530	35.382
2531	33.235
2532	35.353
2533	35.397
2534	35.162
2535	34.882
2536	35.971
2537	35.529
2538	34.588
2539	35.191
2540	34.118
2541	35.412
2542	35.382
2543	33.868
2544	34.574
2545	34.515
2546	35.809
2547	34.941
2548	35.647
2549	35.221
2550	34.985
2551	33.882
2552	34.897
2553	35.059
2554	33.706
2555	34.588
2556	35.706
2557	34.809
2558	34.765
2559	34.75
2560	35.147
2561	35.574
2562	34.338
2563	34.191
2564	35.25
2565	34.441
2566	34.765
2567	34.853
2568	35.368
2569	35.162
2570	35.221
2571	34.5
2572	33.941
2573	35.353
2574	34.5
2575	34.868
2576	35.574
2577	35.147
2578	35.779
2579	34.485
2580	35.118
2581	34.618
2582	35.368
2583	33.588
2584	35.544
2585	35.118
2586	34.897
2587	34.515
2588	35.353
2589	35.603
2590	35.206
2591	34.632
2592	35.118
2593	35.25
2594	35.176
2595	35.235
2596	36.221
2597	34.824
2598	35.088
2599	34.735
2600	34.868
2601	35.412
2602	35.721
2603	34.206
2604	34.632
2605	36
2606	35.441
2607	33.868
2608	36.176
2609	35.176
2610	35.779
2611	34.647
2612	35.412
2613	35.118
2614	33.765
2615	34.309
2616	34.676
2617	34.735
2618	34.706
2619	34.485
2620	34.647
2621	35.603
2622	35.25
2623	34.853
2624	34.941
2625	35.309
2626	35.603
2627	34.132
2628	33.765
2629	34.897
2630	35.471
2631	34.735
2632	34.868
2633	35.647
2634	34.618
2635	35.029
2636	35.882
2637	34.632
2638	33.926
2639	33.985
2640	35.368
2641	35.368
2642	36.515
2643	35.485
2644	34.897
2645	35.103
2646	35.176
2647	34.176
2648	34.765
2649	35.691
2650	35.118
2651	35.088
2652	34.794
2653	34.853
2654	35.059
2655	33.706
2656	35.265
2657	34.324
2658	34.588
2659	34.559
2660	34.824
2661	34.206
2662	35.294
2663	35.029
2664	35.926
2665	35.618
2666	35.044
2667	35.765
2668	35.574
2669	35.029
2670	34.779
2671	35.265
2672	35.324
2673	35.529
2674	34.515
2675	34.971
2676	34.912
2677	34.368
2678	34.221
2679	34.338
2680	35.206
2681	34.515
2682	34.868
2683	35.338
2684	34.338
2685	34.75
2686	34.265
2687	34.809
2688	34.706
2689	35.132
2690	35.838
2691	35.515
2692	34.882
2693	34.691
2694	34.015
2695	35.603
2696	34.162
2697	34.618
2698	35.471
2699	35.5
2700	35.279
2701	34.794
2702	34.559
2703	33.926
2704	35.632
2705	34.662
2706	35.559
2707	35.294
2708	34.603
2709	35.662
2710	34.824
2711	35.691
2712	35.118
2713	35.088
2714	34.941
2715	35.235
2716	34.662
2717	34.265
2718	34.912
2719	34.338
2720	35.132
2721	35.353
2722	35.441
2723	34.809
2724	35.632
2725	36.059
2726	35.838
2727	34.603
2728	35.265
2729	36.662
2730	37.838
2731	37.368
2732	39.074
2733	39.074
2734	39.118
2735	39.456
2736	41.029
2737	39.426
2738	39.324
2739	40.309
2740	39.838
2741	40.75
2742	40.662
2743	41.456
2744	41.176
2745	39.529
2746	40.721
2747	39.25
2748	38.971
2749	40.485
2750	38.985
2751	39.426
2752	40.397
2753	39.779
2754	39.632
2755	38.088
2756	39.294
2757	39.206
2758	38.279
2759	38.838
2760	38.926
2761	39.103
2762	38.294
2763	37.632
2764	38.235
2765	37.809
2766	36.897
2767	37.265
2768	37.25
2769	36.912
2770	36.941
2771	37.118
2772	36.382
2773	36.838
2774	37.324
2775	36.618
2776	36.691
2777	36.191
2778	36.368
2779	36.529
2780	36.706
2781	37.235
2782	37.515
2783	37
2784	36.574
2785	36.765
2786	36.544
2787	36.676
2788	36.485
2789	37.265
2790	36.353
2791	36.088
2792	35.941
2793	36.235
2794	36.574
2795	36.559
2796	35.868
2797	36.338
2798	35.426
2799	35.632
2800	36.206
2801	36.176
2802	37.529
2803	35.956
2804	35.735
2805	36.309
2806	34.765
2807	35.971
2808	38.074
2809	35.132
2810	37.176
2811	36.074
2812	35.441
2813	36.294
2814	35.044
2815	35.75
2816	36.191
2817	35.574
2818	35.735
2819	35.647
2820	35.868
2821	35.956
2822	35.75
2823	36.529
2824	36.088
2825	35.044
2826	36.206
2827	35.897
2828	35.206
2829	35.147
2830	36.485
2831	34.662
2832	35.191
2833	35.529
2834	35.603
2835	34.941
2836	36.309
2837	36.338
2838	35.868
2839	36.279
2840	35.162
2841	36.382
2842	34.618
2843	35.721
2844	34.809
2845	35.868
2846	35.603
2847	35.529
2848	35.029
2849	36.206
2850	35.176
2851	34.735
2852	35.5
2853	35.721
2854	35.603
2855	35.691
2856	36.279
2857	35.176
2858	34.838
2859	35.809
2860	35.721
2861	35.971
2862	36.632
2863	35.368
2864	36.191
2865	35.294
2866	35.588
2867	35.456
2868	35.294
2869	35.882
2870	36.015
2871	35.838
2872	35.485
2873	35.206
2874	35.647
2875	35.397
2876	35.015
2877	35.574
2878	36.647
2879	35.765
2880	36.441
2881	35.515
2882	34.971
2883	35.544
2884	34.985
2885	35.588
2886	36.647
2887	34.838
2888	35
2889	36.662
2890	35.265
2891	36.029
2892	34.868
2893	34.426
2894	35.765
2895	35.368
2896	35.368
2897	35.941
2898	34.794
2899	34.706
2900	34.956
2901	35.206
2902	34.956
2903	36
2904	36.103
2905	35.721
2906	35.441
2907	34.985
2908	34.75
2909	34.735
2910	35.088
2911	34.559
2912	35.103
2913	35.235
2914	36.529
2915	35.103
2916	35.559
2917	34.294
2918	35.074
2919	34.324
2920	35.279
2921	34.721
2922	35.265
2923	34.824
2924	34.868
2925	36.059
2926	36.897
2927	35.397
2928	35.574
2929	34.456
2930	34.809
2931	35.206
2932	35.471
2933	34.309
2934	34.412
2935	34.485
2936	34.853
2937	35.044
2938	35.691
2939	34.824
2940	34.75
2941	35.25
2942	35.324
2943	36.132
2944	34.809
2945	34.588
2946	35.353
2947	35.382
2948	34.941
2949	35.985
2950	35.912
2951	33.971
2952	34.897
2953	35.368
2954	34.941
2955	35.059
2956	34.397
2957	35.765
2958	35.779
2959	35.147
2960	33.485
2961	35.706
2962	35.971
2963	34.397
2964	35.338
2965	34.368
2966	34.721
2967	34.985
2968	34.676
2969	35.691
2970	35.029
2971	35.456
2972	35.471
2973	35.75
2974	34.809
2975	34.662
2976	35.647
2977	35.529
2978	35.294
2979	34.485
2980	35.088
2981	35
2982	35.765
2983	35.426
2984	35.397
2985	35.25
2986	35.412
2987	34.456
2988	36.485
2989	35.309
2990	36.412
2991	34.794
2992	35
2993	34.618
2994	34.618
2995	35.353
2996	34.574
2997	33.824
2998	34.647
2999	33.882
3000	35.971
3001	35.618
3002	34.235
3003	34.412
3004	35.25
3005	35.059
3006	34.309
3007	33.926
3008	35.632
3009	34.853
3010	33.897
3011	34.691
3012	35.044
3013	34.382
3014	35.265
3015	34.471
3016	34.309
3017	34.176
3018	34.044
3019	35.676
3020	34.191
3021	34.265
3022	34.779
3023	34.441
3024	34.191
3025	34.088
3026	34.147
3027	34.368
3028	34.088
3029	35.706
3030	34.676
3031	34.809
3032	34.779
3033	34.75
3034	35.147
3035	35.221
3036	34.029
3037	35.853
3038	34.456
3039	34.632
3040	34.971
3041	34.721
3042	35.059
3043	35.118
3044	34.412
3045	34.485
3046	35.103
3047	35.059
3048	35.044
3049	34.824
3050	33.971
3051	35.103
3052	35.368
3053	34.176
3054	34.382
3055	34.191
3056	35.059
3057	35.265
3058	34.544
3059	34.441
3060	34.676
3061	35.029
3062	35.029
3063	34.5
3064	34.25
3065	35.426
3066	34.706
3067	34.985
3068	34.676
3069	35.603
3070	35.309
3071	34.397
3072	34.559
3073	35.074
3074	34.471
3075	35.309
3076	34.912
3077	35.853
3078	35.044
3079	36.309
3080	37
3081	37.779
3082	38.176
3083	37.941
3084	38.603
3085	39.618
3086	39.721
3087	39.368
3088	40.559
3089	39.706
3090	39.309
3091	39.309
3092	40.529
3093	39.294
3094	40.279
3095	39.074
3096	39.853
3097	39.368
3098	38.985
3099	38.632
3100	39.691
3101	37.809
3102	39.471
3103	37.912
3104	38.426
3105	38.868
3106	37.574
3107	39.559
3108	38.25
3109	37.809
3110	39.618
3111	38.912
3112	39.162
3113	38
3114	39.029
3115	38.809
3116	38.206
3117	39.338
3118	38.191
3119	38.015
3120	38.882
3121	38.632
3122	38.897
3123	38.265
3124	39.044
3125	39.456
3126	36.162
3127	38.559
3128	38.118
3129	36.353
3130	37.765
3131	38.118
3132	37.162
3133	38.368
3134	36.544
3135	37.779
3136	37.382
3137	37.382
3138	37.426
3139	37.206
3140	37.809
3141	36.147
3142	37.191
3143	38.015
3144	37.603
3145	36.338
3146	37.103
3147	36.015
3148	36.118
3149	35.838
3150	37.088
3151	36.941
3152	36.721
3153	36.456
3154	36.118
3155	35.897
3156	37.088
3157	37.147
3158	35.897
3159	37.265
3160	36.618
3161	35.926
3162	35.426
3163	35.647
3164	35.956
3165	35.838
3166	35.926
3167	37.132
3168	34.912
3169	37.029
3170	36.706
3171	35.147
3172	36.485
3173	35.5
3174	34.632
3175	35
3176	34.632
3177	35.897
3178	35.868
3179	35.618
3180	34.382
3181	35.647
3182	36.588
3183	35.515
3184	34.176
3185	34.824
3186	36.441
3187	35.426
3188	34.765
3189	35.662
3190	35.574
3191	34.765
3192	35.618
3193	34.882
3194	35.206
3195	35.721
3196	35.574
3197	35.147
3198	35.75
3199	35.176
3200	35.676
3201	34.941
3202	35.088
3203	34.485
3204	36.353
3205	34.956
3206	35.529
3207	35
3208	35.162
3209	35.529
3210	34.794
3211	34.412
3212	35.324
3213	35.059
3214	35.147
3215	35.824
3216	34.882
3217	35.75
3218	34.574
3219	34.809
3220	35.75
3221	34.397
3222	34.853
3223	35.294
3224	35
3225	35.691
3226	37
3227	35.368
3228	35.279
3229	35.632
3230	35.471
3231	33.809
3232	35.044
3233	35.206
3234	35.397
3235	35.676
3236	35.912
3237	35.324
3238	35
3239	34.588
3240	34.485
3241	34.456
3242	35.132
3243	33.926
3244	35.735
3245	35.471
3246	34.676
3247	33.809
3248	34.735
3249	34.294
3250	35.529
3251	35.147
3252	35.265
3253	35.059
3254	35.279
3255	34.809
3256	35.853
3257	35.574
3258	35.397
3259	34.75
3260	34.971
3261	35.132
3262	34.176
3263	34.265
3264	35.5
3265	35.691
3266	35.324
3267	35.191
3268	34.044
3269	34.603
3270	33.5
3271	34.456
3272	34.985
3273	34.618
3274	35.074
3275	34.441
3276	34.971
3277	35.324
3278	34.485
3279	34.603
3280	34.632
3281	33.882
3282	34.971
3283	35
3284	34.971
3285	34.559
3286	34.926
3287	35.059
3288	34.721
3289	35.706
3290	34.059
3291	35.015
3292	34.897
3293	34.544
3294	35.926
3295	34.559
3296	34.676
3297	34.176
3298	34.956
3299	34.662
3300	35.294
3301	34.765
3302	33.985
3303	34.397
3304	34.882
3305	34.338
3306	33.618
3307	35.338
3308	34.456
3309	34.794
3310	34.471
3311	35.956
3312	34.397
3313	34.765
3314	33.985
3315	34.588
3316	34.735
3317	34.588
3318	34.426
3319	34.044
3320	34.882
3321	35.471
3322	35.706
3323	34.074
3324	34.603
3325	35.338
3326	34.309
3327	35.456
3328	34.544
3329	33.544
3330	34.706
3331	34.603
3332	34.368
3333	34.647
3334	33.941
3335	34.368
3336	34.044
3337	33.735
3338	34.853
3339	33.265
3340	33.985
3341	34.853
3342	34.588
3343	34.206
3344	33.647
3345	34.941
3346	35.029
3347	34.088
3348	33.338
3349	35.294
3350	34.162
3351	34.691
3352	34.956
3353	34.529
3354	34.132
3355	35.25
3356	33.735
3357	34.941
3358	34.412
3359	34.132
3360	33.779
3361	34.765
3362	35.147
3363	35.074
3364	34.132
3365	35.118
3366	34.721
3367	34.897
3368	34.794
3369	34.441
3370	34.485
3371	34.515
3372	34.397
3373	34.382
3374	34.485
3375	34.853
3376	34.265
3377	34.353
3378	35.515
3379	34.897
3380	34.868
3381	34.868
3382	35.324
3383	33.912
3384	34.956
3385	33.706
3386	33.971
3387	33.25
3388	34.059
3389	34.897
3390	34.706
3391	34.515
3392	35.353
3393	34.676
3394	35.103
3395	34.309
3396	34.809
3397	35.412
3398	34.926
3399	35.176
3400	35.338
3401	34.088
3402	34.485
3403	34.559
3404	34.235
3405	34.279
3406	34.647
3407	35.441
3408	34.088
3409	35.074
3410	34.838
3411	34.574
3412	33.779
3413	34.662
3414	34.294
3415	35
3416	34.897
3417	34.309
3418	35.294
3419	34.221
3420	34.412
3421	34.603
3422	34.353
3423	36.279
3424	34.765
3425	34.706
3426	35.529
3427	35.647
3428	35.368
3429	37.044
3430	36.794
3431	37.544
3432	36.235
3433	38.074
3434	38.456
3435	38.029
3436	38.676
3437	39.221
3438	39.265
3439	38.588
3440	39.485
3441	40.265
3442	37.809
3443	39.162
3444	38.574
3445	39.588
3446	39.485
3447	39.471
3448	39.559
3449	38.971
3450	39.265
3451	38.015
3452	38.412
3453	38.691
3454	38.412
3455	38.985
3456	37.794
3457	38.529
3458	38.426
3459	39.176
3460	38.794
3461	38.809
3462	38.647
3463	39.176
3464	38.588
3465	39.044
3466	38.353
3467	40.088
3468	39.691
3469	38.662
3470	38.721
3471	38.912
3472	39.015
3473	38.882
3474	38.029
3475	38.485
3476	38
3477	38.912
3478	37.515
3479	37.176
3480	37.529
3481	36.941
3482	37.926
3483	37.721
3484	38.221
3485	37.721
3486	37.956
3487	37.647
3488	37.456
3489	36.676
3490	37.309
3491	36.765
3492	36.191
3493	36.765
3494	36.353
3495	36.309
3496	35.603
3497	36.397
3498	36.971
3499	36.191
3500	36.765
3501	36.618
3502	36.632
3503	36.382
3504	36
3505	35.632
3506	35.985
3507	35.618
3508	35.603
3509	36.515
3510	35.015
3511	36.044
3512	35.75
3513	36.206
3514	35.529
3515	35.75
3516	35.794
3517	35.868
3518	35.779
3519	35.147
3520	35.544
3521	34.721
3522	36.088
3523	34.941
3524	36.588
3525	35.279
3526	35.559
3527	35.971
3528	36.294
3529	35.118
3530	35.662
3531	36.132
3532	34.147
3533	34.941
3534	35.176
3535	33.853
3536	35.515
3537	35.368
3538	35.515
3539	34.985
3540	34.691
3541	34.603
3542	34.882
3543	34.956
3544	35.456
3545	34.353
3546	34.662
3547	34.338
3548	35.471
3549	34.574
3550	34.456
3551	35.176
3552	33.426
3553	34.162
3554	34.5
3555	34.324
3556	35.059
3557	34.5
3558	35.191
3559	35.382
3560	35.044
3561	34.721
3562	35.735
3563	33.882
3564	35.324
3565	35.426
3566	35.382
3567	35.441
3568	33.75
3569	35.471
3570	34.515
3571	34.632
3572	34.529
3573	35.103
3574	35.721
3575	34.059
3576	36.118
3577	33.721
3578	34.765
3579	34.765
3580	34.235
3581	34.574
3582	35.25
3583	34.559
3584	35.25
3585	35.706
3586	36.206
3587	35.529
3588	33.971
3589	34.838
3590	34.632
3591	34.441
3592	33.765
3593	34.838
3594	34.191
3595	34.618
3596	34.044
3597	33.044
3598	34.706
3599	34.353
3600	35.353
3601	34.221
3602	34.603
3603	33.897
3604	35.426
3605	34.338
3606	33.485
3607	35.015
3608	35.176
3609	34.588
3610	34.632
3611	34.765
3612	34.809
3613	35.25
3614	33.471
3615	34.603
3616	34.588
3617	34.279
3618	34.206
3619	35.221
3620	35.074
3621	35.368
3622	34.824
3623	34.691
3624	34.809
3625	34.912
3626	35.529
3627	35.368
3628	35.309
3629	34.574
3630	35.5
3631	33.529
3632	34.338
3633	35.074
3634	35.015
3635	35.926
3636	35.118
3637	34.074
3638	35.397
3639	34.765
3640	35.162
3641	33.985
3642	35.441
3643	35.647
3644	35.5
3645	34.824
3646	34.706
3647	34.103
3648	35.088
3649	35.088
3650	35.074
3651	34.691
3652	36
3653	35.088
3654	34.941
3655	34.779
3656	33.838
3657	34.132
3658	34.853
3659	34.353
3660	35.765
3661	35.368
3662	34.691
3663	34.956
3664	35.029
3665	35.353
3666	34.956
3667	35.471
3668	34.897
3669	34.676
3670	34.676
3671	34.647
3672	34.779
3673	35.103
3674	35.544
3675	34.471
3676	34.632
3677	35.353
3678	35.221
3679	34.853
3680	34.191
3681	34.5
3682	35.265
3683	35.132
3684	35.971
3685	34.824
3686	35.029
3687	34.338
3688	33.412
3689	34.926
3690	35.441
3691	34.544
3692	35.632
3693	34.324
3694	34.956
3695	34.897
3696	35.324
3697	35.632
3698	35.456
3699	34.706
3700	35.147
3701	35.015
3702	34.647
3703	34.853
3704	34.721
3705	34.426
3706	35.015
3707	34.309
3708	34.721
3709	34.971
3710	34.926
3711	34.676
3712	35.397
3713	35.618
3714	34.721
3715	33.779
3716	33.824
3717	35.338
3718	34.074
3719	34.912
3720	34.632
3721	33.588
3722	34.221
3723	34.191
3724	35.515
3725	34.897
3726	34.897
3727	34.544
3728	34.676
3729	33.971
3730	34.632
3731	34.706
3732	34.191
3733	35.265
3734	33.662
3735	34.544
3736	35.162
3737	35.956
3738	35.765
3739	35.559
3740	35.529
3741	35.809
3742	34.706
3743	33.176
3744	34.603
3745	34.441
3746	35.162
3747	35.059
3748	34.397
3749	34.206
3750	33.559
3751	34.868
3752	34.676
3753	34.353
3754	35.147
3755	35.029
3756	35.338
3757	35.574
3758	33.309
3759	34.706
3760	34.603
3761	35.765
3762	35.206
3763	34.838
3764	34.662
3765	35.574
3766	34.397
3767	34.338
3768	34.456
3769	33
3770	34.985
3771	34.206
3772	33.779
3773	33.779
3774	34.368
3775	35.044
3776	35.279
3777	37.235
3778	37.029
3779	36.603
3780	37.485
3781	39.382
3782	38.294
3783	39.338
3784	39.353
3785	38.941
3786	38.985
3787	37.779
3788	38.853
3789	39.059
3790	38.941
3791	38.941
3792	39.294
3793	38.941
3794	38.779
3795	39.529
3796	38.721
3797	39.397
3798	40.132
3799	39.132
3800	38.544
3801	38.853
3802	38.088
3803	38.103
3804	37.412
3805	37.132
3806	38.75
3807	37.059
3808	37.456
3809	37.412
3810	37.632
3811	37.662
3812	36.75
3813	36.956
3814	36.206
3815	36.838
3816	36.294
3817	37.426
3818	36.044
3819	36.809
3820	37.353
3821	35.853
3822	36.412
3823	35.544
3824	37.588
3825	35.294
3826	36.544
3827	36.515
3828	35.706
3829	34.868
3830	37.897
3831	35.868
3832	36.132
3833	36.132
3834	36.426
3835	35.882
3836	35.75
3837	36.074
3838	35.162
3839	34.603
3840	35.779
3841	35.765
3842	34.824
3843	35.779
3844	36.309
3845	35.912
3846	35.632
3847	35.721
3848	35.779
3849	36.029
3850	35.985
3851	35.765
3852	35.559
3853	35.279
3854	35.029
3855	36.147
3856	36.5
3857	35.074
3858	36.029
3859	36.221
3860	35.382
3861	35.544
3862	35.044
3863	36.074
3864	35.25
3865	34.912
3866	35.603
3867	35.074
3868	34.618
3869	34.765
3870	36.132
3871	35.353
3872	35.206
3873	35.147
3874	33.824
3875	35.235
3876	34.309
3877	35.603
3878	35.926
3879	35.426
3880	35.074
3881	34.794
3882	34.985
3883	34.926
3884	34.926
3885	34.118
3886	34.235
3887	35.088
3888	35.176
3889	35.662
3890	34.882
3891	35.75
3892	35.765
3893	35.515
3894	34.441
3895	36.074
3896	34.985
3897	36.382
3898	35.25
3899	35.412
3900	34.515
3901	35.221
3902	35.176
3903	36.059
3904	35.279
3905	35.956
3906	34.676
3907	34.25
3908	35.206
3909	34.559
3910	34.809
3911	34.397
3912	34.824
3913	33.647
3914	34.515
3915	34.985
3916	35.397
3917	34.971
3918	34.294
3919	34.941
3920	35.412
3921	34.559
3922	34.559
3923	34.779
3924	35.162
3925	35.603
3926	34.662
3927	35.118
3928	34.912
3929	35.559
3930	34.853
3931	34.426
3932	34.118
3933	34.824
3934	34.824
3935	34.603
3936	35.529
3937	34.603
3938	34.956
3939	34.574
3940	35.191
3941	34.309
3942	33.926
3943	34.779
3944	34.691
3945	34.397
3946	34.588
3947	34.471
3948	35.603
3949	35.221
3950	35.235
3951	34.456
3952	34.279
3953	34.368
3954	35.132
3955	34.324
3956	34.706
3957	34.515
3958	33.926
3959	34.941
3960	34.779
3961	35.618
3962	35.176
3963	34.456
3964	35.059
3965	33.794
3966	34.044
3967	35.294
3968	34.912
3969	35.147
3970	35.618
3971	35.324
3972	35.074
3973	35.75
3974	35.824
3975	34.691
3976	34.529
3977	35.074
3978	35.015
3979	34.191
3980	35.824
3981	35.691
3982	35.412
3983	33.971
3984	34.838
3985	34.176
3986	34.529
3987	35.147
3988	34.956
3989	34.956
3990	34.912
3991	35.176
3992	35.368
3993	34.382
3994	35.706
3995	33.691
3996	35.735
3997	34.574
3998	36.324
3999	34.397
4000	35.338
4001	34.941
4002	36.147
4003	35.191
4004	34.162
4005	34.971
4006	35.382
4007	34.706
4008	35.074
4009	35.588
4010	35
4011	36.118
4012	35.412
4013	35.382
4014	36.088
4015	35.618
4016	35.618
4017	34.926
4018	35.044
4019	34.603
4020	34.735
4021	34.838
4022	34.926
4023	35.147
4024	34.353
4025	34.735
4026	35.118
4027	36.074
4028	37.294
4029	37.765
4030	38.471
4031	39.221
4032	38.75
4033	37.544
4034	39.441
4035	38.618
4036	38.735
4037	39.618
4038	38.956
4039	39.132
4040	40.25
4041	40.191
4042	40.044
4043	39.544
4044	39.176
4045	38.544
4046	39.412
4047	39.338
4048	39.426
4049	39.441
4050	40.588
4051	39.706
4052	38.221
4053	38.559
4054	38.191
4055	38.206
4056	38.191
4057	38.118
4058	37.5
4059	37.294
4060	37.309
4061	36.794
4062	36.809
4063	36.647
4064	37.206
4065	37.588
4066	38.074
4067	35.809
4068	37.265
4069	36.574
4070	36.75
4071	37.235
4072	36.882
4073	37.515
4074	37.235
4075	38.309
4076	37.25
4077	37.471
4078	35.206
4079	35.721
4080	36.176
4081	36.735
4082	36.309
4083	36.779
4084	35.75
4085	36.059
4086	37.147
4087	35.559
4088	35.809
4089	36.824
4090	36.029
4091	35.897
4092	36.559
4093	35.485
4094	36.426
4095	35.691
4096	36.147
4097	35.721
4098	35.426
4099	36.25
4100	35.676
4101	35.809
4102	35.162
4103	34.882
4104	35.735
4105	35.882
4106	35.985
4107	35.221
4108	36.044
4109	34.691
4110	35.75
4111	35.515
4112	35.294
4113	34.971
4114	35
4115	35.441
4116	35.456
4117	36.265
4118	34.868
4119	34.765
4120	34.882
4121	34.206
4122	34.279
4123	35.75
4124	35.868
4125	36.235
4126	36.706
4127	36.706
4128	36.824
4129	36.897
4130	38.529
4131	37.956
4132	39.044
4133	38.25
4134	38.588
4135	38.603
4136	39.441
4137	39.985
4138	39.574
4139	39.235
4140	38.75
4141	38.029
4142	38.765
4143	38.456
4144	38.338
4145	38.044
4146	38.456
4147	38.162
4148	37.853
4149	37.809
4150	37.074
4151	38.412
4152	37.809
4153	38.824
4154	38.397
4155	36.5
4156	37.544
4157	37.926
4158	37.397
4159	35.838
4160	36.309
4161	36.559
4162	37.868
4163	36.559
4164	36.794
4165	36.515
4166	36.632
4167	35.956
4168	36.809
4169	36.118
4170	35.853
4171	35.426
4172	36.191
4173	35.632
4174	35.397
4175	35.941
4176	35.618
4177	35.294
4178	34.618
4179	34.132
4180	35.5
4181	35.382
4182	34.971
4183	35.353
4184	34.662
4185	34.824
4186	35.088
4187	34.926
4188	34.485
4189	35.397
4190	35.574
4191	35.853
4192	35.441
4193	36.706
4194	35.059
4195	34.618
4196	34.603
4197	34.074
4198	35.853
4199	35.176
4200	35.265
4201	35.662
4202	34.412
4203	34.721
4204	35.559
4205	35.338
4206	34.765
4207	35.029
4208	35.338
4209	35.059
4210	35.853
4211	34.25
4212	35.074
4213	33.382
4214	35.941
4215	35.118
4216	35.074
4217	34.529
4218	35.559
4219	34.662
4220	35
4221	35.044
4222	35.074
4223	35.456
4224	34.691
4225	35.618
4226	36.103
4227	34.544
4228	35.176
4229	35.397
4230	34.324
4231	34.926
4232	35.324
4233	35.485
4234	35.029
4235	35.662
4236	35
4237	35.397
4238	35.206
4239	34.971
4240	35.309
4241	34.794
4242	34.5
4243	35.529
4244	36.132
4245	35.074
4246	35.206
4247	34.794
4248	35.412
4249	35.632
4250	35.191
4251	35.265
4252	35.662
4253	34.676
4254	35.382
4255	34.382
4256	34.897
4257	34.647
4258	34.926
4259	33.603
4260	34.132
4261	34.618
4262	33.956
4263	33.5
4264	33.574
4265	34.603
4266	33.75
4267	34.544
4268	34.765
4269	34.809
4270	35.368
4271	34.618
4272	34.338
4273	34.309
4274	34.382
4275	35.147
4276	36.059
4277	35.691
4278	36.235
4279	34.794
4280	35.044
4281	36.25
4282	35.118
4283	34.265
4284	35.265
4285	34.809
4286	35.103
4287	34.985
4288	35.162
4289	35.632
4290	34.485
4291	35.721
4292	35.75
4293	34.015
4294	35.309
4295	34.221
4296	34.676
4297	35.029
4298	34.868
4299	34.441
4300	35.309
4301	35.309
4302	35.529
4303	34.515
4304	34.338
4305	35.544
4306	35.353
4307	34.103
4308	35.25
4309	35.632
4310	34.735
4311	35.324
4312	35.382
4313	34.853
4314	35.176
4315	34.118
4316	34.603
4317	34.279
4318	34.294
4319	35.632
4320	35.206
4321	35.103
4322	34.912
4323	34.191
4324	35.559
4325	34.471
4326	34.162
4327	34.206
4328	33.809
4329	34.868
4330	33.382
4331	34.824
4332	34.882
4333	34.338
4334	34.794
4335	35.059
4336	34.426
4337	35.471
4338	35.368
4339	34.912
4340	35.029
4341	34.044
4342	34.603
4343	34.559
4344	34.544
4345	35.735
4346	35.015
4347	34.176
4348	34.735
4349	34.868
4350	34.809
4351	34.279
4352	34.397
4353	34.794
4354	34.324
4355	35.618
4356	33.559
4357	35.309
4358	34.985
4359	35.309
4360	35.338
4361	34.441
4362	34.441
4363	34.103
4364	34.765
4365	35.015
4366	34.985
4367	35.471
4368	34.868
4369	33.426
4370	34.912
4371	34.676
4372	34.971
4373	34.779
4374	33.632
4375	34.956
4376	33.765
4377	33.324
4378	35.926
4379	35.676
4380	34.912
4381	34.676
4382	34.574
4383	33.838
4384	34.794
4385	34.147
4386	34.471
4387	34.074
4388	34.221
4389	34.221
4390	34.853
4391	34.691
4392	35.926
4393	34.941
4394	34.691
4395	34.397
4396	34.529
4397	33.882
4398	34.206
4399	34.632
4400	35.353
4401	34.338
4402	34.926
4403	34.588
4404	34.853
4405	34.147
4406	34.588
4407	33.824
4408	34.103
4409	33.397
4410	34.191
4411	34.5
4412	34.265
4413	33.529
4414	34.485
4415	33.971
4416	34.559
4417	34.809
4418	34.412
4419	34.235
4420	35.397
4421	34.647
4422	34.294
4423	35.441
4424	34.324
4425	35.176
4426	33.441
4427	35.118
4428	34.029
4429	34.324
4430	34.529
4431	34.368
4432	34.926
4433	33.691
4434	33.912
4435	33.941
4436	34.926
4437	33.721
4438	34.118
4439	34.368
4440	35.353
4441	33.544
4442	34.074
4443	34.044
4444	35.235
4445	34.559
4446	35.015
4447	33.206
4448	34.559
4449	34.588
4450	34.338
4451	33.985
4452	34.853
4453	34.25
4454	35.015
4455	34.779
4456	34.809
4457	35.132
4458	33.25
4459	35.338
4460	34.132
4461	34.059
4462	34.412
4463	35.176
4464	36.809
4465	36.132
4466	37.529
4467	36.985
4468	38.118
4469	38.603
4470	38.162
4471	39
4472	38.5
4473	38.574
4474	37.765
4475	38.926
4476	38.721
4477	38.544
4478	38.25
4479	38.147
4480	39.265
4481	38.294
4482	37.956
4483	37.176
4484	37.132
4485	37.809
4486	37.074
4487	37.647
4488	38.912
4489	36.853
4490	36.853
4491	37.265
4492	37.529
4493	36.397
4494	37.338
4495	37
4496	36.868
4497	36.735
4498	35.294
4499	36.309
4500	36.897
4501	36.088
4502	36.868
4503	36.441
4504	35.235
4505	35.838
4506	36.721
4507	36.515
4508	37.118
4509	36.176
4510	36.088
4511	35.838
4512	36.721
4513	37.294
4514	36.015
4515	35.956
4516	36.779
4517	36.235
4518	36.956
4519	35.221
4520	35.426
4521	36.118
4522	36.824
4523	35.985
4524	36.515
4525	35.691
4526	37.132
4527	35.294
4528	35.632
4529	35.632
4530	36.162
4531	35
4532	35.294
4533	35.353
4534	34.647
4535	35.279
4536	34.103
4537	33.985
4538	35.074
4539	35.426
4540	35.338
4541	35.779
4542	35.118
4543	35.132
4544	36.426
4545	35.794
4546	36
4547	35.103
4548	36.147
4549	35.721
4550	35.088
4551	34.471
4552	35.706
4553	34.882
4554	35.132
4555	34.309
4556	34.162
4557	35.162
4558	34.912
4559	35.221
4560	35.088
4561	35.794
4562	34.382
4563	35.632
4564	34.809
4565	34.706
4566	34.691
4567	35.456
4568	35.5
4569	35.309
4570	35.353
4571	34.882
4572	34.809
4573	34.824
4574	34.088
4575	35.574
4576	34.324
4577	33.779
4578	34.809
4579	35.294
4580	34.426
4581	34.353
4582	34.029
4583	35.132
4584	34.162
4585	35.441
4586	34.941
4587	34.456
4588	33.912
4589	34.559
4590	34.838
4591	34
4592	34.765
4593	33.882
4594	34.529
4595	35.324
4596	34.838
4597	34.691
4598	35.059
4599	34.162
4600	34.456
4601	34.897
4602	34.559
4603	34.853
4604	34.162
4605	34.75
4606	33.735
4607	35.118
4608	35.279
4609	34.559
4610	34.559
4611	34.735
4612	35.279
4613	34.721
4614	34.971
4615	34.221
4616	34.118
4617	34.162
4618	34.794
4619	35.088
4620	35.132
4621	34.926
4622	33.75
4623	34.412
4624	33.338
4625	34.176
4626	33.971
4627	33.574
4628	34.5
4629	34.765
4630	34.603
4631	34.897
4632	33.721
4633	34.368
4634	34.838
4635	34.191
4636	34.25
4637	33.588
4638	34.956
4639	34.294
4640	34.809
4641	34.279
4642	34.853
4643	34.809
4644	34.559
4645	34.971
4646	35.515
4647	34.132
4648	34.868
4649	34.574
4650	34.691
4651	34.515
4652	34.206
4653	33.412
4654	35
4655	34.985
4656	33.721
4657	34.5
4658	34.353
4659	34.471
4660	35.559
4661	34.485
4662	35.588
4663	34.75
4664	34.235
4665	34.897
4666	34.25
4667	35.25
4668	34.618
4669	33.985
4670	34.912
4671	35.088
4672	34.368
4673	34.441
4674	35.029
4675	35.382
4676	34.662
4677	33.956
4678	34.471
4679	34.985
4680	34.015
4681	34.765
4682	34.706
4683	35.235
4684	36.426
4685	35.441
4686	35.632
4687	35.088
4688	35.809
4689	34.662
4690	34.382
4691	33.809
4692	33.294
4693	34.662
4694	34.618
4695	32.971
4696	34.544
4697	35.441
4698	34.647
4699	34.985
4700	35.029
4701	34.044
4702	34.647
4703	34.103
4704	34.882
4705	34.426
4706	34.632
4707	35.603
4708	35.676
4709	34.588
4710	34.191
4711	35.044
4712	34.324
4713	35.544
4714	35.147
4715	34.426
4716	34.853
4717	33.485
4718	34.132
4719	34.25
4720	34.235
4721	34.25
4722	34.618
4723	34.647
4724	34
4725	34.779
4726	34.25
4727	34.147
4728	34.324
4729	35.074
4730	35.044
4731	34.824
4732	36.147
4733	36.5
4734	37.397
4735	36.853
4736	37.103
4737	38.515
4738	37.515
4739	38.191
4740	39.368
4741	39.044
4742	38.794
4743	38.721
4744	39.809
4745	38.25
4746	37.838
4747	38.529
4748	38.985
4749	38.235
4750	38
4751	38.868
4752	38.426
4753	38.103
4754	38.765
4755	38.853
4756	38.485
4757	37.809
4758	37.912
4759	37.132
4760	36.985
4761	38.574
4762	37.426
4763	38.897
4764	36.735
4765	37
4766	37.941
4767	35.765
4768	36.706
4769	36.971
4770	36.118
4771	37.059
4772	36.985
4773	36.75
4774	35.926
4775	37.324
4776	36.426
4777	36.103
4778	36.132
4779	35.618
4780	35.426
4781	36.838
4782	35.897
4783	36.353
4784	35.809
4785	35.765
4786	35.529
4787	36.176
4788	36.618
4789	35.75
4790	35.176
4791	35.515
4792	35.412
4793	36.397
4794	36.544
4795	35.794
4796	35.985
4797	35.941
4798	36.191
4799	35.838
4800	36.162
4801	34.765
4802	35.471
4803	35.471
4804	35.706
4805	35.765
4806	35.662
4807	35.853
4808	35.324
4809	36.338
4810	36.103
4811	36.471
4812	37.382
4813	36.5
4814	38.647
4815	38.059
4816	38.529
4817	37.529
4818	38.603
4819	37.676
4820	38.779
4821	38.926
4822	38.544
4823	37.676
4824	38.279
4825	38.176
4826	38.059
4827	37.853
4828	38.059
4829	38
4830	36.838
4831	37.912
4832	37.103
4833	36.618
4834	37.029
4835	37.735
4836	36.868
4837	36.809
4838	36.676
4839	35.941
4840	36.868
4841	37.824
4842	36.809
4843	36.868
4844	36.838
4845	36.809
4846	36.221
4847	36.147
4848	35.868
4849	36.618
4850	36.485
4851	35.897
4852	37.162
4853	36.912
4854	36.309
4855	35.941
4856	35.956
4857	36.426
4858	35.691
4859	35.265
4860	35.25
4861	34.882
4862	35.029
4863	35.103
4864	35.118
4865	35.647
4866	34.515
4867	35.691
4868	36.75
4869	35.5
4870	36.059
4871	35.559
4872	35.015
4873	35.279
4874	35.279
4875	34.912
4876	35.868
4877	36.191
4878	36.221
4879	35.985
4880	35.029
4881	35
4882	34.544
4883	34.853
4884	35.5
4885	35.412
4886	35.294
4887	35.235
4888	35.132
4889	36.191
4890	34.735
4891	35.044
4892	34.426
4893	34.691
4894	35.588
4895	34.574
4896	34.853
4897	35.221
4898	35.324
4899	34.647
4900	35.691
4901	35.279
4902	34.382
4903	34.103
4904	35.294
4905	34.088
4906	34.471
4907	34.779
4908	34.221
4909	34.426
4910	34.676
4911	34.735
4912	34.721
4913	34.221
4914	34.426
4915	35
4916	34.515
4917	33.912
4918	34.118
4919	34.015
4920	33.868
4921	34.691
4922	34.426
4923	34.206
4924	34.632
4925	34.279
4926	34.735
4927	34.647
4928	34.206
4929	34.044
4930	33.588
4931	34.206
4932	35.412
4933	34.676
4934	34.794
4935	34.382
4936	35.279
4937	34.559
4938	34.368
4939	34.662
4940	34.676
4941	33.75
4942	34.206
4943	33.838
4944	35.132
4945	34.985
4946	34.941
4947	34.132
4948	34.5
4949	33.706
4950	34.132
4951	34.529
4952	34.941
4953	34.324
4954	34.456
4955	34.191
4956	35.559
4957	34.353
4958	34.676
4959	34.25
4960	35.191
4961	34.426
4962	35.059
4963	35.162
4964	34.941
4965	34.426
4966	34.471
4967	35.882
4968	33.5
4969	34.75
4970	33.5
4971	34.382
4972	35.279
4973	33.485
4974	34.691
4975	33.912
4976	33.676
4977	34.191
4978	33.985
4979	34.618
4980	34.647
4981	34.132
4982	34.691
4983	33.691
4984	34.971
4985	33.412
4986	34.544
4987	33.912
4988	34.5
4989	34.912
4990	34.441
4991	33.721
4992	34.882
4993	34.279
4994	34.353
4995	34.559
4996	34.559
4997	35.706
4998	35.382
4999	34.324
5000	34.221
5001	34.721
5002	34.897
5003	35.309
5004	34.015
5005	34.309
5006	34.235
5007	33.574
5008	34.324
5009	32.985
5010	34.5
5011	34.118
5012	34
5013	34.794
5014	34.103
5015	33.956
5016	34.397
5017	33.529
5018	34.485
5019	33.676
5020	34.574
5021	34.485
5022	34.853
5023	34.103
5024	34.824
5025	35.794
5026	35.926
5027	37.294
5028	36.426
5029	37.324
5030	37.735
5031	37.691
5032	39.206
5033	38.912
5034	38.5
5035	39.265
5036	39.015
5037	38.838
5038	37.426
5039	38.103
5040	38.015
5041	38.412
5042	38.706
5043	37.824
5044	38.735
5045	38.324
5046	37.368
5047	37.426
5048	37.397
5049	38.397
5050	38.221
5051	37.647
5052	38.471
5053	37.162
5054	37.309
5055	35.544
5056	36.779
5057	37.015
5058	36.926
5059	35.735
5060	35.559
5061	35.647
5062	35.059
5063	36.015
5064	36.574
5065	35.853
5066	35.662
5067	35.603
5068	35.574
5069	36.765
5070	35.779
5071	35.191
5072	36.279
5073	33.853
5074	34.971
5075	34.485
5076	36.103
5077	35.882
5078	36.456
5079	34.985
5080	35.044
5081	35.029
5082	35.309
5083	35.088
5084	36.382
5085	34.765
5086	34.632
5087	34.662
5088	35.074
5089	35.279
5090	34.838
5091	34.985
5092	35.368
5093	35.529
5094	34.5
5095	34.676
5096	35.191
5097	34.985
5098	35.029
5099	34.706
5100	34.235
5101	34.368
5102	34.691
5103	35.088
5104	34.721
5105	34.515
5106	34.103
5107	35.015
5108	35.368
5109	34.191
5110	34.676
5111	34.691
5112	34.412
5113	34.662
5114	35.353
5115	34.382
5116	34.809
5117	32.985
5118	33.132
5119	33.971
5120	34.809
5121	34.75
5122	34.662
5123	34.162
5124	34.956
5125	34.941
5126	34.426
5127	33.676
5128	33.985
5129	33
5130	34.456
5131	34.456
5132	34.603
5133	35.029
5134	34.559
5135	32.941
5136	33.985
5137	34.191
5138	34.809
5139	33.985
5140	32.809
5141	34.868
5142	34.544
5143	34.029
5144	34.397
5145	34.294
5146	35.221
5147	34.471
5148	35.368
5149	34.588
5150	35.529
5151	34.221
5152	34.235
5153	33.721
5154	33.029
5155	33.441
5156	34.279
5157	34.456
5158	33.897
5159	34.353
5160	35.206
5161	35.956
5162	35.412
5163	36.279
5164	37.206
5165	35.471
5166	37.132
5167	36.882
5168	38.574
5169	36.838
5170	38.309
5171	37.118
5172	38.368
5173	37.662
5174	38.265
5175	36.853
5176	37.721
5177	37.338
5178	37.868
5179	38.647
5180	36.868
5181	37.676
5182	36.338
5183	36.897
5184	35.956
5185	36.779
5186	37.029
5187	37.574
5188	36.132
5189	34.926
5190	36.279
5191	36.147
5192	36.485
5193	36.162
5194	35.309
5195	36.176
5196	37.235
5197	35.412
5198	35.397
5199	34.735
5200	35.779
5201	35.426
5202	35.309
5203	35.529
5204	34.882
5205	35.544
5206	35.765
5207	34.882
5208	35.132
5209	34.721
5210	35.206
5211	35.368
5212	35.897
5213	34.5
5214	35.75
5215	33.956
5216	33.971
5217	34.721
5218	34.721
5219	35.456
5220	33.956
5221	33.809
5222	32.926
5223	34.147
5224	34.471
5225	34.103
5226	34.368
5227	33.676
5228	35.485
5229	35.162
5230	35.044
5231	33.75
5232	34.941
5233	34.397
5234	34.75
5235	34.441
5236	35.132
5237	33.485
5238	34.676
5239	33.75
5240	33.338
5241	33.412
5242	34.103
5243	34.221
5244	34.618
5245	34.309
