1	29.571
2	29.814
3	30.586
4	30.914
5	31.4
6	31.429
7	31.629
8	32.943
9	32.886
10	34.243
11	34.929
12	37.114
13	36.686
14	37.543
15	36.814
16	38.286
17	38.8
18	39.1
19	38.871
20	38.743
21	39.829
22	39.414
23	38.7
24	39.529
25	38.457
26	39
27	38.514
28	38.357
29	38.271
30	38.357
31	38.671
32	37.214
33	37.386
34	37.2
35	36.357
36	37.257
37	36.343
38	37.914
39	36.143
40	36.586
41	37.086
42	36.529
43	35.629
44	35.329
45	36.114
46	36.829
47	34.643
48	35.729
49	35.071
50	35.571
51	34.9
52	35.057
53	34.686
54	34.414
55	34.5
56	33.671
57	33.814
58	34.986
59	33.986
60	34.114
61	33.929
62	34.243
63	33.271
64	32.686
65	32.843
66	34.057
67	32.7
68	32.714
69	32.686
70	32.557
71	31.714
72	32.443
73	32.514
74	32.929
75	31.657
76	33.286
77	33.357
78	32.286
79	33.357
80	32.4
81	31.757
82	32.729
83	31.971
84	33.057
85	33.186
86	32
87	32.6
88	32.314
89	32.886
90	32.014
91	31.971
92	31.571
93	31.786
94	32.414
95	31.529
96	30.657
97	31.729
98	31.957
99	32.3
100	31.643
101	32.086
102	31.529
103	31.1
104	32.214
105	31.614
106	32.157
107	31.771
108	31.614
109	32
110	31.214
111	31.371
112	30.8
113	31.586
114	32.357
115	30.7
116	30.671
117	30.357
118	30.386
119	30.443
120	31.371
121	30.343
122	31.029
123	31.5
124	31.229
125	30.929
126	31.286
127	30.886
128	31.157
129	31.071
130	30.743
131	30.786
132	31.014
133	31.4
134	30.529
135	30.157
136	30.843
137	30.243
138	31.143
139	30.843
140	30.543
141	30.986
142	30.714
143	30.4
144	31.471
145	30.143
146	30.3
147	30.643
148	30.886
149	30.9
150	31.514
151	30.286
152	30.529
153	29.471
154	30.657
155	30.771
156	31.057
157	31.014
158	31.386
159	30.471
160	29.929
161	30.814
162	30.943
163	30.971
164	29.729
165	30.386
166	30.629
167	30.457
168	30.457
169	30.6
170	29.857
171	30.314
172	30.986
173	30.243
174	30.4
175	30.671
176	31.143
177	30.986
178	31.357
179	30.814
180	31.414
181	29.143
182	30.629
183	30.786
184	31.143
185	31.043
186	32.757
187	34.871
188	34.986
189	35.686
190	35.686
191	37.6
192	37.886
193	37.671
194	38.3
195	38.429
196	38.6
197	38.857
198	39.271
199	38.014
200	38.657
201	37.871
202	38.471
203	37.557
204	38.2
205	38.514
206	38.086
207	37.486
208	38.429
209	38.229
210	38.171
211	38.171
212	37.943
213	37.457
214	37.586
215	36.457
216	36.1
217	36.671
218	36.286
219	36.857
220	36.357
221	36.429
222	35.571
223	35.4
224	35.829
225	35.586
226	34.314
227	35
228	35.157
229	34.529
230	34.871
231	34.657
232	33.886
233	34.4
234	34.614
235	34.286
236	33.286
237	33.586
238	35.129
239	34.686
240	34.186
241	33.314
242	33.671
243	34.686
244	34.329
245	33.4
246	33.4
247	33.657
248	33.871
249	33.057
250	32.943
251	32.914
252	33.429
253	32.114
254	32.014
255	33.3
256	32.743
257	32.686
258	33.143
259	32.743
260	32.557
261	32.386
262	32.514
263	32.329
264	33.8
265	32.643
266	32.157
267	33.043
268	31.986
269	32.771
270	32.543
271	31.986
272	33.114
273	31.871
274	30.857
275	31.557
276	31.586
277	32.157
278	32.743
279	31.557
280	32.243
281	31.857
282	31.943
283	31.614
284	30.986
285	31.971
286	31.129
287	31.014
288	32.343
289	31.929
290	31.486
291	31.7
292	32.286
293	31.771
294	31.271
295	30.7
296	30.871
297	32.229
298	31.114
299	30.514
300	30.614
301	31.771
302	31.214
303	30.971
304	32.157
305	31.086
306	30.957
307	29.929
308	30.814
309	31.457
310	31.329
311	31.114
312	31.229
313	30.943
314	31.371
315	30.686
316	31.186
317	30.3
318	31.371
319	30.786
320	31.057
321	30.771
322	30.6
323	30.014
324	30.3
325	31.443
326	30.286
327	29.814
328	30.543
329	31.243
330	30.457
331	30.343
332	30.329
333	31.429
334	30.514
335	31.643
336	30.414
337	31.086
338	30.529
339	31.114
340	30.686
341	30.443
342	30.714
343	29.986
344	30.029
345	31.357
346	30.486
347	30.329
348	30.143
349	30.814
350	30.457
351	31.086
352	30.886
353	30.757
354	30.929
355	30.429
356	30.486
357	30.643
358	30.814
359	30.329
360	30.471
361	30.8
362	30.5
363	30.5
364	30.857
365	30.829
366	31.6
367	30
368	29.886
369	31.371
370	30.686
371	30.514
372	30.386
373	30.786
374	30.686
375	30.6
376	30.057
377	30.714
378	32.114
379	30.957
380	30.629
381	30.657
382	30.557
383	30.914
384	29.871
385	29.971
386	31.571
387	30.086
388	29.871
389	28.943
390	30.043
391	30.871
392	30.8
393	31
394	30.457
395	30.357
396	29.871
397	30.8
398	29.257
399	30.014
400	30.771
401	29.871
402	29.786
403	30.671
404	30.114
405	30.471
406	30.357
407	30.4
408	29.886
409	29.871
410	30.286
411	29.714
412	29.357
413	30.129
414	30.8
415	30.357
416	29.886
417	28.871
418	30.243
419	30.471
420	30.314
421	29.9
422	30.929
423	29.486
424	29.357
425	30.1
426	30
427	30.057
428	30.671
429	30.657
430	29.886
431	29.529
432	30.3
433	30.671
434	30.029
435	30.443
436	30.471
437	30.671
438	29.943
439	30.086
440	29.9
441	30.529
442	29.743
443	30.543
444	29.586
445	30.343
446	29.729
447	29.457
448	29.557
449	30.214
450	31.229
451	29.843
452	30.143
453	30.057
454	30.229
455	29.757
456	30.014
457	30.071
458	30.186
459	29.8
460	29.814
461	29.386
462	29.9
463	30.414
464	30.386
465	29.929
466	29.614
467	29.957
468	30
469	30.071
470	29.571
471	30.157
472	29.829
473	30.457
474	30.086
475	30.7
476	29.257
477	30.071
478	30.529
479	30.3
480	29.657
481	29.957
482	29.629
483	30.471
484	30.2
485	29.171
486	30.514
487	29.814
488	30.071
489	30.057
490	30.357
491	28.943
492	29.414
493	29.886
494	31.014
495	30.329
496	29.6
497	30.243
498	30.414
499	31.171
500	29.714
501	29.729
502	30.457
503	30.429
504	31.414
505	29.814
506	30.729
507	30.229
508	30.543
509	29.5
510	29.986
511	30.443
512	31.014
513	29.729
514	29.914
515	30.043
516	30.171
517	29.9
518	29.1
519	29.671
520	30.357
521	29.729
522	30.186
523	30.257
524	30.229
525	30.657
526	29.386
527	29.314
528	30.614
529	29.114
530	30.4
531	28.857
532	30.4
533	29.457
534	30.114
535	29.6
536	30.157
537	31.1
538	30.6
539	29.986
540	30.243
541	30.414
542	29.643
543	31.543
544	30
545	29.543
546	30.957
547	30.257
548	29.086
549	30.357
550	29.843
551	30.514
552	29.7
553	30.043
554	29.286
555	30
556	30.171
557	29.714
558	30.371
559	29.229
560	29.014
561	30.286
562	30.243
563	30.029
564	30.8
565	30.357
566	30.229
567	29.186
568	29.871
569	29.414
570	29.929
571	30.057
572	30.6
573	30.571
574	29.486
575	30.2
576	30.171
577	30.086
578	29.786
579	29.629
580	30.029
581	30.757
582	29.543
583	29.6
584	30.114
585	30.886
586	30.729
587	30.1
588	30.057
589	30.971
590	30.257
591	29.4
592	30.529
593	29.557
594	30.543
595	30.214
596	30.629
597	30.771
598	29.871
599	29.114
600	30.586
601	29.429
602	30.1
603	29.843
604	29.571
605	29.757
606	30.271
607	29.186
608	30.186
609	30.586
610	29.5
611	30.714
612	30.171
613	31
614	29.714
615	30.171
616	30.357
617	30.329
618	30.914
619	30.271
620	29.3
621	30.014
622	30.943
623	31.014
624	32.143
625	33.529
626	32.771
627	34.071
628	35.014
629	35.543
630	36.686
631	36.414
632	37.643
633	37.243
634	38.2
635	38.029
636	38.314
637	38.157
638	38.386
639	39.5
640	39.029
641	37.771
642	37.9
643	37.557
644	38.886
645	37.843
646	38.043
647	36.929
648	37.971
649	36.557
650	37.457
651	36.657
652	36.543
653	36.757
654	35.3
655	35.4
656	35.9
657	35.686
658	35.286
659	35.429
660	36.486
661	35.071
662	35.1
663	35.086
664	35.186
665	33.814
666	34.471
667	34.129
668	34.071
669	34.886
670	34.743
671	34.414
672	34.286
673	34.171
674	34.443
675	34.314
676	33.214
677	34.314
678	33.2
679	33.314
680	33.771
681	33.6
682	34.071
683	33.943
684	32.729
685	32.743
686	32.471
687	32.714
688	32.043
689	32.529
690	31.743
691	32.971
692	33.071
693	31.971
694	32.9
695	31.114
696	31.843
697	32.443
698	32.714
699	31.843
700	31.957
701	31.843
702	31.643
703	32.057
704	31.371
705	31.486
706	31.957
707	30.414
708	31.157
709	31.529
710	31.357
711	31.4
712	31.057
713	31.043
714	31.871
715	31.114
716	30.329
717	31.357
718	29.686
719	29.914
720	31.171
721	31.414
722	31.786
723	30.057
724	31.286
725	30.671
726	31.343
727	30.643
728	31.971
729	30.857
730	31.429
731	32.286
732	30.571
733	30.9
734	31.114
735	30.929
736	31.157
737	31.214
738	30.529
739	30.743
740	31.957
741	30.757
742	30.229
743	30.743
744	30.614
745	30.657
746	30.571
747	30.771
748	30.4
749	30.914
750	31.029
751	29.757
752	29.9
753	30.657
754	30.257
755	29.686
756	31.171
757	30.129
758	30.829
759	30.057
760	30.043
761	28.543
762	30.729
763	30
764	29.9
765	29.857
766	29.929
767	30.086
768	29.8
769	30.9
770	30.257
771	30.243
772	29.886
773	30.357
774	29.871
775	30.629
776	30.171
777	30.157
778	29.257
779	30.886
780	30.9
781	29.643
782	30.429
783	30.171
784	30.171
785	30.429
786	29.643
787	30.7
788	29.543
789	30.271
790	30.614
791	29.586
792	29.443
793	30.514
794	30.143
795	30.314
796	29.8
797	30.771
798	30.443
799	30.943
800	29.986
801	30.1
802	31
803	29.829
804	31.1
805	29.257
806	29.686
807	30.171
808	30.986
809	31.014
810	30.143
811	30.657
812	29.786
813	30.3
814	30.029
815	29.171
816	30.5
817	29.6
818	31.029
819	30.871
820	30.157
821	31.114
822	30.014
823	29.914
824	30.557
825	30.757
826	30.329
827	29.943
828	30.714
829	30.5
830	29.714
831	31.157
832	31.2
833	29.9
834	29.557
835	30.386
836	29.657
837	30.629
838	29.543
839	29.643
840	29.386
841	29.443
842	29.443
843	28.843
844	30.471
845	29.729
846	29.643
847	29.786
848	29.329
849	30.271
850	29.914
851	30.443
852	30.271
853	30.457
854	29.029
855	29.829
856	29.514
857	29.729
858	29.829
859	29.343
860	30.071
861	30.129
862	29.7
863	30.457
864	29.986
865	29.943
866	30.243
867	28.986
868	30.357
869	30.243
870	30.129
871	30.043
872	29.5
873	29.471
874	30.171
875	29.6
876	30.343
877	29.114
878	29.343
879	29.771
880	29.986
881	30
882	29.471
883	29.729
884	29.7
885	29.943
886	30.371
887	30.429
888	29.157
889	29.2
890	30.771
891	29.971
892	29.986
893	29.014
894	29.8
895	30.129
896	30.314
897	30.071
898	30.1
899	29.3
900	29.186
901	30.014
902	28.7
903	30
904	29.686
905	29.9
906	30.014
907	29.171
908	29.971
909	30.143
910	29.929
911	29.4
912	30.371
913	30.014
914	29.757
915	29.857
916	29.7
917	30.129
918	29.143
919	29.629
920	31.043
921	29.971
922	29.3
923	29.757
924	30.157
925	29.371
926	29.343
927	29.857
928	29.429
929	30.129
930	30.143
931	29.357
932	28.9
933	29.729
934	28.9
935	29.943
936	29.657
937	30.114
938	29.8
939	29.543
940	30.314
941	28.714
942	30.771
943	29.557
944	29.929
945	29.743
946	29.414
947	30.143
948	29.871
949	29.529
950	30.271
951	29.043
952	30.514
953	30.457
954	29.043
955	29.957
956	30.257
957	29.914
958	30.171
959	30.243
960	30.471
961	30.2
962	29.357
963	29.243
964	30.086
965	29.671
966	29.286
967	29.957
968	29.929
969	28.986
970	30.129
971	29.3
972	28.714
973	28.986
974	30.286
975	30.357
976	30.271
977	30.871
978	29.457
979	29.557
980	29.543
981	30.329
982	29.314
983	30.214
984	29.6
985	30.529
986	30.171
987	29.9
988	30.057
989	30.143
990	30.229
991	29.5
992	29.843
993	29.757
994	30.914
995	30.386
996	30.914
997	29.871
998	29.3
999	29.943
1000	29.843
1001	29.729
1002	29.7
1003	30.514
1004	29.843
1005	29.871
1006	30.143
1007	29.857
1008	29.5
1009	29
1010	29.514
1011	30.629
1012	30.157
1013	29.486
1014	29.314
1015	29.586
1016	29.786
1017	29.114
1018	29.071
1019	28.957
1020	29.329
1021	29.557
1022	29.643
1023	30.629
1024	29.314
1025	29.686
1026	29.586
1027	29.743
1028	30.129
1029	30.414
1030	30.6
1031	29.657
1032	29.271
1033	29.743
1034	28.843
1035	29.843
1036	29.129
1037	29.6
1038	29.9
1039	31.243
1040	32.5
1041	34.114
1042	34.329
1043	34.257
1044	35.014
1045	35.929
1046	36.029
1047	36.014
1048	36.757
1049	36.943
1050	37.943
1051	38.229
1052	37.314
1053	38.529
1054	37.3
1055	37.871
1056	37.871
1057	37.914
1058	37.386
1059	37.429
1060	36.829
1061	36.571
1062	36.114
1063	37.514
1064	37.5
1065	36.829
1066	35.971
1067	36.586
1068	35.843
1069	36.814
1070	36
1071	36.171
1072	35.743
1073	35.557
1074	35.5
1075	35.786
1076	34.343
1077	34.614
1078	36.343
1079	34.429
1080	34.371
1081	33.8
1082	33.843
1083	34.329
1084	33.857
1085	34.657
1086	34.586
1087	33.829
1088	33.271
1089	33.286
1090	33.886
1091	33.2
1092	33.229
1093	33.6
1094	32.814
1095	33.643
1096	33.114
1097	33.286
1098	33.443
1099	32.486
1100	33.186
1101	31.257
1102	32.8
1103	32.243
1104	32.886
1105	31.457
1106	31.971
1107	31.929
1108	32.071
1109	32.786
1110	32.186
1111	32.814
1112	32.314
1113	31.429
1114	32.057
1115	32.071
1116	32.743
1117	32.414
1118	30.843
1119	30.914
1120	30.829
1121	31.814
1122	30.4
1123	31.2
1124	31.3
1125	31.486
1126	31.143
1127	30.914
1128	31.386
1129	30.886
1130	31.586
1131	30.814
1132	31.086
1133	31.214
1134	30.486
1135	32.071
1136	31.129
1137	31.229
1138	30.771
1139	30.914
1140	30.514
1141	30.357
1142	30.657
1143	29.986
1144	30.457
1145	31.186
1146	30.229
1147	30.543
1148	30.386
1149	30.2
1150	30.671
1151	31.129
1152	30.814
1153	31.914
1154	31.143
1155	30.729
1156	30.057
1157	29.771
1158	30.357
1159	30.643
1160	30.2
1161	32
1162	30.943
1163	30.657
1164	30.7
1165	30.5
1166	30.671
1167	30.157
1168	30.957
1169	29.457
1170	29.986
1171	30.257
1172	28.929
1173	29.9
1174	29.4
1175	30.114
1176	29.914
1177	29.6
1178	30.986
1179	30.486
1180	29.743
1181	30.214
1182	29.2
1183	30.229
1184	29.943
1185	29.886
1186	29.886
1187	30.171
1188	30.243
1189	30.671
1190	30.014
1191	29.986
1192	31.3
1193	30.229
1194	31.243
1195	30.729
1196	29.914
1197	30.3
1198	30.5
1199	30.443
1200	29.857
1201	30.014
1202	29.486
1203	29.843
1204	30.514
1205	30.357
1206	30
1207	30.571
1208	30.843
1209	29.7
1210	29.143
1211	29.343
1212	29.729
1213	29.986
1214	29.286
1215	28.857
1216	29.7
1217	29.657
1218	30.3
1219	30.586
1220	30.8
1221	30.114
1222	30.686
1223	29.557
1224	29.714
1225	29.329
1226	30.257
1227	30.014
1228	29.729
1229	30.429
1230	30.771
1231	30.571
1232	30.114
1233	30.829
1234	30.271
1235	30.157
1236	30.343
1237	30.143
1238	30.257
1239	29.5
1240	30.686
1241	30.614
1242	30.614
1243	29.7
1244	29.343
1245	30.729
1246	30.429
1247	30.4
1248	30.043
1249	28.943
1250	29.186
1251	30.386
1252	30.657
1253	30.157
1254	29.871
1255	29.7
1256	29.443
1257	29.9
1258	29.971
1259	29.371
1260	29.486
1261	30.857
1262	30.586
1263	29.9
1264	30.071
1265	29.086
1266	29.7
1267	29.686
1268	29.943
1269	30.114
1270	30.186
1271	29.786
1272	29.7
1273	30.743
1274	29.5
1275	29.971
1276	29.186
1277	30.571
1278	29.314
1279	29.929
1280	29.786
1281	29.271
1282	30.286
1283	29.829
1284	29.329
1285	30.529
1286	29.271
1287	30.071
1288	29.557
1289	29.757
1290	30.114
1291	29.486
1292	29.743
1293	29.814
1294	28.914
1295	29.786
1296	30.486
1297	29.371
1298	29.243
1299	29.557
1300	29.757
1301	29.929
1302	30.157
1303	29.671
1304	29.357
1305	29.171
1306	29.614
1307	28.871
1308	29.3
1309	31.1
1310	29.914
1311	30.171
1312	29.314
1313	29.7
1314	30.314
1315	30.229
1316	29.814
1317	29.729
1318	29.471
1319	29.286
1320	30.543
1321	29.871
1322	29.929
1323	29.857
1324	29.986
1325	29.5
1326	29.629
1327	29.8
1328	29.986
1329	29.586
1330	30.157
1331	31.143
1332	29.357
1333	29.171
1334	29.529
1335	29.243
1336	29.714
1337	30.043
1338	29.943
1339	29.886
1340	29.329
1341	29.3
1342	29.743
1343	29.857
1344	29.143
1345	30.2
1346	29.586
1347	30.357
1348	30.657
1349	30.486
1350	29.643
1351	29.014
1352	29.629
1353	29.943
1354	29.729
1355	29.186
1356	30.529
1357	29.857
1358	30.057
1359	30.386
1360	29.357
1361	30.6
1362	29.871
1363	29.143
1364	29.743
1365	29.814
1366	29.086
1367	29.2
1368	30.086
1369	30.586
1370	29.043
1371	30.057
1372	29.929
1373	30
1374	29.257
1375	28.914
1376	29.886
1377	30.229
1378	28.943
1379	29.514
1380	28.229
1381	29.2
1382	29.9
1383	29.6
1384	29.857
1385	29.729
1386	28.529
1387	30.771
1388	29.629
1389	29.571
1390	29.529
1391	29.414
1392	29.7
1393	29.6
1394	29.657
1395	29.457
1396	29.557
1397	29.957
1398	29.657
1399	29.2
1400	29.214
1401	29.929
1402	30.543
1403	29.129
1404	29.343
1405	29.557
1406	29.629
1407	29.686
1408	30.971
1409	29.043
1410	30.243
1411	29.057
1412	30.043
1413	29.543
1414	29.457
1415	29.171
1416	30.314
1417	28.714
1418	29.314
1419	28.914
1420	28.414
1421	29.757
1422	29.414
1423	29.571
1424	29.6
1425	29.471
1426	29.4
1427	29.386
1428	29.714
1429	29.629
1430	28.171
1431	29.514
1432	30.814
1433	31.943
1434	32.971
1435	32.557
1436	33.943
1437	33.657
1438	34.657
1439	35.986
1440	35.871
1441	35.714
1442	35.871
1443	37.029
1444	35.443
1445	36.514
1446	38.143
1447	37.4
1448	37.186
1449	36.457
1450	36.629
1451	37.043
1452	36.586
1453	36.829
1454	36.329
1455	37.086
1456	36.057
1457	35.286
1458	35.943
1459	34.457
1460	36.071
1461	35.843
1462	35.886
1463	35.5
1464	35.543
1465	35.3
1466	34.871
1467	35.357
1468	35.5
1469	34.943
1470	34.429
1471	33.886
1472	34.214
1473	35.814
1474	33.643
1475	34.4
1476	32.943
1477	34.686
1478	33.657
1479	33.314
1480	32.943
1481	34.414
1482	32.729
1483	32.171
1484	32.471
1485	32.814
1486	33.057
1487	33.3
1488	33.757
1489	32.314
1490	32.971
1491	32.743
1492	31.771
1493	32.3
1494	32.9
1495	31.686
1496	32.186
1497	32.343
1498	32.8
1499	31.771
1500	30.743
1501	32.643
1502	31.229
1503	31.486
1504	31.871
1505	31.286
1506	31.729
1507	31.943
1508	32.414
1509	31.671
1510	32.2
1511	31.3
1512	30.943
1513	31.114
1514	31.829
1515	31.7
1516	31.014
1517	31.171
1518	31.871
1519	31.3
1520	31.757
1521	31.657
1522	31.371
1523	32.586
1524	30.329
1525	32.057
1526	31.429
1527	30.771
1528	31.386
1529	31.314
1530	31.414
1531	31.529
1532	31.471
1533	30.786
1534	30.943
1535	30.214
1536	31
1537	30.429
1538	31.129
1539	30.886
1540	31.371
1541	29.914
1542	30.843
1543	30.714
1544	30.057
1545	31.614
1546	29.986
1547	30.529
1548	30.171
1549	30.5
1550	31.314
1551	30.471
1552	29.686
1553	29.7
1554	31.257
1555	29.986
1556	30.786
1557	30.771
1558	30.614
1559	31.029
1560	30.114
1561	30.971
1562	30.086
1563	30.186
1564	29.329
1565	30.8
1566	30.014
1567	29.914
1568	30.571
1569	29.943
1570	29.557
1571	29.743
1572	30.414
1573	29.629
1574	29.986
1575	30.914
1576	29.9
1577	30.229
1578	29.929
1579	30.186
1580	30.029
1581	29.1
1582	30.2
1583	29.286
1584	29.571
1585	28.986
1586	29.314
1587	29.329
1588	29.7
1589	29.829
1590	30.257
1591	29.514
1592	29.843
1593	30.157
1594	29.114
1595	30.186
1596	30.114
1597	30.614
1598	29.829
1599	30.357
1600	31.1
1601	30.743
1602	29.657
1603	30.371
1604	30.229
1605	30.1
1606	30.2
1607	30.286
1608	29.286
1609	31.086
1610	29.971
1611	29.7
1612	30.429
1613	30.271
1614	29.243
1615	29.186
1616	30.186
1617	29.714
1618	30.043
1619	29.614
1620	30.514
1621	29.971
1622	30.329
1623	29.914
1624	29.829
1625	30.6
1626	29.771
1627	30.5
1628	30.414
1629	30.5
1630	29.329
1631	29.457
1632	29.757
1633	30.286
1634	29.386
1635	29.657
1636	29.029
1637	30.343
1638	29.957
1639	28.314
1640	29.471
1641	30.229
1642	30.214
1643	29.8
1644	29.586
1645	29.4
1646	30.5
1647	29.5
1648	29.943
1649	28.2
1650	29.286
1651	30.1
1652	29.686
1653	28.6
1654	29.971
1655	29.071
1656	29.714
1657	29.814
1658	29.357
1659	29.429
1660	30.957
1661	30.457
1662	30.5
1663	29.5
1664	28.957
1665	29.014
1666	30.029
1667	29.414
1668	29.529
1669	29.414
1670	29.371
1671	30.386
1672	29.757
1673	29.586
1674	28.971
1675	29.886
1676	29.214
1677	30.186
1678	29.757
1679	28.986
1680	30.5
1681	31.386
1682	31.129
1683	31
1684	32.614
1685	32.8
1686	33.671
1687	34.086
1688	33.371
1689	33.043
1690	35.271
1691	35.357
1692	34.957
1693	35.5
1694	35.514
1695	35.557
1696	35.4
1697	35.686
1698	35.171
1699	34.543
1700	35.514
1701	35.571
1702	33.943
1703	35.457
1704	36.043
1705	34.443
1706	35.543
1707	35.186
1708	34.171
1709	34.686
1710	35.514
1711	34.386
1712	34.686
1713	34.086
1714	33.571
1715	33.671
1716	34.5
1717	33.586
1718	33.214
1719	33.329
1720	33.657
1721	33.471
1722	33.114
1723	33.457
1724	33.914
1725	31.514
1726	32.214
1727	32.343
1728	32.357
1729	33.014
1730	32.357
1731	31.057
1732	32.657
1733	32.343
1734	32.314
1735	30.5
1736	32.886
1737	31.386
1738	32.171
1739	31.557
1740	31.386
1741	30.486
1742	31.857
1743	31.443
1744	31.371
1745	30.8
1746	31.771
1747	31.071
1748	30.657
1749	32.5
1750	30.214
1751	31.357
1752	30.729
1753	31.386
1754	32.186
1755	31.614
1756	30.357
1757	30.871
1758	30.229
1759	30.943
1760	31.729
1761	30.929
1762	30.771
1763	31.5
1764	30.357
1765	30.329
1766	29.643
1767	29.986
1768	31.086
1769	29.914
1770	30.757
1771	29.414
1772	30
1773	31.2
1774	30.829
1775	30.271
1776	30.357
1777	29.443
1778	28.657
1779	29.757
1780	29.9
1781	30.857
1782	31.043
1783	28.7
1784	30.214
1785	30.2
1786	30.8
1787	29.7
1788	30.514
1789	29.357
1790	30.043
1791	30.014
1792	30.086
1793	29.8
1794	29.814
1795	30.129
1796	29.229
1797	29.457
1798	28.571
1799	29.214
1800	29.771
1801	29.529
1802	29.857
1803	28.9
1804	29.957
1805	30.057
1806	28.829
1807	30.157
1808	29.7
1809	29.571
1810	29.871
1811	29.729
1812	29.3
1813	28.957
1814	29.429
1815	30.7
1816	29.486
1817	30.014
1818	29.6
1819	29.643
1820	29.6
1821	29.686
1822	30.9
1823	28.986
1824	29.657
1825	30.429
1826	29.829
1827	29.571
1828	29.714
1829	29.471
1830	30.071
1831	30.171
1832	29.929
1833	29.871
1834	29.6
1835	29.843
1836	29.643
1837	29.414
1838	30.429
1839	30.029
1840	29.514
1841	29.386
1842	29.743
1843	29.871
1844	29.271
1845	29.729
1846	29.9
1847	30.143
1848	30.086
1849	30.114
1850	30.029
1851	29.2
1852	29.871
1853	30.014
1854	29.171
1855	29.214
1856	30.214
1857	30
1858	28.9
1859	30.343
1860	29.143
1861	29.457
1862	30.471
1863	29.829
1864	28.729
1865	30.157
1866	29.614
1867	29.014
1868	29.114
1869	29.514
1870	30.571
1871	30.129
1872	28.686
1873	29.357
1874	29
1875	30.143
1876	29.486
1877	28.843
1878	29.329
1879	28.457
1880	29.786
1881	29.429
1882	30.057
1883	29.629
1884	29.2
1885	29.714
1886	29.643
1887	29.3
1888	29.829
1889	29.857
1890	29.357
1891	28.586
1892	30.143
1893	29.586
1894	30.086
1895	29.829
1896	29.2
1897	28.814
1898	29.143
1899	29.243
1900	29.757
1901	29.043
1902	29.186
1903	30.114
1904	30.1
1905	28.7
1906	29.257
1907	29.843
1908	29.757
1909	30.229
1910	29.771
1911	28.957
1912	29.529
1913	29.4
1914	28.957
1915	29.157
1916	29.086
1917	29.471
1918	29.757
1919	29.529
1920	30.943
1921	29.814
1922	28.843
1923	29.771
1924	29.357
1925	29.057
1926	29.343
1927	29.343
1928	29.871
1929	29.1
1930	29.129
1931	29.529
1932	28.6
1933	30.086
1934	29.886
1935	29.029
1936	28.871
1937	29.457
1938	29.1
1939	30.257
1940	28.8
1941	29.314
1942	28.814
1943	28.886
1944	28.943
1945	29.086
1946	28.8
1947	28.686
1948	29.5
1949	29.014
1950	29.029
1951	29.229
1952	29.614
1953	30.1
1954	29.386
1955	29.614
1956	29.8
1957	29.886
1958	30.243
1959	29.843
1960	31.029
1961	29.757
1962	30.171
1963	29.4
1964	28.186
1965	29.557
1966	28.686
1967	29.786
1968	30.357
1969	29.514
1970	29.529
1971	29.971
1972	29.943
1973	29.643
1974	29.514
1975	29.057
1976	29.929
1977	29.957
1978	28.929
1979	28.671
1980	28.829
1981	28.671
1982	29.914
1983	29.043
1984	30.314
1985	29.671
1986	28.971
1987	29.443
1988	29.8
1989	29.014
1990	29.757
1991	29.843
1992	29.157
1993	28.686
1994	29.443
1995	30.086
1996	30.157
1997	28.857
1998	29.643
1999	29.529
2000	29.757
2001	29.529
2002	29.371
2003	29.2
2004	28.986
2005	28.714
2006	29.814
2007	29
2008	29.471
2009	29.886
2010	29.029
2011	30.243
2012	29.243
2013	29.857
2014	29.086
2015	29.857
2016	29.186
2017	28.3
2018	28.3
2019	29.643
2020	29.2
2021	29.9
2022	28.871
2023	29.743
2024	29.543
2025	29.229
2026	28.914
2027	29.943
2028	30.729
2029	30.429
2030	30.729
2031	31.386
2032	32.114
2033	31.814
2034	32.657
2035	34.014
2036	33.871
2037	35.643
2038	34.243
2039	35.457
2040	35.843
2041	35.471
2042	35.757
2043	35.186
2044	36.057
2045	35.286
2046	35.843
2047	35.371
2048	35.243
2049	35.014
2050	35.114
2051	34.114
2052	35.6
2053	35.314
2054	34.2
2055	34.643
2056	34.286
2057	35.671
2058	35.057
2059	33.629
2060	34.514
2061	33.857
2062	33.571
2063	33.786
2064	34.871
2065	33.6
2066	33.4
2067	34.071
2068	33.029
2069	33
2070	32.5
2071	32.071
2072	32.971
2073	32.657
2074	32.671
2075	33.086
2076	32.671
2077	33.371
2078	32.557
2079	32.8
2080	31.357
2081	31.271
2082	33.357
2083	30.929
2084	30.557
2085	30.329
2086	31.471
2087	31.643
2088	31.343
2089	31.8
2090	32.414
2091	31.871
2092	30.329
2093	30.943
2094	31.7
2095	30.829
2096	30.729
2097	31.643
2098	31.543
2099	31.929
2100	31.986
2101	31
2102	31.214
2103	31.629
2104	31.457
2105	30.543
2106	31.586
2107	31.8
2108	31.329
2109	30.043
2110	31.3
2111	30.357
2112	30.457
2113	30.857
2114	31.457
2115	31.114
2116	29.7
2117	29.886
2118	30.829
2119	30.5
2120	30.257
2121	30.914
2122	29.971
2123	29.971
2124	30.757
2125	30.214
2126	30.014
2127	30.471
2128	30.843
2129	29.914
2130	30.271
2131	30.229
2132	30.214
2133	29.543
2134	30.214
2135	30.029
2136	29.914
2137	29.429
2138	29.686
2139	30.529
2140	29.4
2141	29.557
2142	29.157
2143	28.5
2144	30.271
2145	30.1
2146	28.929
2147	29.386
2148	30.914
2149	29.771
2150	29.8
2151	30.243
2152	30.786
2153	29.271
2154	29.614
2155	29.186
2156	30.3
2157	30.229
2158	30.2
2159	30.2
2160	29.643
2161	28.886
2162	29
2163	29.314
2164	30.414
2165	28.6
2166	30.186
2167	28.443
2168	28.771
2169	29.971
2170	29.543
2171	30.529
2172	29.414
2173	30.029
2174	29.557
2175	28.986
2176	30.243
2177	28.829
2178	28.886
2179	29.9
2180	29.357
2181	29
2182	30.143
2183	29.729
2184	29.943
2185	29.9
2186	29.986
2187	30.314
2188	30.071
2189	29.186
2190	30.043
2191	30.329
2192	29.143
2193	29.8
2194	30.114
2195	29.8
2196	29
2197	29.229
2198	29.186
2199	29.514
2200	30.014
2201	29.071
2202	29.471
2203	29.671
2204	29.186
2205	29.443
2206	30.229
2207	29.829
2208	30.514
2209	30.329
2210	29.6
2211	28.8
2212	29.4
2213	29.643
2214	29.014
2215	29.143
2216	29.314
2217	29.729
2218	29.743
2219	29.6
2220	30.071
2221	28.257
2222	29.229
2223	29.1
2224	30.243
2225	30.1
2226	29.514
2227	30.186
2228	29
2229	29.757
2230	29.514
2231	29.914
2232	29.857
2233	29.143
2234	29.129
2235	29.529
2236	30.314
2237	29.671
2238	29.329
2239	29.829
2240	30.429
2241	29.771
2242	29.671
2243	29.314
2244	30.143
2245	29.986
2246	30.014
2247	29.386
2248	29.214
2249	28.657
2250	30.114
2251	28.8
2252	29.543
2253	29.429
2254	28.9
2255	29.914
2256	29.029
2257	28.743
2258	29.4
2259	28.629
2260	30.114
2261	28.9
2262	29.186
2263	29.343
2264	29.986
2265	30.143
2266	29.586
2267	29.214
2268	29.243
2269	29.514
2270	28.957
2271	28.471
2272	30.143
2273	29.9
2274	29.843
2275	29.729
2276	29.186
2277	29.786
2278	29.929
2279	28.729
2280	29.814
2281	29.186
2282	30.314
2283	30.043
2284	29.986
2285	30
2286	30.057
2287	29.457
2288	30.357
2289	29.286
2290	28.443
2291	29.029
2292	29.329
2293	29.471
2294	29.529
2295	29.829
2296	28.8
2297	29.029
2298	29.343
2299	28.871
2300	29.386
2301	28.386
2302	29.286
2303	29.943
2304	30.029
2305	29.271
2306	28.271
2307	29.7
2308	28.286
2309	29.129
2310	29.914
2311	29.014
2312	30.371
2313	29.157
2314	29.657
2315	29.071
2316	28.429
2317	29.329
2318	28.657
2319	29.029
2320	29.6
2321	29.1
2322	28.943
2323	28.914
2324	29.814
2325	28.571
2326	30.071
2327	29.786
2328	29.186
2329	28.757
2330	30.386
2331	29.714
2332	29.1
2333	30.271
2334	29.657
2335	30.243
2336	29.7
2337	29.757
2338	29.629
2339	30.371
2340	29.686
2341	29.914
2342	29.686
2343	30.157
2344	29.043
2345	29.743
2346	29.014
2347	29.257
2348	29.614
2349	29.143
2350	29.2
2351	28.6
2352	29.514
2353	29.786
2354	29.571
2355	29.657
2356	28.829
2357	29.129
2358	28.814
2359	29.757
2360	30.014
2361	29.271
2362	30.029
2363	28.743
2364	30.1
2365	29.7
2366	29.486
2367	29.7
2368	28.129
2369	29.243
2370	29.129
2371	30.414
2372	29.286
2373	29.871
2374	29.143
2375	29.143
2376	29.786
2377	29.771
2378	29.386
2379	29.886
2380	32.186
2381	31.129
2382	32.514
2383	32.886
2384	33.4
2385	34.157
2386	34
2387	34.014
2388	34.757
2389	34.029
2390	34.857
2391	34.771
2392	35.243
2393	35.086
2394	34.886
2395	36.014
2396	35.514
2397	34.829
2398	35.257
2399	34.7
2400	34.357
2401	33.657
2402	33.357
2403	33.671
2404	33.229
2405	34.486
2406	33.014
2407	33.286
2408	32.857
2409	32.957
2410	33.329
2411	33.314
2412	33.757
2413	33.171
2414	32.571
2415	32.757
2416	32.7
2417	33.043
2418	32.386
2419	32.2
2420	32.014
2421	32.014
2422	31.5
2423	32.357
2424	32.143
2425	31.786
2426	31.9
2427	32.129
2428	32.4
2429	31.814
2430	31.914
2431	31.057
2432	30.943
2433	31.5
2434	30.886
2435	31.243
2436	31.5
2437	31.614
2438	31.8
2439	30.714
2440	31.471
2441	31.329
2442	30.429
2443	31.157
2444	30.271
2445	30.886
2446	31.543
2447	30.529
2448	30.414
2449	30.771
2450	30.286
2451	31.186
2452	31
2453	31.2
2454	31.114
2455	30.5
2456	30.643
2457	31.3
2458	30.686
2459	30.186
2460	30.371
2461	30.743
2462	30.443
2463	30.214
2464	29.271
2465	30.643
2466	31.3
2467	30.429
2468	30.671
2469	30.6
2470	30.729
2471	31.086
2472	29.3
2473	29.643
2474	29.543
2475	30
2476	30.529
2477	30.129
2478	29.214
2479	31.243
2480	30.643
2481	29.543
2482	29.257
2483	29.686
2484	31.457
2485	30.014
2486	28.957
2487	29.7
2488	29.857
2489	30.029
2490	30.629
2491	29.386
2492	29.486
2493	30.157
2494	29.643
2495	30.114
2496	30.314
2497	28.457
2498	29.314
2499	29.5
2500	30.343
2501	29.914
2502	29.271
2503	29.4
2504	30.1
2505	29.429
2506	30.414
2507	29.9
2508	30.386
2509	29.986
2510	28.9
2511	29.3
2512	30.143
2513	29.2
2514	29.9
2515	29.886
2516	29.557
2517	29.314
2518	29.2
2519	28.629
2520	29.714
2521	28.514
2522	29.243
2523	28.871
2524	29.143
2525	30.529
2526	28.657
2527	30.171
2528	29.986
2529	28.9
2530	28.957
2531	30.357
2532	30.629
2533	29.571
2534	30.443
2535	28.9
2536	29.714
2537	29.486
2538	29.557
2539	30.286
2540	29.1
2541	29.357
2542	30.529
2543	29.229
2544	29.114
2545	29.686
2546	29.486
2547	29.057
2548	29.314
2549	29.586
2550	29.957
2551	29.686
2552	28.586
2553	28.986
2554	28.4
2555	29.771
2556	29.586
2557	29.243
2558	30.129
2559	29.286
2560	29.443
2561	29.1
2562	29.486
2563	29.657
2564	31
2565	29.786
2566	29.543
2567	29.857
2568	29.086
2569	30.857
2570	29.357
2571	29.5
2572	29.057
2573	29.443
2574	28.814
2575	29.3
2576	28.386
2577	30.057
2578	29.043
2579	28.8
2580	29.643
2581	29.829
2582	29.1
2583	29.214
2584	29.457
2585	28.914
2586	29.3
2587	29.586
2588	28.429
2589	29.786
2590	29.671
2591	29.586
2592	29.6
2593	29.271
2594	30.243
2595	29.929
2596	29.686
2597	28.986
2598	28.929
2599	30.343
2600	28.357
2601	29.786
2602	29.086
2603	29.514
2604	29.186
2605	30.214
2606	29.357
2607	30.029
2608	29.529
2609	29.629
2610	30.186
2611	29.371
2612	29.4
2613	29.3
2614	29.114
2615	28.886
2616	29.729
2617	28.129
2618	29.843
2619	29.343
2620	29.229
2621	29.429
2622	30.543
2623	28.429
2624	28.914
2625	28.929
2626	28.943
2627	29.571
2628	28.857
2629	28.457
2630	28.3
2631	28.843
2632	28.186
2633	28.686
2634	30
2635	28.8
2636	29.371
2637	30.129
2638	29.4
2639	29.729
2640	29.257
2641	29.757
2642	29.729
2643	30.171
2644	29.457
2645	29.471
2646	29.329
2647	28.571
2648	29.557
2649	28.8
2650	29.671
2651	29.3
2652	29.457
2653	29.857
2654	29.114
2655	29.329
2656	29.471
2657	29.243
2658	29.6
2659	29.029
2660	29
2661	28.657
2662	29.071
2663	29.586
2664	29.971
2665	30.771
2666	28.529
2667	29.514
2668	29.571
2669	28.857
2670	29.186
2671	29.2
2672	29.843
2673	29.171
2674	29.6
2675	29.586
2676	29.214
2677	28.243
2678	29.657
2679	29.314
2680	29.686
2681	29.714
2682	29.7
2683	29.343
2684	29.571
2685	29.329
2686	30.586
2687	28.743
2688	29.929
2689	28.786
2690	29.343
2691	28.8
2692	30.1
2693	29.214
2694	29.443
2695	29.614
2696	28.886
2697	28.871
2698	29.657
2699	29.014
2700	29.071
2701	29.771
2702	29.829
2703	28.786
2704	29.971
2705	29.4
2706	29.1
2707	28.957
2708	29.614
2709	29.471
2710	29.371
2711	29.543
2712	29.671
2713	28.657
2714	28.9
2715	28.186
2716	29.486
2717	29.386
2718	28.957
2719	29.571
2720	30.129
2721	29.429
2722	29.929
2723	29.4
2724	29.786
2725	29.757
2726	29.143
2727	29.014
2728	30.657
2729	30.957
2730	31.671
2731	31.8
2732	32.6
2733	33.157
2734	34.071
2735	34.671
2736	35.414
2737	35.014
2738	35.157
2739	34.914
2740	35.357
2741	35.743
2742	35.329
2743	35.129
2744	35.571
2745	36.286
2746	34.857
2747	35.786
2748	35.943
2749	34.743
2750	35.629
2751	35.443
2752	34.657
2753	34.771
2754	34.871
2755	34.629
2756	33.857
2757	32.929
2758	34
2759	32.457
2760	33.357
2761	33.229
2762	33.657
2763	33.029
2764	33.029
2765	33.214
2766	33.029
2767	32.714
2768	32.8
2769	33.271
2770	31.914
2771	31.986
2772	33.243
2773	32.314
2774	32.843
2775	32.014
2776	32.343
2777	32.2
2778	31.986
2779	31.843
2780	32.429
2781	31.614
2782	30.614
2783	32.057
2784	30.243
2785	32.243
2786	31.3
2787	30.8
2788	31.643
2789	31.371
2790	31.929
2791	31.514
2792	31.171
2793	30.143
2794	30.986
2795	31.143
2796	30.714
2797	32.014
2798	30.329
2799	30.1
2800	30.857
2801	30.1
2802	29.843
2803	30.157
2804	30.814
2805	30.843
2806	29.829
2807	30.1
2808	31.014
2809	31.4
2810	32.129
2811	30.343
2812	30.9
2813	31.5
2814	29.757
2815	31.086
2816	30.143
2817	30.443
2818	30.429
2819	28.9
2820	30.714
2821	29.643
2822	30.586
2823	30.286
2824	29.957
2825	30.371
2826	30.1
2827	30.329
2828	29.257
2829	30.2
2830	28.871
2831	29.457
2832	30.029
2833	29.643
2834	29.829
2835	30.257
2836	30.129
2837	29.786
2838	31
2839	30.314
2840	29.986
2841	29.7
2842	30.157
2843	30.971
2844	30.643
2845	29.329
2846	29.086
2847	30.171
2848	30.257
2849	29.186
2850	30.4
2851	30.243
2852	30.057
2853	30.357
2854	29.757
2855	30.8
2856	30.529
2857	30.386
2858	30.014
2859	30.2
2860	29.6
2861	29.843
2862	30.257
2863	29.414
2864	30.429
2865	30.486
2866	29.757
2867	30.157
2868	30.643
2869	29.743
2870	30.243
2871	29.786
2872	29.771
2873	29.257
2874	29.729
2875	30.429
2876	29.886
2877	29.257
2878	30.643
2879	28.871
2880	30.157
2881	30.457
2882	30.2
2883	29.043
2884	30.286
2885	29.343
2886	30.029
2887	30.6
2888	29.657
2889	29.414
2890	29.6
2891	29.957
2892	29.557
2893	29.457
2894	28.943
2895	29.814
2896	30.471
2897	29.5
2898	30.014
2899	28.643
2900	29.771
2901	29.457
2902	29.529
2903	30.014
2904	29.771
2905	30.143
2906	29.557
2907	30.257
2908	28.914
2909	30.029
2910	29.1
2911	29.3
2912	28.986
2913	29.643
2914	29.243
2915	29.829
2916	28.786
2917	28.129
2918	29.229
2919	28.314
2920	29.457
2921	30.214
2922	29.386
2923	29.043
2924	29.086
2925	29.171
2926	29.4
2927	29.286
2928	29.657
2929	29.6
2930	29.729
2931	30.071
2932	28.871
2933	29.657
2934	27.814
2935	28.6
2936	29.571
2937	28.786
2938	29.1
2939	29.043
2940	29.2
2941	30.014
2942	29.514
2943	30.486
2944	29.357
2945	28.686
2946	29.129
2947	29.371
2948	30.043
2949	30.057
2950	29.114
2951	30.014
2952	29.329
2953	28.971
2954	29.486
2955	29.457
2956	29.086
2957	29.643
2958	28.714
2959	28.8
2960	28.714
2961	29.343
2962	30.029
2963	29.843
2964	30.586
2965	29.571
2966	29.6
2967	29.357
2968	28.714
2969	29.771
2970	29.386
2971	29.757
2972	29.157
2973	29.4
2974	28.829
2975	29.686
2976	30.214
2977	29.5
2978	30.1
2979	28.7
2980	28.8
2981	29.429
2982	28.6
2983	28.914
2984	29.986
2985	29.214
2986	29.014
2987	30.014
2988	30
2989	29.1
2990	29.686
2991	29.314
2992	28
2993	29.214
2994	29.286
2995	29.986
2996	28.786
2997	29.543
2998	29.529
2999	29.186
3000	30.086
3001	28.357
3002	28.843
3003	29.3
3004	28.843
3005	28.986
3006	29.371
3007	29.629
3008	28.843
3009	29.729
3010	28.529
3011	29.414
3012	29.014
3013	28.943
3014	28.643
3015	29.557
3016	29.7
3017	29.157
3018	28.343
3019	29.171
3020	28.714
3021	28.957
3022	28.986
3023	28.757
3024	29.157
3025	28.429
3026	28.729
3027	29.1
3028	29.129
3029	29.414
3030	28.943
3031	28.871
3032	29.114
3033	29.2
3034	29.257
3035	30.129
3036	29.214
3037	30.171
3038	30.2
3039	28.471
3040	29.157
3041	29.986
3042	29.314
3043	28.929
3044	28.943
3045	29.643
3046	29.686
3047	29.5
3048	28.557
3049	28.657
3050	28.386
3051	29.086
3052	28.357
3053	28.529
3054	29.671
3055	29.2
3056	30.071
3057	29.786
3058	28.257
3059	28.6
3060	28.857
3061	28.686
3062	29.3
3063	29.486
3064	29.043
3065	29.143
3066	29.629
3067	29.229
3068	29.643
3069	29.4
3070	28.729
3071	28.929
3072	28.986
3073	28.8
3074	29.057
3075	30.214
3076	29.371
3077	30.9
3078	30.529
3079	30.743
3080	30.957
3081	31.929
3082	32.871
3083	33.343
3084	33.514
3085	34.314
3086	33.614
3087	34.786
3088	33.743
3089	34.514
3090	34.414
3091	35.029
3092	34.557
3093	35.9
3094	35.257
3095	34.8
3096	33.686
3097	34.943
3098	34.543
3099	33.914
3100	34.786
3101	34.314
3102	33.729
3103	33.186
3104	33.6
3105	33.314
3106	33.614
3107	34.343
3108	34.271
3109	34.186
3110	35.114
3111	35.071
3112	34.814
3113	33.757
3114	34.157
3115	34.486
3116	34.3
3117	34.529
3118	34.014
3119	33.629
3120	33.457
3121	33.771
3122	34.086
3123	33.514
3124	32.6
3125	33.2
3126	32.729
3127	33.257
3128	33.271
3129	32.929
3130	33.029
3131	33.029
3132	32.771
3133	33.457
3134	33.586
3135	33.014
3136	32.629
3137	32.786
3138	32.157
3139	32.157
3140	33.286
3141	31.943
3142	32.471
3143	32.271
3144	32.086
3145	32.929
3146	32.086
3147	31.329
3148	31.386
3149	30.7
3150	30.729
3151	30.957
3152	31.4
3153	31.586
3154	30.943
3155	31.271
3156	30.986
3157	30.757
3158	31.229
3159	31.657
3160	30.329
3161	30.986
3162	31.043
3163	31.829
3164	31.114
3165	30.757
3166	30.971
3167	30.129
3168	30.486
3169	30.486
3170	30.871
3171	30.386
3172	29.986
3173	30.843
3174	30.629
3175	31.057
3176	30.086
3177	30.029
3178	30.086
3179	30.143
3180	30.1
3181	30.257
3182	30.857
3183	29.929
3184	29.829
3185	30.614
3186	30.329
3187	29.971
3188	29.414
3189	29.657
3190	29.929
3191	29.971
3192	29.986
3193	29.171
3194	29.186
3195	28.871
3196	30.343
3197	29.386
3198	30.171
3199	29.414
3200	30.371
3201	28.357
3202	28.414
3203	29.471
3204	28.814
3205	29.843
3206	29.143
3207	29.329
3208	30.129
3209	30.457
3210	29.971
3211	30.029
3212	29.457
3213	29.957
3214	30.271
3215	30.386
3216	29.886
3217	28.714
3218	29.371
3219	29.686
3220	29.314
3221	30.871
3222	29.157
3223	29.657
3224	29.929
3225	30.243
3226	30.229
3227	29.271
3228	30.486
3229	29.543
3230	30.829
3231	30.271
3232	29.929
3233	30.7
3234	30.671
3235	29.243
3236	29.314
3237	30.186
3238	30.471
3239	30.186
3240	30.3
3241	30.614
3242	29.843
3243	29.614
3244	28.771
3245	29.057
3246	28.586
3247	29.871
3248	29.314
3249	29.229
3250	30.2
3251	29.057
3252	29.014
3253	28.586
3254	30.157
3255	28.5
3256	28.571
3257	29.514
3258	29.771
3259	28.671
3260	29.043
3261	29.214
3262	30.243
3263	28.986
3264	29.057
3265	29.614
3266	28.657
3267	29.586
3268	29.143
3269	29.514
3270	29.443
3271	29.914
3272	29.471
3273	29.457
3274	29.043
3275	29.514
3276	29.557
3277	28.771
3278	29.643
3279	28.829
3280	28.829
3281	29.186
3282	28.029
3283	29.186
3284	29.557
3285	28.843
3286	29.843
3287	29.671
3288	29.629
3289	30.071
3290	29.414
3291	29.857
3292	29.9
3293	28.671
3294	30.129
3295	29.843
3296	29.2
3297	29.286
3298	30.171
3299	29.943
3300	29.186
3301	29.171
3302	29.157
3303	29.129
3304	28.814
3305	28.7
3306	29.171
3307	28.257
3308	28.429
3309	29.329
3310	29.8
3311	29.229
3312	28.8
3313	29.443
3314	30.229
3315	29.6
3316	28.257
3317	29.629
3318	28.843
3319	30.086
3320	29.357
3321	29.4
3322	29.286
3323	29.271
3324	29.171
3325	29.686
3326	28.371
3327	30.343
3328	28.914
3329	29.571
3330	29.343
3331	29.086
3332	28.771
3333	30.186
3334	29.186
3335	29.143
3336	29.429
3337	29.686
3338	28.614
3339	28.757
3340	29.314
3341	28.357
3342	29.571
3343	28.4
3344	29.214
3345	28.786
3346	29.471
3347	28.386
3348	28.571
3349	29.114
3350	28.571
3351	28.571
3352	28.971
3353	28.929
3354	29.343
3355	28.943
3356	28.1
3357	28.5
3358	29.343
3359	29.414
3360	28.586
3361	28.486
3362	28.343
3363	29.057
3364	29.2
3365	29.871
3366	29.471
3367	29.571
3368	28.929
3369	29.786
3370	28.771
3371	30.186
3372	29.357
3373	28.686
3374	29.543
3375	28.5
3376	29.114
3377	29.771
3378	28.529
3379	28.686
3380	29.871
3381	29.371
3382	29.129
3383	30
3384	29.5
3385	28.271
3386	29.229
3387	28.386
3388	28.843
3389	29.643
3390	28.557
3391	29.129
3392	30.343
3393	28.814
3394	28.986
3395	28.929
3396	30.043
3397	29.243
3398	28.871
3399	29.386
3400	29.071
3401	29.171
3402	29.329
3403	30.129
3404	28.971
3405	28.757
3406	28.614
3407	29.257
3408	29.414
3409	29.514
3410	29.143
3411	29.2
3412	29.686
3413	29.057
3414	28.614
3415	29.543
3416	28.571
3417	28.4
3418	29.514
3419	29.429
3420	29
3421	29.186
3422	29.4
3423	28.557
3424	29.443
3425	29.543
3426	28.943
3427	30.757
3428	30.843
3429	31.657
3430	32.043
3431	33.071
3432	32.786
3433	33.643
3434	33.914
3435	34.329
3436	33.5
3437	33.629
3438	34.2
3439	34.414
3440	34.829
3441	35.014
3442	34.914
3443	34.571
3444	34.171
3445	34.929
3446	34.071
3447	34.186
3448	33.4
3449	34.786
3450	33.629
3451	34.229
3452	34.129
3453	33.843
3454	33.986
3455	34.529
3456	33.543
3457	33.471
3458	33.186
3459	34.429
3460	35.157
3461	34.429
3462	34.771
3463	34.543
3464	34.186
3465	35.1
3466	34.129
3467	34.371
3468	33.686
3469	34.086
3470	33.829
3471	33.7
3472	33.643
3473	33.5
3474	33.714
3475	33.686
3476	31.929
3477	32.714
3478	32.543
3479	32.643
3480	32.257
3481	32.157
3482	33.043
3483	33.271
3484	32.029
3485	32.457
3486	31.929
3487	32.943
3488	32.171
3489	32.086
3490	30.814
3491	31.686
3492	32.3
3493	31.471
3494	32.2
3495	32.314
3496	31.986
3497	31.743
3498	30.929
3499	31.757
3500	31.743
3501	32
3502	32.414
3503	31.057
3504	31.757
3505	30.114
3506	31.343
3507	30.8
3508	30.014
3509	29.914
3510	30.257
3511	31.071
3512	30.714
3513	30.271
3514	30.6
3515	31.543
3516	30.157
3517	31.1
3518	29.457
3519	29.771
3520	30.814
3521	31.2
3522	30.843
3523	29.257
3524	31.486
3525	31.729
3526	28.843
3527	30.229
3528	30.086
3529	29.786
3530	29.857
3531	29.629
3532	29.214
3533	30.029
3534	29.714
3535	30.129
3536	30.014
3537	30.714
3538	29.443
3539	29.986
3540	29.014
3541	30.086
3542	30.571
3543	29.371
3544	29.986
3545	30.5
3546	30.043
3547	28.557
3548	30.529
3549	28.757
3550	29.986
3551	29.557
3552	30.6
3553	29.086
3554	30.014
3555	28.743
3556	29.243
3557	28.071
3558	29.143
3559	29.843
3560	29.271
3561	29.757
3562	29.314
3563	28.871
3564	29.729
3565	30.329
3566	29.071
3567	29.829
3568	29.857
3569	29.314
3570	28.643
3571	29.857
3572	28.714
3573	28.629
3574	29.257
3575	29.857
3576	30.1
3577	30
3578	29.486
3579	29.886
3580	29.986
3581	28.586
3582	30.171
3583	28.686
3584	29.6
3585	28.971
3586	30.229
3587	30.014
3588	29.529
3589	28.471
3590	30
3591	29.429
3592	30
3593	28.886
3594	29.271
3595	28.629
3596	29.086
3597	29.414
3598	29.357
3599	29.843
3600	29.571
3601	29.7
3602	29.571
3603	29.643
3604	29.343
3605	28.986
3606	28.729
3607	29.129
3608	28.157
3609	29.586
3610	28.8
3611	29.2
3612	30.214
3613	29.629
3614	29.714
3615	30.071
3616	29.329
3617	29.143
3618	28.871
3619	29.629
3620	29.843
3621	29.271
3622	30.257
3623	29.714
3624	29.214
3625	28.829
3626	28.929
3627	29.843
3628	29.429
3629	29.043
3630	28.786
3631	29.643
3632	28.471
3633	28.586
3634	29.129
3635	28.614
3636	28.843
3637	28.929
3638	29.686
3639	29.9
3640	29.029
3641	29.257
3642	29.029
3643	29.543
3644	29.286
3645	29.457
3646	29.186
3647	29.4
3648	28.857
3649	29.457
3650	30.529
3651	29.586
3652	29.243
3653	29.457
3654	29.014
3655	29.229
3656	27.786
3657	29.914
3658	29.443
3659	28.957
3660	29.014
3661	28.714
3662	30.386
3663	29.314
3664	28.971
3665	29.043
3666	29.829
3667	29.786
3668	29.2
3669	28.886
3670	28.329
3671	28.514
3672	29.243
3673	29.8
3674	29.143
3675	29.529
3676	29.4
3677	29.843
3678	30.186
3679	29.671
3680	28.871
3681	30.129
3682	29.414
3683	28.8
3684	30.2
3685	29.471
3686	28.114
3687	29.243
3688	29.2
3689	29.643
3690	29.729
3691	29.714
3692	29.1
3693	29.4
3694	29.171
3695	29.743
3696	30.229
3697	29.571
3698	29.643
3699	29.257
3700	29.157
3701	29.6
3702	29.514
3703	29.829
3704	29.657
3705	29.371
3706	29.814
3707	29.429
3708	28.171
3709	28.686
3710	29.057
3711	29.757
3712	29.729
3713	28.886
3714	28.871
3715	29.043
3716	28.271
3717	29.114
3718	29.357
3719	28.229
3720	29.314
3721	29.429
3722	29.086
3723	28.843
3724	28.771
3725	28.386
3726	28.957
3727	28.729
3728	29.171
3729	29.3
3730	29.386
3731	29.114
3732	28.571
3733	29.157
3734	28.643
3735	28.943
3736	30.086
3737	29.271
3738	28.986
3739	29.314
3740	29.543
3741	29.057
3742	29.171
3743	29.029
3744	29.157
3745	29.257
3746	28.4
3747	28.814
3748	29
3749	28.657
3750	28.371
3751	29.514
3752	29.629
3753	29.057
3754	29.629
3755	28.343
3756	28.871
3757	29.014
3758	28.829
3759	29.129
3760	30.114
3761	28.114
3762	28.6
3763	28.757
3764	28.786
3765	28.814
3766	29.171
3767	28.886
3768	29
3769	29.429
3770	29.8
3771	28.8
3772	29.057
3773	28.514
3774	28.629
3775	28.643
3776	29.886
3777	30.714
3778	30.871
3779	31.629
3780	32.514
3781	31.243
3782	33.129
3783	33.7
3784	34.186
3785	33.186
3786	33.543
3787	34.686
3788	34.086
3789	34.314
3790	33.757
3791	34.814
3792	34.314
3793	34.2
3794	34.3
3795	33.214
3796	34.514
3797	34.471
3798	34
3799	34.214
3800	33.5
3801	34.214
3802	33.314
3803	33.357
3804	33.357
3805	33.086
3806	32.971
3807	33.443
3808	32.943
3809	32.671
3810	32.6
3811	31.414
3812	31.643
3813	32.771
3814	31.543
3815	31.729
3816	31.371
3817	31.757
3818	32.357
3819	31.471
3820	32.586
3821	30.757
3822	31.943
3823	31.114
3824	30.8
3825	31.529
3826	30.7
3827	31.714
3828	31.557
3829	31.014
3830	29.943
3831	30.571
3832	30.086
3833	31.686
3834	31.071
3835	30.529
3836	31.071
3837	31.543
3838	30.286
3839	30.586
3840	30.929
3841	31.1
3842	30.471
3843	29.814
3844	30.186
3845	30.729
3846	30.614
3847	30.729
3848	29.686
3849	30.057
3850	31.257
3851	30.729
3852	30.643
3853	30.829
3854	31.429
3855	30.314
3856	30.286
3857	30.2
3858	30.529
3859	29.929
3860	30.757
3861	30.014
3862	30.2
3863	30.229
3864	29.971
3865	30.343
3866	30.186
3867	30.371
3868	30.6
3869	30.2
3870	29.3
3871	29.857
3872	29.786
3873	30.586
3874	29.414
3875	28.686
3876	30.457
3877	29.043
3878	30.071
3879	29.771
3880	29.129
3881	29.314
3882	29.029
3883	29.157
3884	29.786
3885	29.143
3886	28.943
3887	28.971
3888	29.7
3889	29.457
3890	29.657
3891	29.771
3892	29.657
3893	29.429
3894	30.229
3895	30.271
3896	29.586
3897	29.743
3898	28.9
3899	29.743
3900	30.043
3901	29.871
3902	29.871
3903	29.686
3904	29.486
3905	29.457
3906	28.786
3907	29.071
3908	28.457
3909	30.014
3910	29.014
3911	30.414
3912	29.771
3913	29.643
3914	30.329
3915	29.214
3916	29.671
3917	29.271
3918	30.629
3919	29.757
3920	28.971
3921	30.257
3922	29.329
3923	29.314
3924	30.086
3925	29.471
3926	29.443
3927	29.214
3928	29.357
3929	29.529
3930	29.371
3931	29.429
3932	29.743
3933	29.529
3934	30.086
3935	29.557
3936	29.686
3937	29
3938	29.043
3939	29.586
3940	30.729
3941	30.486
3942	29.657
3943	28.9
3944	30.557
3945	29.114
3946	29.886
3947	28.457
3948	29.543
3949	29.786
3950	28.4
3951	30.343
3952	28.843
3953	29.043
3954	28.771
3955	30.214
3956	28.886
3957	29.157
3958	29.1
3959	28.871
3960	29.243
3961	29.743
3962	29.457
3963	29.271
3964	29.043
3965	29.471
3966	29.486
3967	29.086
3968	29.757
3969	29.129
3970	29.857
3971	29.657
3972	29.357
3973	30.071
3974	29.571
3975	28.943
3976	29.114
3977	29.914
3978	29.386
3979	29.3
3980	29.257
3981	29.557
3982	29.686
3983	30.186
3984	29.771
3985	29.571
3986	29.686
3987	29.714
3988	29.386
3989	30.043
3990	29.443
3991	29.071
3992	29.643
3993	28.843
3994	29.186
3995	28.857
3996	29.257
3997	28.7
3998	30.171
3999	28.543
4000	29.557
4001	29.186
4002	29.757
4003	29.314
4004	28.143
4005	29.514
4006	29.8
4007	29.271
4008	29.357
4009	28.971
4010	28.971
4011	28.957
4012	28.314
4013	30.014
4014	29.729
4015	30.729
4016	30.043
4017	30.129
4018	30.257
4019	29.029
4020	29.714
4021	30.171
4022	29.386
4023	30
4024	28.757
4025	28.929
4026	30.386
4027	30.586
4028	30.7
4029	30.929
4030	31.986
4031	32.629
4032	33.314
4033	32.486
4034	34.429
4035	33.829
4036	34.143
4037	34.071
4038	34.686
4039	34.743
4040	35
4041	34.743
4042	34.586
4043	35.086
4044	34.414
4045	34.2
4046	35.186
4047	34.671
4048	35.243
4049	34.914
4050	34.814
4051	34.171
4052	34.243
4053	34.257
4054	33.957
4055	33.457
4056	34.143
4057	35.057
4058	32.629
4059	32.486
4060	33.657
4061	32.757
4062	32.414
4063	33.386
4064	31.943
4065	33.229
4066	32.871
4067	31.957
4068	32.129
4069	33.429
4070	32.843
4071	31.986
4072	32.771
4073	33.686
4074	32.314
4075	33.257
4076	31.943
4077	31.257
4078	31.5
4079	31.671
4080	30.843
4081	31.629
4082	31.857
4083	31.2
4084	31.114
4085	31.471
4086	31.257
4087	30.671
4088	31.629
4089	31.471
4090	31.443
4091	30.257
4092	31.071
4093	31.8
4094	30.614
4095	30.686
4096	30.671
4097	30.1
4098	30.143
4099	30.229
4100	30.043
4101	29.914
4102	30.057
4103	30.071
4104	29.771
4105	30.257
4106	30.357
4107	30.371
4108	29.786
4109	31.357
4110	30.157
4111	29.986
4112	31
4113	31.086
4114	30.571
4115	29.486
4116	30.257
4117	30.857
4118	29.843
4119	30.871
4120	29.457
4121	29.571
4122	31.071
4123	30.643
4124	29.429
4125	30.557
4126	31.143
4127	31.8
4128	32.729
4129	32.343
4130	33.129
4131	33.529
4132	34.371
4133	32.543
4134	33.886
4135	34.071
4136	34.186
4137	34.214
4138	34.329
4139	34.871
4140	34.586
4141	33.814
4142	33.786
4143	33.786
4144	32.971
4145	34.243
4146	33.1
4147	32.757
4148	33.157
4149	33.471
4150	32.871
4151	33.829
4152	33.329
4153	33.443
4154	32.257
4155	32.643
4156	32.743
4157	32.686
4158	32.086
4159	31.529
4160	32.329
4161	31.971
4162	31.486
4163	32.386
4164	32.143
4165	32.3
4166	30.8
4167	30.686
4168	30.629
4169	30.186
4170	31.214
4171	30.243
4172	30.714
4173	31.686
4174	31.029
4175	31.243
4176	29.743
4177	29.329
4178	30.643
4179	30.457
4180	30.257
4181	29.614
4182	29.3
4183	30.771
4184	29.529
4185	30.3
4186	29.7
4187	29.6
4188	29.5
4189	29.286
4190	29.871
4191	30.314
4192	30.429
4193	30.557
4194	30.843
4195	30.043
4196	29.8
4197	29.586
4198	30.686
4199	29.957
4200	28.914
4201	29.3
4202	29.6
4203	30.343
4204	29.857
4205	30.857
4206	29.386
4207	29.429
4208	30.414
4209	29.071
4210	29.814
4211	29.243
4212	30.171
4213	29.529
4214	28.757
4215	29.4
4216	30.043
4217	30.071
4218	29.443
4219	29.886
4220	29.1
4221	29.357
4222	28.614
4223	29.286
4224	28.971
4225	29.557
4226	30.529
4227	28.571
4228	30.543
4229	29.929
4230	29.757
4231	29.7
4232	29.171
4233	29.857
4234	30.429
4235	29.414
4236	29.643
4237	28.857
4238	28.986
4239	29.171
4240	29.214
4241	29.243
4242	28.843
4243	29.1
4244	30.257
4245	29.443
4246	28.686
4247	29.9
4248	29.914
4249	29.371
4250	29.329
4251	29.557
4252	30.914
4253	30.443
4254	30.586
4255	30.4
4256	28.943
4257	28.857
4258	28.557
4259	28.9
4260	29.814
4261	29.943
4262	28.757
4263	28.8
4264	28.671
4265	29.043
4266	28.843
4267	28.971
4268	28.9
4269	29.814
4270	29.186
4271	28.257
4272	28.414
4273	29.829
4274	29.686
4275	30.029
4276	29.014
4277	30.014
4278	29.443
4279	30.357
4280	29.243
4281	29.429
4282	29
4283	29.5
4284	29.143
4285	28.914
4286	28.186
4287	29.771
4288	29.843
4289	29.5
4290	29.729
4291	29.514
4292	29.143
4293	29.614
4294	28.8
4295	29.229
4296	28.686
4297	29.386
4298	29.071
4299	29.957
4300	29.443
4301	30.229
4302	28.9
4303	30.071
4304	30.314
4305	29.843
4306	29.8
4307	28.471
4308	30.286
4309	29.214
4310	29.571
4311	28.643
4312	29.4
4313	29.471
4314	29.529
4315	29.343
4316	28.843
4317	29.257
4318	28.557
4319	28.914
4320	29.7
4321	29.5
4322	29.657
4323	29.514
4324	29.129
4325	29.243
4326	29.529
4327	29.957
4328	29.357
4329	28.786
4330	29.257
4331	29.271
4332	29.386
4333	28.614
4334	28.957
4335	29.771
4336	28.886
4337	29.471
4338	30.1
4339	29.014
4340	29.757
4341	28.186
4342	29.429
4343	29.357
4344	28.457
4345	30.257
4346	29.186
4347	29.586
4348	28.9
4349	29
4350	29.986
4351	28.914
4352	28.814
4353	29.229
4354	28.729
4355	29.643
4356	29.843
4357	29.457
4358	29.714
4359	29.1
4360	29.686
4361	30.471
4362	29.071
4363	29.371
4364	29
4365	29.814
4366	28.929
4367	28.471
4368	30.257
4369	29.386
4370	29.443
4371	29.343
4372	28.914
4373	29.657
4374	29.257
4375	29.4
4376	29.257
4377	29.3
4378	30.129
4379	29.014
4380	28.986
4381	29.214
4382	29.229
4383	29.086
4384	28.657
4385	28.5
4386	29.486
4387	29.757
4388	29.014
4389	29.543
4390	29.357
4391	29.286
4392	29.814
4393	28.757
4394	29.029
4395	29
4396	29.2
4397	29.571
4398	29.157
4399	28.914
4400	28.671
4401	28.743
4402	28.129
4403	28.457
4404	29.657
4405	28.886
4406	28.514
4407	29.429
4408	28.586
4409	28.529
4410	28.529
4411	29.257
4412	27.743
4413	28.014
4414	28.8
4415	28.857
4416	28.571
4417	29.343
4418	28.986
4419	27.771
4420	28.214
4421	28.071
4422	29.171
4423	29.086
4424	28.643
4425	28.571
4426	28.7
4427	30.457
4428	30.143
4429	28.271
4430	28.743
4431	28.371
4432	28.814
4433	29.286
4434	28.7
4435	27.943
4436	29.5
4437	28.714
4438	28.1
4439	28.857
4440	29.2
4441	27.914
4442	28.5
4443	28.814
4444	28.8
4445	28.1
4446	28.9
4447	29.057
4448	29.586
4449	28.514
4450	28.229
4451	28.729
4452	28.843
4453	29.057
4454	29.3
4455	29.514
4456	29.243
4457	29.129
4458	28.571
4459	28.843
4460	27.657
4461	29.343
4462	28.7
4463	29.743
4464	30.257
4465	30.786
4466	31.814
4467	31.557
4468	32.086
4469	33.771
4470	33.271
4471	33.7
4472	33.214
4473	33.157
4474	33.586
4475	34.057
4476	33.143
4477	33.714
4478	34.857
4479	34.7
4480	34.929
4481	33.786
4482	33.371
4483	33.843
4484	33.014
4485	33.043
4486	33.443
4487	33.2
4488	32.443
4489	32
4490	33.314
4491	32.857
4492	31.486
4493	32.129
4494	32.543
4495	32.943
4496	32.129
4497	32.6
4498	31.486
4499	31.457
4500	31.6
4501	31.743
4502	30.543
4503	31.971
4504	31.157
4505	31.071
4506	31.514
4507	31.543
4508	30.929
4509	30.743
4510	31.286
4511	31.1
4512	31.186
4513	31.843
4514	31.014
4515	31.457
4516	30.314
4517	30.9
4518	31.757
4519	31.943
4520	30.871
4521	30.9
4522	31.014
4523	30.729
4524	30.486
4525	29.886
4526	31.243
4527	31.186
4528	30.1
4529	30.8
4530	30.1
4531	30.343
4532	30.057
4533	30.571
4534	29.6
4535	30.086
4536	29.7
4537	29.857
4538	29.643
4539	30.229
4540	29.657
4541	30.186
4542	30.029
4543	30.486
4544	29.3
4545	29.2
4546	30.057
4547	30.271
4548	30.771
4549	30.671
4550	30.529
4551	30.171
4552	31.1
4553	29.6
4554	28.786
4555	30.529
4556	29.743
4557	30.829
4558	28.971
4559	29.686
4560	30.671
4561	30.143
4562	29.371
4563	29.114
4564	29.243
4565	29.4
4566	29.214
4567	29.614
4568	29.1
4569	29.029
4570	30.457
4571	29.214
4572	29.643
4573	28.929
4574	29.886
4575	29.071
4576	29.514
4577	29.7
4578	29.343
4579	28.7
4580	29.686
4581	29.157
4582	29.071
4583	29.529
4584	29.5
4585	29.314
4586	29.857
4587	28.6
4588	29.457
4589	29.043
4590	29.143
4591	28.886
4592	29.457
4593	28.471
4594	28.357
4595	29.071
4596	29.586
4597	28.871
4598	28.871
4599	28.671
4600	28.443
4601	29.2
4602	30.271
4603	29.786
4604	29.471
4605	29.771
4606	28.629
4607	29.429
4608	29.271
4609	28.429
4610	28.614
4611	29.357
4612	28.8
4613	28.4
4614	30.143
4615	28.1
4616	28.814
4617	29.357
4618	29.214
4619	29
4620	28.614
4621	28.971
4622	28.986
4623	28.243
4624	28.571
4625	29.043
4626	28.957
4627	27.9
4628	29.5
4629	30.086
4630	29.643
4631	29.271
4632	29.129
4633	28.6
4634	29.2
4635	28.857
4636	29.243
4637	29.429
4638	29.243
4639	29.243
4640	29.714
4641	28.357
4642	29.071
4643	28.843
4644	29.286
4645	29.2
4646	29.329
4647	29.529
4648	30.1
4649	29.243
4650	28.9
4651	28.529
4652	29.386
4653	28.343
4654	29
4655	29.129
4656	29.414
4657	28.843
4658	29.657
4659	28.886
4660	28.943
4661	29.771
4662	28.971
4663	28.357
4664	28.629
4665	28.543
4666	28.957
4667	28.714
4668	29.429
4669	29.443
4670	28.871
4671	30.1
4672	29.6
4673	29.571
4674	30.171
4675	28.971
4676	28.271
4677	28.643
4678	29.543
4679	28.743
4680	29.643
4681	28.014
4682	29.414
4683	29.486
4684	29.1
4685	28.429
4686	29.443
4687	28.686
4688	29.343
4689	29.371
4690	29.657
4691	29.329
4692	28.943
4693	29.371
4694	28.586
4695	29.829
4696	28.4
4697	28.114
4698	28.343
4699	28.957
4700	28.6
4701	29.129
4702	28.9
4703	29.4
4704	29.071
4705	29.686
4706	29.843
4707	29.4
4708	29.357
4709	29.386
4710	28.243
4711	29.229
4712	29.4
4713	29.043
4714	28.514
4715	29.243
4716	28.9
4717	28.329
4718	29.214
4719	28.5
4720	29.143
4721	28.843
4722	28.5
4723	28.6
4724	28.329
4725	28.486
4726	28.971
4727	28.229
4728	28.557
4729	29.986
4730	29.486
4731	30.886
4732	30.886
4733	32.043
4734	32.957
4735	32.329
4736	32.714
4737	33.586
4738	32.7
4739	33.9
4740	35.071
4741	34.1
4742	34.043
4743	34.4
4744	34.514
4745	33.986
4746	34.186
4747	33.071
4748	34.414
4749	34.4
4750	33.671
4751	35.229
4752	34.157
4753	32.929
4754	33.086
4755	33.9
4756	33.443
4757	32.643
4758	33.214
4759	32.957
4760	32.557
4761	32.643
4762	30.914
4763	32.5
4764	32.986
4765	33.1
4766	32.3
4767	33.057
4768	32.971
4769	32.843
4770	31.743
4771	32.186
4772	32.357
4773	32.114
4774	31.457
4775	32.143
4776	31.843
4777	32.029
4778	31.614
4779	31
4780	31.371
4781	32.257
4782	32.157
4783	31.957
4784	30.914
4785	30.729
4786	29.829
4787	30.757
4788	31.257
4789	31.371
4790	30.343
4791	30.914
4792	29.957
4793	30.057
4794	29.657
4795	31.043
4796	30.543
4797	30.243
4798	30.157
4799	30.386
4800	30.2
4801	29.243
4802	30.571
4803	30.643
4804	31.043
4805	30.6
4806	30.314
4807	31.271
4808	30.514
4809	31.014
4810	30.029
4811	30.329
4812	32.271
4813	32.514
4814	32.371
4815	32.371
4816	33.743
4817	32.829
4818	34.4
4819	34.229
4820	33.629
4821	32.786
4822	33.586
4823	33.486
4824	33.7
4825	33.114
4826	33.586
4827	32.029
4828	33.357
4829	33.286
4830	32.814
4831	33.229
4832	32
4833	32.671
4834	31.871
4835	31.729
4836	32.8
4837	31.343
4838	32.114
4839	31.571
4840	31.986
4841	32.257
4842	31.657
4843	31.029
4844	31.886
4845	32.129
4846	32.171
4847	31.657
4848	31.343
4849	31.714
4850	31.657
4851	31.1
4852	31.686
4853	31.1
4854	30.229
4855	29.8
4856	30.729
4857	31.371
4858	31.7
4859	30.286
4860	30.614
4861	31.214
4862	30.014
4863	31.243
4864	30.486
4865	29.671
4866	31.414
4867	30.2
4868	30.471
4869	30.886
4870	30.7
4871	30.586
4872	30.514
4873	30.171
4874	30.414
4875	30.357
4876	30.371
4877	30.457
4878	30.743
4879	30.571
4880	30.186
4881	30.986
4882	30.571
4883	29.314
4884	30.071
4885	29.957
4886	29.714
4887	29.643
4888	30.457
4889	29.886
4890	29.786
4891	29.886
4892	30.414
4893	30.671
4894	29.271
4895	29.043
4896	29.171
4897	29.6
4898	29.914
4899	29.7
4900	29.443
4901	29.543
4902	29.443
4903	29.943
4904	30.043
4905	29.543
4906	30.2
4907	29.857
4908	29.414
4909	29.843
4910	30.143
4911	29.143
4912	30.229
4913	28.814
4914	29.143
4915	28.957
4916	29.6
4917	28.8
4918	29.571
4919	29.771
4920	29.429
4921	29.414
4922	29.557
4923	28.9
4924	28.8
4925	28.729
4926	29.729
4927	29.629
4928	29.229
4929	29.286
4930	29.457
4931	29.186
4932	29.429
4933	29.586
4934	29.243
4935	28.529
4936	29.414
4937	29.014
4938	29.643
4939	30.086
4940	29.129
4941	29.486
4942	29.157
4943	28.486
4944	29.614
4945	29.714
4946	29.9
4947	29.429
4948	29.529
4949	28.857
4950	29.329
4951	29.729
4952	29.243
4953	28.886
4954	29.257
4955	29.1
4956	28.957
4957	29.757
4958	29.2
4959	29.229
4960	29.914
4961	29.086
4962	29.243
4963	29.543
4964	28.886
4965	28.771
4966	29.871
4967	29
4968	29.329
4969	29.557
4970	27.857
4971	28.129
4972	29.4
4973	28.329
4974	28.471
4975	29.343
4976	29.343
4977	28.914
4978	29.586
4979	29.586
4980	28.329
4981	29.329
4982	28.771
4983	28.643
4984	29.4
4985	29.414
4986	29.557
4987	29.414
4988	29.586
4989	29.457
4990	29.171
4991	29.986
4992	28.843
4993	29.143
4994	28.757
4995	28.986
4996	29.443
4997	29.671
4998	29.129
4999	29.329
5000	29.514
5001	29.543
5002	29.471
5003	29.414
5004	29.086
5005	28.643
5006	28.186
5007	28.671
5008	28.214
5009	28.457
5010	28.386
5011	29.714
5012	28.314
5013	27.6
5014	28.529
5015	29.186
5016	28.543
5017	28.186
5018	29.014
5019	28.886
5020	28.286
5021	28.657
5022	28.471
5023	28.986
5024	28.9
5025	29.557
5026	31.543
5027	31.957
5028	32.486
5029	31.671
5030	32.986
5031	34.4
5032	33.6
5033	33.157
5034	34.3
5035	32.943
5036	33.643
5037	33.514
5038	34.1
5039	32.814
5040	32.414
5041	33.557
5042	33.357
5043	33.471
5044	32.229
5045	32.857
5046	33.643
5047	32.157
5048	33.686
5049	33.286
5050	33.171
5051	33.457
5052	33.143
5053	32.814
5054	33.071
5055	32.443
5056	31.971
5057	31.543
5058	32.4
5059	31.914
5060	31.929
5061	31.886
5062	31.671
5063	31.2
5064	32
5065	29.514
5066	31.5
5067	30.457
5068	31.057
5069	31.129
5070	30.986
5071	30.929
5072	32.957
5073	31.429
5074	32.114
5075	31.486
5076	30.786
5077	30.286
5078	31.214
5079	30.257
5080	30.986
5081	30.686
5082	31.214
5083	30
5084	29.929
5085	30.914
5086	31.457
5087	29.671
5088	30.914
5089	31.071
5090	29.986
5091	30.1
5092	30.043
5093	31.129
5094	30.429
5095	30.243
5096	30.486
5097	29.686
5098	30.114
5099	30.057
5100	29.314
5101	30.014
5102	30.343
5103	30.3
5104	30.071
5105	29.757
5106	29.871
5107	29.529
5108	29.929
5109	29.986
5110	30.271
5111	29.643
5112	29.471
5113	29.7
5114	29.886
5115	28.929
5116	29.843
5117	28.986
5118	28.529
5119	29.9
5120	29.386
5121	29.657
5122	29.229
5123	29.286
5124	29.957
5125	29.214
5126	29.357
5127	28.657
5128	29.2
5129	28.529
5130	29.5
5131	29.857
5132	28.571
5133	30.357
5134	29.214
5135	29.543
5136	29.829
5137	28.814
5138	29.171
5139	29.814
5140	29.671
5141	29.286
5142	29.057
5143	30.6
5144	29.5
5145	30.114
5146	29.429
5147	29.486
5148	28.729
5149	29.386
5150	29.214
5151	29.743
5152	28.929
5153	28.757
5154	29.171
5155	28.957
5156	29.486
5157	29.657
5158	28.571
5159	28.629
5160	29.457
5161	29.314
5162	31.143
5163	31.143
5164	32.5
5165	33.1
5166	32.714
5167	32.357
5168	32.829
5169	32.971
5170	31.857
5171	33.314
5172	32.571
5173	32.157
5174	33.014
5175	32.157
5176	33.143
5177	31.657
5178	32.457
5179	32.871
5180	31.614
5181	32.514
5182	32.271
5183	31.429
5184	32.486
5185	31.014
5186	31.529
5187	31.314
5188	32.214
5189	31.071
5190	31.514
5191	32.157
5192	30.629
5193	30.371
5194	30.443
5195	31.314
5196	30.929
5197	31.386
5198	30.9
5199	30.614
5200	30.143
5201	30.729
5202	30.014
5203	30.843
5204	30.043
5205	31.814
5206	31.043
5207	29.757
5208	30.529
5209	30.6
5210	30.057
5211	30.343
5212	29.686
5213	30.857
5214	30.214
5215	29.4
5216	30.029
5217	29.243
5218	29.614
5219	30.771
5220	29.114
5221	29.514
5222	30.343
5223	29.529
5224	29.214
5225	29.457
5226	30.186
5227	29.7
5228	29.229
5229	29.257
5230	29.214
5231	29.157
5232	29.6
5233	29.743
5234	28.586
5235	30.1
5236	30.286
5237	29.657
5238	30.343
5239	29.243
5240	29.457
5241	29.629
5242	28.886
5243	29.2
5244	30.1
5245	29.486
