0,038	0
0,076	-0,000484
0,114	0,000777
0,152	0,001483
0,19	0,001605
0,228	-0,004083
0,266	-0,001229
0,304	-0,003413
0,342	-0,004438
0,38	-0,002569
0,418	-0,001627
0,456	-0,001521
0,494	-0,001139
0,532	-0,001152
0,57	-0,003433
0,608	-0,000388
0,646	0,004987
0,684	0,004327
0,722	0,002756
0,76	0,001469
0,798	0,002076
0,836	0,0019
0,874	0,003152
0,912	0,002399
0,95	-0,002928
0,988	-0,002061
1,026	0,000124
1,064	0,001597
1,102	-0,003068
1,14	-0,001166
1,178	0,002845
1,216	-0,001176
1,254	-0,001931
1,292	0,002236
1,33	0,005137
1,368	0,008866
1,406	0,007522
1,444	0,009951
1,482	0,006075
1,52	0,002041
1,558	-0,00303
1,596	-0,004656
1,634	-0,002111
1,672	-0,002704
1,71	-0,003397
1,748	-0,002511
1,786	-0,002812
1,824	0,001457
1,862	0,003131
1,9	0,003623
1,938	0,005152
1,976	0,005108
2,014	0,005776
2,052	-0,000049
2,09	0,001592
2,128	0,003444
2,166	0,000334
2,204	0,000127
2,242	0,004267
2,28	0,005133
2,318	0,00419
2,356	0,004179
2,394	0,001953
2,432	0,005323
2,47	0,010966
2,508	0,008494
2,546	0,012285
2,584	0,023761
2,622	0,039311
2,66	0,055942
2,698	0,075412
2,736	0,088414
2,774	0,102657
2,812	0,113693
2,85	0,122141
2,888	0,129766
2,926	0,139417
2,964	0,141024
3,002	0,139858
3,04	0,138479
3,078	0,141855
3,116	0,141597
3,154	0,139303
3,192	0,13574
3,23	0,133141
3,268	0,13259
3,306	0,125328
3,344	0,114593
3,382	0,112168
3,42	0,10634
3,458	0,10263
3,496	0,100948
3,534	0,101294
3,572	0,098108
3,61	0,096099
3,648	0,089505
3,686	0,08627
3,724	0,084772
3,762	0,076517
3,8	0,072741
3,838	0,069197
3,876	0,066961
3,914	0,05955
3,952	0,061893
3,99	0,058276
4,028	0,058062
4,066	0,058232
4,104	0,055874
4,142	0,054754
4,18	0,054873
4,218	0,052817
4,256	0,049725
4,294	0,049459
4,332	0,047016
4,37	0,048608
4,408	0,048606
4,446	0,047426
4,484	0,049436
4,522	0,046515
4,56	0,045765
4,598	0,047439
4,636	0,04528
4,674	0,04683
4,712	0,040609
4,75	0,041156
4,788	0,039178
4,826	0,039067
4,864	0,039877
4,902	0,033235
4,94	0,028747
4,978	0,027924
5,016	0,025339
5,054	0,028242
5,092	0,028597
5,13	0,028222
5,168	0,024327
5,206	0,022239
5,244	0,026754
5,282	0,0254
5,32	0,024723
5,358	0,020523
5,396	0,021303
5,434	0,0193
5,472	0,018952
5,51	0,016474
5,548	0,014786
5,586	0,014111
5,624	0,017196
5,662	0,018224
5,7	0,017352
5,738	0,010628
5,776	0,006038
5,814	0,001215
5,852	-0,003728
5,89	-0,002753
5,928	-0,00613
5,966	-0,008206
6,004	-0,006696
6,042	-0,00829
6,08	-0,00622
6,118	-0,006166
6,156	-0,003633
6,194	-0,003342
6,232	-0,004981
6,27	-0,0042
6,308	-0,002943
6,346	-0,006494
6,384	-0,006817
6,422	-0,009044
6,46	-0,008969
6,498	-0,006568
6,536	-0,003839
6,574	-0,006189
6,612	-0,000798
6,65	-0,000811
6,688	0,003737
6,726	0,008582
6,764	0,007347
6,802	0,008029
6,84	0,00348
6,878	0,001274
6,916	0,002539
6,954	0,003131
6,992	0,001838
7,03	0,004071
7,068	0,003787
7,106	0,004969
7,144	0,00103
7,182	0,003504
7,22	0,004181
7,258	0,007133
7,296	0,002212
7,334	0,00708
7,372	0,004299
7,41	0,000761
7,448	-0,001314
7,486	0,004447
7,524	0,000027
7,562	-0,000478
7,6	-0,003041
7,638	-0,001173
7,676	0,001506
7,714	0,003249
7,752	0,005335
7,79	0,008401
7,828	0,008161
7,866	0,008811
7,904	0,006081
7,942	0,005647
7,98	0,005508
8,018	0,002123
8,056	0,003169
8,094	0,002089
8,132	0,003997
8,17	0,006355
8,208	0,005664
8,246	0,004681
8,284	0,003593
8,322	0,005075
8,36	0,0024
8,398	0,00068
8,436	0,00087
8,474	0,001523
8,512	-0,000789
8,55	-0,002899
8,588	-0,000161
8,626	-0,000113
8,664	0,000501
8,702	-0,001144
8,74	-0,002144
8,778	-0,005545
8,816	-0,004432
8,854	-0,004689
8,892	-0,001465
8,93	-0,002279
8,968	0,001743
9,006	0,002217
9,044	0,00129
9,082	0,009974
9,12	0,005704
9,158	0,006374
9,196	0,010294
9,234	0,011522
9,272	0,008559
9,31	0,005414
9,348	0,005126
9,386	0,007623
9,424	0,00697
9,462	0,004755
9,5	0,003696
9,538	0,004017
9,576	0,004148
9,614	0,007481
9,652	0,022005
9,69	0,038583
9,728	0,053788
9,766	0,073523
9,804	0,086159
9,842	0,102646
9,88	0,114555
9,918	0,124981
9,956	0,131868
9,994	0,139327
10,032	0,135287
10,07	0,135305
10,108	0,137565
10,146	0,137129
10,184	0,140764
10,222	0,140697
10,26	0,144355
10,298	0,138846
10,336	0,132398
10,374	0,129021
10,412	0,123988
10,45	0,117232
10,488	0,114301
10,526	0,114257
10,564	0,104981
10,602	0,101433
10,64	0,099127
10,678	0,099741
10,716	0,097101
10,754	0,091417
10,792	0,090282
10,83	0,086893
10,868	0,083249
10,906	0,082193
10,944	0,079151
10,982	0,076141
11,02	0,072251
11,058	0,067071
11,096	0,066495
11,134	0,059506
11,172	0,058832
11,21	0,056946
11,248	0,054963
11,286	0,056965
11,324	0,052742
11,362	0,049736
11,4	0,052011
11,438	0,054874
11,476	0,050663
11,514	0,047878
11,552	0,046903
11,59	0,043505
11,628	0,03978
11,666	0,035711
11,704	0,034092
11,742	0,032031
11,78	0,032967
11,818	0,03365
11,856	0,032298
11,894	0,033877
11,932	0,035854
11,97	0,033755
12,008	0,030732
12,046	0,032391
12,084	0,034009
12,122	0,033217
12,16	0,030637
12,198	0,029998
12,236	0,029358
12,274	0,023826
12,312	0,022388
12,35	0,020394
12,388	0,018833
12,426	0,018892
12,464	0,016677
12,502	0,019629
12,54	0,016014
12,578	0,012959
12,616	0,015386
12,654	0,016372
12,692	0,013811
12,73	0,018949
12,768	0,019842
12,806	0,015424
12,844	0,009873
12,882	0,006316
12,92	0,00344
12,958	0,001408
12,996	0,003002
13,034	-0,00156
13,072	-0,001559
13,11	-0,004097
13,148	-0,004979
13,186	-0,003933
13,224	-0,00456
13,262	-0,005461
13,3	-0,004849
13,338	-0,00424
13,376	-0,006908
13,414	-0,006719
13,452	-0,000614
13,49	-0,00103
13,528	0,001369
13,566	0,00373
13,604	0,006685
13,642	0,008392
13,68	0,006694
13,718	0,004682
13,756	0,006733
13,794	0,002108
13,832	-0,001062
13,87	-0,001146
13,908	-0,006769
13,946	-0,00567
13,984	-0,007025
14,022	-0,002649
14,06	-0,006996
14,098	-0,011029
14,136	-0,011301
14,174	-0,012863
14,212	-0,007035
14,25	-0,005788
14,288	-0,004556
14,326	-0,002853
14,364	-0,007622
14,402	-0,007669
14,44	-0,00759
14,478	-0,007968
14,516	-0,004033
14,554	-0,003115
14,592	-0,004907
14,63	-0,002492
14,668	0,003827
14,706	0,003976
14,744	0,002029
14,782	0,005295
14,82	0,008034
14,858	0,007596
14,896	0,009933
14,934	0,010282
14,972	0,008492
15,01	0,01041
15,048	0,009354
15,086	0,006258
15,124	0,003576
15,162	0,001098
15,2	0,003008
15,238	0,006793
15,276	0,005235
15,314	0,004247
15,352	0,0076
15,39	0,007158
15,428	0,005896
15,466	0,004798
15,504	0,005245
15,542	0,007319
15,58	0,009896
15,618	0,010287
15,656	0,009639
15,694	0,006794
15,732	0,007691
15,77	0,007037
15,808	0,00827
15,846	0,013176
15,884	0,009997
15,922	0,011249
15,96	0,006872
15,998	0,00678
16,036	0,017423
16,074	0,026953
16,112	0,045987
16,15	0,060633
16,188	0,079674
16,226	0,093691
16,264	0,105093
16,302	0,116588
16,34	0,120195
16,378	0,126291
16,416	0,131558
16,454	0,133389
16,492	0,139144
16,53	0,134186
16,568	0,137913
16,606	0,138327
16,644	0,13945
16,682	0,133267
16,72	0,126108
16,758	0,121737
16,796	0,115513
16,834	0,113185
16,872	0,107665
16,91	0,103946
16,948	0,099036
16,986	0,10111
17,024	0,097964
17,062	0,094518
17,1	0,097169
17,138	0,097181
17,176	0,094224
17,214	0,089513
17,252	0,090473
17,29	0,086736
17,328	0,080237
17,366	0,077584
17,404	0,074452
17,442	0,074925
17,48	0,071322
17,518	0,067866
17,556	0,064396
17,594	0,069084
17,632	0,06722
17,67	0,065215
17,708	0,064991
17,746	0,060054
17,784	0,053046
17,822	0,053681
17,86	0,049743
17,898	0,04659
17,936	0,041911
17,974	0,043136
18,012	0,039488
18,05	0,034963
18,088	0,031822
18,126	0,036921
18,164	0,042665
18,202	0,039463
18,24	0,040789
18,278	0,037022
18,316	0,039498
18,354	0,035842
18,392	0,0342
18,43	0,029946
18,468	0,028924
18,506	0,031416
18,544	0,028753
18,582	0,028768
18,62	0,02525
18,658	0,028479
18,696	0,028161
18,734	0,026995
18,772	0,026065
18,81	0,021974
18,848	0,018502
18,886	0,017582
18,924	0,017813
18,962	0,016353
19	0,01678
19,038	0,01767
19,076	0,011337
19,114	0,011533
19,152	0,005687
19,19	0,002242
19,228	0,002039
19,266	-0,001345
19,304	-0,003307
19,342	-0,000673
19,38	-0,003994
19,418	-0,00205
19,456	-0,002868
19,494	-0,000668
19,532	0,000749
19,57	-0,00009
19,608	0,002515
19,646	0,002936
19,684	0,003298
19,722	0,000395
19,76	0,002403
19,798	0,006664
19,836	0,00629
19,874	0,005361
19,912	0,005929
19,95	0,007809
19,988	0,003991
20,026	0,004752
20,064	0,003712
20,102	0,004118
20,14	0,002295
20,178	0,000452
20,216	0,001744
20,254	-0,000716
20,292	-0,003064
20,33	-0,003423
20,368	-0,002978
20,406	-0,006831
20,444	-0,006886
20,482	-0,004917
20,52	-0,004219
20,558	-0,004993
20,596	-0,011825
20,634	-0,010835
20,672	-0,007997
20,71	-0,006091
20,748	-0,008885
20,786	-0,010593
20,824	-0,003532
20,862	-0,003543
20,9	-0,004637
20,938	-0,006276
20,976	-0,008367
21,014	-0,004857
21,052	-0,003112
21,09	-0,003741
21,128	-0,005779
21,166	-0,00652
21,204	-0,004073
21,242	-0,00413
21,28	-0,001893
21,318	0,000831
21,356	0,002834
21,394	0,000782
21,432	-0,003844
21,47	-0,001222
21,508	-0,001553
21,546	-0,00405
21,584	-0,007843
21,622	-0,006359
21,66	-0,006436
21,698	-0,004408
21,736	-0,005432
21,774	-0,007567
21,812	-0,009638
21,85	-0,00812
21,888	-0,009495
21,926	-0,00924
21,964	-0,006433
22,002	-0,002714
22,04	-0,004896
22,078	-0,00482
22,116	-0,008183
22,154	-0,007811
22,192	-0,006968
22,23	-0,007364
22,268	-0,005316
22,306	0,000741
22,344	0,004373
22,382	0,007414
22,42	0,008831
22,458	0,008757
22,496	0,010359
22,534	0,013132
22,572	0,010843
22,61	0,006346
22,648	0,00123
22,686	-0,003196
22,724	-0,005061
22,762	-0,002536
22,8	-0,001275
22,838	0,002207
22,876	0,006318
22,914	0,007822
22,952	0,007383
22,99	0,021537
23,028	0,036119
23,066	0,049565
23,104	0,067044
23,142	0,084451
23,18	0,09362
23,218	0,105994
23,256	0,118818
23,294	0,124757
23,332	0,134385
23,37	0,138248
23,408	0,139823
23,446	0,140643
23,484	0,140695
23,522	0,137261
23,56	0,134216
23,598	0,1337
23,636	0,1283
23,674	0,126117
23,712	0,122823
23,75	0,121175
23,788	0,12288
23,826	0,120455
23,864	0,115038
23,902	0,111131
23,94	0,106907
23,978	0,10242
24,016	0,097003
24,054	0,094233
24,092	0,092943
24,13	0,088748
24,168	0,083997
24,206	0,080708
24,244	0,079915
24,282	0,074921
24,32	0,073283
24,358	0,067017
24,396	0,067602
24,434	0,069799
24,472	0,068845
24,51	0,064925
24,548	0,061328
24,586	0,063197
24,624	0,06418
24,662	0,065994
24,7	0,063224
24,738	0,057728
24,776	0,057243
24,814	0,05328
24,852	0,051997
24,89	0,048799
24,928	0,045224
24,966	0,04666
25,004	0,046114
25,042	0,049476
25,08	0,043398
25,118	0,039832
25,156	0,036067
25,194	0,035342
25,232	0,031442
25,27	0,030892
25,308	0,028207
25,346	0,028876
25,384	0,03254
25,422	0,030281
25,46	0,029589
25,498	0,029399
25,536	0,029049
25,574	0,028349
25,612	0,029845
25,65	0,026812
25,688	0,021714
25,726	0,019139
25,764	0,021198
25,802	0,023342
25,84	0,021173
25,878	0,020747
25,916	0,017174
25,954	0,01884
25,992	0,017998
26,03	0,016283
26,068	0,018222
26,106	0,023256
26,144	0,023813
26,182	0,021305
26,22	0,017041
26,258	0,015208
26,296	0,017496
26,334	0,016875
26,372	0,016169
26,41	0,013286
26,448	0,010292
26,486	0,010455
26,524	0,007563
26,562	0,004318
26,6	0,000296
26,638	0,000902
26,676	0,000726
26,714	0,003776
26,752	0,004092
26,79	0,004669
26,828	0,00237
26,866	-0,002523
26,904	-0,0014
26,942	-0,003663
26,98	-0,007256
27,018	-0,008715
27,056	-0,012348
27,094	-0,005048
27,132	-0,005372
27,17	-0,005114
27,208	-0,004517
27,246	-0,008992
27,284	-0,008301
27,322	-0,003756
27,36	-0,004968
27,398	-0,001152
27,436	0,00013
27,474	0,000934
27,512	0,002683
27,55	0,001546
27,588	-0,001701
27,626	-0,001407
27,664	-0,00319
27,702	0,001784
27,74	0,002123
27,778	0,001891
27,816	-0,003188
27,854	-0,001831
27,892	0,001835
27,93	-0,004956
27,968	-0,006554
28,006	-0,010572
28,044	-0,011504
28,082	-0,012285
28,12	-0,016971
28,158	-0,015961
28,196	-0,012431
28,234	-0,014261
28,272	-0,013564
28,31	-0,013189
28,348	-0,006837
28,386	-0,005762
28,424	-0,004086
28,462	-0,006966
28,5	-0,007504
28,538	-0,002406
28,576	-0,006736
28,614	-0,010759
28,652	-0,005985
28,69	-0,007674
28,728	-0,009803
28,766	-0,008804
28,804	-0,000937
28,842	0,015257
28,88	0,0315
28,918	0,046287
28,956	0,061578
28,994	0,078716
29,032	0,09431
29,07	0,106625
29,108	0,118223
29,146	0,126655
29,184	0,132104
29,222	0,131006
29,26	0,132493
29,298	0,136192
29,336	0,131634
29,374	0,131183
29,412	0,12891
29,45	0,124696
29,488	0,126317
29,526	0,127688
29,564	0,124267
29,602	0,115658
29,64	0,113711
29,678	0,118067
29,716	0,111238
29,754	0,105031
29,792	0,10242
29,83	0,100063
29,868	0,094331
29,906	0,09161
29,944	0,088873
29,982	0,088343
30,02	0,086416
30,058	0,086125
30,096	0,086619
30,134	0,086181
30,172	0,082246
30,21	0,074267
30,248	0,06674
30,286	0,065972
30,324	0,063697
30,362	0,061609
30,4	0,06269
30,438	0,057998
30,476	0,056133
30,514	0,056896
30,552	0,056243
30,59	0,05392
30,628	0,053223
30,666	0,052655
30,704	0,051977
30,742	0,051567
30,78	0,050662
30,818	0,048697
30,856	0,04636
30,894	0,044933
30,932	0,045052
30,97	0,047165
31,008	0,044829
31,046	0,043403
31,084	0,039785
31,122	0,036508
31,16	0,038038
31,198	0,036365
31,236	0,037281
31,274	0,036034
31,312	0,029966
31,35	0,032688
31,388	0,030839
31,426	0,032026
31,464	0,028244
31,502	0,030069
31,54	0,027029
31,578	0,02545
31,616	0,028933
31,654	0,031103
31,692	0,026612
31,73	0,027846
31,768	0,024179
31,806	0,02153
31,844	0,018656
31,882	0,017246
31,92	0,015842
31,958	0,019008
31,996	0,016445
32,034	0,015912
32,072	0,012439
32,11	0,014589
32,148	0,015138
32,186	0,014502
32,224	0,012604
32,262	0,01023
32,3	0,007113
32,338	0,000191
32,376	0,001069
32,414	0,001368
32,452	-0,004073
32,49	-0,002182
32,528	-0,000475
32,566	0,002286
32,604	-0,001967
32,642	-0,00094
32,68	-0,001158
32,718	-0,001695
32,756	0,004542
32,794	0,010699
32,832	0,014373
32,87	0,012372
32,908	0,010713
32,946	0,010901
32,984	0,006507
33,022	0,004432
33,06	0,002926
33,098	0,000472
33,136	0,001086
33,174	0,005112
33,212	0,006356
33,25	0,001816
33,288	0,002088
33,326	-0,002836
33,364	-0,003171
33,402	-0,005259
33,44	-0,010366
33,478	-0,014841
33,516	-0,014164
33,554	-0,010431
33,592	-0,011296
33,63	-0,007272
33,668	-0,004761
33,706	-0,003578
33,744	-0,003352
33,782	-0,003348
33,82	-0,000533
33,858	0,001755
33,896	-0,000323
33,934	0,002695
33,972	0,000506
34,01	0,003931
34,048	0,002149
34,086	-0,000805
34,124	-0,001301
34,162	-0,00605
34,2	-0,00439
34,238	-0,00471
34,276	-0,006958
34,314	-0,004441
34,352	-0,005987
34,39	-0,001247
34,428	0,000481
34,466	0,001138
34,504	0,002054
34,542	0,002469
34,58	0,007406
34,618	0,005284
34,656	0,007045
34,694	0,005367
34,732	0,000985
34,77	0,002806
34,808	0,002892
34,846	-0,000246
34,884	-0,001187
34,922	-0,000527
34,96	-0,001402
34,998	-0,000543
35,036	0,000962
35,074	0,000645
35,112	0,003682
35,15	0,008138
35,188	0,009401
35,226	0,008664
35,264	0,007631
35,302	0,008431
35,34	0,005016
35,378	0,005417
35,416	0,009623
35,454	0,015976
35,492	0,028976
35,53	0,041681
35,568	0,05994
35,606	0,072703
35,644	0,085784
35,682	0,098839
35,72	0,109154
35,758	0,118561
35,796	0,122414
35,834	0,1216
35,872	0,127089
35,91	0,125479
35,948	0,125223
35,986	0,127594
36,024	0,133142
36,062	0,137095
36,1	0,143595
36,138	0,148981
36,176	0,149649
36,214	0,147052
36,252	0,143185
36,29	0,140487
36,328	0,135246
36,366	0,133561
36,404	0,128154
36,442	0,12927
36,48	0,127184
36,518	0,125532
36,556	0,12087
36,594	0,116439
36,632	0,115993
36,67	0,111965
36,708	0,108122
36,746	0,101063
36,784	0,096214
36,822	0,09878
36,86	0,095881
36,898	0,095908
36,936	0,093415
36,974	0,093707
37,012	0,094228
37,05	0,093793
37,088	0,091349
37,126	0,087027
37,164	0,089241
37,202	0,08126
37,24	0,078225
37,278	0,080433
37,316	0,080108
37,354	0,074892
37,392	0,070783
37,43	0,066154
37,468	0,068537
37,506	0,062554
37,544	0,055792
37,582	0,054472
37,62	0,054294
37,658	0,051693
37,696	0,047447
37,734	0,04649
37,772	0,047323
37,81	0,042346
37,848	0,043287
37,886	0,042047
37,924	0,039434
37,962	0,040687
38	0,039923
38,038	0,037777
38,076	0,038978
38,114	0,036426
38,152	0,036169
38,19	0,035853
38,228	0,032512
38,266	0,033073
38,304	0,028037
38,342	0,023371
38,38	0,02549
38,418	0,024413
38,456	0,025388
38,494	0,023955
38,532	0,024573
38,57	0,01981
38,608	0,01691
38,646	0,015281
38,684	0,013152
38,722	0,020018
38,76	0,015317
38,798	0,014339
38,836	0,01355
38,874	0,018222
38,912	0,013862
38,95	0,010786
38,988	0,007218
39,026	0,007551
39,064	0,002645
39,102	0,003024
39,14	0,00312
39,178	0,00497
39,216	0,004535
39,254	0,003358
39,292	0,004675
39,33	0,002337
39,368	0,001916
39,406	0,003154
39,444	-0,001651
39,482	-0,001923
39,52	-0,005723
39,558	-0,006432
39,596	-0,007338
39,634	-0,009961
39,672	-0,008969
39,71	-0,006894
39,748	-0,007665
39,786	-0,007109
39,824	-0,006374
39,862	-0,004357
39,9	-0,003338
39,938	-0,00166
39,976	-0,003479
40,014	-0,007844
40,052	-0,006157
40,09	-0,010679
40,128	-0,0104
40,166	-0,011476
40,204	-0,007064
40,242	-0,00834
40,28	-0,009564
40,318	-0,007474
40,356	-0,004208
40,394	-0,005733
40,432	-0,004608
40,47	-0,006272
40,508	-0,005264
40,546	-0,007527
40,584	-0,006092
40,622	-0,004372
40,66	-0,000921
40,698	0,001754
40,736	0,002289
40,774	0,004114
40,812	0,006937
40,85	0,002027
40,888	-0,001017
40,926	-0,002943
40,964	-0,002161
41,002	-0,002837
41,04	-0,005009
41,078	-0,005494
41,116	-0,00593
41,154	-0,006536
41,192	-0,005059
41,23	-0,006217
41,268	-0,006702
41,306	-0,007703
41,344	-0,011134
41,382	-0,005425
41,42	-0,002085
41,458	-0,004362
41,496	-0,005425
41,534	-0,004121
41,572	-0,003651
41,61	-0,001223
41,648	0,000819
41,686	-0,000109
41,724	-0,000276
41,762	-0,001892
41,8	-0,003489
41,838	-0,001417
41,876	0,001044
41,914	0,003536
41,952	0,00476
41,99	0,00006
42,028	-0,006179
42,066	-0,008309
42,104	-0,007183
42,142	-0,005013
42,18	-0,000326
42,218	-0,000086
42,256	0,003145
42,294	0,012513
42,332	0,029551
42,37	0,046693
42,408	0,06119
42,446	0,079677
42,484	0,095432
42,522	0,105907
42,56	0,114309
42,598	0,120922
42,636	0,129716
42,674	0,130399
42,712	0,129901
42,75	0,130146
42,788	0,130074
42,826	0,12902
42,864	0,127007
42,902	0,12377
42,94	0,12455
42,978	0,115212
43,016	0,105403
43,054	0,10412
43,092	0,099903
43,13	0,095124
43,168	0,090384
43,206	0,08546
43,244	0,08441
43,282	0,084553
43,32	0,08029
43,358	0,077991
43,396	0,073431
43,434	0,067719
43,472	0,067168
43,51	0,068369
43,548	0,06606
43,586	0,065738
43,624	0,066193
43,662	0,061971
43,7	0,061719
43,738	0,060864
43,776	0,059298
43,814	0,058724
43,852	0,054297
43,89	0,049267
43,928	0,052444
43,966	0,055365
44,004	0,064046
44,042	0,075627
44,08	0,085651
44,118	0,094748
44,156	0,103433
44,194	0,10732
44,232	0,109094
44,27	0,113075
44,308	0,119244
44,346	0,117728
44,384	0,118121
44,422	0,118369
44,46	0,113534
44,498	0,114489
44,536	0,115491
44,574	0,11013
44,612	0,106119
44,65	0,10567
44,688	0,10213
44,726	0,098908
44,764	0,091129
44,802	0,085331
44,84	0,082313
44,878	0,075768
44,916	0,076511
44,954	0,073993
44,992	0,06666
45,03	0,068807
45,068	0,065187
45,106	0,060834
45,144	0,057759
45,182	0,053359
45,22	0,049243
45,258	0,047952
45,296	0,049242
45,334	0,048843
45,372	0,042866
45,41	0,035638
45,448	0,030509
45,486	0,02684
45,524	0,028992
45,562	0,027827
45,6	0,021519
45,638	0,015845
45,676	0,015169
45,714	0,019704
45,752	0,014793
45,79	0,013501
45,828	0,014362
45,866	0,014042
45,904	0,013948
45,942	0,015604
45,98	0,013708
46,018	0,011338
46,056	0,007167
46,094	0,003705
46,132	0,008161
46,17	0,006769
46,208	0,003859
46,246	0,004208
46,284	-0,000061
46,322	0,001222
46,36	-0,001777
46,398	-0,002613
46,436	-0,002503
46,474	-0,000905
46,512	-0,002717
46,55	-0,005025
46,588	-0,004845
46,626	-0,007475
46,664	-0,004452
46,702	-0,003739
46,74	-0,0012
46,778	-0,00421
46,816	-0,006229
46,854	-0,006571
46,892	-0,004596
46,93	-0,009409
46,968	-0,007879
47,006	-0,006613
47,044	-0,003716
47,082	-0,007122
47,12	-0,008368
47,158	-0,009816
47,196	-0,010793
47,234	-0,014076
47,272	-0,012511
47,31	-0,013405
47,348	-0,01634
47,386	-0,016271
47,424	-0,014705
47,462	-0,012395
47,5	-0,01381
47,538	-0,010822
47,576	-0,014321
47,614	-0,013562
47,652	-0,009844
47,69	-0,010116
47,728	-0,008758
47,766	-0,007414
47,804	-0,012238
47,842	-0,015019
47,88	-0,017112
47,918	-0,012329
47,956	-0,006943
47,994	-0,005718
48,032	-0,004717
48,07	-0,008567
48,108	-0,008257
48,146	-0,006294
48,184	-0,006486
48,222	-0,002356
48,26	-0,002049
48,298	0,003283
48,336	0,001701
48,374	0,001299
48,412	-0,002521
48,45	0,002486
48,488	0,002067
48,526	0,002403
48,564	0,008117
48,602	0,005609
48,64	0,002845
48,678	-0,000702
48,716	-0,001656
48,754	0,00033
48,792	-0,009668
48,83	-0,012723
48,868	-0,010099
48,906	-0,008606
48,944	-0,012948
48,982	-0,010866
49,02	-0,009455
49,058	-0,007951
49,096	-0,004995
49,134	-0,000467
49,172	-0,00064
49,21	-0,001599
49,248	-0,006179
49,286	-0,002327
49,324	0,001126
49,362	-0,003644
49,4	-0,006102
49,438	-0,006648
49,476	-0,007569
49,514	-0,005831
49,552	-0,00805
49,59	-0,004271
49,628	-0,004442
49,666	-0,002447
49,704	-0,004319
49,742	-0,002138
49,78	0,000568
49,818	-0,000138
49,856	0,00003
49,894	-0,001403
49,932	-0,001329
49,97	0,006236
50,008	0,00577
50,046	0,006425
50,084	0,009311
50,122	0,022475
50,16	0,035651
50,198	0,048835
50,236	0,057302
50,274	0,069711
50,312	0,077608
50,35	0,089835
50,388	0,097143
50,426	0,105393
50,464	0,110426
50,502	0,115918
50,54	0,120699
50,578	0,118273
50,616	0,119043
50,654	0,118093
50,692	0,11361
50,73	0,11042
50,768	0,108298
50,806	0,101533
50,844	0,095941
50,882	0,095471
50,92	0,093489
50,958	0,085019
50,996	0,085363
51,034	0,086824
51,072	0,082946
51,11	0,082074
51,148	0,078157
51,186	0,075212
51,224	0,072051
51,262	0,069513
51,3	0,071498
51,338	0,062953
51,376	0,062948
51,414	0,060911
51,452	0,05719
51,49	0,058266
51,528	0,056978
51,566	0,056717
51,604	0,050825
51,642	0,047846
51,68	0,047278
51,718	0,046227
51,756	0,045583
51,794	0,04374
51,832	0,041128
51,87	0,035178
51,908	0,036522
51,946	0,036981
51,984	0,039477
52,022	0,03237
52,06	0,032169
52,098	0,035139
52,136	0,036945
52,174	0,03814
52,212	0,036129
52,25	0,035258
52,288	0,029937
52,326	0,027926
52,364	0,02567
52,402	0,022627
52,44	0,021339
52,478	0,020846
52,516	0,020867
52,554	0,018911
52,592	0,016992
52,63	0,01502
52,668	0,014022
52,706	0,010996
52,744	0,013184
52,782	0,008246
52,82	0,0092
52,858	0,012345
52,896	0,013607
52,934	0,014184
52,972	0,016304
53,01	0,012799
53,048	0,010885
53,086	0,006659
53,124	0,002626
53,162	0,001224
53,2	0,001489
53,238	-0,000564
53,276	0,003667
53,314	0,004464
53,352	0,009528
53,39	0,010291
53,428	0,010324
53,466	0,016354
53,504	0,009868
53,542	0,010936
53,58	0,007526
53,618	0,008891
53,656	0,007613
53,694	0,001899
53,732	0,004051
53,77	-0,000332
53,808	-0,001202
53,846	0,001063
53,884	-0,001111
53,922	0,000446
53,96	-0,000712
53,998	0,003791
54,036	0,002548
54,074	-0,004182
54,112	-0,00174
54,15	-0,003607
54,188	0,000184
54,226	-0,000051
54,264	-0,003624
54,302	-0,001685
54,34	-0,00346
54,378	-0,008023
54,416	-0,008212
54,454	-0,007029
54,492	-0,009512
54,53	-0,011906
54,568	-0,006808
54,606	-0,002342
54,644	-0,00262
54,682	-0,00028
54,72	0,002407
54,758	0,00509
54,796	0,005513
54,834	0,003992
54,872	-0,000454
54,91	0,001198
54,948	-0,002877
54,986	-0,003686
55,024	-0,004558
55,062	-0,004827
55,1	0,000138
55,138	0,001496
55,176	0,004094
55,214	0,00604
55,252	0,010071
55,29	0,011744
55,328	0,008767
55,366	0,006754
55,404	0,007575
55,442	0,008923
55,48	0,008154
55,518	0,009351
55,556	0,008893
55,594	0,008377
55,632	0,007012
55,67	0,005891
55,708	0,001908
55,746	0,00219
55,784	-0,001653
55,822	0,000496
55,86	-0,00027
55,898	0,002532
55,936	0,000488
55,974	0,001943
56,012	-0,000342
56,05	0,001425
56,088	0,003043
56,126	0,003895
56,164	0,001044
56,202	0,002861
56,24	-0,003205
56,278	-0,004927
56,316	-0,002248
56,354	0,001816
56,392	-0,001154
56,43	-0,004401
56,468	-0,008314
56,506	-0,002408
56,544	-0,006269
56,582	-0,004044
56,62	-0,002479
56,658	-0,001023
56,696	-0,003092
56,734	0,000104
56,772	0,004151
56,81	0,00554
56,848	0,007215
56,886	0,013583
56,924	0,009363
56,962	0,008877
57	0,004756
57,038	0,004716
57,076	0,001475
57,114	-0,001054
57,152	-0,000141
57,19	0,000988
57,228	-0,001068
57,266	0,001551
57,304	0,001316
57,342	0,007126
57,38	0,009238
57,418	0,007552
57,456	0,004701
57,494	0,003223
57,532	0,007273
57,57	0,010414
57,608	0,010751
57,646	0,008035
57,684	0,009084
57,722	0,007545
57,76	0,007371
57,798	0,005183
57,836	0,003082
57,874	0,004347
57,912	0,005179
57,95	0,00558
57,988	0,008623
58,026	0,010343
58,064	0,010597
58,102	0,013666
58,14	0,011674
58,178	0,010832
58,216	0,010649
58,254	0,0217
58,292	0,0321
58,33	0,045619
58,368	0,060695
58,406	0,08043
58,444	0,090038
58,482	0,099681
58,52	0,109643
58,558	0,116067
58,596	0,121754
58,634	0,124926
58,672	0,124481
58,71	0,130997
58,748	0,129658
58,786	0,128698
58,824	0,125929
58,862	0,119318
58,9	0,117432
58,938	0,112431
58,976	0,111951
59,014	0,108408
59,052	0,101376
59,09	0,096799
59,128	0,087664
59,166	0,083469
59,204	0,083586
59,242	0,082365
59,28	0,078207
59,318	0,075276
59,356	0,069484
59,394	0,068707
59,432	0,068126
59,47	0,06646
59,508	0,059359
59,546	0,056021
59,584	0,054631
59,622	0,051631
59,66	0,044738
59,698	0,044502
59,736	0,046048
59,774	0,04497
59,812	0,039156
59,85	0,035931
59,888	0,031413
59,926	0,033935
59,964	0,03154
60,002	0,030265
60,04	0,028967
60,078	0,027652
60,116	0,027053
60,154	0,024932
60,192	0,021329
60,23	0,023222
60,268	0,022799
60,306	0,023305
60,344	0,01947
60,382	0,018166
60,42	0,023708
60,458	0,021116
60,496	0,019307
60,534	0,01749
60,572	0,016469
60,61	0,017269
60,648	0,010971
60,686	0,011196
60,724	0,0158
60,762	0,017537
60,8	0,020185
60,838	0,019646
60,876	0,019962
60,914	0,021919
60,952	0,024705
60,99	0,022049
61,028	0,016788
61,066	0,016072
61,104	0,014553
61,142	0,009622
61,18	0,013719
61,218	0,013091
61,256	0,010238
61,294	0,009551
61,332	0,007475
61,37	0,001053
61,408	-0,001776
61,446	-0,003301
61,484	-0,003527
61,522	-0,001881
61,56	-0,001664
61,598	-0,005467
61,636	-0,007509
61,674	-0,004825
61,712	-0,004839
61,75	-0,000548
61,788	0,003164
61,826	0,001961
61,864	0,003157
61,902	0,006052
61,94	0,005987
61,978	0,003762
62,016	0,002659
62,054	0,005175
62,092	0,005012
62,13	0,008234
62,168	0,002978
62,206	0,00293
62,244	0,004574
62,282	0,015622
62,32	0,027035
62,358	0,040791
62,396	0,054882
62,434	0,068888
62,472	0,079691
62,51	0,091411
62,548	0,099086
62,586	0,104499
62,624	0,113358
62,662	0,117498
62,7	0,119183
62,738	0,118326
62,776	0,114346
62,814	0,107267
62,852	0,105926
62,89	0,107807
62,928	0,100484
62,966	0,098357
63,004	0,093614
63,042	0,093625
63,08	0,085845
63,118	0,082174
63,156	0,078774
63,194	0,073922
63,232	0,071144
63,27	0,073801
63,308	0,070323
63,346	0,071818
63,384	0,071746
63,422	0,069213
63,46	0,066244
63,498	0,064079
63,536	0,058357
63,574	0,055807
63,612	0,05559
63,65	0,052789
63,688	0,050327
63,726	0,047853
63,764	0,043111
63,802	0,040863
63,84	0,041845
63,878	0,042514
63,916	0,036802
63,954	0,029451
63,992	0,03007
64,03	0,029856
64,068	0,032009
64,106	0,029715
64,144	0,029639
64,182	0,024258
64,22	0,020823
64,258	0,012951
64,296	0,009858
64,334	0,010143
64,372	0,008484
64,41	0,006598
64,448	0,00729
64,486	0,005823
64,524	0,007666
64,562	0,009408
64,6	0,008371
64,638	0,01057
64,676	0,008455
64,714	0,007279
64,752	0,008257
64,79	0,007667
64,828	0,004687
64,866	0,004973
64,904	0,003305
64,942	0,000686
64,98	0,000126
65,018	0,003689
65,056	0,000253
65,094	-0,000385
65,132	0,001
65,17	-0,00154
65,208	-0,00092
65,246	0,001221
65,284	-0,002884
65,322	-0,004364
65,36	-0,008556
65,398	-0,003982
65,436	-0,004841
65,474	-0,002979
65,512	-0,005501
65,55	-0,003558
65,588	-0,002586
65,626	-0,002788
65,664	-0,003958
65,702	0,002245
65,74	0,007106
65,778	0,010634
65,816	0,018245
65,854	0,033911
65,892	0,04792
65,93	0,064868
65,968	0,07687
66,006	0,086384
66,044	0,091062
66,082	0,10145
66,12	0,105241
66,158	0,108833
66,196	0,114523
66,234	0,114129
66,272	0,111183
66,31	0,108097
66,348	0,106281
66,386	0,103323
66,424	0,099495
66,462	0,095163
66,5	0,092901
66,538	0,089427
66,576	0,082465
66,614	0,08058
66,652	0,077125
66,69	0,075515
66,728	0,075285
66,766	0,072905
66,804	0,069699
66,842	0,06632
66,88	0,06455
66,918	0,057969
66,956	0,053624
66,994	0,048202
67,032	0,047591
67,07	0,050238
67,108	0,048336
67,146	0,0464
67,184	0,053651
67,222	0,06295
67,26	0,07168
67,298	0,078179
67,336	0,088612
67,374	0,098573
67,412	0,103899
67,45	0,109774
67,488	0,110473
67,526	0,113836
67,564	0,1175
67,602	0,11578
67,64	0,113556
67,678	0,109301
67,716	0,106585
67,754	0,10756
67,792	0,105954
67,83	0,104262
67,868	0,100228
67,906	0,096157
67,944	0,092714
67,982	0,085842
68,02	0,08213
68,058	0,080009
68,096	0,077595
68,134	0,074938
68,172	0,074058
68,21	0,073913
68,248	0,067427
68,286	0,061104
68,324	0,059015
68,362	0,055298
68,4	0,05835
68,438	0,053828
68,476	0,052449
68,514	0,05342
68,552	0,046286
68,59	0,046349
68,628	0,043137
68,666	0,040984
68,704	0,036891
68,742	0,0376
68,78	0,032572
68,818	0,033255
68,856	0,034332
68,894	0,033433
68,932	0,028882
68,97	0,025374
69,008	0,022806
69,046	0,019288
69,084	0,01911
69,122	0,019338
69,16	0,015725
69,198	0,013213
69,236	0,013143
69,274	0,008971
69,312	0,009193
69,35	0,010238
69,388	0,009877
69,426	0,008933
69,464	0,000652
69,502	-0,002518
69,54	-0,006935
69,578	-0,006616
69,616	-0,004888
69,654	-0,003584
69,692	-0,000034
69,73	-0,000026
69,768	-0,002798
69,806	0,001158
69,844	0,000931
69,882	0,002729
69,92	0,000353
69,958	-0,001873
69,996	-0,000719
70,034	-0,001251
70,072	-0,003399
70,11	-0,006161
70,148	-0,005382
70,186	-0,005282
70,224	-0,00429
70,262	-0,005593
70,3	-0,002644
70,338	-0,004288
70,376	-0,006259
70,414	-0,003938
70,452	-0,004296
70,49	-0,00702
70,528	-0,005254
70,566	-0,008469
70,604	-0,007617
70,642	-0,007387
70,68	-0,006586
70,718	-0,003933
70,756	-0,001561
70,794	0,000865
70,832	0,002176
70,87	0,001108
70,908	0,003444
70,946	0,004604
70,984	0,003263
71,022	0,00261
71,06	-0,001543
71,098	-0,002054
71,136	-0,001296
71,174	-0,000208
71,212	0,001666
71,25	0,001504
71,288	0,000756
71,326	-0,00317
71,364	-0,00506
71,402	-0,010425
71,44	-0,008042
71,478	-0,008272
71,516	-0,007244
71,554	-0,005104
71,592	-0,008242
71,63	-0,007647
71,668	-0,006368
71,706	-0,009707
71,744	-0,012347
71,782	-0,007764
71,82	-0,005966
71,858	-0,004867
71,896	-0,005814
71,934	-0,003631
71,972	-0,006534
72,01	-0,005827
72,048	-0,006518
72,086	-0,005075
72,124	-0,000477
72,162	-0,000795
72,2	-0,004883
72,238	-0,005872
72,276	-0,006566
72,314	-0,000708
72,352	-0,00695
72,39	-0,007594
72,428	-0,009327
72,466	-0,007628
72,504	-0,013272
72,542	-0,014283
72,58	-0,008665
72,618	-0,010932
72,656	-0,008928
72,694	-0,003009
72,732	-0,007978
72,77	-0,007764
72,808	-0,008193
72,846	-0,011439
72,884	-0,005821
72,922	-0,003696
72,96	-0,003653
72,998	-0,003201
73,036	-0,008608
73,074	-0,004335
73,112	-0,00924
73,15	-0,004182
73,188	-0,005712
73,226	-0,002656
73,264	0,006487
73,302	0,018899
73,34	0,03616
73,378	0,050269
73,416	0,064206
73,454	0,079257
73,492	0,088426
73,53	0,100121
73,568	0,107248
73,606	0,113031
73,644	0,117775
73,682	0,121732
73,72	0,122888
73,758	0,12091
73,796	0,115074
73,834	0,108264
73,872	0,101537
73,91	0,099173
73,948	0,096348
73,986	0,095286
74,024	0,084425
74,062	0,085081
74,1	0,085568
74,138	0,081543
74,176	0,080746
74,214	0,080026
74,252	0,078926
74,29	0,077807
74,328	0,07467
74,366	0,068748
74,404	0,068531
74,442	0,065989
74,48	0,067234
74,518	0,062787
74,556	0,061934
74,594	0,06072
74,632	0,062247
74,67	0,057587
74,708	0,061158
74,746	0,057444
74,784	0,053488
74,822	0,051777
74,86	0,051261
74,898	0,05262
74,936	0,049228
74,974	0,047761
75,012	0,046331
75,05	0,045672
75,088	0,04402
75,126	0,044216
75,164	0,041937
75,202	0,045772
75,24	0,036998
75,278	0,037089
75,316	0,036428
75,354	0,029498
75,392	0,026734
75,43	0,024375
75,468	0,022501
75,506	0,023552
75,544	0,02361
75,582	0,018389
75,62	0,021571
75,658	0,021981
75,696	0,02381
75,734	0,018933
75,772	0,019349
75,81	0,015825
75,848	0,014756
75,886	0,015482
75,924	0,011437
75,962	0,010477
76	0,011161
76,038	0,011503
76,076	0,015639
76,114	0,013583
76,152	0,018923
76,19	0,016909
76,228	0,014144
76,266	0,016009
76,304	0,018752
76,342	0,017935
76,38	0,01691
76,418	0,018741
76,456	0,013708
76,494	0,012086
76,532	0,008954
76,57	0,010548
76,608	0,008752
76,646	0,010211
76,684	0,006256
76,722	0,004681
76,76	0,000205
76,798	-0,000619
76,836	-0,004324
76,874	-0,005767
76,912	-0,004228
76,95	-0,003908
76,988	-0,005412
77,026	-0,002593
77,064	0,001884
77,102	0,001683
77,14	0,00521
77,178	0,003706
77,216	0,004234
77,254	0,004969
77,292	0,002553
77,33	0,003214
77,368	0,004799
77,406	0,004267
77,444	0,003312
77,482	0,005477
77,52	0,003951
77,558	0,003721
77,596	0,003396
77,634	0,008529
77,672	0,008433
77,71	0,004673
77,748	0,005267
77,786	-0,000793
77,824	-0,000318
77,862	-0,005142
77,9	-0,008664
77,938	-0,010808
77,976	-0,007155
78,014	-0,003493
78,052	-0,00019
78,09	-0,005607
78,128	-0,00677
78,166	-0,008187
78,204	-0,006108
78,242	-0,003134
78,28	-0,005722
78,318	-0,003059
78,356	-0,004429
78,394	-0,003799
78,432	-0,011689
78,47	-0,012006
78,508	-0,01066
78,546	-0,014027
78,584	-0,009636
78,622	-0,00729
78,66	-0,005453
78,698	-0,002775
78,736	-0,006988
78,774	-0,005526
78,812	-0,005024
78,85	-0,003603
78,888	-0,004923
78,926	-0,002929
78,964	-0,002065
79,002	0,002705
79,04	0,003928
79,078	0,00117
79,116	-0,00161
79,154	-0,000156
79,192	0,002191
79,23	0,003415
79,268	0,0049
79,306	0,002722
79,344	0,004894
79,382	0,016565
79,42	0,031625
79,458	0,044788
79,496	0,054889
79,534	0,068872
79,572	0,077187
79,61	0,089465
79,648	0,098233
79,686	0,103419
79,724	0,107433
79,762	0,109654
79,8	0,11218
79,838	0,11384
79,876	0,108802
79,914	0,110773
79,952	0,108456
79,99	0,104536
80,028	0,100253
80,066	0,097242
80,104	0,093714
80,142	0,086691
80,18	0,079617
80,218	0,081543
80,256	0,079785
80,294	0,07617
80,332	0,069597
80,37	0,065433
80,408	0,067302
80,446	0,064743
80,484	0,062557
80,522	0,066139
80,56	0,062756
80,598	0,067741
80,636	0,064021
80,674	0,06364
80,712	0,058692
80,75	0,057667
80,788	0,057798
80,826	0,061876
80,864	0,057477
80,902	0,053765
80,94	0,048152
80,978	0,049421
81,016	0,050776
81,054	0,046963
81,092	0,045305
81,13	0,042666
81,168	0,04228
81,206	0,042563
81,244	0,041825
81,282	0,039647
81,32	0,035376
81,358	0,03334
81,396	0,035023
81,434	0,03395
81,472	0,029016
81,51	0,025229
81,548	0,025831
81,586	0,026028
81,624	0,026188
81,662	0,026839
81,7	0,025724
81,738	0,027941
81,776	0,027302
81,814	0,027422
81,852	0,025247
81,89	0,023788
81,928	0,019404
81,966	0,017608
82,004	0,015713
82,042	0,0164
82,08	0,01778
82,118	0,016145
82,156	0,015458
82,194	0,016679
82,232	0,014487
82,27	0,013422
82,308	0,017539
82,346	0,018128
82,384	0,013343
82,422	0,009546
82,46	0,010583
82,498	0,008044
82,536	0,009611
82,574	0,014216
82,612	0,010935
82,65	0,011016
82,688	0,008985
82,726	0,009079
82,764	0,008338
82,802	0,005643
82,84	0,00342
82,878	0,004483
82,916	-0,000041
82,954	0,000336
82,992	-0,002956
83,03	0,002536
83,068	-0,003201
83,106	-0,004325
83,144	-0,006682
83,182	-0,006933
83,22	-0,005144
83,258	-0,008
83,296	-0,008665
83,334	-0,00983
83,372	-0,007829
83,41	-0,010052
83,448	-0,011378
83,486	-0,012782
83,524	-0,008279
83,562	-0,007848
83,6	-0,005788
83,638	-0,00933
83,676	-0,007348
83,714	-0,008645
83,752	-0,008995
83,79	-0,009758
83,828	-0,011016
83,866	-0,009913
83,904	-0,007159
83,942	-0,006108
83,98	-0,002497
84,018	0,001732
84,056	-0,001474
84,094	-0,000643
84,132	0,002857
84,17	-0,004491
84,208	-0,004311
84,246	-0,006608
84,284	-0,006302
84,322	-0,006094
84,36	-0,001538
84,398	-0,000367
84,436	-0,001475
84,474	-0,003868
84,512	-0,00252
84,55	-0,006491
84,588	-0,009081
84,626	-0,001503
84,664	0,004267
84,702	0,002672
84,74	-0,000357
84,778	0,001289
84,816	0,004853
84,854	0,005489
84,892	0,011225
84,93	0,010348
84,968	0,006101
85,006	0,009673
85,044	0,01242
85,082	0,010344
85,12	0,006906
85,158	0,004374
85,196	0,005752
85,234	0,003442
85,272	0,005985
85,31	0,009757
85,348	0,009954
85,386	0,010733
85,424	0,00747
85,462	0,015474
85,5	0,02942
85,538	0,042709
85,576	0,059221
85,614	0,071625
85,652	0,084843
85,69	0,091501
85,728	0,099585
85,766	0,108246
85,804	0,109399
85,842	0,114278
85,88	0,116063
85,918	0,113104
85,956	0,116764
85,994	0,115959
86,032	0,111904
86,07	0,11104
86,108	0,108824
86,146	0,10413
86,184	0,105146
86,222	0,105616
86,26	0,099226
86,298	0,091677
86,336	0,08837
86,374	0,08639
86,412	0,082871
86,45	0,080338
86,488	0,075077
86,526	0,074718
86,564	0,074273
86,602	0,07217
86,64	0,065604
86,678	0,064536
86,716	0,062822
86,754	0,061024
86,792	0,055159
86,83	0,057013
86,868	0,052666
86,906	0,051099
86,944	0,052589
86,982	0,049752
87,02	0,047926
87,058	0,045204
87,096	0,04204
87,134	0,045145
87,172	0,040627
87,21	0,034998
87,248	0,029278
87,286	0,024163
87,324	0,02158
87,362	0,022604
87,4	0,025109
87,438	0,042546
87,476	0,055617
87,514	0,068842
87,552	0,080354
87,59	0,093084
87,628	0,095826
87,666	0,101519
87,704	0,105661
87,742	0,106944
87,78	0,10285
87,818	0,102809
87,856	0,10394
87,894	0,104458
87,932	0,103108
87,97	0,096302
88,008	0,093701
88,046	0,090526
88,084	0,083721
88,122	0,084777
88,16	0,084282
88,198	0,08105
88,236	0,079335
88,274	0,074215
88,312	0,074888
88,35	0,075126
88,388	0,072545
88,426	0,066749
88,464	0,0659
88,502	0,065948
88,54	0,063393
88,578	0,057575
88,616	0,050999
88,654	0,050112
88,692	0,046366
88,73	0,043897
88,768	0,04004
88,806	0,040077
88,844	0,040451
88,882	0,04148
88,92	0,037727
88,958	0,037858
88,996	0,037364
89,034	0,032739
89,072	0,027208
89,11	0,026094
89,148	0,023553
89,186	0,018136
89,224	0,014691
89,262	0,010821
89,3	0,011019
89,338	0,01004
89,376	0,009208
89,414	0,009529
89,452	0,010142
89,49	0,007616
89,528	0,007289
89,566	0,010548
89,604	0,007214
89,642	0,008425
89,68	0,003175
89,718	0,001117
89,756	0,003765
89,794	0,009951
89,832	0,001035
89,87	-0,004853
89,908	-0,003229
89,946	-0,006334
89,984	0,000423
90,022	-0,002693
90,06	-0,007282
90,098	-0,006156
90,136	-0,006559
90,174	-0,005544
90,212	-0,002473
90,25	-0,00265
90,288	-0,007816
90,326	-0,01076
90,364	-0,011107
90,402	-0,013675
90,44	-0,013862
90,478	-0,01275
90,516	-0,016418
90,554	-0,016621
90,592	-0,012094
90,63	-0,01077
90,668	-0,010617
90,706	-0,016865
90,744	-0,012209
90,782	-0,012656
90,82	-0,009668
90,858	-0,009646
90,896	-0,014917
90,934	-0,012427
90,972	-0,01335
91,01	-0,008301
91,048	-0,007486
91,086	-0,006971
91,124	-0,000581
91,162	0,000063
91,2	-0,002262
91,238	-0,00473
91,276	-0,007843
91,314	-0,010444
91,352	-0,011803
91,39	-0,009362
91,428	-0,005198
91,466	-0,007024
91,504	-0,004296
91,542	0,002125
91,58	0,013404
91,618	0,026611
91,656	0,043961
91,694	0,058367
91,732	0,069361
91,77	0,082701
91,808	0,089807
91,846	0,095273
91,884	0,10111
91,922	0,1065
91,96	0,107314
91,998	0,106064
92,036	0,106485
92,074	0,1013
92,112	0,097483
92,15	0,096601
92,188	0,099427
92,226	0,091339
92,264	0,084889
92,302	0,08175
92,34	0,081502
92,378	0,0756
92,416	0,071031
92,454	0,072382
92,492	0,064036
92,53	0,062033
92,568	0,059938
92,606	0,054984
92,644	0,055559
92,682	0,049879
92,72	0,04677
92,758	0,052414
92,796	0,052658
92,834	0,047751
92,872	0,051907
92,91	0,047904
92,948	0,051078
92,986	0,051005
93,024	0,0441
93,062	0,045849
93,1	0,045196
93,138	0,04542
93,176	0,039435
93,214	0,03976
93,252	0,033334
93,29	0,03141
93,328	0,027412
93,366	0,026219
93,404	0,029079
93,442	0,027763
93,48	0,029016
93,518	0,027873
93,556	0,027911
93,594	0,027948
93,632	0,027081
93,67	0,02523
93,708	0,027309
93,746	0,026692
93,784	0,023012
93,822	0,023729
93,86	0,021305
93,898	0,01764
93,936	0,021382
93,974	0,019654
94,012	0,0186
94,05	0,016592
94,088	0,015218
94,126	0,013769
94,164	0,015114
94,202	0,011245
94,24	0,008864
94,278	0,004249
94,316	0,000962
94,354	0,000742
94,392	0,00201
94,43	-0,00325
94,468	-0,00171
94,506	-0,002378
94,544	-0,005696
94,582	-0,003217
94,62	-0,00393
94,658	-0,002989
94,696	-0,005658
94,734	-0,003698
94,772	0,001414
94,81	0,002273
94,848	0,00323
94,886	0,000118
94,924	-0,001236
94,962	0,001813
95	0,00239
95,038	0,004467
95,076	0,003563
95,114	0,00381
95,152	0,013012
95,19	0,025403
95,228	0,037112
95,266	0,051202
95,304	0,064997
95,342	0,075979
95,38	0,085842
95,418	0,093946
95,456	0,098854
95,494	0,102703
95,532	0,111114
95,57	0,112951
95,608	0,112065
95,646	0,11323
95,684	0,110348
95,722	0,108879
95,76	0,108653
95,798	0,10719
95,836	0,103266
95,874	0,098662
95,912	0,088282
95,95	0,09088
95,988	0,086082
96,026	0,083251
96,064	0,079778
96,102	0,07653
96,14	0,073619
96,178	0,073332
96,216	0,068259
96,254	0,067922
96,292	0,061823
96,33	0,057611
96,368	0,056167
96,406	0,052709
96,444	0,053705
96,482	0,049694
96,52	0,041538
96,558	0,036451
96,596	0,037308
96,634	0,036662
96,672	0,03371
96,71	0,035199
96,748	0,032731
96,786	0,032352
96,824	0,030152
96,862	0,030449
96,9	0,031304
96,938	0,030426
96,976	0,031819
97,014	0,036302
97,052	0,040394
97,09	0,036296
97,128	0,032074
97,166	0,028957
97,204	0,026985
97,242	0,026488
97,28	0,027894
97,318	0,024218
97,356	0,023144
97,394	0,02354
97,432	0,018801
97,47	0,018282
97,508	0,018158
97,546	0,015863
97,584	0,015324
97,622	0,021834
97,66	0,030691
97,698	0,040502
97,736	0,054355
97,774	0,067851
97,812	0,080637
97,85	0,093038
97,888	0,09564
97,926	0,096966
97,964	0,104782
98,002	0,107042
98,04	0,108103
98,078	0,111485
98,116	0,112655
98,154	0,110723
98,192	0,109685
98,23	0,108641
98,268	0,103695
98,306	0,097924
98,344	0,093578
98,382	0,091234
98,42	0,089803
98,458	0,08382
98,496	0,081927
98,534	0,076166
98,572	0,073117
98,61	0,069324
98,648	0,064771
98,686	0,058546
98,724	0,055494
98,762	0,054847
98,8	0,053951
98,838	0,0495
98,876	0,045537
98,914	0,03982
98,952	0,036005
98,99	0,033917
99,028	0,034079
99,066	0,033422
99,104	0,033656
99,142	0,034106
99,18	0,030346
99,218	0,031139
99,256	0,02975
99,294	0,032726
99,332	0,031664
99,37	0,033204
99,408	0,031327
99,446	0,027514
99,484	0,022397
99,522	0,018357
99,56	0,015728
99,598	0,014934
99,636	0,010468
99,674	0,010011
99,712	0,006272
99,75	0,006211
99,788	0,007573
99,826	0,006486
99,864	0,004934
99,902	0,002852
99,94	0,005158
99,978	0,005467
100,016	0,00435
100,054	-0,000024
100,092	-0,001821
100,13	-0,001849
100,168	-0,004561
100,206	-0,007851
100,244	-0,007234
100,282	-0,005829
100,32	-0,009121
100,358	-0,011916
100,396	-0,011533
100,434	-0,00919
100,472	-0,01171
100,51	-0,013851
100,548	-0,016125
100,586	-0,012158
100,624	-0,015434
100,662	-0,014386
100,7	-0,009459
100,738	-0,011957
100,776	-0,013338
100,814	-0,013635
100,852	-0,01446
100,89	-0,016629
100,928	-0,016458
100,966	-0,015172
101,004	-0,011221
101,042	-0,011086
101,08	-0,010712
101,118	-0,013536
101,156	-0,014641
101,194	-0,015599
101,232	-0,014928
101,27	-0,012612
101,308	-0,014525
101,346	-0,021386
101,384	-0,012665
101,422	-0,019042
101,46	-0,017408
101,498	-0,018007
101,536	-0,019321
101,574	-0,013872
101,612	-0,012006
101,65	-0,01463
101,688	-0,012166
101,726	-0,016435
101,764	-0,012291
101,802	-0,010386
101,84	-0,012925
101,878	-0,011308
101,916	-0,007543
101,954	-0,005737
101,992	0,002374
102,03	0,001984
102,068	0,005605
102,106	0,004462
102,144	0,003415
102,182	0,000534
102,22	0,000183
102,258	0,000396
102,296	-0,000377
102,334	0,002312
102,372	0,004122
102,41	-0,001604
102,448	-0,001411
102,486	-0,005337
102,524	-0,009765
102,562	-0,013768
102,6	-0,011216
102,638	-0,009132
102,676	-0,004295
102,714	-0,006829
102,752	-0,005885
102,79	-0,006052
102,828	-0,008292
102,866	-0,006647
102,904	-0,009079
102,942	-0,007674
102,98	-0,004933
103,018	-0,006079
103,056	-0,003841
103,094	-0,001183
103,132	0,002054
103,17	-0,000764
103,208	-0,001607
103,246	-0,001275
103,284	0,00257
103,322	0,001937
103,36	0,005442
103,398	0,002448
103,436	0,006996
103,474	0,004401
103,512	0,006278
103,55	0,004238
103,588	0,003725
103,626	0,003322
103,664	0,004628
103,702	0,00673
103,74	0,017425
103,778	0,028767
103,816	0,040568
103,854	0,05845
103,892	0,070271
103,93	0,08077
103,968	0,091255
104,006	0,091937
104,044	0,097375
104,082	0,103665
104,12	0,10488
104,158	0,107906
104,196	0,103022
104,234	0,100842
104,272	0,099512
104,31	0,095953
104,348	0,097183
104,386	0,095514
104,424	0,094529
104,462	0,095804
104,5	0,088152
104,538	0,085377
104,576	0,085169
104,614	0,085856
104,652	0,084735
104,69	0,083044
104,728	0,079721
104,766	0,07829
104,804	0,074643
104,842	0,070933
104,88	0,067559
104,918	0,066239
104,956	0,068471
104,994	0,063765
105,032	0,06327
105,07	0,063945
105,108	0,063661
105,146	0,059571
105,184	0,05835
105,222	0,056571
105,26	0,04993
105,298	0,049377
105,336	0,048152
105,374	0,040267
105,412	0,038608
105,45	0,036697
105,488	0,033882
105,526	0,033254
105,564	0,032428
105,602	0,032134
105,64	0,025021
105,678	0,02508
105,716	0,027061
105,754	0,025538
105,792	0,023654
105,83	0,02178
105,868	0,019293
105,906	0,018141
105,944	0,015307
105,982	0,013632
106,02	0,013994
106,058	0,013886
106,096	0,014378
106,134	0,015836
106,172	0,019935
106,21	0,021592
106,248	0,018843
106,286	0,018296
106,324	0,021035
106,362	0,021951
106,4	0,016865
106,438	0,016128
106,476	0,014991
106,514	0,011221
106,552	0,006513
106,59	0,004737
106,628	0,003236
106,666	0,00727
106,704	0,007976
106,742	0,008628
106,78	0,009465
106,818	0,005617
106,856	0,003881
106,894	0,003281
106,932	0,000932
106,97	0,002435
107,008	0,000906
107,046	0,003472
107,084	0,002134
107,122	0,004322
107,16	0,00628
107,198	0,007128
107,236	0,006673
107,274	0,007441
107,312	0,008147
107,35	0,009188
107,388	0,01135
107,426	0,01206
107,464	0,011875
107,502	0,007802
107,54	0,009416
107,578	0,008752
107,616	0,006277
107,654	0,004837
107,692	0,00111
107,73	-0,000439
107,768	-0,001928
107,806	0,000631
107,844	-0,001515
107,882	0,002886
107,92	-0,00258
107,958	-0,001006
107,996	0,000788
108,034	-0,000844
108,072	-0,004548
108,11	-0,009892
108,148	-0,009825
108,186	-0,00805
108,224	-0,006012
108,262	-0,000526
108,3	0,004197
108,338	-0,001643
108,376	-0,005994
108,414	-0,001642
108,452	-0,001483
108,49	-0,001253
108,528	0,001731
108,566	0,001526
108,604	0,000837
108,642	0,000515
108,68	-0,003047
108,718	-0,000353
108,756	-0,001189
108,794	-0,004255
108,832	-0,002306
108,87	0,00017
108,908	-0,000696
108,946	-0,002315
108,984	-0,000549
109,022	0,002552
109,06	0,002983
109,098	0,001352
109,136	0,0011
109,174	0,000446
109,212	0,001079
109,25	-0,002932
109,288	-0,008553
109,326	-0,006164
109,364	-0,005639
109,402	-0,002791
109,44	-0,005281
109,478	-0,002999
109,516	0,000373
109,554	-0,002148
109,592	-0,003446
109,63	-0,001802
109,668	0,000501
109,706	0,000411
109,744	-0,001425
109,782	0,00379
109,82	0,012603
109,858	0,028959
109,896	0,045065
109,934	0,053931
109,972	0,065149
110,01	0,074295
110,048	0,080258
110,086	0,086055
110,124	0,094268
110,162	0,099145
110,2	0,106054
110,238	0,099719
110,276	0,097885
110,314	0,100939
110,352	0,098525
110,39	0,092434
110,428	0,09266
110,466	0,092312
110,504	0,083444
110,542	0,078193
110,58	0,070834
110,618	0,071712
110,656	0,070741
110,694	0,070948
110,732	0,067488
110,77	0,064087
110,808	0,064293
110,846	0,05882
110,884	0,062418
110,922	0,062694
110,96	0,057817
110,998	0,053629
111,036	0,052177
111,074	0,050126
111,112	0,048508
111,15	0,043612
111,188	0,036543
111,226	0,035337
111,264	0,033257
111,302	0,035486
111,34	0,034162
111,378	0,0357
111,416	0,032872
111,454	0,030843
111,492	0,033269
111,53	0,027383
111,568	0,026459
111,606	0,03127
111,644	0,030535
111,682	0,031166
111,72	0,026967
111,758	0,025582
111,796	0,027535
111,834	0,025747
111,872	0,021404
111,91	0,016027
111,948	0,012662
111,986	0,015297
112,024	0,019958
112,062	0,022889
112,1	0,019741
112,138	0,013112
112,176	0,012579
112,214	0,011363
112,252	0,015236
112,29	0,015734
112,328	0,015219
112,366	0,014562
112,404	0,01456
112,442	0,016797
112,48	0,012273
112,518	0,010883
112,556	0,003348
112,594	0,005515
112,632	0,005212
112,67	0,004879
112,708	0,006467
112,746	0,009416
112,784	0,00568
112,822	0,00632
112,86	0,000909
112,898	0,000468
112,936	-0,00375
112,974	-0,006996
113,012	-0,004249
113,05	-0,006375
113,088	-0,006339
113,126	-0,001652
113,164	-0,001629
113,202	0,006535
113,24	0,019039
113,278	0,034905
113,316	0,046118
113,354	0,059596
113,392	0,070769
113,43	0,083133
113,468	0,090357
113,506	0,096118
113,544	0,104929
113,582	0,112312
113,62	0,107894
113,658	0,108664
113,696	0,106055
113,734	0,104057
113,772	0,097836
113,81	0,090986
113,848	0,086253
113,886	0,08606
113,924	0,083194
113,962	0,080594
114	0,075579
114,038	0,074997
114,076	0,071498
114,114	0,071164
114,152	0,068257
114,19	0,067406
114,228	0,061589
114,266	0,058638
114,304	0,0593
114,342	0,054966
114,38	0,056888
114,418	0,055924
114,456	0,05195
114,494	0,049593
114,532	0,047799
114,57	0,048024
114,608	0,04418
114,646	0,042397
114,684	0,046972
114,722	0,04425
114,76	0,041688
114,798	0,038017
114,836	0,038857
114,874	0,038316
114,912	0,035929
114,95	0,037603
114,988	0,037826
115,026	0,036231
115,064	0,031109
115,102	0,030827
115,14	0,029663
115,178	0,025211
115,216	0,023079
115,254	0,019762
115,292	0,022138
115,33	0,020616
115,368	0,023468
115,406	0,024823
115,444	0,03029
115,482	0,024734
115,52	0,022463
115,558	0,024694
115,596	0,019249
115,634	0,017146
115,672	0,018355
115,71	0,015943
115,748	0,015423
115,786	0,013517
115,824	0,010235
115,862	0,011068
115,9	0,012335
115,938	0,018952
115,976	0,028674
116,014	0,04561
116,052	0,059769
116,09	0,068538
116,128	0,080039
116,166	0,08252
116,204	0,082408
116,242	0,084478
116,28	0,088819
116,318	0,087016
116,356	0,090238
116,394	0,088442
116,432	0,089898
116,47	0,087651
116,508	0,082497
116,546	0,081792
116,584	0,077768
116,622	0,077078
116,66	0,079457
116,698	0,080455
116,736	0,080464
116,774	0,077889
116,812	0,073023
116,85	0,066267
116,888	0,062015
116,926	0,056612
116,964	0,052567
117,002	0,044344
117,04	0,03873
117,078	0,03405
117,116	0,029992
117,154	0,028675
117,192	0,027096
117,23	0,02392
117,268	0,026634
117,306	0,024253
117,344	0,025171
117,382	0,024682
117,42	0,022262
117,458	0,022383
117,496	0,021926
117,534	0,019688
117,572	0,011381
117,61	0,015669
117,648	0,010929
117,686	0,007523
117,724	0,006921
117,762	0,008656
117,8	0,007575
117,838	0,007542
117,876	0,006466
117,914	0,002533
117,952	0,000906
117,99	-0,003331
118,028	-0,003213
118,066	-0,008768
118,104	-0,010655
118,142	-0,004278
118,18	-0,007166
118,218	-0,004293
118,256	-0,001787
118,294	0,002027
118,332	-0,001298
118,37	-0,000701
118,408	-0,002776
118,446	-0,005762
118,484	-0,006426
118,522	-0,006093
118,56	-0,006548
118,598	-0,007504
118,636	-0,002338
118,674	-0,00226
118,712	-0,002855
118,75	-0,0007
118,788	0,001191
118,826	-0,00091
118,864	0,000459
118,902	0,001465
118,94	0,005559
118,978	0,004965
119,016	0,003882
119,054	0,000694
119,092	-0,001228
119,13	0,000594
119,168	-0,0005
119,206	-0,009406
119,244	-0,008049
119,282	-0,007445
119,32	-0,006847
119,358	-0,002705
119,396	-0,002033
119,434	-0,000994
119,472	-0,004898
119,51	-0,000473
119,548	0,002052
119,586	0,00138
119,624	-0,000937
119,662	-0,000755
119,7	0,001574
119,738	0,003209
119,776	0,003494
119,814	0,000962
119,852	0,00282
119,89	0,003676
119,928	0,001461
119,966	0,003501
120,004	0,001725
120,042	0,000651
120,08	0,004098
120,118	0,00766
120,156	0,011469
120,194	0,009685
120,232	0,005897
120,27	0,004476
120,308	0,003081
120,346	0,004183
120,384	0,002246
120,422	0,000269
120,46	-0,003059
120,498	-0,011682
120,536	-0,006886
120,574	-0,008152
120,612	-0,009094
120,65	-0,005741
120,688	-0,003013
120,726	-0,002343
120,764	0,005995
120,802	0,004889
120,84	0,005177
120,878	-0,00136
120,916	0,000086
120,954	-0,005343
120,992	-0,004994
121,03	-0,003584
121,068	-0,006878
121,106	-0,007324
121,144	-0,009502
121,182	-0,012111
121,22	-0,00832
121,258	-0,007458
121,296	-0,006851
121,334	-0,009024
121,372	-0,005418
121,41	-0,006197
121,448	-0,005401
121,486	-0,005404
121,524	-0,003655
121,562	-0,002481
121,6	-0,002954
121,638	-0,00043
121,676	-0,001267
121,714	-0,003874
121,752	-0,004679
121,79	-0,004224
121,828	-0,003741
121,866	-0,003628
121,904	-0,004754
121,942	-0,003712
121,98	0,001464
122,018	0,014977
122,056	0,028843
122,094	0,04394
122,132	0,060833
122,17	0,068835
122,208	0,077436
122,246	0,088324
122,284	0,094082
122,322	0,102928
122,36	0,107383
122,398	0,107265
122,436	0,115229
122,474	0,11153
122,512	0,108093
122,55	0,103777
122,588	0,097014
122,626	0,095961
122,664	0,093226
122,702	0,090115
122,74	0,082316
122,778	0,080325
122,816	0,079234
122,854	0,078655
122,892	0,070524
122,93	0,075605
122,968	0,076773
123,006	0,078768
123,044	0,079882
123,082	0,074323
123,12	0,069884
123,158	0,070909
123,196	0,070434
123,234	0,06919
123,272	0,063476
123,31	0,061252
123,348	0,059026
123,386	0,054452
123,424	0,052783
123,462	0,052266
123,5	0,048481
123,538	0,045586
123,576	0,035766
123,614	0,03413
123,652	0,033328
123,69	0,027817
123,728	0,023573
123,766	0,027259
123,804	0,02171
123,842	0,021267
123,88	0,022311
123,918	0,015982
123,956	0,01943
123,994	0,022444
124,032	0,023065
124,07	0,022722
124,108	0,022363
124,146	0,023319
124,184	0,021766
124,222	0,023534
124,26	0,025466
124,298	0,024563
124,336	0,021076
124,374	0,015058
124,412	0,015079
124,45	0,010554
124,488	0,006487
124,526	0,003265
124,564	0,001759
124,602	0,006134
124,64	0,007548
124,678	0,01071
124,716	0,011018
124,754	0,008889
124,792	0,00701
124,83	0,003389
124,868	0,005746
124,906	0,005554
124,944	0,008408
124,982	0,012299
125,02	0,012758
125,058	0,017792
125,096	0,015924
125,134	0,014275
125,172	0,015385
125,21	0,012772
125,248	0,009344
125,286	0,003688
125,324	-0,00045
125,362	-0,001836
125,4	-0,001325
125,438	-0,001723
125,476	-0,004119
125,514	-0,003257
125,552	-0,005866
125,59	-0,004632
125,628	-0,005605
125,666	-0,005986
125,704	-0,005565
125,742	-0,005262
125,78	-0,008107
125,818	-0,002067
125,856	-0,002744
125,894	0,00071
125,932	0,001801
125,97	-0,001339
126,008	0,000468
126,046	-0,002864
126,084	0,00027
126,122	-0,002194
126,16	-0,00249
126,198	-0,001457
126,236	-0,00434
126,274	-0,003495
126,312	-0,007236
126,35	-0,005929
126,388	-0,005842
126,426	-0,007392
126,464	-0,007787
126,502	-0,000724
126,54	0,00076
126,578	0,000521
126,616	0,001365
126,654	0,003104
126,692	-0,000221
126,73	-0,002956
126,768	-0,006455
126,806	-0,003139
126,844	-0,002024
126,882	-0,001868
126,92	-0,002036
126,958	0,000351
126,996	0,005247
127,034	0,003351
127,072	0,006424
127,11	0,003567
127,148	-0,001847
127,186	0,00059
127,224	-0,001621
127,262	0,001506
127,3	-0,000289
127,338	-0,002239
127,376	-0,001486
127,414	-0,005015
127,452	-0,002586
127,49	0,000298
127,528	-0,007203
127,566	-0,005473
127,604	-0,000024
127,642	0,003395
127,68	0,005291
127,718	0,005139
127,756	0,006122
127,794	0,003564
127,832	0,002395
127,87	0,001747
127,908	-0,000436
127,946	-0,001528
127,984	-0,001013
128,022	-0,003961
128,06	-0,003724
128,098	0,01039
128,136	0,024203
128,174	0,043586
128,212	0,05398
128,25	0,063538
128,288	0,073341
128,326	0,081542
128,364	0,087944
128,402	0,092857
128,44	0,098974
128,478	0,102469
128,516	0,105367
128,554	0,112568
128,592	0,113972
128,63	0,111522
128,668	0,109732
128,706	0,106996
128,744	0,10363
128,782	0,102342
128,82	0,093335
128,858	0,090834
128,896	0,08617
128,934	0,085927
128,972	0,083682
129,01	0,075771
129,048	0,070011
129,086	0,064376
129,124	0,064981
129,162	0,06281
129,2	0,066048
129,238	0,065978
129,276	0,063484
129,314	0,059217
129,352	0,060405
129,39	0,059502
129,428	0,056238
129,466	0,050156
129,504	0,050626
129,542	0,051961
129,58	0,050158
129,618	0,049373
129,656	0,04125
129,694	0,042862
129,732	0,037042
129,77	0,036312
129,808	0,035786
129,846	0,033937
129,884	0,031461
129,922	0,032478
129,96	0,030018
129,998	0,028689
130,036	0,028849
130,074	0,02725
130,112	0,024748
130,15	0,021812
130,188	0,022132
130,226	0,019094
130,264	0,022713
130,302	0,023274
130,34	0,022715
130,378	0,019971
130,416	0,018881
130,454	0,018528
130,492	0,018786
130,53	0,022539
130,568	0,023369
130,606	0,024448
130,644	0,025186
130,682	0,022258
130,72	0,023212
130,758	0,024602
130,796	0,022308
130,834	0,015515
130,872	0,016788
130,91	0,013997
130,948	0,011227
130,986	0,011224
131,024	0,011318
131,062	0,014237
131,1	0,009941
131,138	0,006571
131,176	0,010546
131,214	0,009015
131,252	0,00473
131,29	0,004898
131,328	0,007814
131,366	0,010033
131,404	0,010814
131,442	0,008923
131,48	0,010686
131,518	0,015393
131,556	0,019493
131,594	0,018714
131,632	0,013354
131,67	0,011309
131,708	0,010992
131,746	0,008516
131,784	0,006603
131,822	0,002191
131,86	0,006022
131,898	0,003509
131,936	0,001994
131,974	0,002557
132,012	0,003824
132,05	-0,002524
132,088	-0,001827
132,126	-0,004044
132,164	-0,002738
132,202	-0,004686
132,24	-0,007223
132,278	-0,00454
132,316	-0,001602
132,354	-0,000637
132,392	0,002599
132,43	0,006698
132,468	0,006979
132,506	0,003629
132,544	0,002116
132,582	0,010569
132,62	0,007652
132,658	0,008921
132,696	0,007401
132,734	0,006859
132,772	0,005479
132,81	0,00458
132,848	0,005644
132,886	0,011072
132,924	0,012603
132,962	0,008168
133	0,007398
133,038	0,008799
133,076	0,004646
133,114	0,010293
133,152	0,005896
133,19	0,004454
133,228	0,002952
133,266	0,004298
133,304	0,006747
133,342	0,011441
133,38	0,010718
133,418	0,009105
133,456	0,010044
133,494	0,013097
133,532	0,011874
133,57	0,014778
133,608	0,017422
133,646	0,016953
133,684	0,015787
133,722	0,015998
133,76	0,016177
133,798	0,013904
133,836	0,009755
133,874	0,008984
133,912	0,008974
133,95	0,004114
133,988	0,001425
134,026	0,003115
134,064	-0,00112
134,102	-0,005016
134,14	-0,002993
134,178	0,011602
134,216	0,022125
134,254	0,036479
134,292	0,049071
134,33	0,062084
134,368	0,074505
134,406	0,078059
134,444	0,088678
134,482	0,096454
134,52	0,100232
134,558	0,104304
134,596	0,108538
134,634	0,109617
134,672	0,108476
134,71	0,101425
134,748	0,103185
134,786	0,107306
134,824	0,099913
134,862	0,100764
134,9	0,098806
134,938	0,094759
134,976	0,093286
135,014	0,089715
135,052	0,082596
135,09	0,080916
135,128	0,074968
135,166	0,074883
135,204	0,071195
135,242	0,071949
135,28	0,070435
135,318	0,064068
135,356	0,060103
135,394	0,053199
135,432	0,050501
135,47	0,053472
135,508	0,047381
135,546	0,045356
135,584	0,044432
135,622	0,048248
135,66	0,051302
135,698	0,04576
135,736	0,043882
135,774	0,040895
135,812	0,04004
135,85	0,032203
135,888	0,030847
135,926	0,028063
135,964	0,025661
136,002	0,029117
136,04	0,029306
136,078	0,031631
136,116	0,033306
136,154	0,030228
136,192	0,032735
136,23	0,031832
136,268	0,024674
136,306	0,025363
136,344	0,023972
136,382	0,026004
136,42	0,02315
136,458	0,020387
136,496	0,01832
136,534	0,019016
136,572	0,019892
136,61	0,020842
136,648	0,017332
136,686	0,017846
136,724	0,017795
136,762	0,020239
136,8	0,021003
136,838	0,023007
136,876	0,01979
136,914	0,018142
136,952	0,015787
136,99	0,014017
137,028	0,016704
137,066	0,009937
137,104	0,008112
137,142	0,008593
137,18	0,008509
137,218	0,006881
137,256	0,001873
137,294	-0,000797
137,332	0,001594
137,37	0,002575
137,408	0,001468
137,446	-0,000286
137,484	0,001624
137,522	0,00012
137,56	0,000378
137,598	0,003259
137,636	-0,00009
137,674	-0,007434
137,712	-0,001968
137,75	-0,00348
137,788	-0,005003
137,826	-0,004979
137,864	-0,005298
137,902	-0,001381
137,94	-0,002066
137,978	-0,005229
138,016	-0,006157
138,054	-0,006407
138,092	-0,005785
138,13	-0,009203
138,168	-0,009879
138,206	-0,010395
138,244	-0,010078
138,282	-0,00743
138,32	-0,006996
138,358	-0,001438
138,396	-0,003679
138,434	-0,00769
138,472	-0,007693
138,51	-0,003596
138,548	0,001083
138,586	0,002327
138,624	-0,000608
138,662	0,000437
138,7	0,004697
138,738	0,014204
138,776	0,024688
138,814	0,035511
138,852	0,046065
138,89	0,052164
138,928	0,060686
138,966	0,074273
139,004	0,081469
139,042	0,084862
139,08	0,088556
139,118	0,087085
139,156	0,09075
139,194	0,089409
139,232	0,092553
139,27	0,090779
139,308	0,08517
139,346	0,080853
139,384	0,078626
139,422	0,075856
139,46	0,06973
139,498	0,069692
139,536	0,068497
139,574	0,06799
139,612	0,066955
139,65	0,061318
139,688	0,05627
139,726	0,053436
139,764	0,053766
139,802	0,052794
139,84	0,046971
139,878	0,044044
139,916	0,044927
139,954	0,049671
139,992	0,051175
140,03	0,049757
140,068	0,045762
140,106	0,047408
140,144	0,043122
140,182	0,042407
140,22	0,043943
140,258	0,050486
140,296	0,059838
140,334	0,07073
140,372	0,080385
140,41	0,091137
140,448	0,095957
140,486	0,099797
140,524	0,102511
140,562	0,111912
140,6	0,11436
140,638	0,11757
140,676	0,114416
140,714	0,112437
140,752	0,109781
140,79	0,108057
140,828	0,106711
140,866	0,106857
140,904	0,10879
140,942	0,107485
140,98	0,102872
141,018	0,099211
141,056	0,099168
141,094	0,095284
141,132	0,090339
141,17	0,086317
141,208	0,082982
141,246	0,082023
141,284	0,081067
141,322	0,075787
141,36	0,073359
141,398	0,074368
141,436	0,067276
141,474	0,061073
141,512	0,062467
141,55	0,064085
141,588	0,058335
141,626	0,056699
141,664	0,048543
141,702	0,046487
141,74	0,042018
141,778	0,035895
141,816	0,027092
141,854	0,026333
141,892	0,029838
141,93	0,027748
141,968	0,025221
142,006	0,027527
142,044	0,022684
142,082	0,019364
142,12	0,016303
142,158	0,017402
142,196	0,016461
142,234	0,017229
142,272	0,009393
142,31	0,011893
142,348	0,016538
142,386	0,011552
142,424	0,01241
142,462	0,013478
142,5	0,01148
142,538	0,008875
142,576	0,005228
142,614	0,002185
142,652	0,003804
142,69	0,005199
142,728	0,001017
142,766	0,003779
142,804	0,004742
142,842	0,001827
142,88	0,004484
142,918	0,006132
142,956	0,008487
142,994	0,007033
143,032	0,004977
143,07	0,003044
143,108	0,001137
143,146	0,001566
143,184	0,003853
143,222	0,005062
143,26	0,002605
143,298	0,000431
143,336	-0,001509
143,374	-0,004261
143,412	-0,004291
143,45	-0,007845
143,488	-0,004913
143,526	-0,00393
143,564	-0,002936
143,602	-0,002924
143,64	-0,002488
143,678	0,001773
143,716	0,005808
143,754	0,001246
143,792	-0,002719
143,83	-0,00279
143,868	-0,00527
143,906	-0,003241
143,944	-0,006914
143,982	-0,008661
144,02	-0,008736
144,058	-0,011285
144,096	-0,014174
144,134	-0,010216
144,172	-0,014386
144,21	-0,013276
144,248	-0,016091
144,286	-0,009204
144,324	-0,009881
144,362	-0,003237
144,4	-0,009095
144,438	-0,007677
144,476	-0,008471
144,514	-0,004723
144,552	-0,00546
144,59	0,000592
144,628	-0,001744
144,666	0,001114
144,704	0,000644
144,742	0,001462
144,78	0,001245
144,818	0,000402
144,856	-0,002516
144,894	0,000169
144,932	-0,005274
144,97	-0,006914
145,008	-0,010088
145,046	-0,009769
145,084	-0,0114
145,122	-0,013319
145,16	-0,013058
145,198	-0,008025
145,236	-0,007401
145,274	-0,014019
145,312	-0,012251
145,35	-0,008542
145,388	-0,008471
145,426	-0,002882
145,464	-0,000006
145,502	0,000622
145,54	0,002204
145,578	-0,003654
145,616	-0,005956
145,654	-0,005784
145,692	-0,002779
145,73	-0,000567
145,768	0,003734
145,806	0,002856
145,844	0,004046
145,882	0,006554
145,92	0,005287
145,958	0,001831
145,996	0,001904
146,034	0,004114
146,072	0,005107
146,11	0,003126
146,148	0,002688
146,186	0,001406
146,224	-0,001913
146,262	-0,000474
146,3	-0,003035
146,338	0,001077
146,376	0,008123
146,414	0,018851
146,452	0,033341
146,49	0,046775
146,528	0,059019
146,566	0,070513
146,604	0,086818
146,642	0,103249
146,68	0,10341
146,718	0,105685
146,756	0,106323
146,794	0,098994
146,832	0,096088
146,87	0,092829
146,908	0,089668
146,946	0,088324
146,984	0,085174
147,022	0,080056
147,06	0,074097
147,098	0,071773
147,136	0,07033
147,174	0,068751
147,212	0,069027
147,25	0,069815
147,288	0,062914
147,326	0,062091
147,364	0,059449
147,402	0,058607
147,44	0,055631
147,478	0,054357
147,516	0,056934
147,554	0,057657
147,592	0,054004
147,63	0,056817
147,668	0,05474
147,706	0,054365
147,744	0,054217
147,782	0,05402
147,82	0,051182
147,858	0,051989
147,896	0,049982
147,934	0,048482
147,972	0,049452
148,01	0,046948
148,048	0,041804
148,086	0,039599
148,124	0,038485
148,162	0,036543
148,2	0,034068
148,238	0,031156
148,276	0,031192
148,314	0,026958
148,352	0,023126
148,39	0,020404
148,428	0,016232
148,466	0,016452
148,504	0,011327
148,542	0,01659
148,58	0,016906
148,618	0,014386
148,656	0,016134
148,694	0,01827
148,732	0,01419
148,77	0,013862
148,808	0,015457
148,846	0,017154
148,884	0,023811
148,922	0,023246
148,96	0,019137
148,998	0,01712
149,036	0,016032
149,074	0,013494
149,112	0,014541
149,15	0,014239
149,188	0,008816
149,226	0,009914
149,264	0,00929
149,302	0,007005
149,34	0,004131
149,378	0,007594
149,416	0,008933
149,454	0,005225
149,492	0,008078
149,53	0,009551
149,568	0,008476
149,606	0,007011
149,644	0,010009
149,682	0,011149
149,72	0,00997
149,758	0,010479
149,796	0,008
149,834	0,00203
149,872	0,000228
149,91	-0,001096
149,948	-0,000689
149,986	-0,000957
150,024	-0,006948
150,062	-0,005368
150,1	-0,005812
150,138	-0,000873
150,176	-0,000811
150,214	-0,005417
150,252	-0,003377
150,29	-0,004546
150,328	-0,005392
150,366	-0,005103
150,404	-0,005601
150,442	-0,00927
150,48	-0,008179
150,518	-0,003225
150,556	-0,007339
150,594	-0,008427
150,632	-0,006694
150,67	-0,004908
150,708	-0,008351
150,746	-0,007863
150,784	-0,003649
150,822	-0,001386
150,86	-0,000902
150,898	0,001184
150,936	0,003018
150,974	0,005981
151,012	0,002234
151,05	0,000576
151,088	0,002459
151,126	0,003884
151,164	0,004532
151,202	0,004854
151,24	0,001749
151,278	0,002275
151,316	0,002887
151,354	0,003025
151,392	0,000165
151,43	-0,0006
151,468	-0,000027
151,506	-0,002216
151,544	-0,00377
151,582	-0,005195
151,62	-0,004695
151,658	-0,00758
151,696	-0,00845
151,734	-0,00654
151,772	-0,00154
151,81	0,000724
151,848	0,000254
151,886	-0,000905
151,924	-0,000972
151,962	-0,000532
152	-0,000464
152,038	-0,000466
152,076	-0,001164
152,114	-0,002672
152,152	-0,000502
152,19	-0,003671
152,228	-0,003828
152,266	0,008089
152,304	0,017337
152,342	0,02984
152,38	0,039022
152,418	0,053288
152,456	0,065432
152,494	0,075423
152,532	0,084897
152,57	0,090776
152,608	0,092964
152,646	0,092332
152,684	0,09578
152,722	0,097142
152,76	0,095903
152,798	0,091719
152,836	0,091037
152,874	0,093175
152,912	0,089725
152,95	0,084104
152,988	0,081676
153,026	0,081336
153,064	0,080666
153,102	0,084558
153,14	0,080496
153,178	0,075476
153,216	0,071405
153,254	0,069465
153,292	0,07373
153,33	0,071165
153,368	0,069046
153,406	0,069834
153,444	0,068588
153,482	0,065661
153,52	0,065538
153,558	0,062986
153,596	0,05842
153,634	0,060034
153,672	0,057171
153,71	0,053933
153,748	0,052047
153,786	0,05271
153,824	0,046683
153,862	0,041457
153,9	0,044664
153,938	0,044389
153,976	0,039884
154,014	0,034411
154,052	0,028057
154,09	0,027556
154,128	0,022069
154,166	0,024507
154,204	0,027241
154,242	0,023719
154,28	0,019616
154,318	0,022564
154,356	0,023737
154,394	0,025505
154,432	0,026255
154,47	0,019584
154,508	0,018979
154,546	0,016337
154,584	0,015103
154,622	0,018046
154,66	0,015173
154,698	0,014856
154,736	0,010472
154,774	0,012712
154,812	0,015281
154,85	0,017013
154,888	0,017496
154,926	0,019692
154,964	0,022333
155,002	0,022142
155,04	0,01367
155,078	0,011104
155,116	0,009071
155,154	0,012477
155,192	0,009791
155,23	0,011552
155,268	0,011229
155,306	0,008562
155,344	0,008457
155,382	0,005658
155,42	0,004899
155,458	0,00172
155,496	-0,001171
155,534	0,003443
155,572	0,005586
155,61	0,004262
155,648	0,004094
155,686	0,008753
155,724	0,008093
155,762	0,004057
155,8	0,004093
155,838	0,004502
155,876	0,002618
155,914	0,002541
155,952	0,003965
155,99	0,008128
156,028	0,010219
156,066	0,010757
156,104	0,005196
156,142	0,004996
156,18	0,006162
156,218	0,005303
156,256	0,000164
156,294	-0,003231
156,332	-0,001164
156,37	-0,001351
156,408	0,003071
156,446	0,000449
156,484	-0,000275
156,522	0,000727
156,56	0,002928
156,598	0,001549
156,636	0,00036
156,674	0,003827
156,712	0,003495
156,75	0,000098
156,788	-0,00748
156,826	-0,01086
156,864	-0,006019
156,902	-0,006388
156,94	-0,007747
156,978	-0,008499
157,016	-0,012154
157,054	-0,008941
157,092	-0,009224
157,13	-0,013042
157,168	-0,008218
157,206	-0,008843
157,244	-0,007085
157,282	-0,005734
157,32	-0,00742
157,358	-0,005989
157,396	-0,006901
157,434	-0,004988
157,472	0,000849
157,51	0,001437
157,548	0,004986
157,586	0,006294
157,624	0,002965
157,662	0,007481
157,7	0,005291
157,738	0,001362
157,776	0,000688
157,814	0,003186
157,852	0,00855
157,89	0,007849
157,928	0,005543
157,966	0,004616
158,004	0,009133
158,042	0,00828
158,08	0,009429
158,118	0,006579
158,156	0,008705
158,194	0,008974
158,232	0,003716
158,27	0,003849
158,308	0,004616
158,346	0,003355
158,384	0,004801
158,422	0,007372
158,46	0,005848
158,498	0,004603
158,536	0,008695
158,574	0,023511
158,612	0,036991
158,65	0,053996
158,688	0,064181
158,726	0,078457
158,764	0,083587
158,802	0,089683
158,84	0,094105
158,878	0,101532
158,916	0,108571
158,954	0,107225
158,992	0,113149
159,03	0,115352
159,068	0,11367
159,106	0,115963
159,144	0,112439
159,182	0,11616
159,22	0,113897
159,258	0,11403
159,296	0,108714
159,334	0,103922
159,372	0,100279
159,41	0,099588
159,448	0,093429
159,486	0,089613
159,524	0,090297
159,562	0,091908
159,6	0,089252
159,638	0,084182
159,676	0,081425
159,714	0,078749
159,752	0,076059
159,79	0,074076
159,828	0,06828
159,866	0,069642
159,904	0,064457
159,942	0,065524
159,98	0,063374
160,018	0,059439
160,056	0,060262
160,094	0,059187
160,132	0,057329
160,17	0,056164
160,208	0,057565
160,246	0,055737
160,284	0,05044
160,322	0,04186
160,36	0,044543
160,398	0,044012
160,436	0,041301
160,474	0,039255
160,512	0,03337
160,55	0,029172
160,588	0,032195
160,626	0,032346
160,664	0,028767
160,702	0,025051
160,74	0,02194
160,778	0,021161
160,816	0,022636
160,854	0,024065
160,892	0,026494
160,93	0,027598
160,968	0,024585
161,006	0,02843
161,044	0,028564
161,082	0,02363
161,12	0,022853
161,158	0,021776
161,196	0,020689
161,234	0,021008
161,272	0,018168
161,31	0,018824
161,348	0,01809
161,386	0,015518
161,424	0,012862
161,462	0,010536
161,5	0,013398
161,538	0,013821
161,576	0,013413
161,614	0,013508
161,652	0,008322
161,69	0,006534
161,728	0,002974
161,766	0,001909
161,804	0,00544
161,842	0,006049
161,88	0,009227
161,918	0,007491
161,956	0,006197
161,994	0,006064
162,032	0,001038
162,07	-0,000838
162,108	0,001874
162,146	0,002922
162,184	0,00125
162,222	0,003021
162,26	0,004566
162,298	0,00379
162,336	0,003067
162,374	0,002234
162,412	0,002336
162,45	0,004639
162,488	0,003937
162,526	0,003916
162,564	0,004854
162,602	-0,002186
162,64	-0,000566
162,678	-0,001893
162,716	-0,00226
162,754	0,003087
162,792	0,001453
162,83	-0,001997
162,868	-0,005999
162,906	-0,003013
162,944	-0,006753
162,982	-0,00386
163,02	-0,006496
163,058	-0,005541
163,096	-0,008995
163,134	-0,00888
163,172	-0,007954
163,21	-0,009132
163,248	-0,005866
163,286	-0,005985
163,324	-0,002398
163,362	0,000288
163,4	-0,001826
163,438	-0,001163
163,476	-0,003128
163,514	0,002266
163,552	0,006204
163,59	0,003527
163,628	0,00205
163,666	-0,003444
163,704	-0,003906
163,742	-0,010053
163,78	-0,009043
163,818	-0,007987
163,856	-0,004506
163,894	-0,005147
163,932	-0,00704
163,97	-0,004135
164,008	-0,004917
164,046	-0,007005
164,084	-0,010815
164,122	-0,014058
164,16	-0,015474
164,198	-0,009222
164,236	-0,008777
164,274	-0,010187
164,312	-0,016019
164,35	-0,012622
164,388	-0,008388
164,426	-0,002906
164,464	-0,001839
164,502	-0,002827
164,54	-0,001753
164,578	0,000629
164,616	0,00995
164,654	0,019962
164,692	0,028458
164,73	0,032806
164,768	0,042392
164,806	0,0572
164,844	0,06894
164,882	0,081194
164,92	0,088243
164,958	0,091624
164,996	0,093815
165,034	0,097915
165,072	0,091123
165,11	0,090037
165,148	0,090453
165,186	0,095173
165,224	0,093635
165,262	0,09271
165,3	0,090839
165,338	0,091731
165,376	0,088547
165,414	0,084642
165,452	0,081594
165,49	0,079412
165,528	0,076335
165,566	0,08001
165,604	0,080493
165,642	0,072691
165,68	0,071484
165,718	0,068166
165,756	0,060836
165,794	0,058248
165,832	0,060073
165,87	0,061357
165,908	0,058721
165,946	0,059616
165,984	0,059966
166,022	0,056317
166,06	0,057339
166,098	0,05731
166,136	0,053585
166,174	0,051076
166,212	0,043519
166,25	0,040741
166,288	0,035625
166,326	0,03398
166,364	0,037712
166,402	0,035885
166,44	0,036238
166,478	0,040089
166,516	0,037957
166,554	0,03644
166,592	0,032768
166,63	0,029008
166,668	0,026707
166,706	0,022791
166,744	0,023589
166,782	0,026115
166,82	0,024333
166,858	0,028354
166,896	0,025714
166,934	0,022886
166,972	0,020468
167,01	0,019845
167,048	0,023518
167,086	0,022181
167,124	0,016534
167,162	0,01434
167,2	0,011615
167,238	0,012974
167,276	0,014949
167,314	0,015232
167,352	0,015308
167,39	0,014066
167,428	0,016329
167,466	0,017228
167,504	0,015312
167,542	0,016218
167,58	0,018498
167,618	0,020389
167,656	0,018104
167,694	0,017187
167,732	0,018044
167,77	0,016685
167,808	0,011485
167,846	0,013053
167,884	0,011328
167,922	0,013208
167,96	0,013511
167,998	0,012353
168,036	0,015276
168,074	0,013331
168,112	0,012405
168,15	0,010961
168,188	0,004377
168,226	0,005695
168,264	0,004607
168,302	0,00289
168,34	0,00297
168,378	0,004541
168,416	0,003988
168,454	0,00465
168,492	0,003917
168,53	0,003152
168,568	0,00068
168,606	-0,002644
168,644	0,000121
168,682	0,006407
168,72	0,002181
168,758	0,005476
168,796	-0,000348
168,834	-0,000213
168,872	-0,0001
168,91	-0,003203
168,948	0,002383
168,986	0,001173
169,024	-0,001348
169,062	0,001843
169,1	0,000093
169,138	0,000882
169,176	0,002659
169,214	0,004611
169,252	0,00623
169,29	0,002775
169,328	0,002634
169,366	0,00204
169,404	-0,001008
169,442	0,002944
169,48	0,001104
169,518	0,00278
169,556	0,004169
169,594	0,004526
169,632	0,002592
169,67	0,001881
169,708	0,002585
169,746	0,004706
169,784	0,003679
169,822	0,005244
169,86	0,000796
169,898	-0,004635
169,936	-0,007433
169,974	-0,003164
170,012	-0,007289
170,05	-0,006999
170,088	-0,007459
170,126	-0,004773
170,164	-0,003732
170,202	-0,002206
170,24	-0,001557
170,278	-0,001073
170,316	-0,003292
170,354	0,000423
170,392	0,003923
170,43	-0,002294
170,468	0,001478
170,506	0,001895
170,544	0,001299
170,582	-0,004389
170,62	-0,0013
170,658	0,001355
170,696	0,006219
170,734	0,015799
170,772	0,024309
170,81	0,03739
170,848	0,045991
170,886	0,061555
170,924	0,06916
170,962	0,078041
171	0,08613
171,038	0,090033
171,076	0,092956
171,114	0,092097
171,152	0,096137
171,19	0,093391
171,228	0,09458
171,266	0,094209
171,304	0,096161
171,342	0,097546
171,38	0,096453
171,418	0,094033
171,456	0,088824
171,494	0,085723
171,532	0,082361
171,57	0,083841
171,608	0,080736
171,646	0,079377
171,684	0,074884
171,722	0,071571
171,76	0,069396
171,798	0,064066
171,836	0,061187
171,874	0,060012
171,912	0,056553
171,95	0,05281
171,988	0,046662
172,026	0,043262
172,064	0,04415
172,102	0,04465
172,14	0,042173
172,178	0,044386
172,216	0,038585
172,254	0,03443
172,292	0,032679
172,33	0,03051
172,368	0,026306
172,406	0,02733
172,444	0,028342
172,482	0,029022
172,52	0,029187
172,558	0,034469
172,596	0,031049
172,634	0,031677
172,672	0,036137
172,71	0,030989
172,748	0,026568
172,786	0,026928
172,824	0,027228
172,862	0,022014
172,9	0,020673
172,938	0,016025
172,976	0,017243
173,014	0,015119
173,052	0,015453
173,09	0,014442
173,128	0,011519
173,166	0,012958
173,204	0,016082
173,242	0,021241
173,28	0,02558
173,318	0,025772
173,356	0,02462
173,394	0,024093
173,432	0,022778
173,47	0,017255
173,508	0,014356
173,546	0,015719
173,584	0,016054
173,622	0,019479
173,66	0,017548
173,698	0,014395
173,736	0,009908
173,774	0,010089
173,812	0,007408
173,85	0,001641
173,888	0,001966
173,926	0,000389
173,964	0,001001
174,002	-0,000162
174,04	0,002253
174,078	0,007481
174,116	0,005192
174,154	0,008767
174,192	0,002698
174,23	-0,001181
174,268	-0,002531
174,306	-0,003065
174,344	-0,001565
174,382	-0,003028
174,42	-0,008468
174,458	-0,003817
174,496	-0,002834
174,534	-0,003284
174,572	-0,001557
174,61	0,006307
174,648	0,004494
174,686	0,001963
174,724	-0,00124
174,762	0,001416
174,8	0,002183
174,838	-0,000377
174,876	0,000884
174,914	0,002181
174,952	0,00664
174,99	0,006262
175,028	0,002522
175,066	-0,000873
175,104	0,001316
175,142	-0,002791
175,18	-0,006253
175,218	-0,010307
175,256	-0,009386
175,294	-0,007321
175,332	-0,005193
175,37	-0,002927
175,408	-0,002877
175,446	0,000078
175,484	0,000052
175,522	0,003023
175,56	0,005902
175,598	0,006936
175,636	0,002825
175,674	0,000962
175,712	-0,001208
175,75	0,001435
175,788	0,000097
175,826	0,00029
175,864	-0,000906
175,902	-0,003652
175,94	-0,009695
175,978	-0,004388
176,016	-0,003282
176,054	-0,00316
176,092	0,00178
176,13	0,004915
176,168	0,000761
176,206	0,003286
176,244	0,004339
176,282	0,003449
176,32	0,002238
176,358	0,003737
176,396	0,003056
176,434	0,003223
176,472	0,006509
176,51	0,00078
176,548	-0,000735
176,586	0,001157
176,624	0,003537
176,662	0,001485
176,7	-0,001817
176,738	-0,000118
176,776	-0,000074
176,814	0,010841
176,852	0,019964
176,89	0,037031
176,928	0,047301
176,966	0,061609
177,004	0,070562
177,042	0,07919
177,08	0,082228
177,118	0,088778
177,156	0,091306
177,194	0,092112
177,232	0,090123
177,27	0,08566
177,308	0,084788
177,346	0,086407
177,384	0,085735
177,422	0,083169
177,46	0,082899
177,498	0,07881
177,536	0,072205
177,574	0,064239
177,612	0,060546
177,65	0,061925
177,688	0,06065
177,726	0,057501
177,764	0,061503
177,802	0,055632
177,84	0,053432
177,878	0,052742
177,916	0,049432
177,954	0,04774
177,992	0,044244
178,03	0,041109
178,068	0,037549
178,106	0,039195
178,144	0,037818
178,182	0,039906
178,22	0,047923
178,258	0,047468
178,296	0,048384
178,334	0,046
178,372	0,045235
178,41	0,041617
178,448	0,038537
178,486	0,039369
178,524	0,035463
178,562	0,034721
178,6	0,03322
178,638	0,035278
178,676	0,03279
178,714	0,024362
178,752	0,024713
178,79	0,024116
178,828	0,028211
178,866	0,029105
178,904	0,023719
178,942	0,028605
178,98	0,030231
179,018	0,027942
179,056	0,027245
179,094	0,028594
179,132	0,026802
179,17	0,018541
179,208	0,019588
179,246	0,017784
179,284	0,015546
179,322	0,015367
179,36	0,009078
179,398	0,005625
179,436	0,006047
179,474	0,002101
179,512	0,00797
179,55	0,007963
179,588	0,007198
179,626	0,006128
179,664	0,002716
179,702	0,003397
179,74	0,005056
179,778	0,008809
179,816	0,016309
179,854	0,0106
179,892	0,009782
179,93	0,010125
179,968	0,010946
180,006	0,010396
180,044	0,012166
180,082	0,014171
180,12	0,013886
180,158	0,011702
180,196	0,010034
180,234	0,011763
180,272	0,008606
180,31	0,006935
180,348	0,005055
180,386	0,003081
180,424	0,003594
180,462	0,00466
180,5	0,003934
180,538	0,003813
180,576	0,004273
180,614	0,002578
180,652	0,000941
180,69	-0,000484
180,728	-0,001093
180,766	0,001621
180,804	-0,002219
180,842	0,000875
180,88	-0,000955
180,918	0,000854
180,956	-0,0009
180,994	0,00042
181,032	-0,004068
181,07	-0,001318
181,108	-0,001253
181,146	-0,001793
181,184	-0,003319
181,222	-0,006847
181,26	-0,010266
181,298	-0,010215
181,336	-0,010915
181,374	-0,006034
181,412	-0,007249
181,45	-0,005775
181,488	-0,009254
181,526	-0,011433
181,564	-0,01762
181,602	-0,014619
181,64	-0,010471
181,678	-0,009247
181,716	-0,006892
181,754	-0,003281
181,792	-0,006954
181,83	-0,002841
181,868	-0,001493
181,906	0,00411
181,944	-0,001808
181,982	0,001337
182,02	-0,004034
182,058	-0,005938
182,096	-0,001329
182,134	0,000251
182,172	0,001671
182,21	0,002472
182,248	0,005349
182,286	0,003304
182,324	0,000176
182,362	0,005718
182,4	0,009926
182,438	0,011084
182,476	0,00947
182,514	0,007182
182,552	0,003689
182,59	0,007791
182,628	0,001959
182,666	0,007371
182,704	0,009844
182,742	0,01272
182,78	0,015606
182,818	0,014684
182,856	0,014423
182,894	0,020229
182,932	0,03301
182,97	0,045718
183,008	0,056012
183,046	0,068856
183,084	0,07642
183,122	0,085049
183,16	0,087417
183,198	0,093125
183,236	0,092908
183,274	0,095745
183,312	0,102494
183,35	0,109963
183,388	0,110389
183,426	0,110343
183,464	0,113892
183,502	0,110745
183,54	0,108066
183,578	0,10423
183,616	0,102197
183,654	0,104913
183,692	0,102779
183,73	0,101346
183,768	0,096996
183,806	0,093235
183,844	0,089072
183,882	0,084412
183,92	0,087793
183,958	0,086129
183,996	0,084185
184,034	0,077947
184,072	0,077419
184,11	0,073735
184,148	0,071911
184,186	0,069835
184,224	0,062103
184,262	0,063429
184,3	0,060384
184,338	0,057379
184,376	0,054566
184,414	0,055659
184,452	0,052824
184,49	0,0495
184,528	0,049024
184,566	0,048294
184,604	0,053942
184,642	0,051205
184,68	0,055108
