1	28.353
2	30.029
3	29.618
4	28.441
5	29.324
6	29.294
7	30.029
8	31.853
9	31.824
10	34.853
11	34.618
12	36
13	37.441
14	36.088
15	36.529
16	37.529
17	38.941
18	38.882
19	39.824
20	39.853
21	41.5
22	40.324
23	38.765
24	39.676
25	39.088
26	39.235
27	40.059
28	39.5
29	38.765
30	39.882
31	36.794
32	38.441
33	38.147
34	38.382
35	37.882
36	38.176
37	38.206
38	37.471
39	37.118
40	36.353
41	38.412
42	36.676
43	35.471
44	35.971
45	37.176
46	36.676
47	35.176
48	34.382
49	35.206
50	35.441
51	35.265
52	36.794
53	35.441
54	36.147
55	35.882
56	34
57	34.029
58	33.441
59	33.294
60	31.882
61	33.853
62	32.294
63	32
64	32.912
65	33.176
66	33.353
67	32.029
68	32.794
69	31.5
70	32.059
71	31.618
72	32.235
73	34.118
74	31.441
75	31.441
76	30.912
77	32.118
78	31.765
79	31.5
80	31.147
81	32
82	32.088
83	31.706
84	31.794
85	31.5
86	31.706
87	30.735
88	31.735
89	33.265
90	31.794
91	33.471
92	31.029
93	30.412
94	31.412
95	32.529
96	30.147
97	31.059
98	30.794
99	31.206
100	31.588
101	32.176
102	31.971
103	31.588
104	31.059
105	31.382
106	31.265
107	30.529
108	30.5
109	30.206
110	29.941
111	30.529
112	30.735
113	31.176
114	30.412
115	29.824
116	29.235
117	30.912
118	30.441
119	30.529
120	29.794
121	29.853
122	30.618
123	30.235
124	30.706
125	29.206
126	30.529
127	30.235
128	30.353
129	30.265
130	30.118
131	30.235
132	30.029
133	29.059
134	29.147
135	29.706
136	27.941
137	30.588
138	28.706
139	30.588
140	30.059
141	30.412
142	30.941
143	29.147
144	29.706
145	29.647
146	29.265
147	29.559
148	27.882
149	29.471
150	28.559
151	29.794
152	29.412
153	30.176
154	29.853
155	28.824
156	29.941
157	30.412
158	30.088
159	29.176
160	29.353
161	28.706
162	29.853
163	30.294
164	28.118
165	29.206
166	30.353
167	29.088
168	29.118
169	29.588
170	29.088
171	28.765
172	28.735
173	28.882
174	29.824
175	29.588
176	30.647
177	29.647
178	29.559
179	29.059
180	29.118
181	30.559
182	29.588
183	31.5
184	29.647
185	31.059
186	33.206
187	33.235
188	34.235
189	35.441
190	36.971
191	36.412
192	37.059
193	38.647
194	38.971
195	39.235
196	39.235
197	39.941
198	40.324
199	40.029
200	40.294
201	40.824
202	40.471
203	39.941
204	41.353
205	39.971
206	39.206
207	39.5
208	38.853
209	40.118
210	38.794
211	38.029
212	38.206
213	39.765
214	38.618
215	38.794
216	37.882
217	37.412
218	36.794
219	37.441
220	36.824
221	38.588
222	35.941
223	36.559
224	37.324
225	37.029
226	35.176
227	35.441
228	35.882
229	36.5
230	34.588
231	35.471
232	34.824
233	35.529
234	35.588
235	35.559
236	34.147
237	32.441
238	34.882
239	33.882
240	34.529
241	33.853
242	33.588
243	34.206
244	33
245	34.941
246	32.647
247	33.676
248	33.353
249	33.941
250	33.882
251	33.353
252	32.824
253	33.059
254	32.206
255	32.088
256	33.412
257	34.441
258	32.588
259	32.059
260	31.559
261	32.176
262	31.265
263	32.824
264	31.147
265	32.853
266	33.059
267	32.265
268	32.441
269	31.235
270	31.235
271	31.588
272	32.382
273	31.324
274	31.647
275	32.794
276	32.5
277	32.059
278	30.706
279	31.206
280	30.059
281	31.647
282	31.559
283	28.941
284	30.147
285	31.882
286	31.118
287	30.794
288	30.882
289	30.794
290	29.941
291	30.765
292	30.529
293	30.882
294	29.647
295	30.265
296	32.235
297	29.971
298	30.706
299	30.235
300	29.853
301	29.559
302	30.324
303	30.529
304	30.441
305	30.588
306	30.5
307	30.088
308	29.412
309	30.618
310	29.765
311	30.206
312	30.794
313	29.882
314	30.029
315	29.353
316	30.412
317	30.529
318	28.412
319	29.324
320	30.324
321	29.176
322	29.706
323	30.647
324	29.088
325	30.529
326	29.912
327	30.029
328	29.794
329	29.647
330	29.118
331	30.088
332	31.382
333	30.265
334	29.824
335	29.471
336	28.471
337	28.912
338	29.029
339	28.059
340	30.235
341	29.559
342	29.176
343	30.206
344	30.118
345	28.735
346	28.441
347	29.471
348	29.176
349	30.735
350	29.206
351	29.676
352	28.971
353	29.088
354	29.294
355	29.206
356	29.471
357	29.235
358	29.206
359	28.235
360	29.147
361	30.118
362	28.618
363	28.706
364	29.412
365	28.412
366	29
367	28.529
368	28.941
369	29.882
370	29.706
371	29.559
372	29.235
373	29.382
374	28.588
375	29.118
376	29.235
377	29.618
378	29.471
379	27.941
380	28.618
381	29.353
382	28.618
383	29.559
384	29
385	29.265
386	29.824
387	28.794
388	28.882
389	27.853
390	29.059
391	28.294
392	29.029
393	29.412
394	28.971
395	28.853
396	27.735
397	28.235
398	28.676
399	28
400	29.029
401	28.235
402	28.353
403	30.441
404	28.971
405	28.912
406	28.412
407	27.559
408	28.618
409	28.118
410	29.235
411	29.882
412	28
413	28.235
414	29.529
415	29.735
416	27.441
417	29.588
418	28.294
419	29.176
420	28.5
421	28.882
422	29.147
423	28.882
424	28.559
425	30.441
426	28.235
427	28.324
428	29.412
429	28.735
430	28.353
431	29.618
432	29.029
433	28.706
434	28.882
435	29
436	28.324
437	29.5
438	29.765
439	26.765
440	29.147
441	29.382
442	28.235
443	28.382
444	27.176
445	29
446	28.559
447	28.353
448	28.029
449	28.882
450	27.706
451	28.529
452	28.5
453	30.618
454	27.382
455	28.882
456	28.529
457	28.882
458	26.559
459	28.441
460	28.824
461	28.794
462	28.206
463	29.471
464	30.029
465	27.324
466	28.765
467	27.794
468	27.382
469	27.882
470	27.882
471	27.765
472	28.882
473	27.794
474	28.676
475	28.618
476	28.088
477	29.176
478	28.882
479	29.235
480	28.853
481	28.324
482	28.853
483	28.676
484	27.735
485	28.353
486	28.088
487	28.735
488	28.147
489	28.265
490	27.853
491	28.735
492	28.353
493	29.529
494	29.088
495	28.882
496	29.353
497	28.382
498	28.618
499	28.353
500	27.882
501	28.471
502	28.176
503	28.118
504	28.176
505	28.912
506	29.412
507	28.353
508	28.5
509	28.618
510	29.118
511	28.294
512	29.265
513	29.941
514	28.853
515	28.353
516	28.676
517	28.382
518	28.176
519	28
520	28.588
521	27.765
522	28.471
523	28.5
524	28.794
525	28.765
526	29.206
527	28.706
528	29.235
529	28.353
530	28.118
531	28.088
532	29.824
533	28.647
534	29.471
535	27.324
536	28.882
537	29.824
538	28.441
539	29.059
540	29.353
541	29.765
542	29
543	28.382
544	29.176
545	29.559
546	28.176
547	28.441
548	28.588
549	28.559
550	29.147
551	29.971
552	27.824
553	28.765
554	28.735
555	28.471
556	27.029
557	28.618
558	30.029
559	29.324
560	28.382
561	27.176
562	27.735
563	28.118
564	28.529
565	28.412
566	28.618
567	29.294
568	29.088
569	27.794
570	28.794
571	29.382
572	29.794
573	27.676
574	28.941
575	27.412
576	29.118
577	28.794
578	28
579	28.206
580	29.118
581	28.647
582	27.382
583	29.206
584	29.441
585	29.353
586	27.882
587	29.794
588	27.529
589	28.853
590	29.206
591	29.088
592	27.735
593	29.265
594	30
595	29.765
596	28.971
597	29.706
598	28.882
599	28.206
600	28.559
601	28.412
602	28.794
603	29.265
604	29.559
605	28.471
606	28.941
607	28.588
608	27.824
609	29.206
610	29.059
611	28.235
612	27.588
613	29.176
614	29
615	29.324
616	27.647
617	28.676
618	27.824
619	28.265
620	28.353
621	29.647
622	29.176
623	29.941
624	30.206
625	32.941
626	31.588
627	33.765
628	35.941
629	35
630	35.059
631	37.029
632	38
633	37.147
634	38.735
635	37.824
636	37.441
637	39.176
638	40.765
639	39.676
640	38.588
641	39
642	37.794
643	39.882
644	39.176
645	40.147
646	39.441
647	38.294
648	37.941
649	38.353
650	39.235
651	36.882
652	36.206
653	37.5
654	36.353
655	34.941
656	38.059
657	37.5
658	35.765
659	34.853
660	37
661	37.412
662	36.206
663	35.706
664	35.912
665	35.471
666	35.353
667	35.794
668	36.029
669	34.206
670	34.441
671	34.853
672	34.588
673	33.559
674	34.471
675	33.706
676	33.882
677	34.088
678	33.912
679	33.324
680	33.441
681	32.412
682	32.441
683	32.971
684	31.941
685	32.059
686	32.765
687	33
688	32.324
689	32.412
690	31.235
691	31.706
692	32.853
693	32.529
694	31.765
695	31.088
696	31.029
697	32.294
698	30.853
699	30.471
700	31.529
701	32.235
702	31.441
703	31.265
704	30.412
705	29.294
706	30.235
707	30.676
708	30.824
709	31.294
710	30.118
711	30.441
712	31.588
713	31.088
714	30.294
715	29.706
716	30.147
717	30.882
718	30.118
719	29.5
720	29.5
721	30.059
722	29.882
723	29.941
724	30.647
725	29.794
726	30.088
727	29.529
728	29.147
729	29.941
730	29.765
731	29.941
732	29.824
733	28.794
734	30.088
735	30.559
736	29.265
737	29.176
738	30.618
739	30
740	29.029
741	30.559
742	27.529
743	29.382
744	29.588
745	28.559
746	27.971
747	30.059
748	28.735
749	30.294
750	28.912
751	28.882
752	29.676
753	28.618
754	29.706
755	30.765
756	29.118
757	29.853
758	28.941
759	28.588
760	29.176
761	29.5
762	29.353
763	29.206
764	27.794
765	29.382
766	29.5
767	28.794
768	28.147
769	28.029
770	29
771	28.735
772	29.059
773	28.765
774	28.588
775	28.971
776	28.765
777	29.147
778	28.235
779	27.353
780	29.029
781	29.059
782	29.382
783	28.706
784	29.412
785	29.971
786	28.676
787	29.147
788	28.529
789	28.647
790	27.882
791	29.088
792	28.794
793	28.588
794	28.441
795	28.412
796	28.147
797	29.353
798	27.353
799	28.147
800	29.029
801	28.882
802	26.588
803	29.853
804	29.118
805	28.265
806	28.5
807	28.441
808	28.735
809	29.441
810	28.676
811	28.618
812	28.706
813	29.5
814	29.471
815	28.294
816	28.647
817	28.206
818	29.206
819	29.382
820	28.088
821	29.882
822	28.441
823	28.853
824	27.676
825	28.441
826	28.735
827	29.147
828	29.618
829	29.471
830	28.882
831	29.647
832	29.735
833	29.853
834	29.206
835	28.118
836	28.765
837	30.059
838	27.882
839	28.059
840	28.176
841	29.618
842	27.029
843	28.735
844	28.471
845	28
846	29.147
847	28.971
848	27.471
849	30.5
850	27.029
851	29.559
852	28.853
853	28.735
854	27.735
855	29.765
856	27.471
857	28.676
858	28.294
859	28.088
860	27
861	28.794
862	29.441
863	29.882
864	27.824
865	29.471
866	28.971
867	28.265
868	28.324
869	28.912
870	28.118
871	27.412
872	29.324
873	28.5
874	26.706
875	28.971
876	28.265
877	28.559
878	28.588
879	28.324
880	28.912
881	28.971
882	27.147
883	29.647
884	28.529
885	28.735
886	28.294
887	28.441
888	27.941
889	29.382
890	28.471
891	27.912
892	28.912
893	28.294
894	28.824
895	27.588
896	29.382
897	29.324
898	29.353
899	27.853
900	28.471
901	29.647
902	27.706
903	29.588
904	28.529
905	29.176
906	27.235
907	28.265
908	28.647
909	28.529
910	27.824
911	28.529
912	28.176
913	27.559
914	28.618
915	29.118
916	28.941
917	28.471
918	28.471
919	28.294
920	28.529
921	28.353
922	28.088
923	29.265
924	28.294
925	27.941
926	28.353
927	28.529
928	28.853
929	27.882
930	28.059
931	28.324
932	28.441
933	28.647
934	28.265
935	27.265
936	28.941
937	28.235
938	28.735
939	28.265
940	28.206
941	29.853
942	28.382
943	28.588
944	28.206
945	28.824
946	27.412
947	28.147
948	28
949	28.471
950	29.118
951	28.088
952	27.294
953	29.559
954	28.5
955	28.588
956	28.735
957	28.029
958	28.235
959	29.059
960	28.059
961	28.382
962	28.265
963	27.794
964	27.941
965	28.882
966	29.147
967	28.382
968	29.029
969	28.441
970	29.382
971	28.412
972	28.382
973	27.971
974	29.029
975	28.441
976	29.176
977	28.324
978	28.529
979	28.912
980	28.029
981	28.147
982	27.706
983	27.706
984	28.353
985	28.206
986	28.265
987	28.412
988	28.235
989	29.912
990	29.618
991	28.059
992	27.794
993	27.206
994	28.412
995	29.324
996	29.059
997	28.235
998	28.5
999	29.088
1000	28.353
1001	29.618
1002	27.176
1003	28.706
1004	29.059
1005	29.265
1006	27.176
1007	29
1008	28.382
1009	28.206
1010	28.912
1011	29.412
1012	28.853
1013	28.382
1014	29.147
1015	28.559
1016	27.941
1017	28.647
1018	27.824
1019	28.882
1020	28.824
1021	28.676
1022	28.765
1023	29.412
1024	29.294
1025	29.5
1026	27.382
1027	26.882
1028	28.441
1029	28.706
1030	29.235
1031	29.118
1032	28
1033	27.824
1034	27.676
1035	27.676
1036	28.029
1037	28.971
1038	29.882
1039	31.941
1040	32.412
1041	33.441
1042	34.5
1043	33.912
1044	34.559
1045	36.824
1046	36.5
1047	35.765
1048	37.824
1049	36.853
1050	36.853
1051	38.235
1052	37.176
1053	38.029
1054	38.324
1055	38.029
1056	37.206
1057	39.206
1058	37.059
1059	37.412
1060	36.706
1061	38.353
1062	37.324
1063	37.529
1064	37.147
1065	37.353
1066	36.647
1067	37.618
1068	36.794
1069	35.529
1070	35.882
1071	36.118
1072	35.412
1073	35.794
1074	35.176
1075	35.853
1076	33.382
1077	36.824
1078	34.206
1079	34.912
1080	35.5
1081	34.382
1082	33.941
1083	34.382
1084	33.647
1085	34.059
1086	34.059
1087	34.559
1088	34.059
1089	33.088
1090	33.235
1091	34.853
1092	34.088
1093	32.971
1094	33.529
1095	32.529
1096	32.824
1097	33.559
1098	33.147
1099	32.971
1100	32.647
1101	31.588
1102	31.971
1103	32.794
1104	33.294
1105	32.882
1106	30.971
1107	31.382
1108	31.471
1109	31.559
1110	31.941
1111	31
1112	30.735
1113	30.265
1114	30.559
1115	31.088
1116	30.794
1117	31.971
1118	31.118
1119	31.706
1120	32
1121	30.676
1122	29.294
1123	31.735
1124	30.147
1125	30.853
1126	31.176
1127	31.735
1128	31.588
1129	31.294
1130	29.735
1131	30.941
1132	31.824
1133	31.265
1134	30.206
1135	29.794
1136	29.412
1137	30.824
1138	30.529
1139	30.324
1140	32.059
1141	30.559
1142	30.029
1143	29.294
1144	27.941
1145	29.647
1146	30.176
1147	27.971
1148	29.647
1149	30.618
1150	29.441
1151	29.471
1152	30.265
1153	29.441
1154	28.912
1155	29.882
1156	29.5
1157	30.147
1158	29.706
1159	29.088
1160	29.882
1161	29.471
1162	28.794
1163	27.971
1164	28.765
1165	29.353
1166	28.941
1167	29.235
1168	29.412
1169	29.059
1170	27.588
1171	28.235
1172	29.412
1173	27.353
1174	28.206
1175	30.265
1176	28.912
1177	29.353
1178	28.647
1179	29.235
1180	30.412
1181	28.265
1182	29.441
1183	28.618
1184	28.059
1185	29.235
1186	28.471
1187	28.824
1188	29.412
1189	27.206
1190	28.853
1191	29.441
1192	29.294
1193	28.294
1194	29.559
1195	29.353
1196	28.471
1197	29.529
1198	27.647
1199	29.765
1200	27.824
1201	29.706
1202	28.412
1203	28.353
1204	28.647
1205	28.206
1206	28.147
1207	29.353
1208	28.588
1209	29.647
1210	28.882
1211	27.441
1212	27.059
1213	29.529
1214	28.5
1215	29.265
1216	28.353
1217	29.529
1218	28.765
1219	28.618
1220	29.471
1221	28.882
1222	29.088
1223	29.618
1224	28.059
1225	28.324
1226	28.382
1227	29.794
1228	27.441
1229	29.529
1230	29.559
1231	29.206
1232	28.647
1233	28.971
1234	28.5
1235	29.088
1236	28.353
1237	28.265
1238	28.588
1239	29
1240	28.529
1241	28.853
1242	29.088
1243	27.206
1244	27.912
1245	27.059
1246	28.324
1247	28.147
1248	27.5
1249	28.853
1250	29.529
1251	28.735
1252	28.618
1253	29.088
1254	29.176
1255	28.382
1256	28.853
1257	28.765
1258	28.294
1259	29.294
1260	28.147
1261	29.324
1262	27.853
1263	27.794
1264	28.118
1265	28.735
1266	27.824
1267	29.118
1268	28.882
1269	30.206
1270	29
1271	29.471
1272	27.853
1273	29.618
1274	29.088
1275	29.176
1276	28.647
1277	28.559
1278	27.088
1279	28.382
1280	28.618
1281	28.059
1282	29.118
1283	28.412
1284	27.441
1285	27.647
1286	27.559
1287	28.971
1288	26.971
1289	27.941
1290	28.941
1291	28.5
1292	27.735
1293	28.676
1294	28.324
1295	28.794
1296	27.647
1297	28.088
1298	27.882
1299	27.118
1300	27.882
1301	28
1302	28.912
1303	27.824
1304	27.765
1305	27.5
1306	28.824
1307	28.912
1308	27.824
1309	28.647
1310	29.353
1311	28.971
1312	29.324
1313	28.794
1314	28.824
1315	27.971
1316	27.559
1317	27.618
1318	29.441
1319	27.412
1320	27.853
1321	29.382
1322	28.529
1323	27.912
1324	28.412
1325	28.794
1326	27.529
1327	28.941
1328	29.353
1329	27.735
1330	29.412
1331	29.5
1332	27.382
1333	28.235
1334	28.382
1335	28.147
1336	28.559
1337	29.088
1338	27.441
1339	27.941
1340	27.824
1341	28.5
1342	26.941
1343	27.147
1344	27.794
1345	27.971
1346	26.794
1347	28.794
1348	28.647
1349	28.824
1350	29.265
1351	29.324
1352	27.441
1353	28.235
1354	27.529
1355	29
1356	28.618
1357	28.206
1358	27.765
1359	29
1360	28.324
1361	28.588
1362	27.941
1363	28.235
1364	28.412
1365	28.5
1366	29.029
1367	28.971
1368	27.971
1369	28.118
1370	27.912
1371	29.529
1372	26.588
1373	28.147
1374	27.294
1375	29.059
1376	27.441
1377	28.735
1378	28.353
1379	28.235
1380	28.853
1381	28.206
1382	28.147
1383	28.353
1384	27.824
1385	27.235
1386	27.676
1387	28.353
1388	28.5
1389	28.588
1390	28.676
1391	28.265
1392	29.118
1393	26.971
1394	29.412
1395	29.559
1396	27.441
1397	29.588
1398	28.088
1399	29.118
1400	27.441
1401	29.941
1402	27.824
1403	29.324
1404	26.941
1405	27.971
1406	28.265
1407	28.618
1408	28.235
1409	28.088
1410	28.618
1411	28.824
1412	28.941
1413	28.941
1414	28.706
1415	28.176
1416	27.824
1417	27.912
1418	28.618
1419	26.971
1420	27.412
1421	27.824
1422	26.559
1423	30.088
1424	27.5
1425	29.912
1426	28.059
1427	28.618
1428	27.559
1429	29.088
1430	27.912
1431	27.206
1432	29.088
1433	31.176
1434	30.324
1435	32.529
1436	33.235
1437	34.529
1438	33.912
1439	35.559
1440	36.765
1441	36.529
1442	35.941
1443	37.059
1444	36.059
1445	36.853
1446	36.971
1447	36.882
1448	38.294
1449	36.588
1450	36.941
1451	36.5
1452	37.059
1453	37.559
1454	36.5
1455	37.765
1456	37.029
1457	37.206
1458	37.235
1459	35.382
1460	36.059
1461	36.882
1462	36.353
1463	35.971
1464	36.118
1465	36
1466	34.912
1467	36.441
1468	36.118
1469	36.676
1470	34.353
1471	35.735
1472	35.618
1473	34.618
1474	34.559
1475	35.235
1476	33.706
1477	34.941
1478	34.588
1479	33.471
1480	33.824
1481	33.618
1482	32.706
1483	34.235
1484	31.824
1485	34.382
1486	32.029
1487	34.471
1488	33.941
1489	33.294
1490	32.794
1491	32.559
1492	32.294
1493	32.706
1494	32.559
1495	31.353
1496	31.971
1497	33.735
1498	32.235
1499	33.059
1500	32.353
1501	32.176
1502	31.294
1503	32.471
1504	31.529
1505	30.324
1506	32.147
1507	30.765
1508	31.235
1509	30.765
1510	31.265
1511	31.294
1512	30.353
1513	30.941
1514	30.735
1515	31.941
1516	30.265
1517	31.971
1518	32.441
1519	30.971
1520	29.206
1521	29.735
1522	30.235
1523	29.441
1524	30.147
1525	30.794
1526	30.618
1527	29.735
1528	29.794
1529	31.059
1530	30
1531	28.176
1532	29.765
1533	29.618
1534	28.912
1535	29.676
1536	30.265
1537	31.206
1538	29.529
1539	29.324
1540	29.235
1541	30.853
1542	30.206
1543	30.588
1544	29
1545	29.853
1546	29.088
1547	29.735
1548	29.971
1549	29.618
1550	28.529
1551	29.706
1552	29.824
1553	30.235
1554	28.971
1555	27.618
1556	30
1557	30.206
1558	29.088
1559	29.588
1560	28.441
1561	29.235
1562	29.206
1563	28.529
1564	28.088
1565	30.088
1566	28.412
1567	29.441
1568	29.088
1569	28.647
1570	28.824
1571	29.235
1572	31.059
1573	28.706
1574	28.412
1575	29.294
1576	28.353
1577	29.382
1578	28.941
1579	28.5
1580	29.029
1581	29.588
1582	28.471
1583	29.176
1584	29.206
1585	28.559
1586	29
1587	28.324
1588	28.706
1589	29.324
1590	29.059
1591	30.088
1592	28.324
1593	29.294
1594	27.059
1595	27.824
1596	27.882
1597	29.735
1598	28.912
1599	29.059
1600	29.118
1601	29.176
1602	27.824
1603	28.5
1604	28.029
1605	29.735
1606	28.794
1607	29.441
1608	27.971
1609	28.088
1610	29.412
1611	29.353
1612	28.353
1613	29.559
1614	28.382
1615	28.882
1616	29.588
1617	28.265
1618	27.559
1619	27.853
1620	29.029
1621	28.353
1622	28.029
1623	27.588
1624	28.971
1625	28.353
1626	28.471
1627	28.618
1628	29.529
1629	27.294
1630	28
1631	27.853
1632	28.588
1633	29.294
1634	29.529
1635	28.588
1636	27.471
1637	27.765
1638	28.794
1639	29.706
1640	27.971
1641	28.824
1642	29.412
1643	27.088
1644	26.735
1645	27.441
1646	29.235
1647	28.971
1648	28.235
1649	28.176
1650	27.882
1651	27.706
1652	28.294
1653	28.029
1654	28.294
1655	28.088
1656	28
1657	27.441
1658	28.118
1659	28.588
1660	28.794
1661	28.735
1662	28.029
1663	28
1664	27.882
1665	27.912
1666	28.794
1667	26.676
1668	28.765
1669	29.088
1670	28.765
1671	28.5
1672	27.618
1673	27.441
1674	26.765
1675	27.588
1676	26.853
1677	27.324
1678	27.382
1679	28.235
1680	27.382
1681	28.265
1682	30.206
1683	30.853
1684	33.235
1685	32.206
1686	33.5
1687	33.882
1688	35.529
1689	35.118
1690	34.176
1691	36.265
1692	35.353
1693	35.794
1694	36.059
1695	36.706
1696	35.676
1697	35.912
1698	35.735
1699	35.147
1700	35.235
1701	35.794
1702	36.118
1703	36.912
1704	37.735
1705	37.441
1706	37.059
1707	35.941
1708	35.206
1709	35.676
1710	35.382
1711	34.324
1712	36.765
1713	35.912
1714	35.559
1715	35.059
1716	34.882
1717	34.529
1718	33.912
1719	34.794
1720	35.441
1721	35.235
1722	34.088
1723	33.118
1724	33.706
1725	33.353
1726	33.353
1727	32.471
1728	33.618
1729	32.765
1730	32.235
1731	32.882
1732	32.412
1733	33.294
1734	32.382
1735	31.382
1736	33.206
1737	32.294
1738	31.912
1739	32.676
1740	32.176
1741	31.794
1742	31.794
1743	32.235
1744	32.529
1745	31.853
1746	30.882
1747	30.706
1748	31.765
1749	31.618
1750	31.147
1751	31.353
1752	30.176
1753	31.265
1754	30.324
1755	31.471
1756	30.235
1757	30.029
1758	29.412
1759	30.029
1760	30.588
1761	29.912
1762	30.059
1763	32.147
1764	31.029
1765	29.971
1766	29.706
1767	30.206
1768	29.765
1769	30.471
1770	29.676
1771	29
1772	30.059
1773	29.088
1774	30.059
1775	30.118
1776	30.588
1777	30.971
1778	28.735
1779	29.735
1780	30.059
1781	30
1782	31.059
1783	29.324
1784	29.118
1785	28.765
1786	28
1787	28.971
1788	29.206
1789	29.706
1790	29.088
1791	29.912
1792	29.853
1793	29.5
1794	29.029
1795	28.941
1796	28.971
1797	29.059
1798	30.029
1799	29.529
1800	28.353
1801	29.059
1802	29
1803	30.471
1804	28.353
1805	28.941
1806	28.706
1807	29.529
1808	28.529
1809	28.676
1810	29.088
1811	28.324
1812	27.794
1813	28.324
1814	29.647
1815	28.706
1816	28.735
1817	29.853
1818	28.294
1819	28.441
1820	29.118
1821	28.382
1822	29.647
1823	29.088
1824	28.559
1825	27.735
1826	29.324
1827	28.412
1828	29.206
1829	28.059
1830	28.794
1831	30.029
1832	28.118
1833	27.971
1834	27.765
1835	27.5
1836	27.882
1837	28.382
1838	28.382
1839	29.029
1840	27.853
1841	27.676
1842	29.059
1843	29.176
1844	28.912
1845	29.029
1846	29.059
1847	27.676
1848	28.706
1849	28.735
1850	29
1851	28.029
1852	28.324
1853	28
1854	27.294
1855	28.412
1856	29.941
1857	28.059
1858	28.382
1859	28.441
1860	28.206
1861	27.618
1862	27.853
1863	26.971
1864	29
1865	27.765
1866	29.353
1867	28.765
1868	28.324
1869	28.265
1870	27.676
1871	27.941
1872	27.294
1873	28.294
1874	26.471
1875	28.529
1876	28.265
1877	29.912
1878	28.853
1879	28.412
1880	27.941
1881	28.853
1882	28.029
1883	27.912
1884	27.647
1885	27.794
1886	26.853
1887	27.794
1888	28.853
1889	28.441
1890	28.029
1891	28.647
1892	28.941
1893	27.059
1894	28.618
1895	28.794
1896	27.941
1897	28.765
1898	26.471
1899	27.971
1900	28.059
1901	28.912
1902	28.941
1903	27.912
1904	28.382
1905	28.618
1906	27.235
1907	27.588
1908	29.176
1909	27.618
1910	27.824
1911	29.853
1912	27.235
1913	28.471
1914	27.382
1915	28
1916	28.647
1917	28.529
1918	25.676
1919	29.118
1920	29.029
1921	27.941
1922	28.088
1923	29.029
1924	28.265
1925	28.765
1926	28.441
1927	28.294
1928	27.882
1929	27.735
1930	27.706
1931	26.853
1932	28.735
1933	27.941
1934	27.5
1935	28.676
1936	28.088
1937	28.765
1938	27.647
1939	28.794
1940	27.235
1941	27.971
1942	27.971
1943	29.118
1944	27.588
1945	27.971
1946	28.882
1947	28.412
1948	27.912
1949	27
1950	26.529
1951	28.324
1952	27.824
1953	29.324
1954	27.441
1955	28.559
1956	27.176
1957	27.941
1958	28.118
1959	29.088
1960	27.529
1961	28.382
1962	27.941
1963	27.265
1964	28.471
1965	28.735
1966	28.059
1967	28.176
1968	28.088
1969	27.706
1970	26.412
1971	29
1972	28.529
1973	27.676
1974	27.559
1975	28.559
1976	26.676
1977	28.147
1978	27.971
1979	27.735
1980	28.471
1981	27.676
1982	27.353
1983	28.059
1984	28.735
1985	28.118
1986	27.5
1987	28.794
1988	29.265
1989	28.088
1990	27.676
1991	28.206
1992	28.559
1993	28.529
1994	27.441
1995	28.029
1996	29.441
1997	29.059
1998	28.5
1999	27.441
2000	28.176
2001	27.971
2002	28.382
2003	29.118
2004	27.941
2005	28.471
2006	27.618
2007	28.029
2008	28.471
2009	28.235
2010	28.647
2011	27.559
2012	28.794
2013	27.765
2014	29.029
2015	27.765
2016	28.294
2017	27.5
2018	27.5
2019	27.382
2020	29.353
2021	28.588
2022	27.618
2023	28.559
2024	28.412
2025	28.088
2026	27.794
2027	28.853
2028	27.412
2029	27.324
2030	28.265
2031	29.647
2032	31.529
2033	32
2034	31.765
2035	32.176
2036	33.971
2037	34.088
2038	34.353
2039	35.324
2040	34.618
2041	36.088
2042	34.618
2043	34.676
2044	37.588
2045	34.971
2046	35.735
2047	36.029
2048	35.412
2049	35.265
2050	34.412
2051	35.235
2052	35.559
2053	36.471
2054	34.735
2055	35.588
2056	35.529
2057	36.676
2058	34.706
2059	35.147
2060	34.412
2061	34.618
2062	34.324
2063	34.735
2064	33.265
2065	33.294
2066	33.088
2067	34.147
2068	33.588
2069	33.941
2070	33.118
2071	32.382
2072	34.029
2073	33.853
2074	33.735
2075	31.382
2076	34.706
2077	32.588
2078	32.971
2079	32.353
2080	32.618
2081	31.118
2082	31.794
2083	32.471
2084	30.794
2085	29.735
2086	31.647
2087	31.882
2088	31.235
2089	31.824
2090	31.735
2091	30.941
2092	29.794
2093	30.853
2094	30.882
2095	31.559
2096	30.882
2097	32.088
2098	31.382
2099	30.147
2100	30.618
2101	30.824
2102	30.324
2103	31.941
2104	30.529
2105	29.824
2106	29.794
2107	30.824
2108	30.412
2109	30.765
2110	29.706
2111	30.647
2112	31.206
2113	28.735
2114	30.353
2115	29.588
2116	28.147
2117	30.647
2118	28.265
2119	30.529
2120	30.206
2121	28.824
2122	29.529
2123	30.294
2124	28.912
2125	29.559
2126	29.824
2127	28.912
2128	28.647
2129	28.706
2130	30.353
2131	29
2132	29.5
2133	29
2134	29.853
2135	29.794
2136	29.353
2137	29.147
2138	27.735
2139	27.706
2140	30.235
2141	28.353
2142	29.029
2143	28.029
2144	28.235
2145	29.588
2146	28.647
2147	28.088
2148	30.029
2149	29.059
2150	28.706
2151	29.529
2152	28.676
2153	29.265
2154	28.382
2155	28.853
2156	27.941
2157	30.147
2158	29
2159	29.059
2160	30.147
2161	27.941
2162	27.794
2163	27.971
2164	27.882
2165	28.941
2166	28.235
2167	29.088
2168	29.471
2169	28.471
2170	28.706
2171	28.118
2172	28.647
2173	27.941
2174	28.324
2175	29.235
2176	27.794
2177	29.088
2178	27.765
2179	28.294
2180	29.735
2181	28.412
2182	28.559
2183	28.735
2184	29.235
2185	28.235
2186	27.647
2187	29.941
2188	27.559
2189	27.294
2190	28.794
2191	27.618
2192	28.618
2193	27.941
2194	28.206
2195	28.059
2196	27.5
2197	29.118
2198	28
2199	28.912
2200	28.147
2201	27.529
2202	28.765
2203	28.147
2204	27.147
2205	27.559
2206	27.706
2207	28.029
2208	28.176
2209	29.029
2210	27.529
2211	27.441
2212	27.676
2213	27.382
2214	27.706
2215	28.412
2216	28.088
2217	29.912
2218	29.059
2219	28.382
2220	26.765
2221	28.206
2222	26.735
2223	27.912
2224	29.029
2225	29.029
2226	28.971
2227	26.912
2228	27.824
2229	28.324
2230	27.794
2231	28.382
2232	27.412
2233	28.324
2234	27.147
2235	28.176
2236	28.529
2237	28.765
2238	28.059
2239	27.882
2240	28.118
2241	28.088
2242	28.676
2243	27.5
2244	29.059
2245	28.147
2246	27.676
2247	27.853
2248	28.294
2249	28.206
2250	28
2251	28.735
2252	28.941
2253	27.882
2254	28.529
2255	28.412
2256	28.294
2257	28.559
2258	27.618
2259	28.559
2260	27.676
2261	27.912
2262	29.235
2263	27.618
2264	28.824
2265	27.824
2266	28.618
2267	28.853
2268	27.559
2269	28.735
2270	28.588
2271	28.676
2272	27.971
2273	27.765
2274	27.265
2275	28.088
2276	28.382
2277	28.059
2278	27.882
2279	28.647
2280	28.588
2281	28.5
2282	27.441
2283	29.235
2284	29.059
2285	28.265
2286	28.382
2287	28.382
2288	29.118
2289	28.971
2290	27.588
2291	27.118
2292	27.382
2293	27.324
2294	28.029
2295	28.206
2296	28.029
2297	28.294
2298	29.147
2299	27.235
2300	27.618
2301	27.088
2302	27.971
2303	28.265
2304	28.029
2305	28.882
2306	28.706
2307	28.147
2308	26.529
2309	27.235
2310	28
2311	29.265
2312	28.176
2313	27.971
2314	28.147
2315	26.765
2316	28.147
2317	28.265
2318	27.147
2319	28.324
2320	28.147
2321	27.176
2322	28.176
2323	27.618
2324	27.941
2325	27.676
2326	28.176
2327	28.294
2328	28.353
2329	28.294
2330	27.882
2331	27.912
2332	27.265
2333	28.029
2334	28.382
2335	28.559
2336	27.853
2337	30.647
2338	27.647
2339	28.176
2340	28.529
2341	27.294
2342	28.529
2343	28.824
2344	27.971
2345	26.412
2346	28.5
2347	26.971
2348	29.235
2349	28.353
2350	28.353
2351	27.176
2352	28.324
2353	28.147
2354	28.118
2355	28.5
2356	28.735
2357	27.441
2358	27.882
2359	28.971
2360	28.618
2361	27.235
2362	28.912
2363	27.853
2364	28.441
2365	27.441
2366	27.912
2367	29.029
2368	26.824
2369	28.618
2370	29.118
2371	27.088
2372	28.235
2373	28.059
2374	28.235
2375	28.588
2376	29.5
2377	28.441
2378	28.706
2379	29.5
2380	30.353
2381	30.912
2382	30.471
2383	31.794
2384	33.147
2385	33.294
2386	33.824
2387	33.029
2388	33.706
2389	34.176
2390	33.618
2391	34.324
2392	35.029
2393	34.765
2394	35.235
2395	35.294
2396	36.559
2397	33.853
2398	35.147
2399	35.412
2400	34.765
2401	34.647
2402	34.941
2403	34.059
2404	34.059
2405	34.029
2406	33.206
2407	33.676
2408	33.235
2409	34.176
2410	33.059
2411	33.471
2412	33.676
2413	32.382
2414	33
2415	31.971
2416	33.176
2417	33.059
2418	32.147
2419	33.265
2420	33.176
2421	32.176
2422	30.559
2423	32.794
2424	31.353
2425	33
2426	31.529
2427	32.265
2428	30.853
2429	30.618
2430	30.618
2431	31.353
2432	31.147
2433	30.382
2434	32.529
2435	30.294
2436	30.029
2437	31.118
2438	30.353
2439	30.5
2440	31.176
2441	31.147
2442	30.294
2443	29.794
2444	29.882
2445	30.353
2446	31.118
2447	30.265
2448	30.529
2449	30
2450	30.529
2451	29.471
2452	29
2453	29.647
2454	29.265
2455	30.147
2456	30.353
2457	29.853
2458	30.441
2459	29.765
2460	28.118
2461	30.353
2462	28.824
2463	29.559
2464	29.059
2465	29.529
2466	30.618
2467	28.794
2468	29.471
2469	28.971
2470	29.735
2471	30.265
2472	29.235
2473	28.353
2474	29.382
2475	28.559
2476	28.147
2477	30.088
2478	28.324
2479	29.059
2480	29.618
2481	28.029
2482	28.882
2483	27.206
2484	29.735
2485	30.088
2486	28.765
2487	28.735
2488	28.618
2489	29.382
2490	28.382
2491	29.088
2492	28
2493	28.147
2494	27.088
2495	27.618
2496	27.235
2497	27.882
2498	29.206
2499	28.353
2500	28.324
2501	28.294
2502	26.824
2503	29.382
2504	28.735
2505	28.765
2506	28.971
2507	28.265
2508	28.059
2509	29.059
2510	28.853
2511	29.235
2512	28.676
2513	28.471
2514	27.147
2515	28.676
2516	27.588
2517	28.5
2518	27.647
2519	28
2520	28.235
2521	28.471
2522	27.382
2523	28.824
2524	28.147
2525	27.441
2526	27.088
2527	27.706
2528	29.441
2529	29
2530	28
2531	28.735
2532	27.059
2533	28.676
2534	28.294
2535	27.853
2536	28.824
2537	28.471
2538	28.941
2539	28.235
2540	28.324
2541	27.971
2542	28.265
2543	28.029
2544	27.412
2545	27.647
2546	28.588
2547	27.088
2548	27.794
2549	27.382
2550	28.441
2551	29.059
2552	28.176
2553	29.147
2554	28
2555	27.324
2556	28.059
2557	28
2558	28.912
2559	27.147
2560	27.706
2561	28.412
2562	27.618
2563	27.559
2564	27.765
2565	28.588
2566	29.324
2567	27.529
2568	27.088
2569	28.676
2570	28.118
2571	28.824
2572	27.353
2573	28.676
2574	28.206
2575	27.412
2576	28.206
2577	27.265
2578	27.735
2579	27.882
2580	27.147
2581	28.059
2582	27.853
2583	27.176
2584	28.382
2585	28.529
2586	28.529
2587	27.5
2588	27.735
2589	28.618
2590	28.324
2591	27.971
2592	27.412
2593	28.265
2594	27.853
2595	26.412
2596	28.647
2597	27.794
2598	29.029
2599	27.971
2600	27.971
2601	28.441
2602	27.559
2603	27.882
2604	27.529
2605	28.382
2606	27.853
2607	27.176
2608	29.206
2609	28.176
2610	27.706
2611	26.353
2612	28.647
2613	28.059
2614	26.824
2615	28.735
2616	28.088
2617	27.382
2618	27.882
2619	28.412
2620	28.824
2621	27.735
2622	28.294
2623	27.029
2624	27.882
2625	27.882
2626	28.088
2627	27.529
2628	28.353
2629	28
2630	28.147
2631	28.029
2632	26.912
2633	27.941
2634	26.882
2635	27.735
2636	27.088
2637	29.176
2638	28.559
2639	27.206
2640	27.706
2641	28.235
2642	27.529
2643	27.559
2644	28.618
2645	27.647
2646	27.412
2647	27.324
2648	26.794
2649	27.324
2650	28.441
2651	28.618
2652	26.471
2653	28.971
2654	28.176
2655	28.471
2656	27.5
2657	27.441
2658	28.706
2659	27.029
2660	26.676
2661	27.5
2662	27.059
2663	28.176
2664	27.853
2665	27.618
2666	28
2667	27.441
2668	28.029
2669	28.353
2670	27.559
2671	28.412
2672	29.059
2673	28.412
2674	28.088
2675	26.971
2676	27.235
2677	27.824
2678	26.912
2679	28.118
2680	27.706
2681	28.441
2682	27.971
2683	27.765
2684	27.176
2685	28.706
2686	27.324
2687	28.471
2688	28.676
2689	28.912
2690	27.588
2691	28.206
2692	27.441
2693	28.853
2694	28.412
2695	27.5
2696	27.647
2697	28.5
2698	26.941
2699	28.088
2700	28.676
2701	29.176
2702	27.441
2703	27.794
2704	27.529
2705	28.147
2706	27.882
2707	27.735
2708	28.147
2709	28.529
2710	28.529
2711	28.824
2712	27.471
2713	28.353
2714	26.912
2715	27.971
2716	28.794
2717	28.529
2718	27.118
2719	28.676
2720	27.176
2721	28.588
2722	28.088
2723	28.324
2724	26.588
2725	28.118
2726	27
2727	27.941
2728	30.059
2729	29.794
2730	30.176
2731	31.206
2732	29.971
2733	31.912
2734	33.118
2735	34.088
2736	33.941
2737	34.941
2738	35.941
2739	34.735
2740	32.912
2741	34.088
2742	35.5
2743	36.176
2744	33.941
2745	35.324
2746	33.824
2747	34.088
2748	35.265
2749	35.618
2750	34.735
2751	36.029
2752	34.559
2753	34.5
2754	35.324
2755	34.618
2756	34.735
2757	34.441
2758	33.971
2759	33.912
2760	31.882
2761	34.5
2762	34.441
2763	32.147
2764	33.294
2765	32.971
2766	32.118
2767	32.088
2768	33.029
2769	33.382
2770	31.618
2771	31.529
2772	31.029
2773	33.059
2774	32.824
2775	31.735
2776	31.265
2777	32.118
2778	32.529
2779	32.029
2780	30.824
2781	31.941
2782	30.294
2783	30.706
2784	31.441
2785	29.441
2786	30.265
2787	31.294
2788	30.382
2789	30.853
2790	31.088
2791	31
2792	29.206
2793	29.971
2794	29.912
2795	29.147
2796	29.206
2797	29.647
2798	31.088
2799	30.441
2800	29.706
2801	29.853
2802	29.353
2803	30.324
2804	29.971
2805	29.676
2806	30.118
2807	29.412
2808	28.118
2809	30.382
2810	29.735
2811	29.471
2812	29.588
2813	29.324
2814	29.235
2815	29.235
2816	28.853
2817	28.353
2818	29.824
2819	29.176
2820	29.353
2821	29.971
2822	29
2823	30.5
2824	28.353
2825	29.588
2826	29.559
2827	28.824
2828	28.676
2829	29.618
2830	27.853
2831	29.529
2832	28.853
2833	28.882
2834	28.5
2835	30.294
2836	29
2837	29.147
2838	28.059
2839	28.118
2840	28.676
2841	29.147
2842	28.941
2843	28.529
2844	29.294
2845	28.647
2846	28.912
2847	28.971
2848	28.765
2849	28.441
2850	30.206
2851	28.735
2852	29.353
2853	29.588
2854	28.941
2855	28.324
2856	28.559
2857	29.794
2858	29.206
2859	29.265
2860	29.412
2861	28.853
2862	28.824
2863	29.353
2864	29.265
2865	29.588
2866	28.059
2867	29.029
2868	28.382
2869	29.618
2870	29.206
2871	28.765
2872	29.471
2873	28.324
2874	28.088
2875	28.647
2876	28.971
2877	28.559
2878	27.618
2879	29.794
2880	28.382
2881	29.059
2882	27.265
2883	28.029
2884	28.765
2885	27.588
2886	28.971
2887	28.147
2888	28.471
2889	28.382
2890	29.588
2891	28.324
2892	27.647
2893	27.676
2894	27.412
2895	28.794
2896	28.912
2897	27.882
2898	28.971
2899	27.971
2900	28.441
2901	27.735
2902	27.912
2903	26.647
2904	28.794
2905	28.441
2906	27.382
2907	29.647
2908	27.853
2909	27.382
2910	27.294
2911	27.441
2912	28
2913	28.265
2914	28.206
2915	27.676
2916	28.529
2917	28.324
2918	27.853
2919	28.206
2920	28.265
2921	28.265
2922	27.912
2923	26.912
2924	27.794
2925	27.441
2926	28.735
2927	27.618
2928	29.088
2929	27.706
2930	29.176
2931	28.5
2932	27.588
2933	27.706
2934	27.059
2935	27.118
2936	27.441
2937	28.412
2938	28.647
2939	27.353
2940	28.765
2941	28.412
2942	28
2943	29.471
2944	29
2945	28.294
2946	26.676
2947	27.471
2948	27.794
2949	27
2950	28.147
2951	28.471
2952	28.882
2953	27.824
2954	27.647
2955	28.412
2956	27.647
2957	29.294
2958	26.441
2959	27.794
2960	28.382
2961	27.971
2962	28.971
2963	28.206
2964	27.765
2965	29.206
2966	27.088
2967	27.824
2968	27.529
2969	28.559
2970	28.206
2971	27.5
2972	27.5
2973	28.176
2974	28.059
2975	28.412
2976	28.118
2977	28.088
2978	28.088
2979	27.647
2980	28.676
2981	28.676
2982	28.676
2983	28.118
2984	27.794
2985	29.324
2986	27.088
2987	28.912
2988	27.824
2989	28.353
2990	27.794
2991	28.618
2992	28.206
2993	28.882
2994	27.265
2995	28.706
2996	28.559
2997	29.206
2998	27.294
2999	28.882
3000	26.353
3001	28
3002	27.971
3003	29.147
3004	27.706
3005	29.794
3006	28.853
3007	28.088
3008	28.529
3009	27.324
3010	27.529
3011	28.324
3012	27.853
3013	27.206
3014	27.059
3015	27.353
3016	27.794
3017	28.529
3018	27.971
3019	27.647
3020	26.794
3021	27.971
3022	28.5
3023	27.088
3024	27.265
3025	26.824
3026	27.441
3027	27.882
3028	27.088
3029	28.206
3030	26.118
3031	29.294
3032	26.235
3033	28.294
3034	29.382
3035	27.971
3036	27.294
3037	26.441
3038	27.588
3039	28.265
3040	28.029
3041	27.676
3042	26.882
3043	27.324
3044	26.529
3045	27.176
3046	27.265
3047	28.235
3048	27.529
3049	27.971
3050	26.706
3051	27.794
3052	26.824
3053	28.118
3054	29.765
3055	28.265
3056	27.647
3057	27.559
3058	27.059
3059	27.088
3060	27.412
3061	27.176
3062	27.971
3063	28.088
3064	28.059
3065	28.824
3066	27.588
3067	28.882
3068	27.5
3069	28.824
3070	27.971
3071	28.206
3072	27.029
3073	28.559
3074	28.5
3075	27.382
3076	27.941
3077	29
3078	29.735
3079	30.265
3080	29.824
3081	30.971
3082	32.5
3083	32.471
3084	32.853
3085	30.971
3086	32.853
3087	34.471
3088	34
3089	35.235
3090	35.353
3091	34.853
3092	34.029
3093	33.765
3094	33.5
3095	35.147
3096	34.176
3097	35.941
3098	34.676
3099	34.088
3100	34.971
3101	33.647
3102	34.265
3103	33.765
3104	34.206
3105	33.735
3106	34.882
3107	31.5
3108	33.824
3109	33.235
3110	33.588
3111	35.588
3112	34.147
3113	35.412
3114	35.706
3115	36.676
3116	33.441
3117	35.559
3118	34.618
3119	35
3120	34.765
3121	34.265
3122	36.088
3123	34.441
3124	35.118
3125	35.471
3126	33.382
3127	33.441
3128	33.382
3129	33
3130	34.647
3131	32.441
3132	33
3133	33.912
3134	34.5
3135	32.912
3136	34.118
3137	33.294
3138	33.529
3139	31.941
3140	32.912
3141	33.265
3142	32.794
3143	32.735
3144	31.912
3145	32.706
3146	31.824
3147	32.206
3148	30.588
3149	32.5
3150	30.735
3151	31.941
3152	32.206
3153	31.441
3154	30.647
3155	31.294
3156	31.176
3157	31.353
3158	31.618
3159	33.118
3160	29.441
3161	30.971
3162	30.647
3163	29.882
3164	30.824
3165	31.059
3166	31.941
3167	30.382
3168	30.147
3169	29.118
3170	31.353
3171	30.765
3172	30.294
3173	29.676
3174	31.206
3175	29.824
3176	30.618
3177	30.618
3178	29.588
3179	30.412
3180	30.324
3181	30.618
3182	29.235
3183	28.294
3184	28.618
3185	29.824
3186	29.882
3187	28.471
3188	29.353
3189	30.324
3190	29.206
3191	31
3192	29
3193	27.676
3194	29.559
3195	28.588
3196	30
3197	30.029
3198	29.618
3199	28.941
3200	27.441
3201	29.676
3202	29.765
3203	28.382
3204	28.647
3205	28.118
3206	28.441
3207	29.265
3208	28.706
3209	28.382
3210	29.412
3211	28.971
3212	28.735
3213	30.294
3214	29.029
3215	29.088
3216	29.5
3217	29.088
3218	28.176
3219	28.912
3220	29.088
3221	29.235
3222	28.471
3223	29.059
3224	28.882
3225	28.176
3226	28.676
3227	28.412
3228	27.353
3229	28.5
3230	29.235
3231	29.147
3232	29.353
3233	29.235
3234	28.706
3235	29.118
3236	29.5
3237	28.824
3238	28.588
3239	29
3240	27.559
3241	28.265
3242	28.088
3243	28.265
3244	28.029
3245	28.853
3246	29.735
3247	28.941
3248	26.647
3249	28.794
3250	28.735
3251	27.971
3252	28.676
3253	28.235
3254	28.235
3255	29.588
3256	27.676
3257	27.706
3258	27.471
3259	28.559
3260	28.147
3261	29.324
3262	26.853
3263	27.676
3264	27.059
3265	28.206
3266	28.029
3267	28.676
3268	26.324
3269	29.029
3270	27.471
3271	28.235
3272	27.941
3273	28.382
3274	28.588
3275	27.618
3276	28.029
3277	26.824
3278	28.029
3279	28.529
3280	27.176
3281	26.118
3282	27.706
3283	28.824
3284	28.118
3285	28.324
3286	28.294
3287	28.853
3288	28.176
3289	27.765
3290	28
3291	27.471
3292	28.882
3293	28.882
3294	26.882
3295	27.294
3296	28.647
3297	28.441
3298	27.441
3299	28.5
3300	28.794
3301	28.265
3302	28.147
3303	27.588
3304	28.235
3305	27.412
3306	26.735
3307	28.147
3308	28.735
3309	28.676
3310	28.471
3311	27.971
3312	27.941
3313	27.912
3314	27.559
3315	29
3316	27.765
3317	27.971
3318	28.735
3319	27.471
3320	28.735
3321	27.441
3322	27.676
3323	27.706
3324	27.471
3325	28.235
3326	27.059
3327	28.559
3328	27.941
3329	27.588
3330	27.118
3331	28.176
3332	27.912
3333	29.647
3334	26
3335	27.912
3336	28.382
3337	28.529
3338	28.882
3339	27.353
3340	26.912
3341	27.706
3342	28.324
3343	27.559
3344	27.265
3345	27.676
3346	25.765
3347	27.706
3348	28.059
3349	29.412
3350	27.971
3351	26.529
3352	28.147
3353	28.412
3354	27.353
3355	27.765
3356	26.647
3357	28.676
3358	26.382
3359	27.588
3360	28.324
3361	27.794
3362	28.294
3363	28.706
3364	28.176
3365	27.441
3366	27.735
3367	27.794
3368	27.794
3369	27.206
3370	28.647
3371	27.735
3372	26.206
3373	26.941
3374	28.029
3375	28.324
3376	28.559
3377	28.735
3378	27.853
3379	27.559
3380	27.471
3381	27.912
3382	28
3383	27.5
3384	27.529
3385	27.441
3386	28.059
3387	27.529
3388	26.441
3389	28.235
3390	28.382
3391	26.941
3392	27.029
3393	27.176
3394	26.529
3395	28.059
3396	27.588
3397	28.029
3398	27.588
3399	28.206
3400	27.676
3401	28.118
3402	26.706
3403	28.471
3404	27.794
3405	28.294
3406	27.618
3407	27.588
3408	27.5
3409	27.853
3410	27.324
3411	28.824
3412	28.706
3413	28.941
3414	27.118
3415	28.706
3416	27.441
3417	27.265
3418	28.618
3419	27.529
3420	27.118
3421	28.412
3422	26.941
3423	27.412
3424	26.971
3425	27.676
3426	28.471
3427	28.206
3428	28.882
3429	30.441
3430	30.676
3431	31.235
3432	30.647
3433	32.294
3434	32
3435	33.206
3436	34.206
3437	33.794
3438	33.529
3439	34.824
3440	33.471
3441	35.588
3442	34.294
3443	34.941
3444	33.588
3445	35.588
3446	33.588
3447	34.618
3448	34.941
3449	34.441
3450	33.529
3451	34.824
3452	33.647
3453	34.206
3454	34.029
3455	33.529
3456	33.882
3457	34.206
3458	34.088
3459	34.118
3460	35.324
3461	36.382
3462	34.618
3463	34.794
3464	34.941
3465	35.088
3466	35.441
3467	35.794
3468	36
3469	34.029
3470	35.235
3471	34
3472	35.088
3473	32.824
3474	34.353
3475	34.235
3476	34.294
3477	33.882
3478	33.088
3479	32.441
3480	34.353
3481	33.765
3482	32.382
3483	33.5
3484	32.471
3485	33.029
3486	33.353
3487	32.471
3488	32.235
3489	33.5
3490	31.353
3491	31.412
3492	31.294
3493	32.618
3494	31.559
3495	31.5
3496	31.559
3497	31.265
3498	31.441
3499	31.529
3500	31.5
3501	31.235
3502	30.794
3503	30.206
3504	31.412
3505	31.176
3506	30.5
3507	29.706
3508	30.118
3509	30.029
3510	30.971
3511	30.588
3512	30.882
3513	29.706
3514	29.588
3515	29.824
3516	30.794
3517	31.176
3518	30.294
3519	29.882
3520	29.559
3521	29.088
3522	30.5
3523	28.882
3524	31.324
3525	30.206
3526	30.265
3527	29.5
3528	29.118
3529	29.118
3530	28.824
3531	30.176
3532	29.088
3533	31.088
3534	29.882
3535	28.706
3536	30.353
3537	29.588
3538	30.382
3539	29.088
3540	29.588
3541	30.176
3542	29.971
3543	29.176
3544	28.647
3545	29.588
3546	28.382
3547	28.941
3548	28
3549	29.235
3550	28.147
3551	28.824
3552	27.618
3553	29.118
3554	29.353
3555	29.118
3556	27.824
3557	28.735
3558	28.941
3559	28.471
3560	28.912
3561	28.324
3562	28.912
3563	28.059
3564	27.471
3565	28.353
3566	28.176
3567	29.118
3568	27.647
3569	29.765
3570	28.618
3571	28.382
3572	28.735
3573	27.941
3574	28.118
3575	28.324
3576	27.559
3577	29.088
3578	27.794
3579	27.824
3580	28.824
3581	28.618
3582	28.206
3583	29.147
3584	27.382
3585	29
3586	28.529
3587	28.735
3588	27.529
3589	28.971
3590	28.353
3591	28.118
3592	29.059
3593	26.912
3594	27.912
3595	28.706
3596	28.824
3597	28.471
3598	29.206
3599	29.471
3600	28.882
3601	28.382
3602	28.706
3603	27.324
3604	26.765
3605	28.324
3606	27.235
3607	27.882
3608	27.794
3609	26.706
3610	27.529
3611	27.912
3612	27.559
3613	28.176
3614	27.676
3615	27.735
3616	27.265
3617	26.912
3618	28.029
3619	28.206
3620	27.706
3621	28.441
3622	28.088
3623	27.647
3624	28.324
3625	27.853
3626	28
3627	29.176
3628	28.029
3629	27.853
3630	28.206
3631	28.235
3632	27.529
3633	28.853
3634	27.294
3635	28.5
3636	28.382
3637	27
3638	28.235
3639	27.676
3640	26.941
3641	28.147
3642	28.059
3643	26.794
3644	27.588
3645	28
3646	27.5
3647	27.676
3648	28.5
3649	28.412
3650	27.088
3651	27.647
3652	27.618
3653	27.912
3654	28.118
3655	27.176
3656	29.853
3657	26.618
3658	29.147
3659	28.412
3660	28.147
3661	27.912
3662	28.471
3663	27.794
3664	27.735
3665	28.265
3666	27.618
3667	28
3668	27.971
3669	28.441
3670	27.235
3671	28.265
3672	27.471
3673	28.294
3674	26.941
3675	28.353
3676	28.265
3677	27.471
3678	27.353
3679	28.029
3680	28.176
3681	28.471
3682	28.382
3683	28.765
3684	28.5
3685	28.529
3686	26.941
3687	28.294
3688	28.176
3689	26.853
3690	28.147
3691	26.882
3692	28.206
3693	28.618
3694	27.235
3695	28.441
3696	27.824
3697	27.412
3698	28.235
3699	26.559
3700	27
3701	28.294
3702	27.294
3703	28
3704	28.971
3705	27.882
3706	27.735
3707	28.529
3708	27.382
3709	27.118
3710	28.382
3711	28.441
3712	27.824
3713	26.353
3714	27.235
3715	27.353
3716	27
3717	28.324
3718	27.735
3719	28.265
3720	27.559
3721	28.029
3722	28.324
3723	28.176
3724	27.912
3725	28.265
3726	28.824
3727	27.647
3728	28.5
3729	27.765
3730	27.5
3731	26.971
3732	28.206
3733	27.941
3734	28.235
3735	27.088
3736	29.265
3737	28.059
3738	27.853
3739	28.618
3740	27.559
3741	27.529
3742	26.029
3743	27.412
3744	27.765
3745	28.706
3746	28.235
3747	27
3748	27.618
3749	27.912
3750	27.353
3751	27.853
3752	28.353
3753	27.706
3754	27.706
3755	28.353
3756	28.588
3757	27.324
3758	28.559
3759	27.765
3760	27.353
3761	28
3762	27.235
3763	26.706
3764	27.912
3765	27.941
3766	27.971
3767	28.471
3768	26.618
3769	27.676
3770	28.559
3771	27.647
3772	26.441
3773	27.765
3774	27.5
3775	28.118
3776	29.529
3777	30.088
3778	29.206
3779	31.441
3780	30.353
3781	30.824
3782	31.353
3783	32.5
3784	31.5
3785	33.441
3786	33.265
3787	34.735
3788	35.235
3789	33.912
3790	32.559
3791	33.471
3792	34.206
3793	33.676
3794	32.853
3795	33.294
3796	34.029
3797	34.588
3798	33.559
3799	34.029
3800	33.559
3801	33.912
3802	32.971
3803	32.941
3804	32.529
3805	32.088
3806	34.559
3807	32.971
3808	33.029
3809	32.765
3810	32.294
3811	32.794
3812	33.441
3813	32.941
3814	30.676
3815	31.353
3816	31.5
3817	31.676
3818	31.559
3819	30.441
3820	31.5
3821	31.559
3822	31.441
3823	30.588
3824	32.118
3825	31.265
3826	30.059
3827	29.176
3828	30
3829	30.441
3830	30.618
3831	30.235
3832	30.118
3833	30.647
3834	30.647
3835	29.588
3836	31.647
3837	30.294
3838	29.5
3839	29.147
3840	29.471
3841	29.706
3842	28.882
3843	30.324
3844	29.471
3845	30.735
3846	29.912
3847	29.059
3848	29.441
3849	30
3850	29.588
3851	30.265
3852	29.941
3853	28.912
3854	30.735
3855	29.5
3856	29.559
3857	28.912
3858	30.147
3859	29.206
3860	29.5
3861	28.559
3862	29.324
3863	29
3864	29.5
3865	27.676
3866	29.147
3867	29.353
3868	27.618
3869	28.294
3870	29.176
3871	28.353
3872	29.265
3873	29.441
3874	28.294
3875	28.265
3876	29.118
3877	29.382
3878	28.735
3879	28.882
3880	28.559
3881	30.412
3882	28.676
3883	28.324
3884	28.206
3885	28.735
3886	28.529
3887	28.324
3888	27.912
3889	28.676
3890	29.412
3891	28.941
3892	29
3893	28.441
3894	27.559
3895	28.735
3896	27.324
3897	28.559
3898	29.206
3899	28.206
3900	28.912
3901	29.471
3902	28.794
3903	28.794
3904	28.5
3905	28.382
3906	27.971
3907	27.353
3908	29.059
3909	28.382
3910	27.794
3911	29.382
3912	27.265
3913	27.294
3914	27.941
3915	27.765
3916	27.794
3917	28.529
3918	28.176
3919	28.265
3920	27.882
3921	27.588
3922	26.824
3923	29.176
3924	29.941
3925	28.088
3926	27.471
3927	28.324
3928	28.706
3929	27.529
3930	28.559
3931	28.176
3932	27.971
3933	28.676
3934	27.118
3935	29.029
3936	28.824
3937	29.206
3938	28.294
3939	27.824
3940	27.971
3941	28.5
3942	27.235
3943	28.382
3944	28.971
3945	27.559
3946	28.588
3947	27.794
3948	28.529
3949	28.353
3950	27.206
3951	27
3952	28.441
3953	28.324
3954	27.412
3955	26.412
3956	29.147
3957	29.265
3958	27.559
3959	26.676
3960	27.824
3961	27.5
3962	26.735
3963	28.088
3964	26.912
3965	27.912
3966	27.912
3967	28.059
3968	27.647
3969	28.559
3970	29.294
3971	28.824
3972	29.088
3973	28.706
3974	28.706
3975	27.294
3976	27.265
3977	29.088
3978	28.735
3979	28.853
3980	28.206
3981	27.382
3982	27.294
3983	28.029
3984	28.471
3985	28.971
3986	28
3987	28.147
3988	28.647
3989	27.118
3990	27.206
3991	27.735
3992	27.176
3993	28.176
3994	28.618
3995	27.618
3996	27.441
3997	28.941
3998	27.765
3999	29.176
4000	28.294
4001	28.735
4002	27.529
4003	27.912
4004	28.176
4005	28.235
4006	28.441
4007	28.441
4008	27.5
4009	26.824
4010	27.882
4011	27.824
4012	28.882
4013	28.324
4014	27.412
4015	27.706
4016	28.412
4017	27.147
4018	28.588
4019	28.059
4020	29
4021	26.676
4022	28.588
4023	28.147
4024	27.971
4025	27.882
4026	28.206
4027	29.618
4028	29.265
4029	30.029
4030	30.118
4031	32.441
4032	32.676
4033	32.294
4034	33.059
4035	35.412
4036	32.676
4037	34.441
4038	33.971
4039	34.353
4040	34.471
4041	35.147
4042	33.735
4043	33.912
4044	35.735
4045	35.265
4046	34.618
4047	33.294
4048	35.235
4049	34.294
4050	33.941
4051	35.618
4052	34.206
4053	32.735
4054	33.441
4055	32.529
4056	34.059
4057	34.088
4058	32.118
4059	32.706
4060	32.529
4061	34.765
4062	32.853
4063	32.324
4064	31.618
4065	31.647
4066	32.794
4067	31
4068	30.735
4069	32.029
4070	32.676
4071	31.471
4072	30.941
4073	32.088
4074	32.353
4075	31.559
4076	32.147
4077	30.382
4078	30.059
4079	30.794
4080	30
4081	30.118
4082	30.412
4083	29.147
4084	30.059
4085	30.176
4086	30.647
4087	29.265
4088	30.441
4089	31.824
4090	30.912
4091	30
4092	30.029
4093	30.029
4094	30.382
4095	31.735
4096	30.147
4097	29.5
4098	30.824
4099	29.059
4100	28.735
4101	29.588
4102	30.353
4103	29.353
4104	29.529
4105	29.441
4106	29.794
4107	29.529
4108	28.118
4109	30.059
4110	28.735
4111	29.794
4112	29.529
4113	28.471
4114	28.735
4115	28.618
4116	29.618
4117	28.765
4118	29.618
4119	28.735
4120	28.647
4121	29.294
4122	27.529
4123	28.765
4124	28.941
4125	30.118
4126	30.294
4127	31.676
4128	30.882
4129	32.412
4130	33.294
4131	32.971
4132	33.088
4133	34.029
4134	33.088
4135	33.353
4136	33.294
4137	34.088
4138	34.5
4139	33.765
4140	34.118
4141	33.706
4142	34.676
4143	34.118
4144	34.765
4145	34.088
4146	33.824
4147	32.882
4148	33.441
4149	33.294
4150	32.971
4151	33.265
4152	34
4153	31.853
4154	32.118
4155	32.676
4156	32.176
4157	32.324
4158	33.471
4159	32.471
4160	32.088
4161	33.206
4162	31.118
4163	32.5
4164	31.412
4165	32.176
4166	30.147
4167	30.176
4168	31.765
4169	29.088
4170	29.382
4171	30.059
4172	30.176
4173	29.088
4174	30.765
4175	28.971
4176	29.441
4177	29.029
4178	30.971
4179	30.029
4180	29.324
4181	30.059
4182	28.118
4183	28.882
4184	30.265
4185	30.324
4186	27.735
4187	28.382
4188	28.412
4189	28.441
4190	28.147
4191	29.059
4192	28.618
4193	27.088
4194	27.971
4195	28.559
4196	28.294
4197	29.382
4198	30.588
4199	29.088
4200	30.147
4201	28.059
4202	28.471
4203	27.471
4204	29.324
4205	28.471
4206	28.794
4207	27.941
4208	28
4209	28.941
4210	29.088
4211	29.147
4212	28.176
4213	29.059
4214	27.853
4215	27.706
4216	28.559
4217	29.118
4218	28.324
4219	27.559
4220	28.412
4221	28.676
4222	28.559
4223	27.324
4224	28.912
4225	28.529
4226	28.441
4227	27.147
4228	28.735
4229	28.588
4230	28.529
4231	28.353
4232	28
4233	28.882
4234	29.059
4235	28.794
4236	28.618
4237	28.353
4238	27.882
4239	27.706
4240	27.971
4241	28.647
4242	26.882
4243	29.824
4244	28.265
4245	28.471
4246	27.176
4247	29.118
4248	27.794
4249	27.529
4250	27.412
4251	28.441
4252	28.588
4253	28.618
4254	27.353
4255	28.176
4256	27.382
4257	27.647
4258	27.471
4259	27.794
4260	27.912
4261	26.235
4262	27.088
4263	27.794
4264	28.324
4265	29.059
4266	25.941
4267	27.765
4268	27.088
4269	26.559
4270	27.088
4271	27.088
4272	27.118
4273	27.647
4274	28.706
4275	28
4276	26.647
4277	28.088
4278	29.147
4279	27.853
4280	28.029
4281	28.029
4282	28.353
4283	27.529
4284	27.235
4285	27.412
4286	27
4287	27.853
4288	27.794
4289	27.235
4290	27.735
4291	28.588
4292	27.559
4293	26.794
4294	28.088
4295	27.382
4296	27.382
4297	26.529
4298	27.618
4299	28.029
4300	29
4301	28.529
4302	28.471
4303	27.765
4304	26.471
4305	27.941
4306	28.059
4307	27.265
4308	27.118
4309	28.088
4310	27.059
4311	27.235
4312	27.529
4313	26.647
4314	29.059
4315	27.706
4316	25.912
4317	26.147
4318	27.941
4319	27.471
4320	27.412
4321	28.5
4322	27.647
4323	27.324
4324	27.265
4325	27.353
4326	28.588
4327	28.618
4328	28.059
4329	27.618
4330	27.471
4331	27.324
4332	27.529
4333	27.588
4334	26.824
4335	27
4336	27.735
4337	27.676
4338	27.559
4339	27.471
4340	25.971
4341	28.118
4342	26.912
4343	28.5
4344	26.882
4345	28.559
4346	28.176
4347	28.471
4348	27.265
4349	27.706
4350	27.324
4351	28.265
4352	27.088
4353	27.706
4354	27.265
4355	27.588
4356	27.294
4357	28.294
4358	26.676
4359	28.206
4360	27.971
4361	26.912
4362	27.441
4363	27.706
4364	27.559
4365	27.529
4366	28.853
4367	28.235
4368	28.088
4369	28.353
4370	28.206
4371	27.941
4372	26.824
4373	28.294
4374	27.324
4375	27.912
4376	27.382
4377	26.235
4378	28.118
4379	28.265
4380	27.706
4381	29.088
4382	27.353
4383	26.912
4384	27
4385	28.059
4386	27.618
4387	27.471
4388	26.294
4389	27.971
4390	27.235
4391	26.706
4392	28.559
4393	26.824
4394	27.735
4395	27.676
4396	28
4397	28.324
4398	26.706
4399	26.853
4400	28.265
4401	27.647
4402	27.353
4403	26.529
4404	27.765
4405	27.794
4406	26.912
4407	28.412
4408	26.382
4409	27.353
4410	27.412
4411	27.824
4412	26.882
4413	27.176
4414	26.794
4415	27.265
4416	26.206
4417	28.647
4418	28
4419	26.971
4420	28.294
4421	28.324
4422	26.265
4423	27.471
4424	26.676
4425	27.676
4426	27.353
4427	27.353
4428	28.206
4429	27.529
4430	26.529
4431	26.294
4432	25.706
4433	27
4434	26.647
4435	26.676
4436	28.735
4437	26.912
4438	26.794
4439	26.971
4440	27.971
4441	27.853
4442	27
4443	26.441
4444	27.118
4445	27.353
4446	27.5
4447	26.912
4448	28
4449	27.324
4450	27.529
4451	27.941
4452	27.529
4453	28.059
4454	28.618
4455	28.235
4456	28.235
4457	26.853
4458	27.5
4459	26.118
4460	26.824
4461	27.294
4462	28.353
4463	29.147
4464	28.647
4465	30.029
4466	30.059
4467	30.941
4468	30.382
4469	31.765
4470	32.265
4471	32.647
4472	32.353
4473	33.353
4474	32.147
4475	33.353
4476	32.941
4477	32.912
4478	34.735
4479	32.882
4480	33.324
4481	33.441
4482	32.794
4483	33.324
4484	32.941
4485	33.176
4486	32.735
4487	31.853
4488	32.029
4489	32.588
4490	32.5
4491	32.765
4492	29.294
4493	32.441
4494	31.029
4495	31.588
4496	30.853
4497	31.118
4498	31.559
4499	31.294
4500	31.294
4501	30.647
4502	28.853
4503	30.941
4504	30.059
4505	30.118
4506	29.853
4507	31.353
4508	31.118
4509	30.059
4510	31.088
4511	29.853
4512	31.059
4513	29.882
4514	30.676
4515	29.324
4516	29.912
4517	30.265
4518	30.5
4519	29.706
4520	29.853
4521	29.147
4522	30.265
4523	29.029
4524	29.353
4525	29.029
4526	29.941
4527	29.588
4528	28.647
4529	28.765
4530	28.382
4531	29.588
4532	27.882
4533	28.824
4534	28.971
4535	28.382
4536	28.147
4537	29.912
4538	27.588
4539	27.794
4540	28.059
4541	28.5
4542	28.353
4543	29.147
4544	29.235
4545	29.588
4546	29.971
4547	28.676
4548	28.941
4549	28.265
4550	28.176
4551	28.559
4552	27.088
4553	29.088
4554	27.588
4555	27.824
4556	28.206
4557	28.206
4558	28.235
4559	28.765
4560	28.794
4561	28.088
4562	28.176
4563	28.5
4564	26.294
4565	28.971
4566	27.706
4567	28.912
4568	28.382
4569	28.912
4570	27.235
4571	29.441
4572	28.912
4573	28.206
4574	27.353
4575	26.235
4576	27.794
4577	27.206
4578	27.206
4579	28.294
4580	28.265
4581	27.382
4582	28.676
4583	28.706
4584	27.941
4585	27.647
4586	28.265
4587	28.235
4588	28.147
4589	27.676
4590	28.324
4591	28.471
4592	27.765
4593	27.765
4594	27.206
4595	27.5
4596	27.118
4597	28.147
4598	27.294
4599	28.059
4600	28.765
4601	28.029
4602	27.441
4603	28.647
4604	26.206
4605	27.412
4606	28.382
4607	27.5
4608	27
4609	27.676
4610	27.971
4611	27.971
4612	26.706
4613	27.176
4614	27.5
4615	27.382
4616	27.676
4617	27.353
4618	28.5
4619	28.118
4620	26.559
4621	27.794
4622	27.441
4623	27.412
4624	25.735
4625	28.353
4626	27.441
4627	27.176
4628	27.882
4629	28.706
4630	27.941
4631	26.676
4632	28.529
4633	28.529
4634	27.912
4635	28.235
4636	27.059
4637	27.794
4638	27.735
4639	27.853
4640	27.618
4641	28.588
4642	27.588
4643	27.265
4644	27.912
4645	28.147
4646	27.647
4647	27.882
4648	26.882
4649	27
4650	27.471
4651	27.382
4652	27.676
4653	27.265
4654	26.5
4655	26.971
4656	27.5
4657	27.912
4658	27.412
4659	27.529
4660	27.971
4661	27.265
4662	28.471
4663	28.324
4664	27.824
4665	27.794
4666	27.676
4667	27.794
4668	26.706
4669	28.559
4670	28.618
4671	27.647
4672	28.176
4673	27.676
4674	28.294
4675	27.794
4676	28.118
4677	27.882
4678	28.588
4679	26.794
4680	27.029
4681	27.441
4682	27.971
4683	26.971
4684	26.5
4685	26.176
4686	27.647
4687	28.206
4688	27.618
4689	28.765
4690	26.824
4691	27.676
4692	28.118
4693	29
4694	26.647
4695	26.765
4696	26.765
4697	27.088
4698	27.706
4699	27.618
4700	27
4701	27.265
4702	28.794
4703	27.206
4704	28
4705	27.794
4706	27.882
4707	25.735
4708	27.353
4709	26.618
4710	26.5
4711	27.176
4712	27.5
4713	28.676
4714	28.647
4715	27.824
4716	27.471
4717	27.059
4718	27.176
4719	28.147
4720	27.147
4721	27.676
4722	26.147
4723	27.324
4724	27
4725	26.765
4726	26.676
4727	27.647
4728	27.353
4729	27.941
4730	28.324
4731	29.471
4732	29.735
4733	29.176
4734	30.588
4735	31.235
4736	31.559
4737	32
4738	32.206
4739	33.088
4740	32.618
4741	33.235
4742	33.206
4743	34.059
4744	33.382
4745	32.294
4746	31.971
4747	34
4748	33.706
4749	33.353
4750	32.853
4751	33.147
4752	33.5
4753	32.941
4754	32.235
4755	33.353
4756	33.206
4757	33.324
4758	32.294
4759	32.059
4760	31.588
4761	33.441
4762	31.5
4763	32.706
4764	31.059
4765	31.676
4766	31.676
4767	31.471
4768	30.412
4769	32.088
4770	30.647
4771	32.735
4772	31.118
4773	31.088
4774	30.382
4775	29.912
4776	31.353
4777	30.882
4778	30.206
4779	30.206
4780	29.912
4781	30.147
4782	30.059
4783	29.529
4784	30.147
4785	30.412
4786	29.588
4787	30.382
4788	29.794
4789	31.353
4790	29.176
4791	29.206
4792	30.5
4793	29.059
4794	29.941
4795	29.353
4796	29.971
4797	30
4798	28.735
4799	29.294
4800	29.235
4801	29.706
4802	28.735
4803	28
4804	28.735
4805	29.824
4806	30.882
4807	28.147
4808	29.176
4809	29.294
4810	29.147
4811	30.382
4812	30.176
4813	31.735
4814	31.441
4815	32.353
4816	33.353
4817	32.853
4818	33.206
4819	33.294
4820	33.029
4821	35.029
4822	34.647
4823	32.735
4824	33.529
4825	32.735
4826	33
4827	33.176
4828	33.412
4829	34.353
4830	32.412
4831	32.265
4832	32.059
4833	33.118
4834	31.618
4835	31.382
4836	33.324
4837	32.324
4838	31.529
4839	32.441
4840	30.912
4841	33.265
4842	31.471
4843	32.382
4844	30.529
4845	31.265
4846	30.471
4847	30.529
4848	31.618
4849	31.471
4850	29.559
4851	30.559
4852	29.794
4853	29.235
4854	30.471
4855	29.118
4856	30.235
4857	29.765
4858	29.882
4859	30.147
4860	30.5
4861	30.294
4862	29.471
4863	29.765
4864	30.618
4865	30.5
4866	28.294
4867	29.382
4868	29.382
4869	30.588
4870	29.882
4871	29.059
4872	29.382
4873	30.529
4874	29.059
4875	29.294
4876	29.529
4877	29.353
4878	29.176
4879	30.059
4880	30.118
4881	31.118
4882	30.412
4883	29.088
4884	30.882
4885	28.794
4886	28.588
4887	27.794
4888	28.676
4889	29.853
4890	27.912
4891	29.441
4892	28.088
4893	29.324
4894	29.088
4895	27
4896	29.029
4897	27.471
4898	29.118
4899	27.765
4900	29.029
4901	28.647
4902	28.529
4903	29.118
4904	28.088
4905	27.206
4906	28.529
4907	28.824
4908	29.5
4909	28.059
4910	27.735
4911	27.559
4912	28.059
4913	28.382
4914	27.5
4915	28.059
4916	26.412
4917	26.647
4918	28.206
4919	27.324
4920	26.294
4921	27.118
4922	27.618
4923	27.735
4924	27.235
4925	27.176
4926	28.206
4927	28.206
4928	28.235
4929	27.324
4930	27.147
4931	27.765
4932	27.971
4933	29.853
4934	27.941
4935	28.235
4936	29.029
4937	27.971
4938	27.765
4939	27.324
4940	29.265
4941	28.441
4942	27.706
4943	27.353
4944	26.382
4945	28.206
4946	28.235
4947	28.559
4948	28.294
4949	28.206
4950	27.353
4951	29.324
4952	27.765
4953	27.941
4954	27.853
4955	27.471
4956	28.382
4957	27.853
4958	26.5
4959	27.618
4960	27.618
4961	27.882
4962	27.206
4963	27.147
4964	27.618
4965	26.588
4966	26.441
4967	27.353
4968	26.676
4969	27.794
4970	28.941
4971	27
4972	26.824
4973	26.853
4974	27.265
4975	28.294
4976	26.912
4977	27.059
4978	27.088
4979	27.176
4980	26.588
4981	27.706
4982	26.824
4983	27.618
4984	27.618
4985	28.382
4986	28.235
4987	26.471
4988	26.941
4989	27.706
4990	26.618
4991	27.618
4992	27.794
4993	27.941
4994	27.735
4995	27
4996	28.294
4997	27.588
4998	27.559
4999	27.882
5000	27.794
5001	27.441
5002	27.5
5003	28.118
5004	27.382
5005	27.118
5006	27.912
5007	27.676
5008	27.412
5009	27.471
5010	26.559
5011	28.088
5012	27.382
5013	26.412
5014	28.029
5015	27.912
5016	26.971
5017	29.088
5018	27.588
5019	28.5
5020	27.706
5021	27.882
5022	26.912
5023	28
5024	27.618
5025	29.353
5026	29.353
5027	30.265
5028	30.794
5029	31.088
5030	31
5031	31.5
5032	31.353
5033	32.706
5034	33.206
5035	33.441
5036	34.294
5037	33.559
5038	31.706
5039	31.265
5040	33.147
5041	34.559
5042	32.5
5043	32.441
5044	31.088
5045	33.529
5046	32.176
5047	32.324
5048	31.618
5049	33.5
5050	32.765
5051	32.059
5052	30.382
5053	33.088
5054	31.912
5055	30.912
5056	31.176
5057	30.971
5058	32.235
5059	30.765
5060	29.441
5061	30.382
5062	29.824
5063	31.235
5064	30.059
5065	29.441
5066	30.588
5067	29.265
5068	30.882
5069	29.529
5070	30.824
5071	28.853
5072	29.382
5073	29.765
5074	29.912
5075	30.471
5076	28.647
5077	30.412
5078	29
5079	30.412
5080	29.412
5081	31
5082	28.588
5083	30.647
5084	29.794
5085	30.588
5086	29.088
5087	28.647
5088	30.088
5089	29.441
5090	27.882
5091	28.029
5092	28.588
5093	30.206
5094	28.735
5095	30.059
5096	29
5097	27.735
5098	28.765
5099	27.971
5100	29.235
5101	27.5
5102	29.206
5103	29.529
5104	28.353
5105	29.5
5106	29.206
5107	28.5
5108	28.471
5109	28.559
5110	28.588
5111	28.176
5112	28.824
5113	27.5
5114	28.912
5115	29.206
5116	29.706
5117	26.706
5118	27.794
5119	28.5
5120	27.853
5121	28.559
5122	27.529
5123	27.412
5124	27.853
5125	29.059
5126	27.706
5127	27.794
5128	27.382
5129	28.941
5130	28.147
5131	26.324
5132	27.294
5133	28.147
5134	28.147
5135	29.5
5136	27.735
5137	28.882
5138	28.353
5139	27.824
5140	28.059
5141	27.824
5142	26.706
5143	28.029
5144	27.5
5145	27.471
5146	28.294
5147	27.471
5148	26.765
5149	28
5150	27.5
5151	27.794
5152	28.265
5153	27.971
5154	27.971
5155	26.735
5156	26.912
5157	27.618
5158	27.765
5159	27.824
5160	28.471
5161	28.5
5162	28.706
5163	29.794
5164	30.735
5165	30.471
5166	32.294
5167	32
5168	31.971
5169	31.912
5170	31.765
5171	32.206
5172	32.5
5173	32.912
5174	31.735
5175	31.529
5176	33
5177	31.765
5178	32
5179	30.5
5180	31
5181	31.559
5182	31.441
5183	32.294
5184	31.265
5185	30.676
5186	29.471
5187	31.029
5188	32.912
5189	30.118
5190	30.853
5191	29.618
5192	29.971
5193	30.971
5194	30.735
5195	29.235
5196	29.029
5197	30.265
5198	30.059
5199	28.441
5200	29.206
5201	29.824
5202	29.059
5203	30.412
5204	29.765
5205	29.824
5206	28.412
5207	29.882
5208	28.853
5209	28.735
5210	30.059
5211	30.294
5212	29.353
5213	29.882
5214	29.765
5215	28.294
5216	28.382
5217	28.618
5218	28.912
5219	29.265
5220	28.382
5221	28.794
5222	28.471
5223	28.824
5224	28.118
5225	27.676
5226	28.794
5227	28.324
5228	28.706
5229	27.912
5230	27.412
5231	28.412
5232	28.118
5233	28.853
5234	27.618
5235	28.765
5236	28.176
5237	28.147
5238	28.971
5239	27.382
5240	27.824
5241	27.647
5242	29.088
5243	28.118
5244	27.294
5245	28.176
