1	30.623
2	30.145
3	31.507
4	31.449
5	30.609
6	31.406
7	32.783
8	32.754
9	34.681
10	35.449
11	37.449
12	37.638
13	37.58
14	37.594
15	38.812
16	37.899
17	39.304
18	38.058
19	40.029
20	39.101
21	38.87
22	38.58
23	39.681
24	38.551
25	37.725
26	38.145
27	37.667
28	36.971
29	36.696
30	37.29
31	35.986
32	36.116
33	36.116
34	36.406
35	36.696
36	35.261
37	35.826
38	35.058
39	34.478
40	35.348
41	35.464
42	36.406
43	34.971
44	34.522
45	33.464
46	35.478
47	33.609
48	32.507
49	34.493
50	33.507
51	34.58
52	34.203
53	34.362
54	34.246
55	34.145
56	34.203
57	33.696
58	34.203
59	33.942
60	34.261
61	32.928
62	34.13
63	32.536
64	32.145
65	31.638
66	33.174
67	32.478
68	33.551
69	33.29
70	32.29
71	31.971
72	32
73	33.696
74	32.768
75	32.58
76	33.261
77	32.652
78	32.87
79	32.333
80	32.797
81	31.478
82	31.826
83	33
84	32.232
85	32.87
86	32.29
87	33.362
88	33.13
89	32.159
90	32.652
91	32.652
92	31.899
93	32.304
94	31.406
95	32.609
96	31.754
97	32.275
98	32.348
99	32.072
100	32.971
101	31.855
102	31.899
103	32.319
104	30.797
105	31.754
106	31.928
107	31.304
108	31.971
109	31.899
110	32.261
111	32.58
112	31.638
113	32.261
114	31.725
115	31.725
116	31.275
117	31.739
118	32.014
119	31.174
120	30.812
121	31.594
122	31.391
123	32.464
124	31.739
125	31.507
126	31.275
127	32.203
128	31.145
129	31.464
130	31.493
131	32.594
132	30.319
133	32.261
134	32.058
135	31.536
136	32.362
137	31.971
138	31.058
139	31.188
140	31.101
141	31.986
142	31.261
143	31.899
144	31.217
145	31.493
146	31.391
147	31.333
148	31.594
149	30.826
150	31.913
151	30.565
152	32.188
153	31.072
154	32.217
155	31.623
156	31.522
157	32.391
158	32.652
159	32.014
160	30.855
161	31.159
162	31.609
163	31.319
164	31.638
165	31.42
166	30.478
167	32.246
168	31.348
169	30.696
170	30.681
171	30.71
172	31.406
173	31.942
174	30.957
175	31.058
176	31.014
177	31.783
178	30.928
179	32.754
180	31.377
181	30.855
182	31.594
183	31.739
184	32.928
185	32.841
186	34.855
187	35.797
188	35.826
189	36.29
190	36.609
191	37.623
192	38.754
193	37.13
194	38.812
195	37.797
196	38.942
197	38
198	38.652
199	38.652
200	39.652
201	39.188
202	38.217
203	38.145
204	37.652
205	38.391
206	37.957
207	37.203
208	37.203
209	37.899
210	37.29
211	37.319
212	37.116
213	37.101
214	36.362
215	36.478
216	36.043
217	36.13
218	35.217
219	35
220	34.71
221	35.319
222	34.377
223	35.145
224	35.348
225	34.594
226	35.493
227	34.638
228	34.493
229	34.725
230	33.739
231	34.29
232	34.261
233	33.841
234	34.13
235	34.029
236	32.478
237	33.522
238	33.362
239	34.565
240	33.725
241	33.435
242	32.377
243	33.261
244	33.623
245	32.391
246	33.565
247	33.71
248	32.841
249	32.855
250	32.855
251	32.899
252	32.739
253	33.348
254	33.261
255	32.638
256	32.971
257	33.319
258	32.609
259	32.725
260	32.507
261	32.42
262	32.333
263	32.319
264	31.493
265	32.029
266	32.768
267	31.217
268	33.116
269	31.696
270	31.913
271	32.884
272	31.826
273	32.391
274	32.145
275	32.319
276	31.565
277	31.087
278	32.159
279	32.507
280	31.812
281	32.188
282	32.464
283	32.594
284	32.478
285	31.101
286	31.246
287	32.783
288	31.652
289	32.435
290	31.623
291	32.652
292	30.812
293	32.116
294	31.928
295	31.609
296	32.261
297	31.536
298	31.681
299	31.797
300	31.333
301	32.101
302	31.072
303	31.246
304	31.174
305	31.754
306	30.841
307	31.986
308	31.203
309	31.652
310	31.884
311	31.174
312	30.957
313	31.623
314	31.087
315	31.754
316	30.942
317	31.58
318	31.145
319	30.942
320	30.725
321	30.522
322	31
323	29.971
324	30.536
325	30.406
326	30.58
327	31.13
328	30.768
329	31.71
330	31.145
331	31.203
332	31.101
333	30.362
334	31.362
335	31.638
336	31.087
337	30.609
338	30.783
339	29.87
340	30.638
341	30.71
342	30.029
343	30.667
344	30.449
345	30.754
346	31.072
347	30.71
348	30.667
349	30.275
350	30.768
351	30.942
352	31.406
353	30.58
354	30.275
355	30.739
356	29.739
357	31.217
358	31.058
359	31.087
360	32.667
361	31.739
362	31.826
363	31.551
364	31.159
365	31.029
366	30.043
367	31.174
368	30.623
369	31.246
370	29.478
371	31.246
372	31.058
373	30.812
374	30.406
375	30.203
376	30.464
377	30.232
378	30.899
379	29.797
380	30.768
381	31.261
382	31.145
383	30.739
384	31.681
385	30.232
386	30.522
387	30.565
388	29.812
389	30.507
390	30.841
391	30.188
392	31.42
393	31
394	30
395	31.362
396	31.275
397	30.406
398	31.493
399	30.667
400	30.594
401	31.014
402	29.493
403	30.435
404	31.246
405	31.174
406	29.986
407	30.667
408	30.725
409	30.855
410	31.754
411	30.725
412	29.986
413	30.246
414	31.435
415	30.609
416	30.261
417	30.275
418	30.319
419	30.435
420	30.043
421	30.565
422	31.072
423	29.899
424	29.841
425	30.435
426	30.043
427	30.725
428	30.623
429	31.203
430	30.246
431	29.826
432	31.116
433	31.246
434	31.232
435	30.841
436	30.377
437	30.014
438	30.536
439	30.71
440	29.725
441	30.667
442	29.986
443	30.159
444	30.797
445	30.232
446	31.217
447	31
448	31.797
449	31.029
450	30.58
451	29.464
452	30.667
453	30.681
454	29.667
455	29.942
456	30
457	29.58
458	29.623
459	29.768
460	29.217
461	30.304
462	30.232
463	32.029
464	30.043
465	29.391
466	29.594
467	30.275
468	29.565
469	29.319
470	29.768
471	30
472	29.986
473	31.913
474	31.087
475	29.667
476	29.986
477	30.333
478	30.145
479	30.768
480	29.913
481	31.29
482	29.768
483	29.594
484	30.551
485	30.826
486	30.464
487	31.232
488	30.609
489	29.739
490	29.986
491	29.304
492	30.261
493	29.71
494	29.551
495	30.464
496	29.797
497	30.261
498	29.783
499	30.029
500	30.406
501	29.348
502	30.377
503	30.536
504	30.551
505	29.899
506	29.609
507	30.812
508	30.101
509	30.101
510	30.42
511	30.507
512	30.928
513	30.333
514	29.841
515	29.768
516	30.188
517	29.42
518	30.058
519	29.246
520	30.232
521	29.406
522	30.594
523	28.652
524	30.87
525	30.029
526	30
527	29.928
528	30.594
529	29.13
530	30.942
531	30.072
532	30.275
533	29.725
534	30.13
535	30.014
536	29.783
537	30
538	29.507
539	31.174
540	30.551
541	30.319
542	29.942
543	30.377
544	30.348
545	29.739
546	30.435
547	30
548	30.275
549	30.217
550	30.159
551	30.362
552	29.159
553	29.609
554	29.681
555	31.217
556	30.232
557	28.986
558	29.957
559	31.478
560	29.87
561	30.217
562	29.87
563	30.42
564	30.435
565	30.435
566	29.913
567	30.246
568	30.435
569	31.159
570	30.377
571	30.319
572	30.942
573	30.232
574	31.826
575	30.609
576	30.072
577	29.638
578	30.13
579	30.551
580	31.464
581	30.841
582	30.058
583	30.855
584	30.406
585	30.159
586	29.754
587	30.522
588	30.145
589	30.42
590	30.391
591	30.899
592	30.449
593	30.609
594	30.507
595	29.667
596	30.913
597	30.507
598	30.319
599	29.681
600	30.594
601	30.551
602	30.406
603	29.609
604	29.855
605	30.13
606	29.986
607	30.348
608	30.101
609	30.609
610	29.826
611	30.159
612	30.087
613	30.681
614	29.551
615	30.42
616	30.101
617	30.072
618	30.681
619	29.652
620	30.42
621	30.754
622	31.188
623	30.696
624	33.145
625	33.696
626	35.435
627	34.913
628	35.986
629	35.725
630	36.623
631	38.13
632	36.812
633	37.362
634	37.594
635	37.536
636	37.043
637	38.101
638	38.348
639	37.754
640	38.362
641	36.754
642	36.522
643	36.986
644	36.623
645	37.058
646	37.406
647	36.464
648	36.449
649	36.739
650	35.536
651	35.899
652	35.841
653	35.478
654	34.652
655	35.377
656	34.754
657	34.855
658	34.13
659	34.174
660	34.797
661	35
662	33.435
663	33.609
664	33.174
665	34.072
666	34.203
667	34.623
668	33.609
669	33.072
670	32.942
671	33.058
672	32.696
673	32.928
674	33.638
675	33.13
676	32.623
677	32.797
678	32.13
679	32.928
680	31.536
681	32.159
682	32.696
683	33.058
684	32.13
685	33.014
686	31.841
687	32.623
688	31.536
689	32.623
690	31.058
691	30.942
692	32.043
693	31.754
694	32.522
695	30.797
696	30.71
697	31.971
698	31.754
699	30.971
700	31.203
701	32.014
702	32.246
703	30.87
704	30.768
705	32.565
706	30.87
707	30.797
708	30.493
709	31.304
710	30.652
711	31.362
712	30.797
713	31.159
714	31.203
715	31.826
716	30.812
717	31.594
718	30.768
719	31.203
720	31.217
721	30.58
722	31.319
723	30.826
724	31.029
725	30.42
726	30.681
727	30.826
728	31.029
729	30.783
730	30.652
731	30.652
732	30.594
733	31.275
734	30.536
735	30.087
736	31.261
737	30.072
738	30.768
739	31.304
740	30.609
741	30.826
742	30.812
743	29.768
744	31.725
745	31.609
746	29.594
747	30.551
748	30.71
749	29.841
750	30.42
751	30.304
752	30.623
753	31.667
754	29.565
755	30.58
756	30
757	29.899
758	29.913
759	29.406
760	29.174
761	30.159
762	30.493
763	30.203
764	29.942
765	30.058
766	30.507
767	30.406
768	29.986
769	30.217
770	30.159
771	30.029
772	29.957
773	29.942
774	30.348
775	31.449
776	30.159
777	30.101
778	29.188
779	30.043
780	30.884
781	30.478
782	29.681
783	30.029
784	29.203
785	30.319
786	30.87
787	30.594
788	29.42
789	29.986
790	29.681
791	30.043
792	29.884
793	29.217
794	30.13
795	29.681
796	31.71
797	31.116
798	30.188
799	30.087
800	31.304
801	30.333
802	30.304
803	30.348
804	28.884
805	29.768
806	29.754
807	29.884
808	29.275
809	30.696
810	30.377
811	29
812	30.058
813	29.681
814	30.319
815	30.71
816	29.638
817	30.812
818	30.667
819	30.391
820	30.507
821	31.116
822	30.203
823	30.507
824	30.261
825	30.681
826	31.42
827	30.696
828	31.072
829	30.913
830	30.217
831	31.145
832	30.812
833	30.087
834	29.841
835	30.986
836	30.536
837	30.507
838	30.145
839	30.768
840	30.406
841	30.522
842	30.014
843	29.275
844	29.435
845	29.768
846	29.551
847	30.261
848	30.101
849	30.275
850	29.406
851	29.797
852	30.072
853	29.087
854	30.188
855	29.986
856	29.043
857	30.246
858	31.304
859	30.551
860	30.348
861	30.551
862	29.971
863	29.275
864	30.014
865	30.319
866	30.348
867	29.159
868	30.29
869	30.087
870	30.406
871	29.768
872	29.971
873	29.797
874	29.072
875	28.928
876	29.855
877	28.942
878	29.652
879	29.884
880	30
881	29.942
882	29.014
883	30.072
884	30.362
885	30.174
886	31.058
887	30.058
888	30.319
889	30.333
890	29.797
891	28.986
892	29.551
893	29.116
894	30.145
895	29.551
896	29.116
897	30.275
898	29.681
899	30.377
900	29.681
901	29.855
902	29.681
903	30.783
904	28.725
905	30.464
906	30.377
907	29
908	29.159
909	29.768
910	29.536
911	28.435
912	29.638
913	29.913
914	30
915	29.667
916	29.928
917	30.739
918	30.493
919	30.072
920	30.319
921	31.058
922	30.087
923	29.783
924	30.565
925	29.464
926	30.377
927	30.638
928	29.928
929	29.928
930	30.536
931	29.884
932	30.029
933	29.754
934	30.174
935	29.812
936	29.638
937	29.681
938	29.681
939	30.217
940	30.362
941	29.812
942	30.072
943	29.87
944	29.754
945	29.884
946	29.406
947	29.493
948	30.116
949	30.696
950	29.71
951	29.609
952	31.087
953	29.971
954	30.609
955	29.493
956	29.667
957	29.812
958	29.899
959	30.623
960	30.565
961	29.986
962	29.58
963	29.754
964	29.971
965	30.362
966	30.667
967	29.826
968	29.464
969	29.507
970	30.638
971	29.623
972	30.623
973	30.246
974	30.014
975	30.362
976	29.899
977	30.507
978	30.333
979	30.203
980	28.754
981	30.681
982	29.696
983	30.261
984	30
985	30.188
986	30.638
987	30.246
988	30.928
989	30.536
990	30.188
991	30.957
992	29.884
993	30.884
994	30.116
995	30.928
996	29.435
997	30.971
998	29.986
999	30.507
1000	30.464
1001	30.087
1002	29.362
1003	30.739
1004	29.391
1005	30.377
1006	29.232
1007	30.072
1008	30.551
1009	30.203
1010	29.986
1011	30.406
1012	28.841
1013	29.899
1014	29.623
1015	29.652
1016	29.812
1017	30.449
1018	29.13
1019	30.406
1020	29.783
1021	29.464
1022	30.536
1023	30.986
1024	30.493
1025	29.449
1026	30.522
1027	29.942
1028	29.696
1029	28.667
1030	29.696
1031	29.507
1032	30.594
1033	30.667
1034	29.986
1035	30.13
1036	30.406
1037	29.754
1038	31.377
1039	32.217
1040	34.087
1041	34.13
1042	34.942
1043	35.797
1044	36.145
1045	36.188
1046	36.087
1047	36.783
1048	37.377
1049	36.754
1050	37.159
1051	37.101
1052	37.072
1053	37.551
1054	36.739
1055	36.159
1056	36.29
1057	36.478
1058	37.913
1059	35.739
1060	36.116
1061	35.681
1062	35.362
1063	35.217
1064	35.362
1065	35.13
1066	34.522
1067	34.362
1068	33.986
1069	34.739
1070	34.609
1071	34.797
1072	34.058
1073	34.29
1074	33.478
1075	34.507
1076	33.928
1077	33.71
1078	33.739
1079	34.058
1080	32.797
1081	33.812
1082	33.406
1083	32.855
1084	33.174
1085	32.638
1086	32.435
1087	33.551
1088	31.319
1089	33.623
1090	33.275
1091	32.261
1092	33.261
1093	32.855
1094	31.667
1095	31.71
1096	31.681
1097	31.536
1098	32.13
1099	32.029
1100	32.957
1101	32.058
1102	31.348
1103	31.072
1104	32.507
1105	31.739
1106	31.391
1107	31.116
1108	31.478
1109	31.246
1110	31.42
1111	31.087
1112	30.507
1113	31.464
1114	31.739
1115	31.145
1116	31.957
1117	30.072
1118	29.783
1119	31.913
1120	31.203
1121	31.464
1122	31.246
1123	31.435
1124	31.435
1125	31.072
1126	31
1127	30.797
1128	31.304
1129	29.942
1130	30.261
1131	31
1132	30.696
1133	30.986
1134	31.377
1135	30.754
1136	31.783
1137	31.058
1138	30.101
1139	30.565
1140	29.493
1141	30.304
1142	31.072
1143	30.739
1144	30.696
1145	29.246
1146	30.536
1147	29.986
1148	30.986
1149	30.681
1150	30.87
1151	30.029
1152	29.971
1153	31.13
1154	30.623
1155	31
1156	30.13
1157	30.667
1158	31.072
1159	29.667
1160	29.855
1161	30.623
1162	30.319
1163	30.174
1164	30.377
1165	30.565
1166	29.493
1167	30.739
1168	29.333
1169	28.986
1170	29.594
1171	29.899
1172	30.058
1173	29.348
1174	30.072
1175	29.812
1176	29.522
1177	30.522
1178	30.594
1179	29.696
1180	29.507
1181	30.942
1182	29.797
1183	30
1184	30.855
1185	30.072
1186	29.928
1187	30.174
1188	30.29
1189	30.957
1190	28.899
1191	30.275
1192	29.377
1193	30.391
1194	30.391
1195	29.971
1196	29.826
1197	30.493
1198	29.667
1199	29.522
1200	30.232
1201	30.014
1202	29.841
1203	30.406
1204	30.043
1205	30.507
1206	29.797
1207	29.362
1208	30.681
1209	30.087
1210	29.594
1211	30.159
1212	29.797
1213	29.696
1214	29.87
1215	30.058
1216	30.13
1217	29.841
1218	30.348
1219	30.478
1220	29.928
1221	30.536
1222	29.797
1223	30.232
1224	29.768
1225	30.478
1226	30.174
1227	30.638
1228	30.13
1229	30.58
1230	30.072
1231	30.565
1232	29.928
1233	29.188
1234	29.348
1235	30.116
1236	30.58
1237	29.522
1238	30.304
1239	30.565
1240	29.667
1241	30.681
1242	30.957
1243	31.13
1244	30.043
1245	29.261
1246	30.159
1247	30.014
1248	30.246
1249	29.261
1250	30.899
1251	30.043
1252	29.014
1253	29.899
1254	29.942
1255	30.855
1256	30.275
1257	31.101
1258	29.246
1259	29.899
1260	30.043
1261	30.551
1262	30.159
1263	30.667
1264	30.043
1265	30.362
1266	30.478
1267	29.812
1268	29.522
1269	30.42
1270	29.406
1271	30.841
1272	30.478
1273	29.942
1274	29.942
1275	30.464
1276	29.319
1277	30.667
1278	30.145
1279	30.42
1280	29.145
1281	29.928
1282	29.986
1283	30.116
1284	30.014
1285	29.594
1286	29.638
1287	29.957
1288	30.42
1289	30.246
1290	30.609
1291	30.667
1292	30.406
1293	30.145
1294	29.072
1295	29.783
1296	29.884
1297	29.217
1298	29.522
1299	30.377
1300	29.275
1301	30.362
1302	29.507
1303	30.145
1304	29.913
1305	29.087
1306	30.507
1307	30.304
1308	30.145
1309	29.174
1310	31.507
1311	29.174
1312	29.986
1313	30.333
1314	30.406
1315	30.275
1316	30.377
1317	29.522
1318	29.971
1319	30.899
1320	29.565
1321	29.406
1322	29.739
1323	30.159
1324	29.942
1325	29.42
1326	29.551
1327	30.116
1328	29.188
1329	29.188
1330	30.739
1331	29.609
1332	28.42
1333	29.174
1334	29.217
1335	30.188
1336	29.319
1337	30.812
1338	30.696
1339	29.768
1340	29.797
1341	30.319
1342	28.957
1343	30.406
1344	29.406
1345	30.551
1346	28.493
1347	30.217
1348	29.855
1349	29.565
1350	29.913
1351	29.797
1352	29.812
1353	30.522
1354	29.783
1355	30.667
1356	29.681
1357	29.29
1358	29.478
1359	30.217
1360	29.145
1361	29.188
1362	29.652
1363	30.188
1364	29.797
1365	30.116
1366	29.899
1367	29.551
1368	30.232
1369	29.406
1370	30.043
1371	29.551
1372	28.609
1373	29.203
1374	29.667
1375	29.986
1376	28.652
1377	29.087
1378	29.696
1379	30.478
1380	28.87
1381	29.739
1382	30.174
1383	29.754
1384	30.145
1385	30.159
1386	29.913
1387	29.087
1388	30.333
1389	30.232
1390	30.13
1391	30.493
1392	30.478
1393	30.319
1394	30.246
1395	30.043
1396	30.971
1397	29.725
1398	30.551
1399	29.42
1400	29.435
1401	28.696
1402	30.754
1403	29.652
1404	29.159
1405	29.145
1406	30.768
1407	29.725
1408	29.71
1409	30.449
1410	30.116
1411	30.174
1412	29.464
1413	28.986
1414	29.638
1415	29.203
1416	29.188
1417	29.435
1418	29.913
1419	30.391
1420	29.362
1421	29.551
1422	30.29
1423	29.797
1424	29.261
1425	29.435
1426	29.391
1427	29.899
1428	29.681
1429	30.072
1430	29.667
1431	30.072
1432	32.42
1433	32.377
1434	31.928
1435	32.71
1436	35.203
1437	34.116
1438	36.304
1439	35.507
1440	35.58
1441	36.188
1442	36.565
1443	35.667
1444	35.217
1445	36.812
1446	36.681
1447	36.609
1448	35.014
1449	35.348
1450	34.855
1451	35.812
1452	36.043
1453	35.841
1454	35.464
1455	35.986
1456	36.029
1457	35.217
1458	33.797
1459	34.957
1460	35.377
1461	35.13
1462	33.87
1463	35.275
1464	34.13
1465	33.362
1466	33.101
1467	33.754
1468	33.362
1469	33.101
1470	33.406
1471	33.594
1472	32.681
1473	32.594
1474	33.536
1475	34.072
1476	33.522
1477	32.841
1478	32.594
1479	33.855
1480	32.725
1481	31.609
1482	33.072
1483	32.957
1484	32.362
1485	32.565
1486	32.101
1487	32.507
1488	32.478
1489	31.841
1490	31.406
1491	31.348
1492	31.551
1493	32.536
1494	31.957
1495	30.754
1496	30.638
1497	32.014
1498	32.58
1499	32.188
1500	31.348
1501	31.899
1502	30.986
1503	31.319
1504	31.174
1505	31.768
1506	30.841
1507	31.522
1508	31.725
1509	30.754
1510	31.304
1511	30.203
1512	31.478
1513	31.29
1514	31.203
1515	31.333
1516	30.667
1517	32.014
1518	31.783
1519	31.014
1520	30.638
1521	30.725
1522	30.783
1523	30.232
1524	30.435
1525	29.913
1526	31.13
1527	31.13
1528	30.667
1529	30.333
1530	30.884
1531	30.319
1532	30.101
1533	30.855
1534	30.899
1535	30.058
1536	29.638
1537	30.333
1538	29.725
1539	31.014
1540	31.246
1541	31.188
1542	30.464
1543	31.072
1544	31.13
1545	30.188
1546	30.275
1547	30.899
1548	30.348
1549	29.783
1550	30.435
1551	30.725
1552	29.522
1553	31.043
1554	31.014
1555	30.493
1556	31.13
1557	30.029
1558	30.449
1559	29.768
1560	30.478
1561	31.377
1562	29.304
1563	30.449
1564	30.884
1565	30.638
1566	30
1567	29.29
1568	30.304
1569	30.435
1570	30.551
1571	30.623
1572	30.42
1573	30.159
1574	29.826
1575	30.362
1576	30.377
1577	28.957
1578	29.942
1579	30.696
1580	29.464
1581	30.029
1582	29.029
1583	29.913
1584	29.71
1585	30.623
1586	29.87
1587	29.841
1588	30.638
1589	29.232
1590	29.739
1591	30.812
1592	30.275
1593	30.493
1594	30.116
1595	29.739
1596	29.638
1597	29.623
1598	30.899
1599	29.116
1600	29.87
1601	30.725
1602	31.232
1603	29.551
1604	29.594
1605	29.87
1606	28.971
1607	30.522
1608	29.203
1609	30.536
1610	29.913
1611	30.188
1612	30.652
1613	30.754
1614	29.957
1615	30.362
1616	29.884
1617	30.116
1618	30.174
1619	29.623
1620	29.71
1621	30.478
1622	30.377
1623	30.116
1624	30.333
1625	30.391
1626	29.884
1627	30.246
1628	29.855
1629	29.696
1630	29.072
1631	28.855
1632	29.217
1633	28.565
1634	30.13
1635	29.609
1636	29.739
1637	28.652
1638	30.696
1639	29.348
1640	29.681
1641	29.971
1642	28.942
1643	29.217
1644	29.609
1645	29.797
1646	29.652
1647	30.348
1648	29.884
1649	29.348
1650	29.971
1651	29.609
1652	29.522
1653	30.406
1654	29.203
1655	29.754
1656	28.928
1657	29.986
1658	28.478
1659	28.348
1660	29.623
1661	29.652
1662	29.333
1663	30.696
1664	28.986
1665	29.058
1666	30.986
1667	29.464
1668	30.333
1669	29.188
1670	29.507
1671	28.623
1672	28.594
1673	30
1674	29.435
1675	29.464
1676	29.841
1677	28.87
1678	29.261
1679	29.899
1680	29.449
1681	30.217
1682	31.058
1683	32.406
1684	33.435
1685	33.435
1686	34
1687	34.957
1688	34.652
1689	35.217
1690	36.29
1691	35.855
1692	35
1693	34.87
1694	34.478
1695	35.725
1696	34.609
1697	33.348
1698	34.174
1699	35.043
1700	34.029
1701	35.783
1702	35.087
1703	34.884
1704	34.855
1705	34.174
1706	34.493
1707	34.145
1708	34.464
1709	34.174
1710	33.29
1711	32.899
1712	33.667
1713	33.174
1714	33.043
1715	33.348
1716	33.884
1717	31.913
1718	32.304
1719	32.928
1720	33.203
1721	31.478
1722	32.464
1723	32.058
1724	32.145
1725	32.435
1726	31.072
1727	31.348
1728	31.971
1729	32.246
1730	32.609
1731	31.275
1732	32.232
1733	32.478
1734	31.565
1735	32.159
1736	31.58
1737	31.101
1738	31.391
1739	30.406
1740	31.391
1741	30.13
1742	30.87
1743	31.087
1744	31.246
1745	30.609
1746	32.029
1747	30.841
1748	30.072
1749	30.435
1750	31.246
1751	30.623
1752	30.986
1753	31.261
1754	31.478
1755	31.014
1756	31.043
1757	31.029
1758	30.174
1759	29.768
1760	31.043
1761	30.406
1762	31.058
1763	30.884
1764	30.043
1765	31.058
1766	29.812
1767	31.087
1768	30.391
1769	31
1770	30.449
1771	30.348
1772	29.725
1773	30.058
1774	29.391
1775	30.275
1776	29.986
1777	30.667
1778	29.986
1779	30.696
1780	30.507
1781	30.884
1782	30.304
1783	30.29
1784	29.362
1785	30.145
1786	29.116
1787	31
1788	30.739
1789	30.101
1790	29.58
1791	31.565
1792	30.768
1793	30.435
1794	30.304
1795	29.029
1796	30.145
1797	29.71
1798	30.043
1799	30.159
1800	29.971
1801	29.58
1802	29.377
1803	30.551
1804	30.13
1805	30.536
1806	29.304
1807	30
1808	30.362
1809	30.058
1810	29.275
1811	29.971
1812	29.536
1813	29.797
1814	29.942
1815	30.841
1816	30.348
1817	30.565
1818	28.986
1819	29.957
1820	30.29
1821	29.768
1822	30.014
1823	30.304
1824	30.145
1825	29.609
1826	30.203
1827	30.014
1828	30.333
1829	29.145
1830	30.754
1831	29.696
1832	29.609
1833	29.826
1834	30.014
1835	30.449
1836	30.768
1837	29.536
1838	30.667
1839	29.71
1840	30.623
1841	30.507
1842	30.449
1843	30.942
1844	30.043
1845	29.754
1846	30.145
1847	29.681
1848	29.246
1849	29.435
1850	30.667
1851	29.42
1852	30.145
1853	29.667
1854	30.362
1855	30.493
1856	28.754
1857	29.87
1858	29.87
1859	29.841
1860	30.623
1861	30.319
1862	30.261
1863	29.696
1864	29.217
1865	30.362
1866	29.681
1867	29.478
1868	29.217
1869	29.942
1870	30.435
1871	29.696
1872	29.899
1873	29.826
1874	30.217
1875	30.087
1876	28.623
1877	30.217
1878	29.377
1879	30.391
1880	29.203
1881	29.957
1882	29.362
1883	29.594
1884	29.855
1885	28.623
1886	29.435
1887	29.464
1888	28.841
1889	30.116
1890	30.464
1891	30.261
1892	29.377
1893	29.609
1894	28.783
1895	29.232
1896	29.522
1897	29.536
1898	29.478
1899	28.609
1900	28.638
1901	29.986
1902	28.348
1903	29.942
1904	29.957
1905	30.203
1906	29.507
1907	29.377
1908	29.42
1909	28.348
1910	28.826
1911	28.884
1912	29.348
1913	29.986
1914	29.913
1915	29.797
1916	29.565
1917	28.986
1918	29.681
1919	30.58
1920	29.783
1921	29.768
1922	29.522
1923	29.594
1924	30.145
1925	30.014
1926	29.58
1927	30.174
1928	28.449
1929	29.696
1930	30.145
1931	29.217
1932	28.957
1933	29.681
1934	28.826
1935	30.043
1936	29.58
1937	29.565
1938	29.652
1939	29.841
1940	28.362
1941	29.725
1942	30.304
1943	28.884
1944	29.551
1945	30.754
1946	29.652
1947	28.435
1948	29.493
1949	30.246
1950	29.232
1951	30.072
1952	30.406
1953	29.681
1954	30.391
1955	30.13
1956	29.594
1957	28.783
1958	30.406
1959	30.725
1960	29.986
1961	29.377
1962	29.826
1963	30.275
1964	30.043
1965	29.493
1966	29.087
1967	29.348
1968	29.783
1969	29.42
1970	30.971
1971	29.406
1972	30.928
1973	30.29
1974	30.072
1975	29.899
1976	30.478
1977	30.377
1978	29.638
1979	29.478
1980	28.391
1981	29.391
1982	29.986
1983	29.551
1984	29.71
1985	30.13
1986	29.696
1987	29.348
1988	28.826
1989	29.884
1990	29.565
1991	29.899
1992	30.058
1993	29.696
1994	30.116
1995	28.754
1996	29.899
1997	29.217
1998	29.232
1999	30.522
2000	29.928
2001	28.986
2002	29.826
2003	30.246
2004	28.667
2005	30.145
2006	29.594
2007	29.71
2008	29.087
2009	28.725
2010	29.522
2011	29.942
2012	29.319
2013	29.058
2014	29.986
2015	30.058
2016	30.072
2017	29.797
2018	29.304
2019	29.826
2020	28.594
2021	30.174
2022	30.072
2023	29.565
2024	28.913
2025	29.217
2026	29.652
2027	29.667
2028	29.957
2029	30.681
2030	30.986
2031	31.246
2032	31.899
2033	33.159
2034	33.217
2035	34.362
2036	34.058
2037	35.014
2038	34.348
2039	35.406
2040	35.565
2041	35.014
2042	34.71
2043	35.609
2044	34.058
2045	37.203
2046	35.377
2047	34.667
2048	34.652
2049	34.391
2050	34.507
2051	34.609
2052	34.406
2053	34.304
2054	34.609
2055	33.884
2056	34.333
2057	33.841
2058	33.493
2059	33.362
2060	33.493
2061	32.116
2062	32.986
2063	32.841
2064	32.507
2065	32.377
2066	32.594
2067	32.884
2068	32.246
2069	31.275
2070	31.783
2071	32.623
2072	32
2073	32.348
2074	32.145
2075	31.855
2076	31.826
2077	31.986
2078	32.217
2079	30.855
2080	30.812
2081	31.435
2082	31.072
2083	30.159
2084	30.464
2085	30.783
2086	30.913
2087	31.159
2088	30.826
2089	31.217
2090	30.391
2091	31.043
2092	30.333
2093	30.971
2094	29.971
2095	30.449
2096	30.304
2097	30.913
2098	30.551
2099	31.029
2100	30.42
2101	30.957
2102	30.478
2103	30.319
2104	30.638
2105	30.232
2106	30.116
2107	30.652
2108	30.71
2109	30.087
2110	30.536
2111	30.783
2112	30.957
2113	30.594
2114	30.725
2115	30.261
2116	30.188
2117	29.928
2118	29.913
2119	30.478
2120	30.304
2121	31.29
2122	30
2123	30.957
2124	30.565
2125	29.986
2126	30.449
2127	30.623
2128	29.391
2129	29.899
2130	30.58
2131	29.884
2132	29.797
2133	30.42
2134	30.71
2135	29.565
2136	30.565
2137	29.304
2138	30.696
2139	30.478
2140	29.638
2141	29.797
2142	29.739
2143	28.464
2144	29.913
2145	29.406
2146	29.29
2147	29.841
2148	29.768
2149	29.957
2150	29.043
2151	30.072
2152	29.812
2153	29.391
2154	29.188
2155	29.884
2156	29.275
2157	29.957
2158	29.42
2159	29.464
2160	28.913
2161	30.406
2162	29.043
2163	30.246
2164	30.217
2165	30.116
2166	28.913
2167	29.464
2168	29.768
2169	29.681
2170	29.348
2171	29.594
2172	29.928
2173	28.478
2174	28.725
2175	28.522
2176	28.725
2177	29.072
2178	29.841
2179	30.072
2180	29.029
2181	30.899
2182	30.464
2183	30.623
2184	29.739
2185	30.174
2186	29.464
2187	29.261
2188	29.478
2189	29.638
2190	29.783
2191	29.725
2192	29.957
2193	29.971
2194	29.377
2195	29.159
2196	28.986
2197	29.768
2198	29.58
2199	29.377
2200	29.072
2201	29.043
2202	29.739
2203	29.377
2204	29.275
2205	30.478
2206	29.826
2207	30.029
2208	30.275
2209	29.971
2210	29.42
2211	29.232
2212	30.348
2213	29.71
2214	29.652
2215	30.609
2216	30.507
2217	29.913
2218	29.145
2219	29.942
2220	29.014
2221	30.464
2222	29.667
2223	29.739
2224	30.551
2225	29.565
2226	29.333
2227	30.333
2228	29.304
2229	29.594
2230	28.928
2231	28.377
2232	29.71
2233	30.043
2234	29.232
2235	30.507
2236	30.232
2237	30.159
2238	29
2239	30.043
2240	29.536
2241	30.087
2242	29.681
2243	28.493
2244	30.101
2245	30.536
2246	29.174
2247	29.391
2248	29.391
2249	29.652
2250	29.13
2251	28.826
2252	28.87
2253	30.072
2254	29.043
2255	29.014
2256	29.797
2257	29.855
2258	29.42
2259	29.928
2260	30.072
2261	30.087
2262	29.449
2263	29.493
2264	29.464
2265	29.667
2266	30.188
2267	28.667
2268	29.29
2269	30.188
2270	28.841
2271	29
2272	29.348
2273	29.623
2274	29.565
2275	29.101
2276	29.014
2277	30.304
2278	29.971
2279	29.362
2280	29.435
2281	29.58
2282	29.667
2283	28.826
2284	29.536
2285	29.739
2286	28.971
2287	29.188
2288	29.841
2289	29.116
2290	29.493
2291	29.522
2292	29.507
2293	30.565
2294	29.406
2295	30.217
2296	29.986
2297	29.681
2298	28.841
2299	29.29
2300	29.072
2301	29.246
2302	28.681
2303	29.348
2304	28.812
2305	29.638
2306	29.565
2307	29
2308	29.188
2309	30.188
2310	29.797
2311	29.71
2312	29.928
2313	28.884
2314	30.261
2315	29.029
2316	29.29
2317	29.565
2318	30.478
2319	28.826
2320	28.928
2321	29.246
2322	29.768
2323	30.101
2324	29.087
2325	29
2326	29.159
2327	29.174
2328	29.696
2329	29.449
2330	29.145
2331	29.101
2332	30.014
2333	29.493
2334	29.739
2335	29.638
2336	29.609
2337	30.043
2338	30.536
2339	30.406
2340	29.536
2341	30.406
2342	29.188
2343	29.319
2344	29.536
2345	30.159
2346	29.594
2347	29.913
2348	29.812
2349	30.145
2350	30.464
2351	29.884
2352	30
2353	29.754
2354	29.565
2355	29.913
2356	29.217
2357	29.522
2358	29.449
2359	28.29
2360	29.42
2361	29.246
2362	29.377
2363	28.768
2364	29.304
2365	30.014
2366	29.522
2367	28.942
2368	29.319
2369	29.087
2370	28.913
2371	29.638
2372	29.391
2373	29.116
2374	30.029
2375	29.435
2376	29.754
2377	29.087
2378	30.014
2379	30.493
2380	31.406
2381	31.145
2382	33.333
2383	32.464
2384	33.638
2385	33.275
2386	34.348
2387	33.899
2388	34.449
2389	35.087
2390	34.261
2391	34.768
2392	35.42
2393	35.13
2394	34.71
2395	35.522
2396	34.246
2397	34.188
2398	34.942
2399	34.145
2400	33.783
2401	33.826
2402	33.58
2403	33.754
2404	33.638
2405	33.449
2406	33.565
2407	33.362
2408	33.174
2409	33.29
2410	33.435
2411	32.072
2412	33.188
2413	31.87
2414	31.594
2415	32.188
2416	32.333
2417	32.232
2418	33.043
2419	30.928
2420	32.536
2421	32.739
2422	31.043
2423	31.246
2424	32.217
2425	31.348
2426	31.435
2427	31.29
2428	31.667
2429	31.362
2430	31.232
2431	31.014
2432	31.043
2433	30.986
2434	31.087
2435	30.899
2436	31.014
2437	30.304
2438	30.464
2439	30.101
2440	31.043
2441	30.304
2442	30.913
2443	29.739
2444	31.522
2445	30.841
2446	30.507
2447	31.203
2448	30.667
2449	30.246
2450	30.58
2451	30.957
2452	30.971
2453	30.464
2454	30.754
2455	31.377
2456	29.275
2457	30.768
2458	31.087
2459	30.536
2460	29.522
2461	30.261
2462	30.348
2463	30.203
2464	30.855
2465	30.652
2466	30.812
2467	30.841
2468	29.087
2469	31.087
2470	29.986
2471	30.391
2472	30.884
2473	30.464
2474	30.638
2475	29.29
2476	31.333
2477	30.203
2478	30.406
2479	30.623
2480	30.232
2481	28.971
2482	29.362
2483	30.464
2484	30.638
2485	30.304
2486	30.217
2487	30.696
2488	30.449
2489	29.667
2490	30.058
2491	29.058
2492	28.957
2493	29.942
2494	30.58
2495	29.42
2496	29.029
2497	29.377
2498	29.362
2499	28.362
2500	30.101
2501	30.594
2502	30.681
2503	30.232
2504	29.855
2505	29.406
2506	28.667
2507	30.551
2508	29.188
2509	29.899
2510	30.116
2511	29.812
2512	29.42
2513	28.812
2514	29.739
2515	29.986
2516	29.681
2517	29.536
2518	29.362
2519	28.942
2520	28.797
2521	29.768
2522	29.348
2523	29.319
2524	28.551
2525	29.029
2526	29.681
2527	29.928
2528	29.623
2529	29.522
2530	30.435
2531	28.957
2532	29.188
2533	29.841
2534	29.594
2535	28.638
2536	29.855
2537	29.145
2538	28.812
2539	29.638
2540	29.406
2541	28.739
2542	30.594
2543	29.826
2544	28.71
2545	29.522
2546	29.797
2547	29.725
2548	29.899
2549	29.333
2550	28.507
2551	29.594
2552	29.58
2553	30.246
2554	30.377
2555	30.101
2556	29.174
2557	29.261
2558	29.377
2559	29.116
2560	29.696
2561	29.551
2562	29.87
2563	29.435
2564	29.522
2565	29.42
2566	28.42
2567	29.754
2568	29.203
2569	29.522
2570	29.217
2571	29.551
2572	29.449
2573	29.826
2574	29.594
2575	29.333
2576	30.072
2577	30.551
2578	29.261
2579	29.87
2580	29.565
2581	29.681
2582	29.609
2583	29.58
2584	29.29
2585	29.319
2586	29.333
2587	29.232
2588	29.449
2589	29.391
2590	30.188
2591	29.754
2592	29.696
2593	29.87
2594	28.536
2595	29.42
2596	29.71
2597	29.29
2598	30.058
2599	30.362
2600	29.478
2601	30.507
2602	29.565
2603	30.13
2604	29.594
2605	29.319
2606	29.812
2607	29.667
2608	30.058
2609	30.174
2610	29.826
2611	28.928
2612	29.899
2613	29.609
2614	29.145
2615	30.217
2616	29.928
2617	28.391
2618	29.116
2619	29.522
2620	29.261
2621	29.609
2622	29.42
2623	28.638
2624	29.594
2625	29.043
2626	29.043
2627	28.667
2628	28.696
2629	29.464
2630	29.971
2631	29.246
2632	29.87
2633	29.449
2634	29.565
2635	29.826
2636	28.464
2637	29.928
2638	29.116
2639	29.174
2640	28.725
2641	29.319
2642	29.594
2643	29.29
2644	29.826
2645	30.072
2646	28.884
2647	29.043
2648	29.609
2649	29.319
2650	29.435
2651	29.362
2652	29.391
2653	29.188
2654	29.609
2655	29.203
2656	29.087
2657	28.754
2658	28.725
2659	28.261
2660	29.275
2661	30.261
2662	28.464
2663	29.812
2664	29.928
2665	30.348
2666	29.623
2667	29.261
2668	29.826
2669	28.841
2670	29.13
2671	30.087
2672	28.841
2673	29.29
2674	30.348
2675	28.913
2676	29.362
2677	29.638
2678	28.768
2679	28.594
2680	28.739
2681	29.841
2682	29.406
2683	28.826
2684	28.449
2685	29.797
2686	29.594
2687	29
2688	29.841
2689	29.304
2690	29.362
2691	29.13
2692	29.29
2693	29.493
2694	29.812
2695	29.754
2696	28.464
2697	29.13
2698	30.029
2699	30.333
2700	29.174
2701	30.377
2702	30.261
2703	30.333
2704	29.493
2705	29.855
2706	30.623
2707	29.87
2708	29.681
2709	30.203
2710	28.826
2711	29.362
2712	29.116
2713	29.783
2714	29.812
2715	29.087
2716	29.145
2717	29.449
2718	30.261
2719	29.333
2720	29.957
2721	30.464
2722	29.58
2723	29.217
2724	29.87
2725	30.116
2726	30.159
2727	29.203
2728	31.072
2729	31.217
2730	32.217
2731	32.58
2732	33.116
2733	33.348
2734	34.754
2735	33.754
2736	35.101
2737	34.565
2738	34.377
2739	34.768
2740	35.986
2741	34.348
2742	34.739
2743	35.565
2744	35.826
2745	34.377
2746	35
2747	34.87
2748	34.087
2749	35.014
2750	33.42
2751	34.435
2752	33.812
2753	34.014
2754	33.464
2755	33.101
2756	32.797
2757	33.348
2758	32.58
2759	32.362
2760	32.812
2761	32.406
2762	31.493
2763	32.261
2764	31.261
2765	31.71
2766	31.71
2767	32.696
2768	31.957
2769	31.029
2770	31.928
2771	31.304
2772	31.87
2773	31.623
2774	31.565
2775	31.406
2776	30.681
2777	32.232
2778	31.203
2779	31.725
2780	30.551
2781	31.043
2782	30.304
2783	30.957
2784	30.826
2785	31.696
2786	31.536
2787	29.739
2788	30.899
2789	31.333
2790	31.087
2791	30.304
2792	30.493
2793	30.71
2794	30.116
2795	30.072
2796	30.725
2797	29.623
2798	30.855
2799	29.899
2800	30.464
2801	30.812
2802	30.696
2803	30.174
2804	31.014
2805	30.29
2806	30.058
2807	30.203
2808	28.913
2809	29.667
2810	31.217
2811	29.971
2812	30.014
2813	30.261
2814	31.072
2815	30.783
2816	30.391
2817	29.942
2818	29.551
2819	30.768
2820	30.261
2821	30.29
2822	30.159
2823	30.971
2824	30.188
2825	30.406
2826	30.783
2827	30.333
2828	30.348
2829	31.261
2830	29.406
2831	30.145
2832	30.812
2833	31.319
2834	29.478
2835	30.203
2836	31.739
2837	31.275
2838	30.913
2839	30.565
2840	31
2841	31.101
2842	30.232
2843	30.884
2844	30.855
2845	30.188
2846	30.449
2847	30.986
2848	29.986
2849	30.29
2850	29.609
2851	30.841
2852	30.348
2853	30.826
2854	29.942
2855	30.261
2856	29.913
2857	30.203
2858	31.319
2859	30.913
2860	30.072
2861	31.58
2862	30.478
2863	31.145
2864	30.986
2865	30.725
2866	30.406
2867	30.507
2868	30.319
2869	30.696
2870	30.768
2871	30.638
2872	30.362
2873	31.42
2874	30.449
2875	30.449
2876	30.652
2877	30.841
2878	30.536
2879	30.319
2880	30.348
2881	31
2882	30.783
2883	30.667
2884	30.029
2885	29.812
2886	30.116
2887	29.478
2888	30.246
2889	30.971
2890	30.855
2891	30.319
2892	30.797
2893	30.899
2894	29.986
2895	30.449
2896	29.029
2897	30.58
2898	30.478
2899	29.855
2900	30.362
2901	31.551
2902	30.101
2903	30.942
2904	30.478
2905	29.783
2906	29.377
2907	30.029
2908	30.725
2909	30.71
2910	30.362
2911	29.783
2912	29.826
2913	29.841
2914	29.739
2915	29.768
2916	30.29
2917	29.957
2918	30.116
2919	29.71
2920	29.725
2921	29.855
2922	29.855
2923	29.971
2924	28.681
2925	29.725
2926	30.565
2927	29.754
2928	29.449
2929	29.261
2930	30.493
2931	29.725
2932	29.406
2933	29.739
2934	29.87
2935	29.043
2936	29.203
2937	30.232
2938	29.928
2939	30.362
2940	30.536
2941	30.942
2942	28.971
2943	29.159
2944	29.058
2945	29.435
2946	29.174
2947	30.029
2948	31.058
2949	29.58
2950	30.159
2951	29.623
2952	29.957
2953	29.899
2954	29.391
2955	30.203
2956	29.652
2957	29.362
2958	29.768
2959	30.101
2960	29.014
2961	29.42
2962	29.362
2963	29.638
2964	29.188
2965	30.275
2966	29.884
2967	29.58
2968	29.29
2969	29.594
2970	29.174
2971	30.406
2972	29.754
2973	29.536
2974	30.478
2975	30.13
2976	30.116
2977	30.275
2978	30.043
2979	29.884
2980	29.13
2981	29.478
2982	30.145
2983	30.174
2984	29.652
2985	30.435
2986	30.507
2987	29.957
2988	29.652
2989	29.957
2990	29.58
2991	29.406
2992	29.043
2993	29.667
2994	29.42
2995	31.116
2996	29.493
2997	29.29
2998	28.812
2999	29.014
3000	29.551
3001	30.507
3002	29.232
3003	29.203
3004	29.87
3005	29.638
3006	29.696
3007	30.188
3008	29.377
3009	28.783
3010	29.449
3011	29.275
3012	29.391
3013	29.826
3014	29.058
3015	29.551
3016	29.391
3017	29.609
3018	28.348
3019	29.174
3020	28.362
3021	30.246
3022	29.014
3023	30.116
3024	29.449
3025	29.145
3026	29.71
3027	29.609
3028	29.217
3029	30.043
3030	30.058
3031	29.014
3032	28.957
3033	29.261
3034	30.319
3035	30.203
3036	29.638
3037	29.565
3038	30.058
3039	28.667
3040	30.174
3041	29.971
3042	29.406
3043	29.971
3044	29.971
3045	29.768
3046	29.377
3047	29.29
3048	29.348
3049	29.609
3050	29.812
3051	29.725
3052	29.783
3053	28.145
3054	30.391
3055	29.667
3056	30.232
3057	30.087
3058	28.768
3059	30.275
3060	29.493
3061	29.739
3062	29.71
3063	29.478
3064	29.188
3065	29.551
3066	30.623
3067	30.116
3068	29.116
3069	29.362
3070	30.029
3071	28.841
3072	29.507
3073	29.725
3074	28.87
3075	30.493
3076	29.623
3077	30.319
3078	30.638
3079	31.29
3080	31.493
3081	32.565
3082	32.13
3083	32.942
3084	34.101
3085	33.754
3086	34.232
3087	34.13
3088	35.58
3089	34.536
3090	34.681
3091	34.507
3092	34.696
3093	34.522
3094	34.435
3095	34.638
3096	34.246
3097	34.42
3098	33.899
3099	34.42
3100	33.841
3101	34.174
3102	33.536
3103	33.667
3104	32.971
3105	33.159
3106	33.029
3107	33.377
3108	32.855
3109	33.246
3110	33.957
3111	33.261
3112	33.13
3113	34.623
3114	33.261
3115	33.797
3116	33.246
3117	33.435
3118	32.783
3119	33.087
3120	33.623
3121	33.391
3122	32.71
3123	32.696
3124	33.652
3125	33.058
3126	31.42
3127	32.71
3128	32.116
3129	32
3130	32.058
3131	31.841
3132	32.899
3133	33.406
3134	31.783
3135	31.609
3136	32.551
3137	31.638
3138	29.855
3139	32.014
3140	32.13
3141	31.855
3142	32.159
3143	31.957
3144	31.478
3145	31.304
3146	31.667
3147	30.913
3148	31.609
3149	30.159
3150	31.072
3151	31.188
3152	30.768
3153	30.826
3154	31.536
3155	30.754
3156	32.014
3157	30.71
3158	31.188
3159	32.493
3160	30.449
3161	31.261
3162	30.333
3163	30.681
3164	30.217
3165	29.71
3166	30.652
3167	30.232
3168	30.159
3169	31.072
3170	30.116
3171	30.058
3172	29.986
3173	30.551
3174	31.043
3175	31.188
3176	30.217
3177	29.406
3178	30.333
3179	30.667
3180	29.957
3181	31.101
3182	30.174
3183	29.565
3184	30.377
3185	30.536
3186	29.217
3187	29.565
3188	30.275
3189	30.145
3190	29.159
3191	29.841
3192	29.855
3193	30.043
3194	30.101
3195	29.739
3196	29.406
3197	29.797
3198	29.754
3199	30.754
3200	30
3201	30.449
3202	30.725
3203	29.681
3204	28.928
3205	30.652
3206	29.522
3207	30.014
3208	30.319
3209	30.29
3210	29.768
3211	29.638
3212	29.681
3213	30.101
3214	29.551
3215	30.478
3216	30.942
3217	29.435
3218	29.797
3219	29.754
3220	29.536
3221	30.565
3222	29.594
3223	29.275
3224	28.913
3225	30.812
3226	30.246
3227	29.783
3228	30.638
3229	30.71
3230	30.696
3231	29.058
3232	30.029
3233	30.058
3234	30.304
3235	29.652
3236	30.159
3237	29.348
3238	30.159
3239	29.855
3240	29.754
3241	28.942
3242	29.913
3243	30.725
3244	30.565
3245	29.232
3246	29.971
3247	30.29
3248	30.333
3249	29.478
3250	29.986
3251	29.522
3252	29.159
3253	30.072
3254	29.493
3255	29.609
3256	30.072
3257	30.58
3258	29.87
3259	29.406
3260	29.391
3261	30.333
3262	29.507
3263	29.638
3264	29.406
3265	30.304
3266	30.101
3267	30.159
3268	29.377
3269	29.536
3270	29.072
3271	29.406
3272	28.594
3273	29
3274	29.362
3275	29.014
3276	29.072
3277	29.101
3278	29.913
3279	28.304
3280	29.797
3281	29.072
3282	29.029
3283	29.522
3284	30.072
3285	29.464
3286	30.014
3287	28.768
3288	29.638
3289	28.58
3290	29.232
3291	30.29
3292	29
3293	29.594
3294	29.826
3295	30.478
3296	29.449
3297	29.638
3298	29.377
3299	29.319
3300	29.377
3301	29.913
3302	29.333
3303	29.754
3304	29.232
3305	29.464
3306	29.449
3307	30.493
3308	29.043
3309	30.014
3310	29.304
3311	30.261
3312	29.029
3313	29.246
3314	29.58
3315	29.652
3316	30.348
3317	29.623
3318	29.377
3319	29.783
3320	29.391
3321	30.232
3322	28.667
3323	29.565
3324	28.855
3325	29.681
3326	29.29
3327	29.681
3328	28.739
3329	29.957
3330	30.087
3331	29.217
3332	30.014
3333	29.754
3334	29.275
3335	29.29
3336	29.942
3337	29.87
3338	29.754
3339	28.203
3340	28.623
3341	29
3342	29.681
3343	28.203
3344	28.42
3345	29.551
3346	28.826
3347	29.681
3348	28.667
3349	29.188
3350	30.203
3351	29.275
3352	29.58
3353	29.565
3354	29.536
3355	28.797
3356	29.058
3357	29.072
3358	28.362
3359	28.29
3360	29.145
3361	29.391
3362	29.188
3363	29.638
3364	29.42
3365	29.522
3366	28.652
3367	29.971
3368	28.768
3369	28.884
3370	29.435
3371	30.13
3372	29.406
3373	29.696
3374	29.246
3375	29.884
3376	28.406
3377	29.696
3378	30.188
3379	29.29
3380	29.681
3381	29.652
3382	29.638
3383	29.986
3384	29.623
3385	28.768
3386	30.71
3387	29.043
3388	28.522
3389	29.203
3390	29.377
3391	28.884
3392	29.014
3393	29.551
3394	28.783
3395	29.725
3396	30.072
3397	30
3398	30.232
3399	30.174
3400	30.478
3401	28.942
3402	28.754
3403	29.841
3404	29.203
3405	29.594
3406	29.087
3407	28.29
3408	29.406
3409	28.768
3410	29.217
3411	29.522
3412	28.899
3413	30.435
3414	29.377
3415	29.058
3416	27.493
3417	28.391
3418	29.29
3419	28.768
3420	29.348
3421	29.957
3422	28.275
3423	29.435
3424	28.652
3425	29.232
3426	30.014
3427	30.145
3428	30.29
3429	31.623
3430	32.928
3431	32.884
3432	32.696
3433	33.464
3434	33.275
3435	33.928
3436	33.913
3437	34.855
3438	34.942
3439	33.71
3440	34.449
3441	34.812
3442	34.391
3443	34.783
3444	33.29
3445	33.667
3446	33.58
3447	33.913
3448	33.609
3449	33.362
3450	33.362
3451	34.058
3452	32.797
3453	33.043
3454	34.029
3455	32.667
3456	33.565
3457	32.623
3458	32.725
3459	33.768
3460	33.159
3461	33.261
3462	35.174
3463	34.029
3464	33.565
3465	33.87
3466	34.377
3467	33.899
3468	33.014
3469	33.232
3470	33.855
3471	32.261
3472	32.609
3473	32.087
3474	33.116
3475	31.188
3476	31.826
3477	31.435
3478	31.638
3479	31.188
3480	31.87
3481	32.609
3482	31.565
3483	32.217
3484	32.304
3485	31.13
3486	32.362
3487	31.855
3488	31.261
3489	31.116
3490	31.101
3491	30.42
3492	30.58
3493	30.884
3494	30.812
3495	30.667
3496	29.652
3497	30.623
3498	30.377
3499	30.826
3500	30.739
3501	30.377
3502	31.275
3503	29.812
3504	30.812
3505	31.348
3506	30.536
3507	31.188
3508	30.986
3509	30.87
3510	30.551
3511	31.261
3512	29.913
3513	30.246
3514	30.652
3515	29.971
3516	29.884
3517	30.449
3518	29.391
3519	30.609
3520	30.725
3521	30.725
3522	30.391
3523	31.101
3524	30.739
3525	30.13
3526	30.406
3527	30.319
3528	30.739
3529	29.942
3530	30.536
3531	30.725
3532	30.609
3533	29.304
3534	30.406
3535	30.072
3536	29.449
3537	29.348
3538	29.841
3539	29.058
3540	29.986
3541	30.986
3542	30.203
3543	30.072
3544	30.623
3545	29.841
3546	29.986
3547	29.913
3548	29.159
3549	29.652
3550	29.696
3551	29.304
3552	29.42
3553	30.058
3554	28.841
3555	29.232
3556	29.725
3557	29.246
3558	31.014
3559	29.899
3560	30.043
3561	28.884
3562	29.101
3563	29.304
3564	29.522
3565	29.464
3566	29.246
3567	30.232
3568	29.725
3569	30.275
3570	29.609
3571	30.246
3572	29.406
3573	29.739
3574	29.797
3575	29.826
3576	31.159
3577	29.493
3578	30
3579	29.072
3580	29.087
3581	29.29
3582	29.623
3583	30.087
3584	29.522
3585	29.942
3586	29.826
3587	29.768
3588	29.319
3589	29.304
3590	28.739
3591	29.739
3592	29.13
3593	29.652
3594	29.797
3595	29.348
3596	29
3597	29.391
3598	29.942
3599	30.043
3600	29.507
3601	29.072
3602	29.826
3603	29.986
3604	29.783
3605	29.058
3606	30.333
3607	28.565
3608	29.58
3609	29.478
3610	29.942
3611	29.246
3612	29.971
3613	29.072
3614	29.623
3615	29.217
3616	29.565
3617	29.145
3618	28.638
3619	29.913
3620	29.29
3621	29.696
3622	29.246
3623	30.043
3624	29.551
3625	29.333
3626	29.391
3627	29.71
3628	29.159
3629	29.507
3630	30.203
3631	30.29
3632	28.333
3633	29.681
3634	29.232
3635	29.71
3636	28.594
3637	30.145
3638	30.014
3639	30.435
3640	29.812
3641	28.71
3642	28.464
3643	29.797
3644	29.623
3645	29.536
3646	29.435
3647	29.217
3648	28.594
3649	30.362
3650	29.58
3651	29.58
3652	29.42
3653	29.174
3654	28.826
3655	30.087
3656	29.188
3657	28.971
3658	30.014
3659	29.391
3660	29.899
3661	29.609
3662	29.652
3663	29.435
3664	29.71
3665	29.783
3666	29.478
3667	29.377
3668	28.899
3669	29.101
3670	30.522
3671	29.797
3672	29.522
3673	29.029
3674	29.971
3675	30.043
3676	29.899
3677	30.551
3678	29.493
3679	29.304
3680	29.565
3681	29.522
3682	29.638
3683	29.145
3684	30.101
3685	29.362
3686	28.899
3687	29.42
3688	29.406
3689	29.507
3690	29.681
3691	29.594
3692	29.696
3693	29.928
3694	29.899
3695	29.406
3696	29.986
3697	30.101
3698	29.739
3699	30.261
3700	29.754
3701	29.681
3702	29.783
3703	29.841
3704	29.362
3705	30.232
3706	29.594
3707	29.768
3708	28.232
3709	29.362
3710	29.58
3711	29.855
3712	29.435
3713	29.565
3714	30.304
3715	29.536
3716	29.464
3717	29.406
3718	28.754
3719	29.493
3720	28.928
3721	29.681
3722	29.667
3723	29.681
3724	28.464
3725	29.217
3726	29.174
3727	29.435
3728	29.145
3729	29.304
3730	29.188
3731	29.594
3732	29.971
3733	29.406
3734	29.174
3735	28.652
3736	29.42
3737	30.159
3738	29.029
3739	29.449
3740	28.478
3741	29.029
3742	29.681
3743	29.522
3744	28.609
3745	29.725
3746	29.014
3747	28.884
3748	30.043
3749	28.594
3750	28.87
3751	29.246
3752	29.159
3753	28.783
3754	29.464
3755	28.899
3756	28.783
3757	30.159
3758	28.884
3759	29.522
3760	29.464
3761	28.348
3762	30.188
3763	29.174
3764	29.58
3765	29.246
3766	29.145
3767	28.884
3768	28.696
3769	28.522
3770	29.594
3771	29.565
3772	29.072
3773	29.623
3774	29.536
3775	29.348
3776	31.014
3777	31.681
3778	31.493
3779	31.594
3780	33.565
3781	32.957
3782	32.884
3783	33.261
3784	34.014
3785	32.899
3786	33.116
3787	34.029
3788	33.391
3789	33.362
3790	33.594
3791	33.362
3792	33.145
3793	34.232
3794	35.116
3795	33.797
3796	32.739
3797	33.913
3798	32.609
3799	34.058
3800	33.464
3801	32.623
3802	33.812
3803	33.391
3804	32.348
3805	32.855
3806	31.681
3807	33.116
3808	31.942
3809	31.71
3810	31.928
3811	31.275
3812	31.609
3813	31.13
3814	30.913
3815	30.609
3816	31.101
3817	30.696
3818	30.638
3819	31.275
3820	31.145
3821	30.217
3822	30.232
3823	30.812
3824	30.725
3825	30.768
3826	29.971
3827	30.464
3828	30.565
3829	30.899
3830	30.333
3831	31
3832	31.812
3833	30.087
3834	30.942
3835	32.029
3836	30.464
3837	30.638
3838	30.652
3839	30.652
3840	31.087
3841	30.435
3842	30.623
3843	31.304
3844	30.362
3845	30.71
3846	29.13
3847	29.942
3848	30.159
3849	30.275
3850	30.072
3851	30.536
3852	30.217
3853	29.928
3854	30.522
3855	30.493
3856	30.725
3857	30.087
3858	29.043
3859	30.246
3860	30.812
3861	29.609
3862	29.87
3863	30.435
3864	29.913
3865	29.391
3866	29.768
3867	30.101
3868	28.609
3869	28.913
3870	29.797
3871	29.638
3872	29.652
3873	30.464
3874	29.739
3875	30.551
3876	29.319
3877	30.333
3878	29.362
3879	30.42
3880	29.246
3881	30.565
3882	30.058
3883	28.71
3884	29.145
3885	29.754
3886	28.797
3887	29.043
3888	28.652
3889	29.101
3890	29.826
3891	30.884
3892	29.855
3893	30.536
3894	30.551
3895	29.87
3896	30.449
3897	29.739
3898	30.072
3899	30.087
3900	29.551
3901	30.826
3902	29.986
3903	29.826
3904	29.594
3905	29.464
3906	29.855
3907	29.261
3908	29.203
3909	30.449
3910	29.377
3911	29.609
3912	29.246
3913	29.159
3914	30.072
3915	29.319
3916	30.174
3917	29.13
3918	29.304
3919	29.986
3920	29.826
3921	29.058
3922	29.13
3923	29.13
3924	28.391
3925	30.623
3926	29.493
3927	29.29
3928	28.812
3929	29.739
3930	29.232
3931	29.594
3932	29.507
3933	30.101
3934	29.638
3935	29.014
3936	30.029
3937	30.101
3938	28.971
3939	28.768
3940	28.522
3941	29.667
3942	28.942
3943	30.261
3944	29.899
3945	28.217
3946	29.478
3947	29.014
3948	30.174
3949	29.464
3950	29.261
3951	29.377
3952	29.652
3953	29.58
3954	28.754
3955	30.101
3956	29.087
3957	29.058
3958	28.681
3959	30.493
3960	29.029
3961	29.116
3962	30.652
3963	29.058
3964	28.304
3965	28.957
3966	29.855
3967	29.391
3968	29.449
3969	29.348
3970	29.841
3971	29.391
3972	29.71
3973	29.812
3974	30.188
3975	29.841
3976	29.971
3977	29.101
3978	30.13
3979	30.014
3980	30.522
3981	29.812
3982	29.855
3983	30.014
3984	29.391
3985	29.493
3986	29.957
3987	30.348
3988	29.348
3989	29.522
3990	29.957
3991	29.551
3992	30.13
3993	29.855
3994	29.638
3995	29.261
3996	29.232
3997	29.493
3998	29.928
3999	29.464
4000	29.42
4001	30.13
4002	29.261
4003	29.478
4004	30.174
4005	29.348
4006	29.536
4007	29.449
4008	29.942
4009	30.319
4010	29.449
4011	29.464
4012	29.304
4013	29.551
4014	29.942
4015	29.551
4016	29.246
4017	29.116
4018	30.275
4019	29.58
4020	29.159
4021	29.725
4022	28.797
4023	29.478
4024	28.464
4025	29.058
4026	29.072
4027	31.913
4028	32.116
4029	32.725
4030	32.087
4031	33
4032	33.304
4033	33.159
4034	33.71
4035	34.087
4036	34.261
4037	34.391
4038	34.986
4039	34.536
4040	35
4041	34.986
4042	35.348
4043	34.435
4044	33.797
4045	33.928
4046	34.71
4047	34.348
4048	33.87
4049	34.087
4050	32.942
4051	33.696
4052	33.986
4053	34.072
4054	33.565
4055	32.493
4056	32.87
4057	32.623
4058	32.986
4059	32.71
4060	32.188
4061	32.29
4062	32.246
4063	31.71
4064	31.29
4065	31.928
4066	32.217
4067	31.159
4068	31.391
4069	31.754
4070	31.667
4071	31.783
4072	32.304
4073	31.435
4074	31.986
4075	32.101
4076	32.319
4077	30.768
4078	31.609
4079	31
4080	30.623
4081	31.014
4082	31.754
4083	30.217
4084	31.71
4085	30.13
4086	31.681
4087	30.246
4088	29.797
4089	30.565
4090	31.362
4091	29.783
4092	29.855
4093	30.507
4094	30.855
4095	30.797
4096	29.812
4097	30.246
4098	30.623
4099	30.29
4100	30.101
4101	30.449
4102	30.42
4103	29.464
4104	30.638
4105	30.072
4106	29.841
4107	30.304
4108	29.826
4109	29.812
4110	29.377
4111	29.884
4112	30.464
4113	31.014
4114	29.87
4115	30.29
4116	29.203
4117	30.725
4118	29.478
4119	29.71
4120	29.377
4121	30.014
4122	29.957
4123	30.217
4124	30.014
4125	29.217
4126	31.594
4127	32.464
4128	33.203
4129	32.696
4130	32.899
4131	33.87
4132	32.942
4133	32.435
4134	33.58
4135	33.203
4136	34
4137	33.942
4138	34.377
4139	34.29
4140	33.623
4141	33.884
4142	34.217
4143	33.638
4144	33.725
4145	33.304
4146	33.246
4147	33.203
4148	32.87
4149	31.957
4150	32.435
4151	32.145
4152	33.087
4153	32.101
4154	32.232
4155	31.58
4156	30.652
4157	31.754
4158	31.855
4159	31.739
4160	30.812
4161	31.246
4162	31.797
4163	30.87
4164	32.754
4165	31.304
4166	30.377
4167	30.493
4168	29.913
4169	30.797
4170	29.391
4171	30.551
4172	30.406
4173	30.246
4174	30.319
4175	31.174
4176	29.609
4177	29.493
4178	29.333
4179	30.406
4180	29.246
4181	30.522
4182	28.884
4183	28.957
4184	29.478
4185	30.826
4186	29.783
4187	30.261
4188	30.725
4189	30.797
4190	30.159
4191	29.217
4192	29.696
4193	30.029
4194	30.13
4195	30.058
4196	30.029
4197	30.145
4198	29.841
4199	30.203
4200	28.174
4201	28.884
4202	28.928
4203	28.449
4204	29.362
4205	29.942
4206	29.507
4207	30.333
4208	29.507
4209	29.71
4210	28.986
4211	29.812
4212	29.145
4213	29.855
4214	30.696
4215	29.783
4216	29.942
4217	30.58
4218	30
4219	28.942
4220	29.681
4221	29.667
4222	29.797
4223	30.058
4224	30.029
4225	30.101
4226	29.826
4227	28.696
4228	29.145
4229	28.304
4230	29.058
4231	30.116
4232	29.681
4233	28.768
4234	30.116
4235	30.101
4236	29.768
4237	29.522
4238	29.159
4239	29.522
4240	29.478
4241	30.145
4242	29.319
4243	29.072
4244	29.623
4245	29.768
4246	30.652
4247	29.696
4248	29.899
4249	30.841
4250	29.203
4251	30.261
4252	29.899
4253	29.174
4254	29.812
4255	30.232
4256	29.406
4257	29.391
4258	28.855
4259	29.072
4260	28.319
4261	30.087
4262	29.13
4263	28.928
4264	27.928
4265	29.855
4266	28.899
4267	29.029
4268	29.29
4269	29.522
4270	29.768
4271	30.391
4272	28.333
4273	29.812
4274	29.203
4275	29.42
4276	29.681
4277	29.812
4278	30.696
4279	28.971
4280	30.536
4281	30.029
4282	29.087
4283	29.725
4284	30.522
4285	29.522
4286	29.406
4287	28.478
4288	29.899
4289	29.942
4290	29.174
4291	29.391
4292	29.246
4293	28.768
4294	29.29
4295	29.913
4296	29.565
4297	29.333
4298	30.203
4299	30.203
4300	29.58
4301	29.391
4302	30.116
4303	29.623
4304	29.348
4305	29.159
4306	29.072
4307	29.696
4308	29.725
4309	30.246
4310	29.957
4311	30.188
4312	30.217
4313	29.319
4314	28.87
4315	29.87
4316	29.913
4317	28.435
4318	29.652
4319	29.841
4320	30
4321	29.391
4322	28.536
4323	29.507
4324	28.986
4325	30.29
4326	30.203
4327	29.116
4328	30
4329	28.435
4330	29.464
4331	29.884
4332	29.29
4333	29.884
4334	28.29
4335	30.014
4336	29.246
4337	29.478
4338	29.435
4339	29.638
4340	29.406
4341	29.319
4342	29.652
4343	29.087
4344	28.014
4345	28.58
4346	29.623
4347	29.899
4348	29.522
4349	28.667
4350	30.058
4351	30.13
4352	29.058
4353	28.971
4354	30.435
4355	29.261
4356	29.377
4357	29.304
4358	29.304
4359	29.884
4360	30
4361	29.043
4362	29.638
4363	29.116
4364	29.609
4365	28.754
4366	28.754
4367	29.478
4368	29.275
4369	28.739
4370	29.464
4371	30.406
4372	29.145
4373	29.638
4374	29.551
4375	28.783
4376	28.87
4377	29.304
4378	29.362
4379	28.913
4380	28.913
4381	29.391
4382	28.435
4383	29.957
4384	29.058
4385	28.594
4386	28.536
4387	28.971
4388	28.957
4389	29.725
4390	29.348
4391	29
4392	28.232
4393	29.841
4394	30.029
4395	28.783
4396	29.362
4397	29.261
4398	28.826
4399	29.71
4400	30.072
4401	29.261
4402	28.754
4403	28.275
4404	29.42
4405	29.362
4406	28.855
4407	28.493
4408	28.754
4409	28.449
4410	27.638
4411	28.87
4412	28.797
4413	28.319
4414	28.696
4415	28.899
4416	29.246
4417	29.159
4418	27.58
4419	28.478
4420	29.159
4421	29.507
4422	29.333
4423	28.754
4424	28.841
4425	29.333
4426	28.971
4427	28.435
4428	28.072
4429	29.478
4430	29.014
4431	29.275
4432	28.783
4433	28.246
4434	28.145
4435	27.71
4436	28.957
4437	29
4438	29.13
4439	29.029
4440	29.145
4441	28.435
4442	28.768
4443	29.145
4444	28.536
4445	28.609
4446	28.957
4447	29.203
4448	29.101
4449	28.913
4450	28.58
4451	30.536
4452	28.029
4453	28.986
4454	29.014
4455	29.623
4456	29.246
4457	29.536
4458	28.464
4459	29.275
4460	28.899
4461	29.261
4462	29.812
4463	31.145
4464	30.391
4465	32.188
4466	31.899
4467	32.116
4468	31.652
4469	33.986
4470	32.928
4471	33.739
4472	33.377
4473	33.377
4474	33.812
4475	33.812
4476	33.333
4477	34.565
4478	33.957
4479	33.696
4480	34.029
4481	32.855
4482	32.855
4483	32.986
4484	31.739
4485	32.855
4486	31.449
4487	32.551
4488	32.203
4489	31.812
4490	31.304
4491	31.623
4492	31.594
4493	30.565
4494	31.899
4495	31.913
4496	31.188
4497	31.217
4498	32.333
4499	31.58
4500	30.174
4501	31.449
4502	30.667
4503	30.913
4504	30.812
4505	30.377
4506	30.667
4507	31.101
4508	30.797
4509	30.957
4510	30.217
4511	30.507
4512	31.014
4513	30.696
4514	29.986
4515	30.493
4516	30.362
4517	29.971
4518	31.333
4519	30.58
4520	30.826
4521	30.725
4522	30.507
4523	29.913
4524	30.493
4525	30.058
4526	30.638
4527	30.348
4528	29.783
4529	29.957
4530	29.246
4531	28.667
4532	30.13
4533	30.188
4534	30.362
4535	28.652
4536	30
4537	29.58
4538	29.406
4539	29.667
4540	29.565
4541	28.623
4542	29.13
4543	28.159
4544	29.884
4545	29.797
4546	29.493
4547	30.159
4548	30
4549	29.768
4550	29.971
4551	30.391
4552	29.319
4553	30.116
4554	30.029
4555	29.928
4556	30.652
4557	30.188
4558	29.101
4559	30.058
4560	30.478
4561	30.13
4562	29.812
4563	29.551
4564	28.391
4565	29.116
4566	29.739
4567	30.493
4568	29.638
4569	29.754
4570	28.261
4571	29.957
4572	30.13
4573	28.783
4574	30.246
4575	30.014
4576	29.536
4577	29.768
4578	29
4579	29.899
4580	29.29
4581	30.478
4582	28.826
4583	29.406
4584	28.986
4585	29.029
4586	29.87
4587	30.275
4588	29.275
4589	29.754
4590	29.594
4591	29.681
4592	28.145
4593	29.058
4594	29.594
4595	29.899
4596	28.826
4597	29.826
4598	30.058
4599	30
4600	28.377
4601	29.464
4602	29.13
4603	28.725
4604	29.739
4605	29.783
4606	29.087
4607	30.681
4608	29.261
4609	28.638
4610	29.507
4611	29.58
4612	28.899
4613	28.899
4614	28.812
4615	28.522
4616	29.725
4617	29.275
4618	28.391
4619	29.971
4620	29
4621	29.797
4622	28.942
4623	29.348
4624	28.812
4625	29.014
4626	29.391
4627	28.014
4628	28.71
4629	28.464
4630	29.449
4631	28.87
4632	29.406
4633	28.783
4634	28.928
4635	29.333
4636	28.942
4637	29.29
4638	29.261
4639	28.536
4640	29.435
4641	30.362
4642	28.739
4643	29.522
4644	29.058
4645	29.217
4646	29.913
4647	29.739
4648	29.565
4649	29.232
4650	29.551
4651	29.478
4652	29.101
4653	30.043
4654	29.116
4655	29.565
4656	28.507
4657	29.159
4658	29.203
4659	28.87
4660	29.246
4661	29.159
4662	28.971
4663	28.71
4664	29.449
4665	29.609
4666	29.739
4667	29.826
4668	28.42
4669	29.304
4670	29.319
4671	29.594
4672	28.362
4673	28.13
4674	28.884
4675	30.174
4676	29.609
4677	28.899
4678	29.217
4679	29.71
4680	28.942
4681	29.841
4682	29
4683	29.739
4684	29.899
4685	28.899
4686	29.42
4687	29.406
4688	29.783
4689	29.667
4690	29.71
4691	28.507
4692	29.783
4693	28.725
4694	29.058
4695	29.362
4696	29.391
4697	28.928
4698	28.232
4699	28.464
4700	29.464
4701	27.899
4702	28
4703	29.594
4704	29.971
4705	29.623
4706	28.768
4707	29.362
4708	29.957
4709	28.87
4710	28.232
4711	29.855
4712	30.014
4713	29.536
4714	29.174
4715	29.072
4716	28.536
4717	28.754
4718	29.536
4719	28.826
4720	29.304
4721	29.058
4722	29.217
4723	29.29
4724	28.783
4725	29.232
4726	29.87
4727	29.261
4728	28.406
4729	28.841
4730	30.188
4731	31.797
4732	31.768
4733	30.942
4734	33.232
4735	32.638
4736	33.145
4737	33.971
4738	34
4739	33.478
4740	32.928
4741	32.58
4742	32.435
4743	33.348
4744	33.043
4745	34
4746	34.609
4747	33.13
4748	34.058
4749	34.29
4750	33.696
4751	33.145
4752	32.246
4753	32.522
4754	32.754
4755	33.029
4756	32.174
4757	31.899
4758	32.217
4759	31.406
4760	32.522
4761	32
4762	31.638
4763	31.58
4764	31.522
4765	32.087
4766	31.319
4767	31.899
4768	31.362
4769	31.855
4770	32.232
4771	31.246
4772	31.623
4773	31.13
4774	31.333
4775	31.435
4776	31.638
4777	30.783
4778	30.159
4779	31.377
4780	30.435
4781	30.913
4782	31.116
4783	30
4784	30.188
4785	29.87
4786	30.087
4787	29.348
4788	30.638
4789	30.739
4790	30.116
4791	30.913
4792	31.319
4793	30.594
4794	29.725
4795	29.957
4796	30.319
4797	30.551
4798	30.072
4799	30.246
4800	30.493
4801	29.232
4802	29.971
4803	30.232
4804	29.986
4805	31.087
4806	30.638
4807	30.261
4808	29.449
4809	29.565
4810	29.362
4811	30.768
4812	31.928
4813	31.681
4814	33
4815	32.42
4816	33.058
4817	33.159
4818	33.145
4819	33.391
4820	33.449
4821	33.449
4822	33.957
4823	33.42
4824	33.536
4825	34.232
4826	32.536
4827	31.725
4828	33
4829	31.261
4830	32.304
4831	32.116
4832	30.855
4833	31.71
4834	32.159
4835	31.145
4836	32.159
4837	31.638
4838	30.768
4839	31.696
4840	31.275
4841	31.507
4842	31.333
4843	31.319
4844	31.275
4845	30.464
4846	30.739
4847	30.884
4848	30.783
4849	32.826
4850	29.725
4851	30.478
4852	30.623
4853	31.261
4854	29.87
4855	30.522
4856	30.246
4857	30.261
4858	30.797
4859	31.029
4860	28.754
4861	30.696
4862	30.681
4863	30.203
4864	30.116
4865	30.333
4866	30.275
4867	29.464
4868	31.536
4869	30.275
4870	30.58
4871	30.928
4872	29.957
4873	30.043
4874	30.275
4875	30.957
4876	29.783
4877	30.217
4878	30.029
4879	29.957
4880	29.623
4881	29.232
4882	30.058
4883	30.203
4884	30.391
4885	29.986
4886	30.449
4887	31.246
4888	30.275
4889	29.812
4890	30.377
4891	29.304
4892	29.899
4893	28.928
4894	28.623
4895	29.681
4896	30.029
4897	30.087
4898	29.623
4899	30.377
4900	29.797
4901	29.565
4902	29.029
4903	29.391
4904	28.797
4905	29.261
4906	29.478
4907	29.13
4908	29.493
4909	29.333
4910	28.957
4911	29.42
4912	29.826
4913	28.841
4914	28.087
4915	29.565
4916	28.377
4917	29.348
4918	28.58
4919	28.681
4920	29.145
4921	29.043
4922	28.768
4923	29.957
4924	30.029
4925	29.652
4926	29.812
4927	30.594
4928	28.174
4929	30.333
4930	29.159
4931	29.174
4932	30.638
4933	30.014
4934	29.826
4935	29.58
4936	29.203
4937	28.783
4938	29.304
4939	30.058
4940	29.957
4941	29.696
4942	29.043
4943	29.261
4944	29.594
4945	28.58
4946	29.116
4947	29.058
4948	29.116
4949	29.203
4950	29.261
4951	29.406
4952	29.159
4953	29.159
4954	29.116
4955	29.667
4956	29.942
4957	29.319
4958	28.696
4959	28.754
4960	29.768
4961	29.217
4962	28.594
4963	28.507
4964	28.913
4965	28.87
4966	29.551
4967	29.609
4968	29.406
4969	30.478
4970	29.362
4971	29.232
4972	28.783
4973	29.087
4974	30.014
4975	29.768
4976	29.652
4977	29.449
4978	29.565
4979	29.58
4980	29.333
4981	30.159
4982	28.899
4983	28.87
4984	29.623
4985	28.536
4986	29.377
4987	29.739
4988	29.232
4989	28.609
4990	29.551
4991	29.188
4992	29.725
4993	29.275
4994	29.391
4995	28.681
4996	29.029
4997	29.435
4998	29.406
4999	29.797
5000	29.275
5001	29.029
5002	28.667
5003	29.478
5004	28.29
5005	28.232
5006	27.942
5007	28.739
5008	29.203
5009	28.043
5010	28.739
5011	28.87
5012	29.406
5013	28.406
5014	28.754
5015	29.13
5016	29.246
5017	29.841
5018	28.957
5019	29.275
5020	28.145
5021	29.362
5022	28.551
5023	29.174
5024	30.609
5025	30.42
5026	32.101
5027	32.768
5028	32.884
5029	32.217
5030	32.043
5031	32.536
5032	32.928
5033	33.667
5034	34.13
5035	33.551
5036	33.478
5037	33.87
5038	33.058
5039	32.855
5040	33.696
5041	32.348
5042	32.754
5043	33.058
5044	33.145
5045	33.174
5046	32.377
5047	31.377
5048	32.913
5049	31.841
5050	32.565
5051	32.638
5052	31.884
5053	32.029
5054	30.855
5055	32.072
5056	31.406
5057	31.058
5058	31.449
5059	30.783
5060	30.783
5061	30.609
5062	30.652
5063	30.623
5064	30.174
5065	30.507
5066	31.435
5067	30.014
5068	30.101
5069	30.696
5070	30.42
5071	29.884
5072	31.435
5073	31.899
5074	29.812
5075	29.986
5076	29.783
5077	30.899
5078	29.478
5079	29.623
5080	30.203
5081	30.493
5082	30.435
5083	29.493
5084	29.797
5085	30.841
5086	29.899
5087	30.362
5088	30.406
5089	29.797
5090	30.551
5091	29.551
5092	29.58
5093	29.087
5094	30.029
5095	30.362
5096	29.362
5097	30.058
5098	29.986
5099	29.913
5100	29.072
5101	29.928
5102	29.71
5103	30.174
5104	28.826
5105	28.725
5106	29.449
5107	29.696
5108	30.377
5109	29.725
5110	29.739
5111	29.87
5112	30
5113	29.71
5114	30.174
5115	29.551
5116	30.507
5117	29.986
5118	29.435
5119	28.841
5120	29.362
5121	29.681
5122	30
5123	29.899
5124	29.623
5125	28.768
5126	29.304
5127	30.087
5128	29.13
5129	29.014
5130	29.681
5131	30.058
5132	29
5133	29.942
5134	29.449
5135	29.594
5136	30.101
5137	30.42
5138	29.319
5139	29.348
5140	30.101
5141	30.609
5142	29.971
5143	29.159
5144	30.29
5145	29.565
5146	30.188
5147	29.304
5148	30.014
5149	30.101
5150	29.014
5151	29.913
5152	29.391
5153	29.681
5154	29.246
5155	29.101
5156	28.232
5157	28.101
5158	30.029
5159	30.174
5160	29.899
5161	30.913
5162	32.043
5163	29.768
5164	31.638
5165	31.884
5166	31.536
5167	33.406
5168	33.29
5169	33.058
5170	32.551
5171	32.667
5172	33.377
5173	31.986
5174	33.304
5175	31.957
5176	32.174
5177	32.638
5178	32.942
5179	31.986
5180	33.043
5181	32.101
5182	31.13
5183	32.536
5184	31.159
5185	31.188
5186	31.232
5187	31.464
5188	31.203
5189	31.174
5190	31.522
5191	30.768
5192	30.754
5193	31.493
5194	31.014
5195	31.435
5196	32.014
5197	30.609
5198	31.203
5199	29.855
5200	30.971
5201	30.507
5202	29.855
5203	30.145
5204	30.406
5205	30.304
5206	30.246
5207	29.855
5208	29.826
5209	29.884
5210	30.71
5211	29.87
5212	30.913
5213	30.812
5214	31.493
5215	31.304
5216	30.232
5217	30.449
5218	30.333
5219	29.768
5220	28.725
5221	29.478
5222	29.652
5223	29.391
5224	30.203
5225	29.174
5226	29.928
5227	30.681
5228	29.348
5229	29.522
5230	28.522
5231	29.725
5232	29.406
5233	30.232
5234	29.116
5235	29.551
5236	29.667
5237	29.072
5238	29.58
5239	28.522
5240	29.348
5241	30.623
5242	29.188
5243	29.072
5244	29.783
5245	29.855
