0,038	0
0,076	0,008502
0,114	0,009444
0,152	0,013826
0,19	0,01256
0,228	0,014838
0,266	0,019124
0,304	0,022211
0,342	0,025229
0,38	0,025421
0,418	0,033617
0,456	0,036062
0,494	0,030323
0,532	0,030008
0,57	0,027251
0,608	0,028018
0,646	0,025788
0,684	0,032537
0,722	0,029438
0,76	0,026687
0,798	0,027089
0,836	0,026776
0,874	0,020695
0,912	0,02074
0,95	0,024104
0,988	0,026335
1,026	0,027167
1,064	0,025914
1,102	0,029684
1,14	0,03382
1,178	0,033181
1,216	0,032744
1,254	0,028871
1,292	0,03167
1,33	0,033062
1,368	0,029596
1,406	0,028387
1,444	0,026001
1,482	0,028368
1,52	0,02802
1,558	0,023571
1,596	0,020537
1,634	0,020978
1,672	0,024577
1,71	0,028392
1,748	0,030717
1,786	0,03486
1,824	0,033765
1,862	0,03295
1,9	0,037541
1,938	0,02739
1,976	0,023514
2,014	0,021321
2,052	0,016732
2,09	0,018292
2,128	0,015701
2,166	0,013186
2,204	0,010641
2,242	0,010292
2,28	0,01804
2,318	0,016326
2,356	0,024421
2,394	0,024567
2,432	0,021823
2,47	0,01844
2,508	0,020353
2,546	0,02554
2,584	0,033715
2,622	0,051941
2,66	0,072301
2,698	0,089252
2,736	0,098855
2,774	0,112255
2,812	0,124925
2,85	0,131255
2,888	0,137977
2,926	0,138459
2,964	0,141909
3,002	0,1419
3,04	0,143096
3,078	0,142201
3,116	0,139217
3,154	0,134046
3,192	0,127992
3,23	0,122873
3,268	0,120008
3,306	0,11183
3,344	0,108002
3,382	0,095089
3,42	0,096536
3,458	0,087088
3,496	0,077717
3,534	0,0686
3,572	0,070797
3,61	0,062916
3,648	0,0632
3,686	0,060987
3,724	0,058452
3,762	0,055196
3,8	0,053175
3,838	0,042752
3,876	0,0381
3,914	0,038678
3,952	0,038925
3,99	0,038171
4,028	0,039874
4,066	0,03896
4,104	0,031949
4,142	0,034414
4,18	0,03048
4,218	0,0302
4,256	0,030206
4,294	0,030268
4,332	0,027096
4,37	0,025532
4,408	0,027308
4,446	0,028931
4,484	0,024684
4,522	0,023694
4,56	0,024946
4,598	0,021398
4,636	0,018619
4,674	0,017573
4,712	0,012218
4,75	0,012957
4,788	0,013821
4,826	0,013516
4,864	0,014244
4,902	0,013829
4,94	0,011191
4,978	0,01263
5,016	0,009164
5,054	0,010192
5,092	0,015668
5,13	0,016275
5,168	0,015036
5,206	0,013714
5,244	0,012951
5,282	0,009804
5,32	0,012321
5,358	0,015534
5,396	0,015505
5,434	0,010708
5,472	0,014504
5,51	0,016435
5,548	0,01455
5,586	0,015774
5,624	0,011235
5,662	0,011084
5,7	0,008762
5,738	0,003381
5,776	0,00065
5,814	-0,003244
5,852	-0,00392
5,89	-0,00019
5,928	-0,001513
5,966	-0,003662
6,004	-0,001944
6,042	-0,000197
6,08	0,002487
6,118	-0,002051
6,156	0,001151
6,194	-0,001966
6,232	-0,006044
6,27	-0,007739
6,308	-0,005367
6,346	-0,009823
6,384	-0,010558
6,422	-0,011581
6,46	-0,009202
6,498	-0,01011
6,536	-0,00636
6,574	-0,006227
6,612	-0,006997
6,65	-0,002314
6,688	0,003236
6,726	-0,000163
6,764	0,003346
6,802	0,00126
6,84	0,004671
6,878	0,005881
6,916	0,004989
6,954	0,006649
6,992	0,009324
7,03	0,01065
7,068	0,010123
7,106	0,007335
7,144	0,005686
7,182	0,002418
7,22	0,002199
7,258	0,006877
7,296	0,008303
7,334	0,015438
7,372	0,012225
7,41	0,009945
7,448	0,012368
7,486	0,010275
7,524	0,015321
7,562	0,015582
7,6	0,014894
7,638	0,012235
7,676	0,008397
7,714	0,003768
7,752	0,011196
7,79	0,012053
7,828	0,012774
7,866	0,012097
7,904	0,009535
7,942	0,012637
7,98	0,011462
8,018	0,007204
8,056	0,01064
8,094	0,014225
8,132	0,01583
8,17	0,017989
8,208	0,014477
8,246	0,014688
8,284	0,012671
8,322	0,009818
8,36	0,009474
8,398	0,009835
8,436	0,00767
8,474	0,006431
8,512	0,001013
8,55	-0,000904
8,588	0,004015
8,626	0,003698
8,664	0,006371
8,702	0,005384
8,74	-0,000285
8,778	-0,000852
8,816	0,001888
8,854	0,000402
8,892	0,003574
8,93	0,005194
8,968	0,002692
9,006	0,004653
9,044	0,00033
9,082	0,005177
9,12	0,008276
9,158	0,009836
9,196	0,011037
9,234	0,015512
9,272	0,01143
9,31	0,013268
9,348	0,016433
9,386	0,013008
9,424	0,012455
9,462	0,013827
9,5	0,010556
9,538	0,008207
9,576	0,011655
9,614	0,021459
9,652	0,032317
9,69	0,050547
9,728	0,066366
9,766	0,083484
9,804	0,097559
9,842	0,112868
9,88	0,121968
9,918	0,126658
9,956	0,126051
9,994	0,126548
10,032	0,128328
10,07	0,127416
10,108	0,125559
10,146	0,123375
10,184	0,123481
10,222	0,121093
10,26	0,117557
10,298	0,111421
10,336	0,108899
10,374	0,09601
10,412	0,087436
10,45	0,080241
10,488	0,078213
10,526	0,07214
10,564	0,064272
10,602	0,06132
10,64	0,062899
10,678	0,060909
10,716	0,063104
10,754	0,055769
10,792	0,052072
10,83	0,04736
10,868	0,048764
10,906	0,044799
10,944	0,042427
10,982	0,038634
11,02	0,039789
11,058	0,030407
11,096	0,028218
11,134	0,032072
11,172	0,029684
11,21	0,029167
11,248	0,032761
11,286	0,029242
11,324	0,026417
11,362	0,022797
11,4	0,021629
11,438	0,018647
11,476	0,015446
11,514	0,015173
11,552	0,017595
11,59	0,014845
11,628	0,016865
11,666	0,016526
11,704	0,013957
11,742	0,007889
11,78	0,008065
11,818	0,014686
11,856	0,010818
11,894	0,009588
11,932	0,00853
11,97	0,011362
12,008	0,008737
12,046	0,009996
12,084	0,008808
12,122	0,009786
12,16	0,011554
12,198	0,01343
12,236	0,014116
12,274	0,010718
12,312	0,011599
12,35	0,015569
12,388	0,011889
12,426	0,015182
12,464	0,015411
12,502	0,015109
12,54	0,011093
12,578	0,01374
12,616	0,011349
12,654	0,008976
12,692	0,003707
12,73	0,009322
12,768	0,006759
12,806	0,008248
12,844	0,005823
12,882	0,004615
12,92	0,004699
12,958	0,008593
12,996	0,009094
13,034	0,010238
13,072	0,010008
13,11	0,003366
13,148	0,00314
13,186	-0,001589
13,224	-0,000049
13,262	-0,007316
13,3	-0,006693
13,338	-0,003718
13,376	-0,002618
13,414	0,001114
13,452	0,002755
13,49	0,001478
13,528	-0,001119
13,566	-0,000805
13,604	0,002917
13,642	0,005462
13,68	0,003756
13,718	0,005533
13,756	0,005282
13,794	0,005088
13,832	-0,00078
13,87	-0,002514
13,908	-0,000554
13,946	-0,000634
13,984	0,001513
14,022	-0,003511
14,06	-0,000994
14,098	-0,006801
14,136	-0,008111
14,174	-0,00907
14,212	-0,012198
14,25	-0,009561
14,288	-0,005884
14,326	-0,003177
14,364	-0,001361
14,402	-0,002748
14,44	-0,003228
14,478	-0,002779
14,516	-0,000922
14,554	-0,00365
14,592	-0,004331
14,63	-0,002228
14,668	0,000084
14,706	0,003756
14,744	0,009649
14,782	0,010896
14,82	0,009206
14,858	0,010658
14,896	0,01014
14,934	0,007263
14,972	0,004071
15,01	0,003822
15,048	0,002443
15,086	0,007438
15,124	0,007749
15,162	0,002354
15,2	0,006401
15,238	0,006199
15,276	0,003938
15,314	0,00574
15,352	0,003307
15,39	0,005148
15,428	0,0054
15,466	0,007633
15,504	0,007386
15,542	0,002068
15,58	-0,004432
15,618	-0,004775
15,656	-0,001574
15,694	0,00246
15,732	0,007819
15,77	0,009064
15,808	0,005981
15,846	0,003984
15,884	0,006732
15,922	0,010935
15,96	0,011769
15,998	0,009445
16,036	0,011462
16,074	0,027601
16,112	0,045734
16,15	0,056083
16,188	0,068504
16,226	0,075406
16,264	0,085798
16,302	0,09642
16,34	0,110899
16,378	0,108975
16,416	0,109216
16,454	0,10759
16,492	0,107253
16,53	0,102401
16,568	0,100951
16,606	0,102682
16,644	0,101283
16,682	0,103516
16,72	0,101061
16,758	0,091614
16,796	0,085535
16,834	0,07739
16,872	0,07358
16,91	0,06612
16,948	0,064066
16,986	0,058612
17,024	0,053183
17,062	0,049697
17,1	0,051302
17,138	0,046588
17,176	0,047905
17,214	0,04405
17,252	0,03976
17,29	0,036117
17,328	0,03392
17,366	0,035119
17,404	0,033351
17,442	0,035812
17,48	0,034541
17,518	0,034301
17,556	0,03336
17,594	0,030832
17,632	0,031476
17,67	0,025591
17,708	0,016586
17,746	0,020658
17,784	0,021091
17,822	0,021259
17,86	0,019466
17,898	0,018983
17,936	0,022968
17,974	0,021133
18,012	0,023177
18,05	0,022851
18,088	0,019646
18,126	0,017169
18,164	0,016392
18,202	0,01922
18,24	0,017074
18,278	0,016757
18,316	0,015292
18,354	0,016897
18,392	0,016928
18,43	0,016111
18,468	0,014778
18,506	0,012928
18,544	0,005331
18,582	0,002851
18,62	0,003051
18,658	0,005197
18,696	0,000846
18,734	0,00438
18,772	0,008138
18,81	0,01054
18,848	0,006426
18,886	0,006514
18,924	0,004137
18,962	0,003744
19	0,004351
19,038	-0,007381
19,076	-0,00949
19,114	-0,006007
19,152	-0,007314
19,19	-0,006002
19,228	-0,003712
19,266	-0,001894
19,304	-0,002019
19,342	-0,000099
19,38	0,003245
19,418	0,005203
19,456	0,004913
19,494	0,00633
19,532	0,007241
19,57	0,009197
19,608	0,013481
19,646	0,016855
19,684	0,013983
19,722	0,015277
19,76	0,012054
19,798	0,010308
19,836	0,0129
19,874	0,012398
19,912	0,008508
19,95	0,016378
19,988	0,013286
20,026	0,015952
20,064	0,014685
20,102	0,011351
20,14	0,006125
20,178	0,007024
20,216	0,007773
20,254	0,007576
20,292	0,007143
20,33	0,00468
20,368	0,003565
20,406	0,003928
20,444	0,005148
20,482	-0,003644
20,52	-0,004962
20,558	-0,004581
20,596	-0,000047
20,634	0,002334
20,672	0,006794
20,71	0,004634
20,748	0,003596
20,786	0,003212
20,824	-0,001757
20,862	-0,001533
20,9	0,002438
20,938	0,001533
20,976	0,004476
21,014	-0,004536
21,052	-0,006103
21,09	-0,00325
21,128	-0,005823
21,166	-0,007659
21,204	-0,001816
21,242	-0,001274
21,28	0,001218
21,318	-0,000092
21,356	0,001607
21,394	0,003133
21,432	-0,002286
21,47	0,000327
21,508	-0,002904
21,546	-0,00602
21,584	-0,003239
21,622	-0,004405
21,66	-0,000749
21,698	-0,002387
21,736	-0,003353
21,774	-0,007628
21,812	-0,004982
21,85	-0,009856
21,888	-0,008628
21,926	-0,005842
21,964	-0,003241
22,002	0,005561
22,04	0,006144
22,078	0,004432
22,116	0,00607
22,154	0,004125
22,192	0,003637
22,23	0,007023
22,268	0,003392
22,306	0,005371
22,344	0,002693
22,382	0,000764
22,42	0,0036
22,458	0,004026
22,496	0,004022
22,534	0,004949
22,572	0,000472
22,61	0,0012
22,648	0,003195
22,686	0,00596
22,724	0,008259
22,762	0,003716
22,8	0,002914
22,838	0,00687
22,876	0,009228
22,914	0,009346
22,952	0,009082
22,99	0,021598
23,028	0,037224
23,066	0,049709
23,104	0,067065
23,142	0,07609
23,18	0,084864
23,218	0,102559
23,256	0,104209
23,294	0,110841
23,332	0,112924
23,37	0,116129
23,408	0,116111
23,446	0,112688
23,484	0,109489
23,522	0,108506
23,56	0,105021
23,598	0,101862
23,636	0,100448
23,674	0,08784
23,712	0,079063
23,75	0,071706
23,788	0,071155
23,826	0,06738
23,864	0,062594
23,902	0,057527
23,94	0,057025
23,978	0,052645
24,016	0,046804
24,054	0,040402
24,092	0,039164
24,13	0,039339
24,168	0,046592
24,206	0,046051
24,244	0,046434
24,282	0,043523
24,32	0,03936
24,358	0,031945
24,396	0,032637
24,434	0,030442
24,472	0,032226
24,51	0,028537
24,548	0,030098
24,586	0,031576
24,624	0,030587
24,662	0,029757
24,7	0,030074
24,738	0,02359
24,776	0,018672
24,814	0,018372
24,852	0,010178
24,89	0,006053
24,928	0,009079
24,966	0,010737
25,004	0,007115
25,042	0,00429
25,08	0,005997
25,118	0,003343
25,156	0,006762
25,194	0,00654
25,232	0,000814
25,27	-0,004765
25,308	0,000656
25,346	0,003384
25,384	0,002592
25,422	0,008658
25,46	0,006576
25,498	0,006321
25,536	0,004351
25,574	0,002898
25,612	0,006574
25,65	0,007676
25,688	0,005909
25,726	0,004348
25,764	0,008856
25,802	0,006502
25,84	0,006116
25,878	0,012978
25,916	0,016075
25,954	0,016514
25,992	0,019177
26,03	0,013733
26,068	0,014562
26,106	0,010639
26,144	0,007112
26,182	0,006307
26,22	0,005082
26,258	0,009593
26,296	0,002639
26,334	0,002775
26,372	0,002337
26,41	0,008154
26,448	0,00524
26,486	0,000995
26,524	0,004132
26,562	-0,000715
26,6	-0,000382
26,638	0,002125
26,676	0,000623
26,714	-0,002725
26,752	-0,003913
26,79	-0,001458
26,828	-0,004564
26,866	-0,008955
26,904	-0,00251
26,942	-0,004439
26,98	-0,000478
27,018	-0,000776
27,056	-0,002569
27,094	-0,000895
27,132	-0,002904
27,17	-0,002429
27,208	-0,001555
27,246	-0,000626
27,284	-0,000674
27,322	0,001243
27,36	0,003585
27,398	0,011177
27,436	0,005834
27,474	0,005489
27,512	0,008358
27,55	0,008994
27,588	0,007221
27,626	0,007338
27,664	0,004026
27,702	0,006378
27,74	0,012126
27,778	0,00793
27,816	0,006498
27,854	0,011055
27,892	0,013357
27,93	0,012039
27,968	0,015763
28,006	0,012751
28,044	0,010358
28,082	0,007736
28,12	0,009002
28,158	0,005449
28,196	0,003546
28,234	-0,001613
28,272	-0,002243
28,31	-0,005046
28,348	-0,005658
28,386	-0,009355
28,424	-0,009209
28,462	-0,010146
28,5	-0,014762
28,538	-0,008888
28,576	-0,006386
28,614	-0,005284
28,652	0,002173
28,69	-0,001912
28,728	-0,006925
28,766	-0,009732
28,804	0,003404
28,842	0,017391
28,88	0,037938
28,918	0,054529
28,956	0,067002
28,994	0,075882
29,032	0,086434
29,07	0,098836
29,108	0,101323
29,146	0,101831
29,184	0,110662
29,222	0,115677
29,26	0,112503
29,298	0,105711
29,336	0,100206
29,374	0,096696
29,412	0,098378
29,45	0,101473
29,488	0,098
29,526	0,089646
29,564	0,084427
29,602	0,078911
29,64	0,078188
29,678	0,078353
29,716	0,073376
29,754	0,066663
29,792	0,060744
29,83	0,055205
29,868	0,052314
29,906	0,050587
29,944	0,046278
29,982	0,041324
30,02	0,035553
30,058	0,035078
30,096	0,031526
30,134	0,031673
30,172	0,031898
30,21	0,031909
30,248	0,034822
30,286	0,037151
30,324	0,034422
30,362	0,034599
30,4	0,03186
30,438	0,030906
30,476	0,026482
30,514	0,025908
30,552	0,024601
30,59	0,025205
30,628	0,02179
30,666	0,015792
30,704	0,014941
30,742	0,01191
30,78	0,01725
30,818	0,014393
30,856	0,011286
30,894	0,012734
30,932	0,019914
30,97	0,016245
31,008	0,019659
31,046	0,016136
31,084	0,014717
31,122	0,015882
31,16	0,018812
31,198	0,020774
31,236	0,02231
31,274	0,020501
31,312	0,018727
31,35	0,011187
31,388	0,014198
31,426	0,013517
31,464	0,015271
31,502	0,015467
31,54	0,013587
31,578	0,013366
31,616	0,011724
31,654	0,013199
31,692	0,011938
31,73	0,01569
31,768	0,011007
31,806	0,013042
31,844	0,010117
31,882	0,008022
31,92	0,003542
31,958	0,009749
31,996	0,010939
32,034	0,009743
32,072	0,010112
32,11	0,012517
32,148	0,016055
32,186	0,017562
32,224	0,017308
32,262	0,012253
32,3	0,013918
32,338	0,006849
32,376	0,008065
32,414	0,004245
32,452	0,00221
32,49	0,001283
32,528	-0,005505
32,566	-0,009242
32,604	-0,01055
32,642	-0,015982
32,68	-0,01144
32,718	-0,005239
32,756	-0,006132
32,794	-0,004434
32,832	-0,001333
32,87	-0,000518
32,908	0,005574
32,946	0,008027
32,984	0,007932
33,022	0,00638
33,06	0,010042
33,098	0,005641
33,136	0,012717
33,174	0,01142
33,212	0,014175
33,25	0,014144
33,288	0,010028
33,326	0,006909
33,364	0,002663
33,402	0,004278
33,44	0,009356
33,478	0,008351
33,516	0,003335
33,554	0,001521
33,592	0,001331
33,63	0,002113
33,668	0,004354
33,706	0,004724
33,744	0,005038
33,782	0,006705
33,82	0,009116
33,858	0,010654
33,896	0,013889
33,934	0,009304
33,972	0,009427
34,01	0,009256
34,048	0,007815
34,086	0,007559
34,124	0,008659
34,162	0,007802
34,2	0,008776
34,238	0,008467
34,276	0,006911
34,314	0,004039
34,352	0,001013
34,39	0,006343
34,428	0,003674
34,466	0,002216
34,504	0,005952
34,542	0,004948
34,58	0,010274
34,618	0,013008
34,656	0,009491
34,694	0,00938
34,732	0,006962
34,77	0,006546
34,808	0,006391
34,846	-0,00129
34,884	0,002426
34,922	0,004197
34,96	0,005294
34,998	0,002659
35,036	0,007475
35,074	0,009135
35,112	0,006688
35,15	0,00457
35,188	0,000112
35,226	-0,000219
35,264	-0,00208
35,302	-0,002404
35,34	0,001619
35,378	0,002153
35,416	0,005395
35,454	0,014612
35,492	0,029614
35,53	0,045769
35,568	0,062039
35,606	0,074486
35,644	0,085911
35,682	0,098636
35,72	0,110936
35,758	0,117288
35,796	0,126363
35,834	0,123329
35,872	0,122397
35,91	0,118912
35,948	0,119376
35,986	0,117048
36,024	0,118471
36,062	0,123372
36,1	0,127889
36,138	0,131251
36,176	0,128809
36,214	0,123704
36,252	0,121241
36,29	0,119945
36,328	0,117746
36,366	0,112936
36,404	0,109321
36,442	0,107258
36,48	0,102283
36,518	0,099183
36,556	0,094654
36,594	0,088012
36,632	0,083999
36,67	0,075548
36,708	0,072834
36,746	0,06592
36,784	0,058051
36,822	0,05647
36,86	0,053761
36,898	0,046202
36,936	0,043854
36,974	0,043866
37,012	0,042476
37,05	0,044958
37,088	0,04589
37,126	0,042653
37,164	0,045657
37,202	0,03789
37,24	0,037702
37,278	0,036238
37,316	0,026079
37,354	0,029965
37,392	0,029639
37,43	0,027507
37,468	0,02788
37,506	0,025206
37,544	0,020662
37,582	0,023515
37,62	0,024011
37,658	0,020135
37,696	0,015059
37,734	0,011789
37,772	0,013831
37,81	0,011607
37,848	0,013585
37,886	0,012519
37,924	0,010146
37,962	0,005105
38	0,004843
38,038	0,0063
38,076	0,007029
38,114	0,008723
38,152	0,012707
38,19	0,010212
38,228	0,006539
38,266	0,007948
38,304	0,004724
38,342	0,003348
38,38	0,002475
38,418	0,008257
38,456	0,000746
38,494	-0,000736
38,532	0,002867
38,57	0,005936
38,608	0,002884
38,646	-0,002068
38,684	0,000803
38,722	-0,000455
38,76	0,000913
38,798	0,003995
38,836	0,004214
38,874	0,00411
38,912	0,006438
38,95	0,004825
38,988	0,005807
39,026	0,006243
39,064	0,006507
39,102	0,007092
39,14	0,008969
39,178	0,010983
39,216	0,015716
39,254	0,008843
39,292	0,006218
39,33	0,009989
39,368	0,009017
39,406	0,006258
39,444	0,008711
39,482	0,005812
39,52	0,006195
39,558	0,002697
39,596	0,006317
39,634	0,00281
39,672	0,002525
39,71	-0,002156
39,748	-0,002664
39,786	-0,000183
39,824	-0,000703
39,862	0,004384
39,9	0,002768
39,938	-0,002448
39,976	-0,005613
40,014	-0,009783
40,052	-0,006307
40,09	-0,002645
40,128	-0,000792
40,166	-0,007148
40,204	-0,007065
40,242	-0,005942
40,28	-0,004331
40,318	-0,006048
40,356	-0,00231
40,394	-0,001523
40,432	-0,001219
40,47	-0,000943
40,508	0,003508
40,546	0,004509
40,584	0,004892
40,622	0,001402
40,66	0,003294
40,698	0,009178
40,736	0,007344
40,774	0,006497
40,812	0,006745
40,85	0,010051
40,888	0,011031
40,926	0,004472
40,964	0,000833
41,002	-0,002727
41,04	-0,000241
41,078	0,003514
41,116	0,003365
41,154	0,000167
41,192	0,002392
41,23	0,00565
41,268	0,003214
41,306	0,003079
41,344	-0,004411
41,382	-0,006302
41,42	-0,003183
41,458	-0,001245
41,496	-0,002906
41,534	0,001996
41,572	0,003909
41,61	0,004287
41,648	0,001799
41,686	-0,000067
41,724	0,002138
41,762	0,002942
41,8	0,004268
41,838	0,004812
41,876	0,007609
41,914	0,006094
41,952	0,002598
41,99	-0,001321
42,028	0,005171
42,066	0,001287
42,104	-0,001457
42,142	-0,000073
42,18	0,003605
42,218	0,004407
42,256	0,005449
42,294	0,014931
42,332	0,039825
42,37	0,056601
42,408	0,070874
42,446	0,0841
42,484	0,088876
42,522	0,100791
42,56	0,102329
42,598	0,110067
42,636	0,114135
42,674	0,110204
42,712	0,109949
42,75	0,107772
42,788	0,105411
42,826	0,102523
42,864	0,096482
42,902	0,088579
42,94	0,085034
42,978	0,074142
43,016	0,073452
43,054	0,062203
43,092	0,061218
43,13	0,05347
43,168	0,051267
43,206	0,048689
43,244	0,047023
43,282	0,048353
43,32	0,044117
43,358	0,039481
43,396	0,040604
43,434	0,042187
43,472	0,037316
43,51	0,030754
43,548	0,027564
43,586	0,027262
43,624	0,029259
43,662	0,027446
43,7	0,026131
43,738	0,022043
43,776	0,01819
43,814	0,013965
43,852	0,012527
43,89	0,015546
43,928	0,015517
43,966	0,019332
44,004	0,02099
44,042	0,042584
44,08	0,056718
44,118	0,072353
44,156	0,077903
44,194	0,083807
44,232	0,089629
44,27	0,08762
44,308	0,087915
44,346	0,08104
44,384	0,081241
44,422	0,079998
44,46	0,08065
44,498	0,076411
44,536	0,076266
44,574	0,079044
44,612	0,069363
44,65	0,068362
44,688	0,063028
44,726	0,058591
44,764	0,051058
44,802	0,050324
44,84	0,051566
44,878	0,051914
44,916	0,045354
44,954	0,040259
44,992	0,034833
45,03	0,027049
45,068	0,029735
45,106	0,025226
45,144	0,022792
45,182	0,022744
45,22	0,019374
45,258	0,018779
45,296	0,021506
45,334	0,021498
45,372	0,015041
45,41	0,011995
45,448	0,005087
45,486	0,003167
45,524	0,004913
45,562	0,006811
45,6	0,000554
45,638	0,002253
45,676	-0,000243
45,714	-0,000151
45,752	-0,002665
45,79	-0,001194
45,828	0,004509
45,866	0,00357
45,904	0,003551
45,942	0,002806
45,98	0,000525
46,018	0,003307
46,056	-0,000987
46,094	-0,001736
46,132	-0,003837
46,17	-0,002492
46,208	-0,002111
46,246	0,001196
46,284	0,003851
46,322	-0,001766
46,36	0,001139
46,398	0,00495
46,436	0,007091
46,474	0,006449
46,512	0,008722
46,55	0,00735
46,588	0,007898
46,626	0,000998
46,664	-0,005266
46,702	-0,000104
46,74	0,003525
46,778	0,007671
46,816	0,005361
46,854	0,003575
46,892	0,008008
46,93	0,002491
46,968	-0,00008
47,006	-0,001515
47,044	-0,004717
47,082	-0,009386
47,12	-0,014329
47,158	-0,013889
47,196	-0,011506
47,234	-0,008915
47,272	-0,009322
47,31	-0,005576
47,348	-0,004562
47,386	-0,005527
47,424	-0,003077
47,462	-0,007261
47,5	-0,004292
47,538	-0,007307
47,576	-0,007215
47,614	-0,005299
47,652	-0,004695
47,69	-0,004518
47,728	-0,012679
47,766	-0,006523
47,804	-0,00946
47,842	-0,012695
47,88	-0,013263
47,918	-0,009839
47,956	-0,008095
47,994	-0,002753
48,032	-0,001868
48,07	0,002003
48,108	0,005998
48,146	0,007361
48,184	0,008804
48,222	0,006263
48,26	0,008331
48,298	0,009601
48,336	0,012567
48,374	0,008452
48,412	0,010534
48,45	0,011247
48,488	0,010919
48,526	0,008971
48,564	0,002666
48,602	0,003219
48,64	0,003509
48,678	0,000938
48,716	0,002883
48,754	0,000455
48,792	0,002141
48,83	0,001477
48,868	0,004529
48,906	-0,00161
48,944	0,000023
48,982	0,005354
49,02	0,002514
49,058	0,00159
49,096	-0,001336
49,134	0,000882
49,172	0,007358
49,21	0,006498
49,248	0,002868
49,286	0,002518
49,324	0,000634
49,362	0,000028
49,4	0,001332
49,438	0,003365
49,476	-0,001463
49,514	0,002861
49,552	-0,003755
49,59	-0,001287
49,628	0,000293
49,666	0,002269
49,704	0,004763
49,742	0,00154
49,78	0,004644
49,818	0,001741
49,856	-0,001039
49,894	-0,000215
49,932	-0,000471
49,97	0,000455
50,008	0,00066
50,046	0,00632
50,084	0,018857
50,122	0,030093
50,16	0,047817
50,198	0,053705
50,236	0,067568
50,274	0,07631
50,312	0,085063
50,35	0,092792
50,388	0,094843
50,426	0,102689
50,464	0,100677
50,502	0,107898
50,54	0,109717
50,578	0,106119
50,616	0,104935
50,654	0,099417
50,692	0,090401
50,73	0,091259
50,768	0,087337
50,806	0,078226
50,844	0,074274
50,882	0,070058
50,92	0,063824
50,958	0,059134
50,996	0,054967
51,034	0,057475
51,072	0,056147
51,11	0,053439
51,148	0,05129
51,186	0,049228
51,224	0,045155
51,262	0,041783
51,3	0,040789
51,338	0,035334
51,376	0,031195
51,414	0,032966
51,452	0,035471
51,49	0,032442
51,528	0,03296
51,566	0,032538
51,604	0,033229
51,642	0,026709
51,68	0,024997
51,718	0,024903
51,756	0,021231
51,794	0,019234
51,832	0,015593
51,87	0,01721
51,908	0,024412
51,946	0,017991
51,984	0,016456
52,022	0,01301
52,06	0,014787
52,098	0,015976
52,136	0,023863
52,174	0,024534
52,212	0,022441
52,25	0,021936
52,288	0,021423
52,326	0,016083
52,364	0,009013
52,402	0,006091
52,44	0,006413
52,478	0,002895
52,516	0,005468
52,554	0,008826
52,592	0,004043
52,63	0,005562
52,668	0,008419
52,706	0,011152
52,744	0,007168
52,782	0,001968
52,82	0,003515
52,858	0,005259
52,896	0,005562
52,934	0,006559
52,972	0,005863
53,01	0,002066
53,048	0,001845
53,086	0,008741
53,124	0,004712
53,162	0,006756
53,2	0,012788
53,238	0,011257
53,276	0,010077
53,314	0,010892
53,352	0,009575
53,39	0,009899
53,428	0,009215
53,466	0,013463
53,504	0,008096
53,542	0,00941
53,58	0,002277
53,618	-0,000707
53,656	0,003714
53,694	0,003501
53,732	0,003417
53,77	0,002495
53,808	0,0006
53,846	-0,000671
53,884	-0,000481
53,922	-0,001914
53,96	-0,004883
53,998	-0,000807
54,036	-0,000818
54,074	0,001267
54,112	0,003198
54,15	0,001504
54,188	-0,001018
54,226	-0,00007
54,264	-0,001161
54,302	-0,006306
54,34	-0,0011
54,378	-0,003775
54,416	-0,001436
54,454	-0,002043
54,492	-0,001967
54,53	-0,001421
54,568	-0,003226
54,606	-0,002725
54,644	-0,001733
54,682	-0,003835
54,72	0,000585
54,758	0,000753
54,796	0,000523
54,834	0,002046
54,872	0,000287
54,91	0,004325
54,948	0,006637
54,986	-0,000053
55,024	-0,000192
55,062	-0,000585
55,1	0,000704
55,138	0,000833
55,176	0,001512
55,214	0,007384
55,252	0,008939
55,29	0,00938
55,328	0,005393
55,366	0,011565
55,404	0,011381
55,442	0,01426
55,48	0,015514
55,518	0,013525
55,556	0,011883
55,594	0,00778
55,632	0,005052
55,67	0,006585
55,708	0,008426
55,746	0,006827
55,784	0,005223
55,822	0,005696
55,86	0,004489
55,898	0,005306
55,936	-0,002339
55,974	-0,000316
56,012	-0,003366
56,05	-0,006729
56,088	-0,005332
56,126	-0,001981
56,164	0,000238
56,202	-0,001801
56,24	-0,004425
56,278	-0,000803
56,316	0,000784
56,354	0,001161
56,392	0,005559
56,43	0,002574
56,468	0,00438
56,506	0,005696
56,544	0,007647
56,582	0,003485
56,62	0,002987
56,658	0,004003
56,696	0,004094
56,734	0,002566
56,772	0,001971
56,81	0,000916
56,848	0,007069
56,886	0,000309
56,924	-0,005662
56,962	-0,002723
57	-0,000283
57,038	-0,000158
57,076	0,000615
57,114	-0,00263
57,152	0,001141
57,19	-0,000286
57,228	0,000053
57,266	0,000813
57,304	0,003819
57,342	0,003086
57,38	0,010928
57,418	0,009454
57,456	0,009374
57,494	0,0077
57,532	0,014668
57,57	0,014084
57,608	0,015027
57,646	0,011445
57,684	0,011803
57,722	0,006786
57,76	0,011938
57,798	0,010983
57,836	0,011053
57,874	0,011112
57,912	0,011733
57,95	0,01168
57,988	0,011923
58,026	0,007567
58,064	0,001306
58,102	0,004476
58,14	0,005776
58,178	0,011694
58,216	0,013842
58,254	0,031858
58,292	0,042412
58,33	0,052006
58,368	0,06299
58,406	0,074364
58,444	0,086063
58,482	0,091576
58,52	0,100508
58,558	0,104393
58,596	0,107232
58,634	0,107873
58,672	0,109546
58,71	0,11283
58,748	0,112133
58,786	0,105861
58,824	0,096299
58,862	0,093606
58,9	0,090333
58,938	0,082968
58,976	0,07877
59,014	0,067509
59,052	0,062646
59,09	0,059946
59,128	0,058375
59,166	0,054323
59,204	0,042325
59,242	0,043215
59,28	0,042623
59,318	0,040422
59,356	0,031099
59,394	0,0249
59,432	0,025746
59,47	0,028347
59,508	0,027747
59,546	0,02725
59,584	0,026553
59,622	0,019235
59,66	0,017257
59,698	0,020369
59,736	0,018765
59,774	0,014876
59,812	0,010419
59,85	0,007965
59,888	0,011059
59,926	0,011154
59,964	0,009226
60,002	0,004392
60,04	0,006158
60,078	0,008926
60,116	0,009198
60,154	0,009592
60,192	0,006472
60,23	0,007654
60,268	0,00699
60,306	0,004234
60,344	0,0042
60,382	0,009551
60,42	0,013484
60,458	0,013683
60,496	0,007004
60,534	0,009219
60,572	0,007907
60,61	0,007368
60,648	0,005104
60,686	0,00577
60,724	0,005353
60,762	0,001393
60,8	-0,001801
60,838	0,001794
60,876	0,001167
60,914	0,002632
60,952	0,004603
60,99	0,006614
61,028	0,00421
61,066	0,005439
61,104	0,003144
61,142	0,001434
61,18	0,002382
61,218	0,000521
61,256	-0,000737
61,294	-0,003199
61,332	0,002339
61,37	0,002662
61,408	0,001323
61,446	0,003433
61,484	0,000162
61,522	0,001146
61,56	0,001299
61,598	0,001426
61,636	0,001342
61,674	0,003074
61,712	0,00233
61,75	-0,00037
61,788	0,001941
61,826	0,004614
61,864	0,004934
61,902	0,002458
61,94	0,000127
61,978	0,000279
62,016	-0,00234
62,054	-0,000054
62,092	0,003543
62,13	0,002169
62,168	-0,003038
62,206	-0,000153
62,244	0,000532
62,282	0,007918
62,32	0,025873
62,358	0,038657
62,396	0,055873
62,434	0,071833
62,472	0,082875
62,51	0,089177
62,548	0,092124
62,586	0,09542
62,624	0,100704
62,662	0,098929
62,7	0,10295
62,738	0,099179
62,776	0,092743
62,814	0,087036
62,852	0,085909
62,89	0,086017
62,928	0,081942
62,966	0,076106
63,004	0,07402
63,042	0,067087
63,08	0,058127
63,118	0,055348
63,156	0,048408
63,194	0,044743
63,232	0,035745
63,27	0,030187
63,308	0,023883
63,346	0,025008
63,384	0,024991
63,422	0,018919
63,46	0,019004
63,498	0,020875
63,536	0,018729
63,574	0,014398
63,612	0,015356
63,65	0,010278
63,688	0,009577
63,726	0,013923
63,764	0,012501
63,802	0,010473
63,84	0,011257
63,878	0,009916
63,916	0,013543
63,954	0,013138
63,992	0,012424
64,03	0,013441
64,068	0,015892
64,106	0,010536
64,144	0,006573
64,182	0,002914
64,22	0,00074
64,258	0,00102
64,296	0,003338
64,334	0,00251
64,372	0,001919
64,41	0,007019
64,448	0,007072
64,486	0,004373
64,524	0,003179
64,562	0,004275
64,6	0,00916
64,638	0,009511
64,676	0,003836
64,714	0,001599
64,752	0,002491
64,79	0,002681
64,828	0,003334
64,866	0,002295
64,904	-0,000149
64,942	-0,00006
64,98	-0,00233
65,018	-0,00332
65,056	-0,006952
65,094	-0,003858
65,132	-0,008762
65,17	-0,00767
65,208	-0,011957
65,246	-0,006369
65,284	-0,00181
65,322	0,000091
65,36	-0,002487
65,398	-0,000422
65,436	-0,001155
65,474	-0,000792
65,512	0,002475
65,55	0,004157
65,588	0,001196
65,626	-0,001048
65,664	0,002151
65,702	0,0032
65,74	0,002566
65,778	0,004241
65,816	0,018196
65,854	0,03167
65,892	0,046362
65,93	0,054261
65,968	0,068617
66,006	0,076811
66,044	0,087699
66,082	0,093779
66,12	0,097686
66,158	0,101598
66,196	0,106276
66,234	0,099219
66,272	0,100618
66,31	0,099596
66,348	0,1
66,386	0,095012
66,424	0,090416
66,462	0,081957
66,5	0,081813
66,538	0,069421
66,576	0,061834
66,614	0,062984
66,652	0,061466
66,69	0,059551
66,728	0,058257
66,766	0,054338
66,804	0,051861
66,842	0,050766
66,88	0,052532
66,918	0,049332
66,956	0,044975
66,994	0,040325
67,032	0,034859
67,07	0,034812
67,108	0,031733
67,146	0,027948
67,184	0,032055
67,222	0,039749
67,26	0,056408
67,298	0,072017
67,336	0,078469
67,374	0,081242
67,412	0,089259
67,45	0,086564
67,488	0,092816
67,526	0,093805
67,564	0,095008
67,602	0,091717
67,64	0,084614
67,678	0,083691
67,716	0,084166
67,754	0,078844
67,792	0,072156
67,83	0,068523
67,868	0,067425
67,906	0,065755
67,944	0,063229
67,982	0,064094
68,02	0,064716
68,058	0,058366
68,096	0,053007
68,134	0,047422
68,172	0,043649
68,21	0,043759
68,248	0,036416
68,286	0,034426
68,324	0,030672
68,362	0,030311
68,4	0,036471
68,438	0,031355
68,476	0,029164
68,514	0,030777
68,552	0,030763
68,59	0,028089
68,628	0,02872
68,666	0,02365
68,704	0,015003
68,742	0,014497
68,78	0,008982
68,818	0,00729
68,856	0,005355
68,894	0,010423
68,932	0,009179
68,97	0,007453
69,008	0,007514
69,046	0,007259
69,084	0,01157
69,122	0,013525
69,16	0,010032
69,198	0,009593
69,236	0,011213
69,274	0,008673
69,312	0,005431
69,35	0,004634
69,388	0,004821
69,426	-0,001839
69,464	-0,009058
69,502	-0,001133
69,54	-0,00025
69,578	0,001433
69,616	0,000848
69,654	0,000467
69,692	0,005173
69,73	0,007945
69,768	0,006274
69,806	0,006506
69,844	0,002353
69,882	0,000721
69,92	-0,002801
69,958	-0,001926
69,996	0,00155
70,034	0,001879
70,072	0,010205
70,11	0,006599
70,148	0,009674
70,186	0,003424
70,224	0,002891
70,262	0,0034
70,3	-0,000433
70,338	0,002079
70,376	0,006056
70,414	0,002914
70,452	0,005337
70,49	0,00157
70,528	-0,000217
70,566	-0,000558
70,604	0,001152
70,642	0,005505
70,68	0,004095
70,718	0,002742
70,756	0,004087
70,794	0,005109
70,832	0,005672
70,87	0,002636
70,908	0,00344
70,946	0,00449
70,984	0,007537
71,022	0,007411
71,06	0,007403
71,098	0,004655
71,136	0,006832
71,174	0,004375
71,212	0,007936
71,25	0,008531
71,288	0,006768
71,326	0,008557
71,364	0,00175
71,402	-0,001659
71,44	-0,006606
71,478	-0,005907
71,516	-0,006691
71,554	-0,009083
71,592	-0,010055
71,63	-0,011265
71,668	-0,011438
71,706	-0,016927
71,744	-0,013322
71,782	-0,012934
71,82	-0,011691
71,858	-0,010792
71,896	-0,005224
71,934	-0,004651
71,972	-0,006315
72,01	-0,006306
72,048	-0,003005
72,086	0,00207
72,124	0,000309
72,162	-0,0012
72,2	-0,003454
72,238	-0,006138
72,276	-0,008701
72,314	-0,000274
72,352	0,002727
72,39	0,004485
72,428	0,006837
72,466	0,008532
72,504	0,010451
72,542	0,010443
72,58	0,010946
72,618	0,00766
72,656	0,005062
72,694	0,004759
72,732	0,008173
72,77	0,007195
72,808	0,006984
72,846	0,003098
72,884	0,000763
72,922	-0,000479
72,96	-0,00733
72,998	-0,0057
73,036	-0,001071
73,074	-0,000096
73,112	-0,001381
73,15	-0,004247
73,188	-0,005934
73,226	0,001602
73,264	0,001531
73,302	0,013954
73,34	0,026943
73,378	0,046442
73,416	0,063757
73,454	0,069185
73,492	0,078876
73,53	0,083169
73,568	0,096429
73,606	0,097728
73,644	0,103042
73,682	0,104381
73,72	0,098302
73,758	0,098077
73,796	0,092239
73,834	0,087123
73,872	0,083087
73,91	0,07822
73,948	0,075156
73,986	0,069171
74,024	0,067871
74,062	0,064596
74,1	0,061316
74,138	0,060045
74,176	0,05852
74,214	0,055917
74,252	0,053191
74,29	0,045371
74,328	0,041301
74,366	0,042356
74,404	0,040833
74,442	0,040152
74,48	0,042284
74,518	0,042036
74,556	0,034341
74,594	0,034699
74,632	0,034808
74,67	0,034134
74,708	0,030984
74,746	0,025583
74,784	0,021104
74,822	0,018065
74,86	0,018325
74,898	0,013925
74,936	0,017193
74,974	0,016717
75,012	0,013141
75,05	0,01065
75,088	0,009923
75,126	0,007198
75,164	0,008964
75,202	0,010705
75,24	0,010028
75,278	0,00792
75,316	0,009335
75,354	0,012421
75,392	0,014101
75,43	0,012033
75,468	0,012519
75,506	0,0085
75,544	0,008238
75,582	0,002351
75,62	0,001596
75,658	0,001444
75,696	-0,000412
75,734	0,001788
75,772	0,001491
75,81	0,003449
75,848	0,004491
75,886	0,004486
75,924	0,00861
75,962	0,007036
76	0,004009
76,038	0,00093
76,076	0,002892
76,114	-0,000278
76,152	0,002759
76,19	0,003263
76,228	-0,000444
76,266	-0,002745
76,304	0,000916
76,342	-0,002382
76,38	-0,00089
76,418	-0,001861
76,456	-0,003909
76,494	0,00236
76,532	0,003619
76,57	0,005813
76,608	0,009457
76,646	0,01065
76,684	0,009626
76,722	0,0106
76,76	0,010642
76,798	0,0149
76,836	0,016221
76,874	0,01309
76,912	0,013475
76,95	0,013027
76,988	0,009106
77,026	0,008656
77,064	0,005516
77,102	0,005542
77,14	-0,00036
77,178	-0,004731
77,216	-0,002638
77,254	-0,007109
77,292	-0,010003
77,33	-0,011013
77,368	-0,012004
77,406	-0,012212
77,444	-0,01466
77,482	-0,009914
77,52	-0,005371
77,558	-0,004174
77,596	0,000798
77,634	0,004948
77,672	0,006203
77,71	0,002841
77,748	0,002012
77,786	-0,000188
77,824	-0,000732
77,862	-0,001638
77,9	-0,003134
77,938	-0,001845
77,976	0,001946
78,014	0,000287
78,052	0,000382
78,09	-0,000479
78,128	-0,001942
78,166	0,000149
78,204	0,002678
78,242	-0,002921
78,28	-0,003476
78,318	-0,002559
78,356	-0,004375
78,394	-0,004396
78,432	-0,001387
78,47	-0,001282
78,508	-0,003871
78,546	-0,008201
78,584	-0,009235
78,622	-0,007053
78,66	-0,005303
78,698	-0,005461
78,736	-0,004395
78,774	-0,003768
78,812	-0,003313
78,85	-0,005035
78,888	-0,004396
78,926	-0,004417
78,964	0,00063
79,002	-0,002139
79,04	0,001701
79,078	-0,002073
79,116	-0,001587
79,154	-0,002516
79,192	-0,004429
79,23	-0,003081
79,268	0,002517
79,306	0,003972
79,344	0,003743
79,382	0,021813
79,42	0,034272
79,458	0,044221
79,496	0,05345
79,534	0,064702
79,572	0,078114
79,61	0,087099
79,648	0,09378
79,686	0,096608
79,724	0,100226
79,762	0,094788
79,8	0,094281
79,838	0,089504
79,876	0,087699
79,914	0,087187
79,952	0,084345
79,99	0,081614
80,028	0,078587
80,066	0,073369
80,104	0,067408
80,142	0,065102
80,18	0,062231
80,218	0,058892
80,256	0,057009
80,294	0,058471
80,332	0,052206
80,37	0,049942
80,408	0,04788
80,446	0,047442
80,484	0,042518
80,522	0,040195
80,56	0,042943
80,598	0,041922
80,636	0,040107
80,674	0,035207
80,712	0,031154
80,75	0,039082
80,788	0,031847
80,826	0,025958
80,864	0,022737
80,902	0,022604
80,94	0,023955
80,978	0,021674
81,016	0,021249
81,054	0,023039
81,092	0,02365
81,13	0,022019
81,168	0,016975
81,206	0,018542
81,244	0,015077
81,282	0,014544
81,32	0,016343
81,358	0,009374
81,396	0,014598
81,434	0,014157
81,472	0,010782
81,51	0,011197
81,548	0,005125
81,586	0,003407
81,624	0,000718
81,662	0,007638
81,7	0,012296
81,738	0,006331
81,776	0,005186
81,814	0,012021
81,852	0,016903
81,89	0,01705
81,928	0,015978
81,966	0,022647
82,004	0,015696
82,042	0,01077
82,08	0,011413
82,118	0,01365
82,156	0,012061
82,194	0,014687
82,232	0,012747
82,27	0,013532
82,308	0,011816
82,346	0,008826
82,384	0,008464
82,422	0,004266
82,46	0,007177
82,498	0,008017
82,536	0,003751
82,574	0,004374
82,612	-0,000456
82,65	-0,000101
82,688	0,001249
82,726	0,00139
82,764	0,004311
82,802	0,000903
82,84	0,000498
82,878	0,00035
82,916	0,00594
82,954	0,003004
82,992	0,003384
83,03	0,00331
83,068	0,004995
83,106	0,007261
83,144	0,007971
83,182	0,004486
83,22	0,006159
83,258	0,003667
83,296	-0,005668
83,334	-0,008553
83,372	-0,006388
83,41	-0,00188
83,448	0,000013
83,486	0,000912
83,524	-0,001244
83,562	0,00396
83,6	0,00169
83,638	0,005934
83,676	0,007814
83,714	-0,000026
83,752	0,000284
83,79	-0,001681
83,828	-0,001258
83,866	0,002013
83,904	0,003566
83,942	-0,002023
83,98	-0,000823
84,018	-0,003798
84,056	0,003064
84,094	0,001186
84,132	0,003908
84,17	-0,000624
84,208	-0,002333
84,246	0,004609
84,284	-0,000216
84,322	0,003948
84,36	0,003423
84,398	0,004449
84,436	0,005499
84,474	0,00696
84,512	0,007298
84,55	0,007293
84,588	0,011177
84,626	0,01003
84,664	0,008407
84,702	0,005709
84,74	0,008139
84,778	0,011707
84,816	0,012338
84,854	0,013253
84,892	0,008574
84,93	0,004995
84,968	0,003978
85,006	0,003722
85,044	0,001961
85,082	0,005748
85,12	0,005585
85,158	0,006326
85,196	0,006943
85,234	0,009692
85,272	0,009444
85,31	0,005939
85,348	0,001292
85,386	-0,003427
85,424	0,000244
85,462	0,015232
85,5	0,035997
85,538	0,046006
85,576	0,061678
85,614	0,068832
85,652	0,077866
85,69	0,083792
85,728	0,087149
85,766	0,095854
85,804	0,098013
85,842	0,100677
85,88	0,096863
85,918	0,095648
85,956	0,08969
85,994	0,086796
86,032	0,082169
86,07	0,073285
86,108	0,069427
86,146	0,065069
86,184	0,061268
86,222	0,058315
86,26	0,052956
86,298	0,047548
86,336	0,041612
86,374	0,040196
86,412	0,041938
86,45	0,04115
86,488	0,03671
86,526	0,032545
86,564	0,027155
86,602	0,022111
86,64	0,026478
86,678	0,022994
86,716	0,027872
86,754	0,024036
86,792	0,021531
86,83	0,016636
86,868	0,014031
86,906	0,008661
86,944	0,013437
86,982	0,016702
87,02	0,013188
87,058	0,019495
87,096	0,012365
87,134	0,010325
87,172	0,009973
87,21	0,008887
87,248	0,002241
87,286	0,005942
87,324	0,003557
87,362	0,001465
87,4	0,007288
87,438	0,016942
87,476	0,03394
87,514	0,043539
87,552	0,053995
87,59	0,063511
87,628	0,069245
87,666	0,071749
87,704	0,071481
87,742	0,074737
87,78	0,082078
87,818	0,082521
87,856	0,081618
87,894	0,082215
87,932	0,078049
87,97	0,074299
88,008	0,071378
88,046	0,07486
88,084	0,06697
88,122	0,059339
88,16	0,052023
88,198	0,045838
88,236	0,03817
88,274	0,034699
88,312	0,030541
88,35	0,030071
88,388	0,025592
88,426	0,021475
88,464	0,021332
88,502	0,024868
88,54	0,023616
88,578	0,024492
88,616	0,024038
88,654	0,020935
88,692	0,019511
88,73	0,021698
88,768	0,022523
88,806	0,01971
88,844	0,024035
88,882	0,020256
88,92	0,018175
88,958	0,0176
88,996	0,016049
89,034	0,014752
89,072	0,008351
89,11	0,00806
89,148	0,011965
89,186	0,011324
89,224	0,009911
89,262	0,011339
89,3	0,010482
89,338	0,010153
89,376	0,009775
89,414	0,007231
89,452	0,004345
89,49	0,006676
89,528	0,005317
89,566	0,003701
89,604	0,005831
89,642	0,002571
89,68	0,004399
89,718	-0,000748
89,756	0,001371
89,794	-0,000533
89,832	-0,002582
89,87	0,001521
89,908	0,006281
89,946	0,001251
89,984	0,001921
90,022	0,001519
90,06	-0,00035
90,098	-0,00498
90,136	-0,004944
90,174	-0,000756
90,212	-0,001143
90,25	-0,002519
90,288	0,000505
90,326	0,001374
90,364	0,005388
90,402	0,005147
90,44	0,005732
90,478	0,002453
90,516	-0,001509
90,554	0,000727
90,592	0,001231
90,63	-0,00163
90,668	0,001711
90,706	-0,002947
90,744	0,001437
90,782	0,000357
90,82	0,00026
90,858	-0,002699
90,896	0,002611
90,934	-0,000032
90,972	-0,001229
91,01	-0,004814
91,048	-0,008826
91,086	-0,007776
91,124	-0,003694
91,162	0,000095
91,2	0,002867
91,238	0,001408
91,276	-0,004722
91,314	-0,003387
91,352	0,001707
91,39	-0,003353
91,428	-0,005108
91,466	-0,00015
91,504	-0,004263
91,542	0,000291
91,58	0,015801
91,618	0,03118
91,656	0,041699
91,694	0,055175
91,732	0,064892
91,77	0,071789
91,808	0,078192
91,846	0,08108
91,884	0,079121
91,922	0,077026
91,96	0,078115
91,998	0,078736
92,036	0,082267
92,074	0,078024
92,112	0,075683
92,15	0,06871
92,188	0,062456
92,226	0,052146
92,264	0,057489
92,302	0,051346
92,34	0,05005
92,378	0,043355
92,416	0,035297
92,454	0,030861
92,492	0,033307
92,53	0,031264
92,568	0,023753
92,606	0,019482
92,644	0,019444
92,682	0,015536
92,72	0,011332
92,758	0,014455
92,796	0,010836
92,834	0,012696
92,872	0,0122
92,91	0,008884
92,948	0,011285
92,986	0,012307
93,024	0,010632
93,062	0,011774
93,1	0,009518
93,138	0,000571
93,176	-0,003529
93,214	0,001632
93,252	0,006311
93,29	0,003794
93,328	-0,001184
93,366	-0,000611
93,404	-0,004183
93,442	-0,007497
93,48	-0,007394
93,518	-0,003384
93,556	-0,006548
93,594	-0,004861
93,632	-0,005479
93,67	-0,000515
93,708	-0,005816
93,746	-0,001129
93,784	-0,001213
93,822	-0,001356
93,86	0,004678
93,898	0,004344
93,936	0,006914
93,974	0,006918
94,012	0,005288
94,05	0,00493
94,088	0,005235
94,126	0,007942
94,164	0,006401
94,202	0,008747
94,24	0,005249
94,278	0,000915
94,316	-0,003913
94,354	-0,002607
94,392	-0,002858
94,43	-0,001079
94,468	-0,000352
94,506	-0,004783
94,544	-0,00968
94,582	-0,011147
94,62	-0,010753
94,658	-0,009699
94,696	-0,009855
94,734	-0,007594
94,772	-0,004411
94,81	0,000125
94,848	-0,004494
94,886	-0,00251
94,924	-0,003278
94,962	-0,004271
95	-0,00007
95,038	0,002855
95,076	0,007561
95,114	0,010706
95,152	0,014905
95,19	0,025367
95,228	0,035135
95,266	0,049328
95,304	0,060423
95,342	0,071105
95,38	0,076936
95,418	0,077867
95,456	0,076211
95,494	0,084569
95,532	0,092001
95,57	0,092391
95,608	0,089006
95,646	0,087398
95,684	0,08628
95,722	0,086059
95,76	0,081672
95,798	0,079727
95,836	0,073417
95,874	0,068994
95,912	0,066327
95,95	0,061873
95,988	0,060261
96,026	0,052849
96,064	0,049964
96,102	0,04641
96,14	0,043478
96,178	0,042925
96,216	0,04464
96,254	0,042239
96,292	0,033088
96,33	0,030333
96,368	0,024817
96,406	0,017902
96,444	0,017096
96,482	0,01732
96,52	0,020854
96,558	0,015632
96,596	0,021143
96,634	0,019227
96,672	0,01902
96,71	0,016794
96,748	0,012301
96,786	0,006619
96,824	0,009982
96,862	0,015326
96,9	0,016119
96,938	0,020713
96,976	0,022655
97,014	0,020041
97,052	0,02496
97,09	0,025597
97,128	0,024258
97,166	0,025514
97,204	0,020854
97,242	0,020145
97,28	0,013661
97,318	0,018915
97,356	0,015894
97,394	0,015659
97,432	0,0194
97,47	0,014438
97,508	0,015739
97,546	0,011706
97,584	0,011026
97,622	0,016265
97,66	0,02925
97,698	0,04332
97,736	0,050904
97,774	0,06501
97,812	0,076049
97,85	0,087966
97,888	0,090374
97,926	0,091887
97,964	0,09325
98,002	0,096063
98,04	0,100172
98,078	0,09997
98,116	0,09787
98,154	0,09508
98,192	0,093586
98,23	0,088763
98,268	0,085977
98,306	0,07794
98,344	0,071819
98,382	0,069332
98,42	0,065854
98,458	0,066635
98,496	0,065571
98,534	0,061329
98,572	0,056209
98,61	0,054659
98,648	0,046898
98,686	0,044819
98,724	0,049787
98,762	0,048991
98,8	0,04966
98,838	0,049011
98,876	0,045616
98,914	0,038587
98,952	0,041304
98,99	0,043525
99,028	0,04222
99,066	0,042866
99,104	0,036466
99,142	0,035909
99,18	0,036982
99,218	0,039499
99,256	0,03952
99,294	0,034458
99,332	0,0284
99,37	0,031337
99,408	0,034429
99,446	0,027447
99,484	0,025047
99,522	0,021101
99,56	0,015485
99,598	0,016068
99,636	0,014008
99,674	0,012962
99,712	0,007404
99,75	0,009278
99,788	0,014589
99,826	0,013618
99,864	0,012499
99,902	0,009609
99,94	0,009811
99,978	0,002872
100,016	0,004775
100,054	0,00517
100,092	0,002186
100,13	0,00321
100,168	0,006113
100,206	0,004942
100,244	0,006126
100,282	0,008489
100,32	0,000084
100,358	-0,000252
100,396	-0,001478
100,434	-0,005373
100,472	-0,00905
100,51	-0,006909
100,548	-0,001869
100,586	-0,005497
100,624	-0,005411
100,662	-0,004091
100,7	-0,001459
100,738	-0,002314
100,776	-0,008583
100,814	-0,009598
100,852	-0,008307
100,89	-0,01399
100,928	-0,017452
100,966	-0,015657
101,004	-0,012526
101,042	-0,012303
101,08	-0,016232
101,118	-0,018121
101,156	-0,014793
101,194	-0,007827
101,232	-0,008821
101,27	-0,007982
101,308	-0,008667
101,346	-0,010524
101,384	-0,007064
101,422	-0,011487
101,46	-0,013207
101,498	-0,016621
101,536	-0,016722
101,574	-0,016339
101,612	-0,012212
101,65	-0,0108
101,688	-0,011738
101,726	-0,01206
101,764	-0,00635
101,802	-0,002845
101,84	0,001591
101,878	-0,002481
101,916	-0,002051
101,954	-0,002535
101,992	-0,002494
102,03	-0,004986
102,068	-0,005719
102,106	-0,004704
102,144	-0,002341
102,182	0,000053
102,22	-0,002777
102,258	-0,001424
102,296	0,000029
102,334	0,001463
102,372	0,005952
102,41	0,004254
102,448	-0,002375
102,486	-0,003972
102,524	-0,000804
102,562	-0,004896
102,6	-0,003005
102,638	-0,004292
102,676	-0,001466
102,714	-0,006442
102,752	-0,002603
102,79	-0,000694
102,828	-0,002367
102,866	0,003114
102,904	0,00291
102,942	0,00266
102,98	0,001777
103,018	0,002946
103,056	0,008997
103,094	0,006775
103,132	0,005149
103,17	0,004412
103,208	0,004808
103,246	0,003166
103,284	0,003704
103,322	0,003765
103,36	0,00045
103,398	0,010332
103,436	0,011972
103,474	0,012845
103,512	0,009104
103,55	0,010391
103,588	0,004212
103,626	-0,001094
103,664	-0,001602
103,702	0,000169
103,74	0,011983
103,778	0,027239
103,816	0,040381
103,854	0,052066
103,892	0,065031
103,93	0,073287
103,968	0,07884
104,006	0,080561
104,044	0,091437
104,082	0,093988
104,12	0,090736
104,158	0,08785
104,196	0,084671
104,234	0,083038
104,272	0,079598
104,31	0,07804
104,348	0,075755
104,386	0,072368
104,424	0,066777
104,462	0,067511
104,5	0,067716
104,538	0,057341
104,576	0,057593
104,614	0,050841
104,652	0,049223
104,69	0,050462
104,728	0,051186
104,766	0,049199
104,804	0,046551
104,842	0,039979
104,88	0,035623
104,918	0,035689
104,956	0,036833
104,994	0,036982
105,032	0,030141
105,07	0,032423
105,108	0,026655
105,146	0,033403
105,184	0,033518
105,222	0,030531
105,26	0,029046
105,298	0,024334
105,336	0,024503
105,374	0,027225
105,412	0,022806
105,45	0,015656
105,488	0,015384
105,526	0,009387
105,564	0,007589
105,602	0,011948
105,64	0,009092
105,678	0,008801
105,716	0,006165
105,754	0,00308
105,792	0,005083
105,83	0,004253
105,868	0,010012
105,906	0,011594
105,944	0,011801
105,982	0,01008
106,02	0,009341
106,058	0,005248
106,096	0,000265
106,134	-0,002976
106,172	0,005551
106,21	0,010222
106,248	0,011019
106,286	0,009607
106,324	0,005678
106,362	0,004041
106,4	0,000036
106,438	-0,007018
106,476	-0,005669
106,514	0,000053
106,552	-0,003718
106,59	-0,004903
106,628	-0,005733
106,666	-0,006569
106,704	-0,007313
106,742	-0,008678
106,78	-0,012453
106,818	-0,011255
106,856	-0,007531
106,894	-0,006198
106,932	-0,006552
106,97	-0,003817
107,008	-0,001516
107,046	-0,002867
107,084	-0,002355
107,122	-0,003497
107,16	-0,002813
107,198	-0,002819
107,236	0,004994
107,274	0,001808
107,312	0,003189
107,35	0,004558
107,388	0,006814
107,426	0,005713
107,464	0,010517
107,502	0,01102
107,54	0,013659
107,578	0,014763
107,616	0,011299
107,654	0,01695
107,692	0,021046
107,73	0,018558
107,768	0,015313
107,806	0,013645
107,844	0,010678
107,882	0,009338
107,92	0,007041
107,958	0,007955
107,996	0,008425
108,034	0,004826
108,072	0,004661
108,11	0,001933
108,148	0,001586
108,186	0,001109
108,224	0,006533
108,262	0,003327
108,3	0,005686
108,338	0,000241
108,376	-0,000554
108,414	0,000801
108,452	0,002931
108,49	0,000799
108,528	-0,003463
108,566	-0,006081
108,604	0,00057
108,642	-0,000926
108,68	-0,000053
108,718	0,001577
108,756	0,006638
108,794	0,009636
108,832	0,008717
108,87	0,008663
108,908	0,009425
108,946	0,008055
108,984	0,007831
109,022	0,010052
109,06	0,014702
109,098	0,01415
109,136	0,013296
109,174	0,009888
109,212	0,010176
109,25	0,008713
109,288	0,007105
109,326	0,009585
109,364	0,004932
109,402	0,003884
109,44	0,005026
109,478	0,008381
109,516	0,009257
109,554	0,008283
109,592	0,007479
109,63	0,002604
109,668	0,006285
109,706	0,007534
109,744	0,003861
109,782	0,005528
109,82	0,014325
109,858	0,026218
109,896	0,043982
109,934	0,058291
109,972	0,069838
110,01	0,082908
110,048	0,091527
110,086	0,097359
110,124	0,102688
110,162	0,099184
110,2	0,098588
110,238	0,099497
110,276	0,097441
110,314	0,09113
110,352	0,089412
110,39	0,081374
110,428	0,08474
110,466	0,079711
110,504	0,074946
110,542	0,065386
110,58	0,060877
110,618	0,054237
110,656	0,052346
110,694	0,051284
110,732	0,05
110,77	0,043527
110,808	0,042776
110,846	0,041954
110,884	0,036464
110,922	0,030612
110,96	0,027072
110,998	0,025942
111,036	0,027813
111,074	0,028762
111,112	0,027542
111,15	0,024729
111,188	0,017391
111,226	0,014417
111,264	0,004335
111,302	0,006406
111,34	0,006515
111,378	0,004495
111,416	0,000604
111,454	0,002874
111,492	0,004357
111,53	0,009398
111,568	0,005965
111,606	0,003629
111,644	0,007814
111,682	0,011986
111,72	0,011439
111,758	0,005478
111,796	0,002854
111,834	-0,002522
111,872	-0,00266
111,91	0,000839
111,948	0,002039
111,986	0,008447
112,024	0,01045
112,062	0,012012
112,1	0,011608
112,138	0,010375
112,176	0,011361
112,214	0,01098
112,252	0,011068
112,29	0,004627
112,328	0,003406
112,366	0,001998
112,404	0,008253
112,442	0,004214
112,48	0,006685
112,518	0,012043
112,556	0,007861
112,594	0,013322
112,632	0,015542
112,67	0,014074
112,708	0,011655
112,746	0,007751
112,784	0,003519
112,822	0,004227
112,86	0,006017
112,898	0,001283
112,936	0,004484
112,974	0,003126
113,012	0,001302
113,05	0,005206
113,088	0,00824
113,126	0,006542
113,164	0,008548
113,202	0,009408
113,24	0,024262
113,278	0,035156
113,316	0,044179
113,354	0,053158
113,392	0,066608
113,43	0,069124
113,468	0,074017
113,506	0,08469
113,544	0,090018
113,582	0,092023
113,62	0,090274
113,658	0,091435
113,696	0,08999
113,734	0,088493
113,772	0,085652
113,81	0,080791
113,848	0,079175
113,886	0,070517
113,924	0,067961
113,962	0,061432
114	0,061641
114,038	0,057403
114,076	0,050184
114,114	0,046314
114,152	0,042104
114,19	0,040627
114,228	0,035492
114,266	0,035653
114,304	0,033179
114,342	0,033338
114,38	0,03678
114,418	0,031508
114,456	0,031454
114,494	0,029002
114,532	0,026571
114,57	0,024046
114,608	0,018932
114,646	0,012965
114,684	0,018923
114,722	0,010496
114,76	0,01231
114,798	0,010884
114,836	0,013185
114,874	0,014562
114,912	0,012478
114,95	0,01103
114,988	0,008707
115,026	0,005462
115,064	0,00716
115,102	-0,000859
115,14	-0,000618
115,178	0,001863
115,216	0,005801
115,254	0,010541
115,292	0,011345
115,33	0,009894
115,368	0,00878
115,406	0,013944
115,444	0,018516
115,482	0,017899
115,52	0,009884
115,558	0,002745
115,596	-0,000668
115,634	-0,003397
115,672	-0,00166
115,71	-0,006226
115,748	-0,004608
115,786	-0,007872
115,824	-0,007378
115,862	-0,009568
115,9	0,001613
115,938	0,01347
115,976	0,025684
116,014	0,038296
116,052	0,048937
116,09	0,054147
116,128	0,05756
116,166	0,067784
116,204	0,073846
116,242	0,078465
116,28	0,07759
116,318	0,073364
116,356	0,070463
116,394	0,06106
116,432	0,062772
116,47	0,063889
116,508	0,060714
116,546	0,056381
116,584	0,051195
116,622	0,049296
116,66	0,045226
116,698	0,039854
116,736	0,036806
116,774	0,036778
116,812	0,038056
116,85	0,035111
116,888	0,033774
116,926	0,034364
116,964	0,031452
117,002	0,018543
117,04	0,01535
117,078	0,012207
117,116	0,010102
117,154	0,007959
117,192	0,006887
117,23	0,006199
117,268	0,009635
117,306	0,006914
117,344	0,001404
117,382	-0,000614
117,42	-0,002944
117,458	-0,007237
117,496	-0,001342
117,534	0,005678
117,572	-0,000389
117,61	-0,000972
117,648	-0,006831
117,686	-0,008948
117,724	-0,009664
117,762	-0,006719
117,8	-0,001947
117,838	-0,005187
117,876	-0,001523
117,914	-0,001573
117,952	-0,001489
117,99	0,000112
118,028	-0,002151
118,066	0,001114
118,104	0,002235
118,142	0,000373
118,18	0,000857
118,218	0,002384
118,256	0,000654
118,294	0,002454
118,332	0,00607
118,37	0,00456
118,408	0,002423
118,446	0,004688
118,484	0,00286
118,522	0,000658
118,56	-0,002155
118,598	-0,007187
118,636	-0,003802
118,674	-0,002898
118,712	-0,000026
118,75	0,001159
118,788	0,003458
118,826	0,006878
118,864	0,009018
118,902	0,008385
118,94	0,008778
118,978	0,006397
119,016	0,008657
119,054	0,009131
119,092	0,008623
119,13	0,003785
119,168	0,003609
119,206	0,00337
119,244	-0,002051
119,282	-0,000599
119,32	-0,000396
119,358	0,005616
119,396	0,001443
119,434	0,005137
119,472	0,005688
119,51	0,004638
119,548	0,010317
119,586	0,006772
119,624	0,00535
119,662	0,012328
119,7	0,016704
119,738	0,018417
119,776	0,017025
119,814	0,013258
119,852	0,013565
119,89	0,008792
119,928	0,006653
119,966	0,006494
120,004	0,009185
120,042	0,00558
120,08	0,008234
120,118	0,007614
120,156	0,004892
120,194	0,005862
120,232	0,007774
120,27	0,004831
120,308	0,008032
120,346	0,005854
120,384	0,000025
120,422	-0,000369
120,46	0,00122
120,498	-0,000683
120,536	0,00368
120,574	0,004881
120,612	0,002052
120,65	-0,0015
120,688	0,004423
120,726	0,002079
120,764	-0,000465
120,802	-0,004184
120,84	-0,001521
120,878	0,001086
120,916	0,003749
120,954	0,00515
120,992	0,0052
121,03	0,00585
121,068	0,004675
121,106	0,002294
121,144	0,001127
121,182	0,003485
121,22	0,004127
121,258	0,00315
121,296	0,006067
121,334	0,007175
121,372	0,013026
121,41	0,015755
121,448	0,017915
121,486	0,013765
121,524	0,018484
121,562	0,016148
121,6	0,012102
121,638	0,01016
121,676	0,008652
121,714	0,008008
121,752	0,007274
121,79	0,008078
121,828	0,008443
121,866	0,009047
121,904	0,008738
121,942	0,004862
121,98	0,017058
122,018	0,026048
122,056	0,036613
122,094	0,048485
122,132	0,058617
122,17	0,064489
122,208	0,078416
122,246	0,081085
122,284	0,082088
122,322	0,084025
122,36	0,086338
122,398	0,088957
122,436	0,088506
122,474	0,084407
122,512	0,084337
122,55	0,081358
122,588	0,074361
122,626	0,067963
122,664	0,066794
122,702	0,064518
122,74	0,062026
122,778	0,054729
122,816	0,055835
122,854	0,054837
122,892	0,052501
122,93	0,046138
122,968	0,04127
123,006	0,036335
123,044	0,0398
123,082	0,039346
123,12	0,032525
123,158	0,031608
123,196	0,031658
123,234	0,026461
123,272	0,023062
123,31	0,025889
123,348	0,024706
123,386	0,024229
123,424	0,017388
123,462	0,014645
123,5	0,010057
123,538	0,011081
123,576	0,009201
123,614	0,012973
123,652	0,005013
123,69	0,005357
123,728	0,009462
123,766	0,011637
123,804	0,009903
123,842	0,003624
123,88	0,006666
123,918	0,002329
123,956	0,001945
123,994	-0,004929
124,032	0,000938
124,07	0,003366
124,108	0,007473
124,146	0,00523
124,184	0,009297
124,222	0,011745
124,26	0,006923
124,298	0,005736
124,336	0,005145
124,374	0,002538
124,412	0,002278
124,45	0,001652
124,488	0,002435
124,526	0,001163
124,564	0,006135
124,602	0,004814
124,64	0,003312
124,678	0,003165
124,716	0,002435
124,754	-0,002397
124,792	-0,000975
124,83	0,000899
124,868	0,005661
124,906	0,011707
124,944	0,015403
124,982	0,007003
125,02	0,006069
125,058	0,009109
125,096	0,0067
125,134	0,003697
125,172	0,002912
125,21	0,007384
125,248	0,010377
125,286	0,00462
125,324	0,000275
125,362	-0,001895
125,4	-0,002167
125,438	0,003572
125,476	-0,001098
125,514	-0,000913
125,552	-0,005152
125,59	-0,002383
125,628	-0,000952
125,666	-0,004351
125,704	-0,0037
125,742	-0,003522
125,78	-0,009279
125,818	-0,007359
125,856	-0,008554
125,894	-0,008901
125,932	-0,006636
125,97	-0,004023
126,008	-0,004446
126,046	-0,005979
126,084	-0,004292
126,122	-0,003674
126,16	-0,001013
126,198	0,003838
126,236	-0,002009
126,274	0,00357
126,312	0,005388
126,35	0,008734
126,388	0,006679
126,426	0,007526
126,464	0,003294
126,502	0,006479
126,54	0,008529
126,578	0,003474
126,616	-0,003727
126,654	-0,008357
126,692	-0,001262
126,73	0,000081
126,768	0,004545
126,806	0,007145
126,844	0,005773
126,882	0,011931
126,92	0,014818
126,958	0,006297
126,996	0,009875
127,034	0,01295
127,072	0,009844
127,11	0,009608
127,148	0,009019
127,186	0,00389
127,224	0,00097
127,262	-0,003054
127,3	0,001522
127,338	-0,002264
127,376	-0,006594
127,414	-0,004184
127,452	-0,008138
127,49	-0,009872
127,528	-0,010982
127,566	-0,007422
127,604	0,000109
127,642	0,003125
127,68	-0,000237
127,718	-0,000972
127,756	0,001782
127,794	0,002964
127,832	0,008419
127,87	0,001194
127,908	0,000907
127,946	0,000684
127,984	0,001731
128,022	-0,000432
128,06	0,005095
128,098	0,018208
128,136	0,032628
128,174	0,049859
128,212	0,064243
128,25	0,072006
128,288	0,083012
128,326	0,085845
128,364	0,089423
128,402	0,092903
128,44	0,095795
128,478	0,089266
128,516	0,089251
128,554	0,088538
128,592	0,09039
128,63	0,084014
128,668	0,07458
128,706	0,065356
128,744	0,062192
128,782	0,052674
128,82	0,043379
128,858	0,037615
128,896	0,036911
128,934	0,038265
128,972	0,03208
129,01	0,031736
129,048	0,020893
129,086	0,01974
129,124	0,025393
129,162	0,028861
129,2	0,022594
129,238	0,015379
129,276	0,005853
129,314	0,00437
129,352	0,004059
129,39	0,004211
129,428	0,001698
129,466	0,000433
129,504	-0,000805
129,542	0,001242
129,58	0,003476
129,618	-0,001349
129,656	0,001187
129,694	0,001995
129,732	0,001776
129,77	0,002535
129,808	-0,001591
129,846	-0,001017
129,884	0,002023
129,922	-0,003883
129,96	0,000511
129,998	-0,00418
130,036	-0,005396
130,074	0,000946
130,112	-0,000809
130,15	-0,002449
130,188	-0,001243
130,226	-0,002975
130,264	0,001937
130,302	-0,000386
130,34	0,004554
130,378	0,000424
130,416	-0,000824
130,454	-0,000784
130,492	-0,001215
130,53	-0,006217
130,568	-0,00633
130,606	-0,007496
130,644	-0,006575
130,682	-0,009336
130,72	-0,012075
130,758	-0,0102
130,796	-0,013194
130,834	-0,008461
130,872	-0,011449
130,91	-0,010088
130,948	-0,007683
130,986	-0,005339
131,024	-0,006427
131,062	-0,003904
131,1	-0,001262
131,138	-0,001394
131,176	-0,000028
131,214	-0,004707
131,252	-0,002699
131,29	0,001868
131,328	0,005683
131,366	0,004154
131,404	0,006408
131,442	0,002865
131,48	-0,000661
131,518	0,000763
131,556	0,00022
131,594	-0,001129
131,632	0,000349
131,67	-0,002104
131,708	0,004314
131,746	0,0042
131,784	0,005267
131,822	0,00299
131,86	0,002772
131,898	-0,007457
131,936	-0,004894
131,974	0,00075
132,012	-0,002164
132,05	-0,005683
132,088	-0,003634
132,126	-0,007573
132,164	-0,001241
132,202	-0,005651
132,24	-0,009283
132,278	-0,008357
132,316	-0,008086
132,354	0,003489
132,392	-0,000405
132,43	0,002983
132,468	0,005187
132,506	0,004143
132,544	0,00793
132,582	0,005929
132,62	0,003154
132,658	0,004062
132,696	0,005244
132,734	0,00448
132,772	0,010048
132,81	0,011062
132,848	0,015729
132,886	0,015068
132,924	0,012878
132,962	0,006229
133	0,010946
133,038	0,013621
133,076	0,01688
133,114	0,013293
133,152	0,011465
133,19	0,008001
133,228	0,007717
133,266	0,01358
133,304	0,014108
133,342	0,013106
133,38	0,010839
133,418	0,011963
133,456	0,006705
133,494	0,004836
133,532	0,007114
133,57	0,006526
133,608	0,008937
133,646	0,010422
133,684	0,008869
133,722	0,004387
133,76	0,006051
133,798	0,00516
133,836	0,003499
133,874	0,005328
133,912	0,010874
133,95	0,014954
133,988	0,01183
134,026	0,004499
134,064	0,005449
134,102	0,001285
134,14	0,001144
134,178	0,00991
134,216	0,018
134,254	0,034201
134,292	0,044108
134,33	0,052933
134,368	0,058903
134,406	0,072006
134,444	0,083994
134,482	0,088657
134,52	0,092212
134,558	0,092162
134,596	0,092742
134,634	0,091264
134,672	0,089114
134,71	0,085164
134,748	0,086646
134,786	0,079819
134,824	0,074684
134,862	0,0725
134,9	0,067388
134,938	0,060574
134,976	0,058444
135,014	0,051925
135,052	0,055197
135,09	0,052842
135,128	0,047892
135,166	0,040587
135,204	0,038552
135,242	0,040779
135,28	0,039402
135,318	0,036386
135,356	0,032324
135,394	0,030793
135,432	0,026301
135,47	0,027202
135,508	0,026069
135,546	0,027896
135,584	0,022579
135,622	0,022796
135,66	0,024506
135,698	0,024766
135,736	0,029294
135,774	0,029416
135,812	0,028883
135,85	0,021621
135,888	0,01776
135,926	0,019287
135,964	0,01446
136,002	0,01117
136,04	0,016366
136,078	0,014884
136,116	0,014575
136,154	0,01348
136,192	0,012356
136,23	0,013065
136,268	0,017246
136,306	0,013592
136,344	0,007569
136,382	0,000619
136,42	0,003502
136,458	0,007733
136,496	0,005464
136,534	0,011196
136,572	0,013565
136,61	0,013565
136,648	0,016335
136,686	0,010798
136,724	0,014753
136,762	0,015859
136,8	0,015225
136,838	0,008084
136,876	0,010465
136,914	0,010856
136,952	0,010009
136,99	0,00691
137,028	0,003077
137,066	0,008607
137,104	0,00351
137,142	0,004329
137,18	0,008608
137,218	0,005988
137,256	0,005157
137,294	0,0017
137,332	0,007781
137,37	0,005728
137,408	0,000741
137,446	-0,002046
137,484	-0,006101
137,522	-0,004523
137,56	0,000397
137,598	0,003355
137,636	0,008697
137,674	0,004392
137,712	0,00084
137,75	-0,000957
137,788	0,000033
137,826	-0,001396
137,864	-0,00072
137,902	-0,004675
137,94	0,003997
137,978	0,005343
138,016	0,003102
138,054	0,002929
138,092	0,000972
138,13	-0,004731
138,168	-0,00314
138,206	-0,003951
138,244	-0,004179
138,282	-0,007738
138,32	-0,009008
138,358	-0,00869
138,396	-0,002833
138,434	-0,00311
138,472	0,000501
138,51	-0,004941
138,548	-0,003752
138,586	-0,000163
138,624	0,000043
138,662	-0,004202
138,7	0,003347
138,738	0,011165
138,776	0,022408
138,814	0,035041
138,852	0,045108
138,89	0,057388
138,928	0,066439
138,966	0,066926
139,004	0,075919
139,042	0,075324
139,08	0,075053
139,118	0,074637
139,156	0,076787
139,194	0,069072
139,232	0,068485
139,27	0,067185
139,308	0,065398
139,346	0,061654
139,384	0,055773
139,422	0,053085
139,46	0,052212
139,498	0,050053
139,536	0,040933
139,574	0,038249
139,612	0,037691
139,65	0,037961
139,688	0,035605
139,726	0,031179
139,764	0,028351
139,802	0,028393
139,84	0,018817
139,878	0,020305
139,916	0,01875
139,954	0,021088
139,992	0,017446
140,03	0,019814
140,068	0,022296
140,106	0,020116
140,144	0,016351
140,182	0,01655
140,22	0,021272
140,258	0,025392
140,296	0,035018
140,334	0,048063
140,372	0,060316
140,41	0,072537
140,448	0,081628
140,486	0,087811
140,524	0,095937
140,562	0,097289
140,6	0,09893
140,638	0,098737
140,676	0,094544
140,714	0,099147
140,752	0,093752
140,79	0,091773
140,828	0,081957
140,866	0,08056
140,904	0,082512
140,942	0,081644
140,98	0,073579
141,018	0,06618
141,056	0,061299
141,094	0,055394
141,132	0,05537
141,17	0,052767
141,208	0,047508
141,246	0,04243
141,284	0,046611
141,322	0,045004
141,36	0,042732
141,398	0,040101
141,436	0,032598
141,474	0,031992
141,512	0,034266
141,55	0,026017
141,588	0,023629
141,626	0,024443
141,664	0,01886
141,702	0,018705
141,74	0,016049
141,778	0,010195
141,816	0,009421
141,854	0,005854
141,892	0,007491
141,93	0,013034
141,968	0,00587
142,006	0,005072
142,044	0,010269
142,082	0,005917
142,12	0,007451
142,158	0,006961
142,196	0,010251
142,234	0,011939
142,272	0,002425
142,31	-0,001141
142,348	-0,002041
142,386	0,000087
142,424	0,001222
142,462	0,000307
142,5	0,005303
142,538	0,007479
142,576	0,00187
142,614	0,000717
142,652	0,003048
142,69	0,001477
142,728	0,001712
142,766	0,003035
142,804	0,009369
142,842	0,008233
142,88	0,013664
142,918	0,011371
142,956	0,006797
142,994	0,005163
143,032	0,001133
143,07	0,002729
143,108	-0,001301
143,146	0,001632
143,184	0,003132
143,222	0,005604
143,26	0,004769
143,298	-0,000242
143,336	0,000641
143,374	-0,0013
143,412	0,000485
143,45	0,003198
143,488	0,003907
143,526	0,006141
143,564	0,008097
143,602	0,005812
143,64	0,003308
143,678	0,000723
143,716	-0,001929
143,754	-0,00618
143,792	-0,005483
143,83	-0,005109
143,868	0,002811
143,906	0,001866
143,944	0,00088
143,982	0,003972
144,02	0,006021
144,058	0,00258
144,096	0,005386
144,134	0,005965
144,172	0,002949
144,21	0,001481
144,248	0,000267
144,286	0,001938
144,324	0,002702
144,362	-0,00005
144,4	0,005902
144,438	0,000554
144,476	0,00066
144,514	-0,000259
144,552	0,002393
144,59	0,000698
144,628	-0,003566
144,666	-0,00296
144,704	-0,004068
144,742	-0,000932
144,78	-0,003743
144,818	-0,002316
144,856	-0,004072
144,894	-0,002909
144,932	-0,003447
144,97	-0,006842
145,008	-0,004253
145,046	-0,009185
145,084	-0,012305
145,122	-0,009592
145,16	-0,009786
145,198	-0,00341
145,236	-0,001917
145,274	-0,001255
145,312	0,00357
145,35	-0,002415
145,388	-0,003508
145,426	-0,00324
145,464	-0,003706
145,502	-0,002817
145,54	-0,005358
145,578	-0,00567
145,616	-0,009209
145,654	-0,005176
145,692	0,00192
145,73	0,001094
145,768	0,008306
145,806	0,00602
145,844	0,008916
145,882	0,005431
145,92	0,006402
145,958	0,005158
145,996	0,002902
146,034	0,004373
146,072	0,006649
146,11	0,0099
146,148	0,016965
146,186	0,01516
146,224	0,01389
146,262	0,011612
146,3	0,009223
146,338	0,015661
146,376	0,018309
146,414	0,030996
146,452	0,046288
146,49	0,057721
146,528	0,071146
146,566	0,07854
146,604	0,080524
146,642	0,088405
146,68	0,094424
146,718	0,089768
146,756	0,086131
146,794	0,086659
146,832	0,084406
146,87	0,077672
146,908	0,074282
146,946	0,069721
146,984	0,068757
147,022	0,060179
147,06	0,05869
147,098	0,057775
147,136	0,059208
147,174	0,052611
147,212	0,050895
147,25	0,045429
147,288	0,044334
147,326	0,042292
147,364	0,044346
147,402	0,037534
147,44	0,03273
147,478	0,031147
147,516	0,028073
147,554	0,025117
147,592	0,024131
147,63	0,02789
147,668	0,034332
147,706	0,034472
147,744	0,033347
147,782	0,031381
147,82	0,030483
147,858	0,029639
147,896	0,025306
147,934	0,028477
147,972	0,023001
148,01	0,02491
148,048	0,020571
148,086	0,0228
148,124	0,024544
148,162	0,019964
148,2	0,021266
148,238	0,016629
148,276	0,017575
148,314	0,018354
148,352	0,013058
148,39	0,010943
148,428	0,005942
148,466	0,010082
148,504	0,011304
148,542	0,012703
148,58	0,015393
148,618	0,011157
148,656	0,010741
148,694	0,009648
148,732	0,004141
148,77	0,004
148,808	0,00706
148,846	0,010279
148,884	0,011353
148,922	0,009614
148,96	0,013423
148,998	0,010018
149,036	0,005507
149,074	0,007027
149,112	0,006596
149,15	0,007659
149,188	0,009653
149,226	0,008998
149,264	0,009154
149,302	0,012777
149,34	0,015546
149,378	0,01885
149,416	0,019082
149,454	0,014394
149,492	0,016591
149,53	0,0157
149,568	0,012155
149,606	0,013646
149,644	0,017135
149,682	0,016182
149,72	0,013003
149,758	0,012419
149,796	0,008098
149,834	0,008121
149,872	0,003995
149,91	0,003568
149,948	0,003006
149,986	-0,001486
150,024	-0,001164
150,062	0,003568
150,1	0,003072
150,138	0,000007
150,176	0,001017
150,214	0,000542
150,252	-0,002405
150,29	-0,005229
150,328	-0,002053
150,366	-0,002292
150,404	-0,004327
150,442	-0,006917
150,48	-0,007588
150,518	-0,005737
150,556	-0,004162
150,594	-0,007581
150,632	-0,005402
150,67	-0,00014
150,708	-0,001553
150,746	-0,002166
150,784	0,0013
150,822	0,002748
150,86	-0,001621
150,898	-0,010193
150,936	-0,000035
150,974	0,002802
151,012	0,001338
151,05	-0,00006
151,088	-0,002023
151,126	0,0024
151,164	0,005567
151,202	0,007693
151,24	0,00584
151,278	0,004636
151,316	0,006774
151,354	0,005241
151,392	0,000145
151,43	0,003322
151,468	0,003059
151,506	0,002442
151,544	0,003193
151,582	0,004766
151,62	0,005148
151,658	0,005478
151,696	0,005038
151,734	0,006037
151,772	0,004384
151,81	-0,001138
151,848	-0,00185
151,886	-0,002844
151,924	-0,002405
151,962	-0,003075
152	-0,001848
152,038	-0,002698
152,076	-0,001517
152,114	-0,004901
152,152	-0,005407
152,19	-0,002798
152,228	0,003638
152,266	0,015535
152,304	0,024562
152,342	0,036104
152,38	0,055247
152,418	0,061944
152,456	0,070621
152,494	0,075417
152,532	0,078146
152,57	0,089782
152,608	0,096924
152,646	0,096389
152,684	0,100013
152,722	0,098958
152,76	0,09434
152,798	0,091666
152,836	0,085394
152,874	0,077912
152,912	0,081618
152,95	0,07667
152,988	0,080078
153,026	0,072902
153,064	0,062068
153,102	0,061018
153,14	0,060359
153,178	0,052629
153,216	0,043941
153,254	0,041021
153,292	0,047772
153,33	0,043575
153,368	0,044164
153,406	0,042257
153,444	0,04141
153,482	0,045505
153,52	0,046918
153,558	0,042045
153,596	0,035096
153,634	0,029758
153,672	0,032424
153,71	0,030777
153,748	0,022848
153,786	0,024305
153,824	0,020928
153,862	0,02157
153,9	0,019913
153,938	0,019373
153,976	0,019763
154,014	0,025294
154,052	0,024142
154,09	0,019753
154,128	0,019034
154,166	0,019795
154,204	0,02428
154,242	0,022158
154,28	0,024048
154,318	0,024156
154,356	0,023933
154,394	0,022391
154,432	0,020699
154,47	0,019922
154,508	0,019382
154,546	0,018415
154,584	0,018135
154,622	0,015301
154,66	0,012222
154,698	0,012487
154,736	0,014271
154,774	0,012102
154,812	0,013012
154,85	0,012098
154,888	0,009871
154,926	0,007374
154,964	0,008632
155,002	0,002168
155,04	-0,000154
155,078	-0,00341
155,116	-0,001696
155,154	-0,002642
155,192	-0,000057
155,23	0,005347
155,268	0,008603
155,306	-0,000877
155,344	-0,00192
155,382	-0,009118
155,42	-0,010672
155,458	-0,012664
155,496	-0,006988
155,534	-0,003307
155,572	-0,002531
155,61	0,003143
155,648	0,005564
155,686	0,002055
155,724	0,003868
155,762	0,003404
155,8	-0,000201
155,838	-0,001812
155,876	-0,000622
155,914	-0,002651
155,952	0,000594
155,99	0,004971
156,028	0,007979
156,066	0,008917
156,104	0,011274
156,142	0,016062
156,18	0,015336
156,218	0,021961
156,256	0,012714
156,294	0,008519
156,332	0,006831
156,37	0,006911
156,408	0,006882
156,446	0,009061
156,484	0,017153
156,522	0,013401
156,56	0,015744
156,598	0,015494
156,636	0,011632
156,674	0,012522
156,712	0,01149
156,75	0,009802
156,788	0,005274
156,826	0,005926
156,864	0,00574
156,902	0,005592
156,94	0,002544
156,978	0,002643
157,016	0,007022
157,054	0,009394
157,092	0,007908
157,13	0,005637
157,168	0,004598
157,206	0,001755
157,244	0,004637
157,282	0,006924
157,32	0,007775
157,358	0,011521
157,396	0,012008
157,434	0,014301
157,472	0,013689
157,51	0,013186
157,548	0,016123
157,586	0,016149
157,624	0,017955
157,662	0,022696
157,7	0,023592
157,738	0,019412
157,776	0,016371
157,814	0,017207
157,852	0,027014
157,89	0,026025
157,928	0,027618
157,966	0,021922
158,004	0,025375
158,042	0,02478
158,08	0,020415
158,118	0,01984
158,156	0,0179
158,194	0,015875
158,232	0,017969
158,27	0,015089
158,308	0,017836
158,346	0,01215
158,384	0,008485
158,422	0,005867
158,46	0,007361
158,498	0,006187
158,536	0,015894
158,574	0,025921
158,612	0,045004
158,65	0,051068
158,688	0,062555
158,726	0,075276
158,764	0,087872
158,802	0,091155
158,84	0,097611
158,878	0,102928
158,916	0,102285
158,954	0,103293
158,992	0,104834
159,03	0,103788
159,068	0,102168
159,106	0,103833
159,144	0,099443
159,182	0,101221
159,22	0,095988
159,258	0,086827
159,296	0,080063
159,334	0,07852
159,372	0,068761
159,41	0,062755
159,448	0,065496
159,486	0,066394
159,524	0,063052
159,562	0,059537
159,6	0,056404
159,638	0,057557
159,676	0,055892
159,714	0,044896
159,752	0,041107
159,79	0,037433
159,828	0,03501
159,866	0,037794
159,904	0,036851
159,942	0,03178
159,98	0,031951
160,018	0,026017
160,056	0,029952
160,094	0,025673
160,132	0,023976
160,17	0,023996
160,208	0,022925
160,246	0,025536
160,284	0,023273
160,322	0,023841
160,36	0,028106
160,398	0,027419
160,436	0,021697
160,474	0,023568
160,512	0,023509
160,55	0,024037
160,588	0,019648
160,626	0,015972
160,664	0,013302
160,702	0,013127
160,74	0,011284
160,778	0,015636
160,816	0,01246
160,854	0,012595
160,892	0,018072
160,93	0,015934
160,968	0,01652
161,006	0,020501
161,044	0,020969
161,082	0,0205
161,12	0,017384
161,158	0,014258
161,196	0,012454
161,234	0,011334
161,272	0,012413
161,31	0,010036
161,348	0,007708
161,386	0,005542
161,424	0,009204
161,462	0,009853
161,5	0,010594
161,538	0,009549
161,576	0,005473
161,614	0,008303
161,652	0,005887
161,69	0,003271
161,728	0,000899
161,766	0,001421
161,804	-0,00496
161,842	-0,005879
161,88	-0,003613
161,918	-0,000048
161,956	0,002107
161,994	0,00155
162,032	-0,004365
162,07	-0,003738
162,108	-0,0036
162,146	-0,003557
162,184	-0,004737
162,222	-0,003506
162,26	-0,004844
162,298	-0,008203
162,336	-0,00505
162,374	-0,004589
162,412	-0,002733
162,45	-0,004802
162,488	-0,001929
162,526	-0,002119
162,564	-0,000804
162,602	0,003835
162,64	0,005618
162,678	0,008985
162,716	0,007224
162,754	0,004431
162,792	0,006081
162,83	0,004351
162,868	0,005113
162,906	0,000567
162,944	-0,001211
162,982	0,002839
163,02	0,004438
163,058	0,001515
163,096	-0,000996
163,134	-0,000049
163,172	-0,006945
163,21	-0,005056
163,248	-0,003479
163,286	-0,004554
163,324	-0,00117
163,362	-0,00303
163,4	-0,000071
163,438	0,000438
163,476	0,002353
163,514	0,002728
163,552	0,002865
163,59	-0,000107
163,628	0,000493
163,666	0,002798
163,704	-0,00275
163,742	-0,006785
163,78	-0,010704
163,818	-0,012956
163,856	-0,008505
163,894	-0,010482
163,932	-0,013504
163,97	-0,01164
164,008	-0,007906
164,046	-0,007842
164,084	-0,002033
164,122	-0,007486
164,16	-0,008764
164,198	-0,008788
164,236	-0,012913
164,274	-0,013201
164,312	-0,017241
164,35	-0,019984
164,388	-0,019238
164,426	-0,011507
164,464	-0,013234
164,502	-0,008387
164,54	-0,010937
164,578	-0,008881
164,616	0,001624
164,654	0,016288
164,692	0,029861
164,73	0,038212
164,768	0,042968
164,806	0,054241
164,844	0,063208
164,882	0,073111
164,92	0,080519
164,958	0,0791
164,996	0,08019
165,034	0,076278
165,072	0,07477
165,11	0,072717
165,148	0,07074
165,186	0,065438
165,224	0,068593
165,262	0,063942
165,3	0,060652
165,338	0,061134
165,376	0,05627
165,414	0,050157
165,452	0,048194
165,49	0,048606
165,528	0,047386
165,566	0,048094
165,604	0,047964
165,642	0,047774
165,68	0,050079
165,718	0,05137
165,756	0,046209
165,794	0,041426
165,832	0,040662
165,87	0,038671
165,908	0,037781
165,946	0,037803
165,984	0,032855
166,022	0,028667
166,06	0,024473
166,098	0,027062
166,136	0,028899
166,174	0,025766
166,212	0,025203
166,25	0,026233
166,288	0,025508
166,326	0,02439
166,364	0,023368
166,402	0,024336
166,44	0,022069
166,478	0,020096
166,516	0,019214
166,554	0,016795
166,592	0,019154
166,63	0,023242
166,668	0,023555
166,706	0,017131
166,744	0,023607
166,782	0,020906
166,82	0,019631
166,858	0,024426
166,896	0,0232
166,934	0,021869
166,972	0,025662
167,01	0,020096
167,048	0,020275
167,086	0,023067
167,124	0,026754
167,162	0,022149
167,2	0,02268
167,238	0,026296
167,276	0,024372
167,314	0,021017
167,352	0,02154
167,39	0,025467
167,428	0,024782
167,466	0,021771
167,504	0,022238
167,542	0,024103
167,58	0,018467
167,618	0,010535
167,656	0,01422
167,694	0,015388
167,732	0,01363
167,77	0,014833
167,808	0,017964
167,846	0,021635
167,884	0,021651
167,922	0,021066
167,96	0,015783
167,998	0,016916
168,036	0,015586
168,074	0,013477
168,112	0,006738
168,15	0,00856
168,188	0,009805
168,226	0,007426
168,264	0,010337
168,302	0,004834
168,34	0,006002
168,378	0,00661
168,416	0,009794
168,454	0,008094
168,492	0,010418
168,53	0,012304
168,568	0,009642
168,606	0,014417
168,644	0,01415
168,682	0,015569
168,72	0,016295
168,758	0,014148
168,796	0,008484
168,834	0,008386
168,872	0,001826
168,91	0,00529
168,948	0,007537
168,986	0,002187
169,024	0,002684
169,062	0,001227
169,1	-0,001214
169,138	-0,008236
169,176	-0,010685
169,214	-0,012797
169,252	-0,007304
169,29	-0,003677
169,328	0,002381
169,366	0,001131
169,404	0,000635
169,442	0,001919
169,48	0,00132
169,518	0,003353
169,556	-0,00029
169,594	-0,000466
169,632	-0,000076
169,67	0,003823
169,708	0,007378
169,746	0,006561
169,784	0,005896
169,822	0,003576
169,86	0,00177
169,898	-0,002756
169,936	-0,000831
169,974	0,000563
170,012	-0,004461
170,05	0,001874
170,088	0,000207
170,126	0,004076
170,164	0,003513
170,202	0,005048
170,24	0,007584
170,278	0,005916
170,316	0,006116
170,354	0,005447
170,392	0,00616
170,43	0,003609
170,468	0,003493
170,506	0,002355
170,544	0,004671
170,582	0,006279
170,62	0,007197
170,658	0,012892
170,696	0,016459
170,734	0,024348
170,772	0,038649
170,81	0,047137
170,848	0,058158
170,886	0,068864
170,924	0,076366
170,962	0,08395
171	0,087293
171,038	0,082615
171,076	0,083361
171,114	0,08797
171,152	0,092523
171,19	0,088216
171,228	0,084234
171,266	0,075692
171,304	0,072296
171,342	0,071897
171,38	0,071151
171,418	0,064345
171,456	0,06249
171,494	0,05875
171,532	0,052611
171,57	0,049525
171,608	0,040463
171,646	0,040729
171,684	0,036752
171,722	0,035247
171,76	0,032531
171,798	0,032804
171,836	0,031035
171,874	0,025898
171,912	0,022384
171,95	0,021677
171,988	0,017419
172,026	0,01316
172,064	0,01268
172,102	0,009867
172,14	0,014049
172,178	0,012579
172,216	0,007688
172,254	0,008464
172,292	0,007318
172,33	0,005004
172,368	0,004539
172,406	0,000466
172,444	0,001486
172,482	0,002419
172,52	0,010834
172,558	0,010233
172,596	0,008458
172,634	0,008445
172,672	0,009154
172,71	0,0113
172,748	0,012018
172,786	0,009978
172,824	0,008698
172,862	0,005742
172,9	0,003179
172,938	0,000315
172,976	0,000134
173,014	-0,005789
173,052	-0,007242
173,09	-0,004152
173,128	0,000185
173,166	0,003357
173,204	0,002104
173,242	0,0062
173,28	0,001729
173,318	0,002641
173,356	0,007169
173,394	0,005046
173,432	0,002868
173,47	0,00358
173,508	0,004902
173,546	0,00443
173,584	0,001645
173,622	-0,001261
173,66	-0,000812
173,698	-0,003556
173,736	0,000712
173,774	-0,006942
173,812	-0,001386
173,85	-0,002626
173,888	-0,004039
173,926	-0,007907
173,964	-0,008978
174,002	-0,0091
174,04	-0,008018
174,078	-0,007618
174,116	-0,003267
174,154	0,003097
174,192	0,006708
174,23	0,005622
174,268	0,003696
174,306	0,000018
174,344	0,001625
174,382	0,001817
174,42	0,009992
174,458	0,011732
174,496	0,003827
174,534	-0,002596
174,572	-0,000954
174,61	-0,004314
174,648	-0,005604
174,686	-0,011188
174,724	-0,000634
174,762	0,000117
174,8	0,003071
174,838	0,009217
174,876	0,010317
174,914	0,007974
174,952	0,001412
174,99	-0,000324
175,028	-0,005858
175,066	-0,004744
175,104	0,003355
175,142	-0,000151
175,18	0,00349
175,218	0,001667
175,256	0,001219
175,294	-0,000301
175,332	0,000343
175,37	0,004784
175,408	0,009737
175,446	0,011315
175,484	0,011364
175,522	0,01025
175,56	0,002905
175,598	0,005263
175,636	0,009328
175,674	0,010593
175,712	0,0127
175,75	0,005489
175,788	0,00374
175,826	0,003982
175,864	0,003976
175,902	0,00187
175,94	0,004137
175,978	0,005387
176,016	0,002839
176,054	-0,00085
176,092	0,004017
176,13	0,006794
176,168	0,005519
176,206	0,003841
176,244	-0,00102
176,282	-0,00071
176,32	-0,004032
176,358	-0,00445
176,396	-0,001094
176,434	-0,002
176,472	0,003798
176,51	0,003332
176,548	0,005594
176,586	0,003463
176,624	0,003921
176,662	-0,000548
176,7	0,002831
176,738	-0,001017
176,776	0,000132
176,814	0,007002
176,852	0,023573
176,89	0,037827
176,928	0,048472
176,966	0,057824
177,004	0,073281
177,042	0,077846
177,08	0,080365
177,118	0,086679
177,156	0,085896
177,194	0,085356
177,232	0,079737
177,27	0,077623
177,308	0,081156
177,346	0,081975
177,384	0,080543
177,422	0,075981
177,46	0,07527
177,498	0,070037
177,536	0,057892
177,574	0,055654
177,612	0,051478
177,65	0,049609
177,688	0,046584
177,726	0,042603
177,764	0,038782
177,802	0,038367
177,84	0,034013
177,878	0,036111
177,916	0,031722
177,954	0,029888
177,992	0,025517
178,03	0,029718
178,068	0,027178
178,106	0,023595
178,144	0,021369
178,182	0,022908
178,22	0,020803
178,258	0,019167
178,296	0,022887
178,334	0,020051
178,372	0,014322
178,41	0,010745
178,448	0,009261
178,486	0,008773
178,524	0,007842
178,562	0,009081
178,6	0,007571
178,638	0,011181
178,676	0,015969
178,714	0,019301
178,752	0,013817
178,79	0,010864
178,828	0,009053
178,866	0,009563
178,904	0,009244
178,942	0,006236
178,98	0,003003
179,018	0,003286
179,056	0,003415
179,094	-0,000809
179,132	0,001812
179,17	-0,000254
179,208	0,00732
179,246	0,007136
179,284	0,005391
179,322	0,010167
179,36	0,009466
179,398	0,008138
179,436	0,009769
179,474	0,012366
179,512	0,00932
179,55	0,010153
179,588	0,009974
179,626	0,006004
179,664	0,005126
179,702	0,006385
179,74	0,003927
179,778	0,002294
179,816	0,00683
179,854	0,006982
179,892	0,009203
179,93	0,008493
179,968	0,000299
180,006	0,003201
180,044	0,007275
180,082	0,003786
180,12	0,0071
180,158	0,00688
180,196	0,005738
180,234	0,003623
180,272	0,004492
180,31	0,001937
180,348	0,004131
180,386	0,004355
180,424	0,004847
180,462	0,009247
180,5	0,006775
180,538	0,00535
180,576	-0,002685
180,614	0,002877
180,652	0,004954
180,69	0,006461
180,728	0,008135
180,766	0,007944
180,804	0,002423
180,842	0,004191
180,88	0,004737
180,918	-0,004892
180,956	-0,007987
180,994	-0,003341
181,032	-0,001244
181,07	-0,007056
181,108	-0,003283
181,146	-0,003489
181,184	-0,003615
181,222	-0,01075
181,26	-0,010067
181,298	-0,008298
181,336	-0,011862
181,374	-0,010021
181,412	-0,00444
181,45	0,00064
181,488	-0,002943
181,526	-0,004608
181,564	-0,002886
181,602	-0,0009
181,64	-0,001339
181,678	0,002561
181,716	0,007934
181,754	0,004469
181,792	0,002477
181,83	0,002121
181,868	0,002063
181,906	0,001932
181,944	0,000894
181,982	0,000479
182,02	0,000262
182,058	-0,000532
182,096	0,001582
182,134	0,001975
182,172	0,003802
182,21	0,002683
182,248	-0,004168
182,286	-0,001234
182,324	0,007576
182,362	0,002052
182,4	0,009587
182,438	0,006076
182,476	0,013689
182,514	0,016822
182,552	0,012317
182,59	0,007645
182,628	0,004105
182,666	0,001079
182,704	0,00039
182,742	-0,001871
182,78	0,001366
182,818	-0,005715
182,856	-0,005091
182,894	0,006051
182,932	0,019108
182,97	0,031206
183,008	0,039425
183,046	0,048259
183,084	0,059193
183,122	0,066659
183,16	0,077522
183,198	0,081427
183,236	0,08743
183,274	0,089326
183,312	0,090266
183,35	0,09296
183,388	0,097324
183,426	0,102429
183,464	0,097951
183,502	0,089786
183,54	0,086006
183,578	0,086175
183,616	0,079836
183,654	0,076078
183,692	0,074885
183,73	0,070713
183,768	0,065347
183,806	0,059739
183,844	0,061477
183,882	0,053247
183,92	0,051221
183,958	0,051457
183,996	0,044534
184,034	0,044864
184,072	0,046309
184,11	0,04549
184,148	0,043537
184,186	0,035866
184,224	0,029516
184,262	0,025428
184,3	0,021712
184,338	0,019039
184,376	0,022117
184,414	0,023479
184,452	0,02363
184,49	0,027666
184,528	0,031837
184,566	0,027519
184,604	0,024563
184,642	0,029849
184,68	0,026353
