0,038	0,00778
0,076	0,003767
0,114	0,004465
0,152	0,002455
0,19	0,002169
0,228	0,000276
0,266	0,003904
0,304	0,005594
0,342	0,008029
0,38	0,00633
0,418	0,004048
0,456	0,006377
0,494	0,008554
0,532	0,011051
0,57	0,01043
0,608	0,00757
0,646	0,008633
0,684	0,008542
0,722	0,010724
0,76	0,012877
0,798	0,011238
0,836	0,011989
0,874	0,009188
0,912	0,007458
0,95	0,005931
0,988	0,007219
1,026	0,002167
1,064	0,003323
1,102	-0,002915
1,14	-0,003083
1,178	-0,00219
1,216	0,002277
1,254	0,004949
1,292	0,006282
1,33	0,001509
1,368	0,000064
1,406	0,004015
1,444	0,002295
1,482	0,002985
1,52	0,000817
1,558	0,000399
1,596	-0,000239
1,634	0,002963
1,672	-0,001094
1,71	-0,001116
1,748	0,000239
1,786	-0,00025
1,824	-0,000596
1,862	0,000301
1,9	0,00027
1,938	0,002359
1,976	0,001549
2,014	0,000836
2,052	0,000109
2,09	-0,000831
2,128	-0,000866
2,166	-0,003976
2,204	-0,000417
2,242	0,001505
2,28	0,00286
2,318	0,00021
2,356	0,002924
2,394	0,004588
2,432	0,007002
2,47	0,006308
2,508	0,002356
2,546	0,008897
2,584	0,014511
2,622	0,029709
2,66	0,050634
2,698	0,062376
2,736	0,075684
2,774	0,090437
2,812	0,105306
2,85	0,117276
2,888	0,127191
2,926	0,133838
2,964	0,140422
3,002	0,146958
3,04	0,146585
3,078	0,140788
3,116	0,140306
3,154	0,137211
3,192	0,132197
3,23	0,124957
3,268	0,118523
3,306	0,114719
3,344	0,109167
3,382	0,106387
3,42	0,102812
3,458	0,101129
3,496	0,096304
3,534	0,092067
3,572	0,085172
3,61	0,076671
3,648	0,068308
3,686	0,066387
3,724	0,067352
3,762	0,064471
3,8	0,062822
3,838	0,056551
3,876	0,052193
3,914	0,046869
3,952	0,047958
3,99	0,04842
4,028	0,044486
4,066	0,041767
4,104	0,042364
4,142	0,040259
4,18	0,037877
4,218	0,038803
4,256	0,034713
4,294	0,036184
4,332	0,035196
4,37	0,030305
4,408	0,029887
4,446	0,029934
4,484	0,028649
4,522	0,02513
4,56	0,027321
4,598	0,027862
4,636	0,022272
4,674	0,021473
4,712	0,01929
4,75	0,018316
4,788	0,019132
4,826	0,01706
4,864	0,013376
4,902	0,017041
4,94	0,01781
4,978	0,015938
5,016	0,015115
5,054	0,013924
5,092	0,0141
5,13	0,016828
5,168	0,019021
5,206	0,020365
5,244	0,021486
5,282	0,018565
5,32	0,018333
5,358	0,015639
5,396	0,014822
5,434	0,01743
5,472	0,012404
5,51	0,010807
5,548	0,007361
5,586	0,003077
5,624	0,005889
5,662	0,002059
5,7	-0,001102
5,738	-0,000774
5,776	-0,00156
5,814	-0,001208
5,852	-0,001134
5,89	-0,000015
5,928	-0,000089
5,966	-0,000663
6,004	-0,002138
6,042	-0,003083
6,08	-0,00148
6,118	-0,002705
6,156	-0,002346
6,194	-0,002293
6,232	-0,00421
6,27	-0,00487
6,308	-0,004295
6,346	-0,003776
6,384	-0,005416
6,422	-0,009631
6,46	-0,014265
6,498	-0,015316
6,536	-0,00937
6,574	-0,005643
6,612	-0,002619
6,65	-0,001659
6,688	-0,000784
6,726	-0,004113
6,764	-0,002068
6,802	-0,002611
6,84	0,00031
6,878	0,007675
6,916	0,007056
6,954	0,006272
6,992	0,010225
7,03	0,008398
7,068	0,009022
7,106	0,006212
7,144	0,004249
7,182	0,002592
7,22	0,00183
7,258	0,002298
7,296	0,003344
7,334	0,004326
7,372	0,002688
7,41	0,002678
7,448	0,003769
7,486	0,001976
7,524	0,003066
7,562	0,002849
7,6	0,000609
7,638	-0,003453
7,676	0,000643
7,714	0,000496
7,752	0,002355
7,79	0,002722
7,828	0,004662
7,866	0,00539
7,904	0,005065
7,942	0,005643
7,98	0,00776
8,018	0,004687
8,056	0,001112
8,094	-0,002579
8,132	-0,002125
8,17	0,000772
8,208	0,004511
8,246	-0,000281
8,284	0,003207
8,322	0,002549
8,36	0,004774
8,398	0,000947
8,436	0,001682
8,474	0,005256
8,512	0,003533
8,55	0,002456
8,588	0,002112
8,626	0,003065
8,664	0,003365
8,702	0,002927
8,74	0,000543
8,778	0,000499
8,816	0,002589
8,854	0,00536
8,892	-0,000439
8,93	0,001971
8,968	0,003626
9,006	0,004305
9,044	0,000822
9,082	0,005445
9,12	0,005426
9,158	0,008818
9,196	0,012171
9,234	0,010703
9,272	0,009536
9,31	0,010298
9,348	0,007868
9,386	0,002991
9,424	0,002112
9,462	0,00094
9,5	-0,001665
9,538	-0,002647
9,576	-0,001396
9,614	0,004025
9,652	0,016209
9,69	0,032064
9,728	0,048541
9,766	0,067951
9,804	0,084414
9,842	0,100605
9,88	0,114004
9,918	0,122378
9,956	0,131376
9,994	0,138427
10,032	0,142731
10,07	0,147128
10,108	0,154166
10,146	0,152684
10,184	0,149381
10,222	0,146935
10,26	0,147918
10,298	0,141423
10,336	0,134514
10,374	0,127307
10,412	0,118177
10,45	0,112489
10,488	0,107576
10,526	0,102518
10,564	0,097292
10,602	0,0936
10,64	0,091429
10,678	0,086669
10,716	0,084944
10,754	0,083712
10,792	0,077213
10,83	0,07321
10,868	0,072458
10,906	0,070056
10,944	0,066141
10,982	0,061813
11,02	0,06168
11,058	0,057866
11,096	0,053525
11,134	0,051408
11,172	0,048468
11,21	0,045048
11,248	0,045517
11,286	0,042203
11,324	0,040988
11,362	0,037563
11,4	0,035517
11,438	0,030461
11,476	0,028293
11,514	0,028364
11,552	0,026595
11,59	0,030104
11,628	0,031276
11,666	0,02731
11,704	0,025794
11,742	0,0233
11,78	0,019552
11,818	0,018068
11,856	0,019793
11,894	0,01446
11,932	0,011764
11,97	0,014554
12,008	0,014049
12,046	0,016088
12,084	0,015602
12,122	0,016871
12,16	0,017228
12,198	0,018849
12,236	0,016884
12,274	0,013459
12,312	0,012846
12,35	0,011146
12,388	0,008006
12,426	0,005888
12,464	0,005756
12,502	0,008693
12,54	0,012744
12,578	0,014179
12,616	0,013112
12,654	0,010175
12,692	0,00977
12,73	0,014018
12,768	0,014753
12,806	0,015131
12,844	0,012077
12,882	0,011139
12,92	0,006579
12,958	0,002016
12,996	-0,000236
13,034	-0,001256
13,072	-0,000421
13,11	-0,002501
13,148	-0,001838
13,186	-0,00042
13,224	0,00079
13,262	-0,004458
13,3	-0,003856
13,338	-0,003523
13,376	-0,006654
13,414	-0,005285
13,452	-0,004513
13,49	-0,004339
13,528	-0,003281
13,566	-0,000805
13,604	-0,002365
13,642	-0,00427
13,68	-0,005918
13,718	-0,005138
13,756	-0,00259
13,794	-0,003555
13,832	-0,001122
13,87	-0,000165
13,908	-0,001758
13,946	-0,002702
13,984	-0,005328
14,022	-0,006489
14,06	-0,006336
14,098	-0,007121
14,136	-0,007053
14,174	-0,005832
14,212	-0,0043
14,25	-0,00374
14,288	-0,002742
14,326	-0,000987
14,364	-0,001914
14,402	-0,002943
14,44	-0,002129
14,478	-0,004932
14,516	-0,005143
14,554	-0,001628
14,592	-0,00368
14,63	-0,008516
14,668	0,000164
14,706	0,005304
14,744	0,001573
14,782	0,003257
14,82	0,004775
14,858	0,002347
14,896	0,000108
14,934	0,001741
14,972	-0,000648
15,01	-0,002655
15,048	-0,003953
15,086	-0,004747
15,124	-0,002159
15,162	-0,002906
15,2	-0,004131
15,238	-0,003618
15,276	-0,004695
15,314	-0,004308
15,352	-0,005096
15,39	-0,004823
15,428	-0,005111
15,466	-0,005765
15,504	-0,00409
15,542	-0,006299
15,58	-0,004229
15,618	-0,005517
15,656	-0,002835
15,694	-0,003468
15,732	0,001196
15,77	0,001901
15,808	0,003155
15,846	0,006652
15,884	0,007679
15,922	0,006659
15,96	0,006034
15,998	0,004737
16,036	0,012334
16,074	0,020333
16,112	0,036126
16,15	0,050364
16,188	0,064807
16,226	0,074845
16,264	0,089739
16,302	0,100096
16,34	0,109684
16,378	0,118532
16,416	0,122738
16,454	0,128625
16,492	0,130573
16,53	0,135288
16,568	0,135022
16,606	0,134164
16,644	0,128686
16,682	0,123612
16,72	0,121263
16,758	0,112408
16,796	0,107275
16,834	0,104524
16,872	0,1044
16,91	0,102412
16,948	0,101271
16,986	0,099388
17,024	0,095146
17,062	0,094578
17,1	0,089978
17,138	0,082492
17,176	0,081429
17,214	0,079259
17,252	0,073831
17,29	0,070587
17,328	0,065964
17,366	0,060796
17,404	0,059858
17,442	0,057493
17,48	0,059625
17,518	0,059153
17,556	0,051339
17,594	0,048163
17,632	0,048127
17,67	0,047006
17,708	0,045881
17,746	0,044404
17,784	0,041042
17,822	0,035917
17,86	0,037558
17,898	0,037524
17,936	0,034061
17,974	0,035481
18,012	0,035363
18,05	0,030137
18,088	0,029099
18,126	0,027445
18,164	0,029368
18,202	0,029319
18,24	0,02878
18,278	0,0226
18,316	0,020224
18,354	0,022243
18,392	0,021213
18,43	0,020893
18,468	0,019862
18,506	0,021924
18,544	0,019519
18,582	0,017947
18,62	0,017715
18,658	0,015751
18,696	0,017067
18,734	0,017543
18,772	0,019601
18,81	0,011588
18,848	0,011207
18,886	0,010101
18,924	0,008841
18,962	0,011532
19	0,010051
19,038	0,007703
19,076	0,011339
19,114	0,009904
19,152	0,006361
19,19	0,004845
19,228	0,002329
19,266	0,004391
19,304	0,002857
19,342	0,000326
19,38	0,002826
19,418	0,002499
19,456	0,005388
19,494	0,006579
19,532	0,002446
19,57	0,004961
19,608	0,002918
19,646	0,005826
19,684	0,003367
19,722	0,002063
19,76	0,001816
19,798	0,003732
19,836	0,009523
19,874	0,006975
19,912	0,010111
19,95	0,007696
19,988	0,001775
20,026	0,00405
20,064	0,003796
20,102	0,004967
20,14	0,0049
20,178	0,002329
20,216	0,006075
20,254	0,000334
20,292	0,002656
20,33	-0,001778
20,368	-0,004376
20,406	-0,002622
20,444	-0,003667
20,482	-0,006779
20,52	-0,010115
20,558	-0,00927
20,596	-0,00685
20,634	-0,008484
20,672	-0,00663
20,71	-0,00357
20,748	-0,006765
20,786	-0,005846
20,824	-0,003009
20,862	-0,001719
20,9	0,00157
20,938	0,001344
20,976	0,001334
21,014	0,001507
21,052	-0,005683
21,09	-0,006536
21,128	-0,007266
21,166	-0,002167
21,204	-0,002003
21,242	-0,004134
21,28	-0,005825
21,318	-0,007951
21,356	-0,005793
21,394	-0,003179
21,432	-0,003178
21,47	-0,000906
21,508	-0,001241
21,546	-0,002439
21,584	-0,00206
21,622	-0,000476
21,66	-0,000835
21,698	-0,003456
21,736	-0,002511
21,774	-0,004252
21,812	-0,003277
21,85	-0,004837
21,888	-0,004955
21,926	-0,002779
21,964	-0,004143
22,002	0,000848
22,04	0,000313
22,078	-0,001947
22,116	-0,005344
22,154	-0,004331
22,192	-0,006718
22,23	-0,00497
22,268	-0,004753
22,306	-0,00434
22,344	-0,004416
22,382	-0,002587
22,42	-0,002185
22,458	0,000992
22,496	0,002309
22,534	0,000232
22,572	-0,00506
22,61	-0,004298
22,648	-0,008796
22,686	-0,009384
22,724	-0,007631
22,762	-0,007205
22,8	-0,007676
22,838	-0,003829
22,876	-0,002422
22,914	-0,003186
22,952	-0,002693
22,99	0,010034
23,028	0,021251
23,066	0,036033
23,104	0,053115
23,142	0,06909
23,18	0,087362
23,218	0,102113
23,256	0,113643
23,294	0,122911
23,332	0,130254
23,37	0,135145
23,408	0,137256
23,446	0,138619
23,484	0,132275
23,522	0,127038
23,56	0,125078
23,598	0,120354
23,636	0,120527
23,674	0,117416
23,712	0,115757
23,75	0,11324
23,788	0,11212
23,826	0,108641
23,864	0,105319
23,902	0,099862
23,94	0,096813
23,978	0,092737
24,016	0,08731
24,054	0,086599
24,092	0,085312
24,13	0,083701
24,168	0,083182
24,206	0,082053
24,244	0,077001
24,282	0,068245
24,32	0,065432
24,358	0,062804
24,396	0,059428
24,434	0,055733
24,472	0,05162
24,51	0,049782
24,548	0,047461
24,586	0,043076
24,624	0,045791
24,662	0,045627
24,7	0,044086
24,738	0,039144
24,776	0,038878
24,814	0,036651
24,852	0,034003
24,89	0,02683
24,928	0,02744
24,966	0,031673
25,004	0,030902
25,042	0,027095
25,08	0,021732
25,118	0,021722
25,156	0,019401
25,194	0,019196
25,232	0,018424
25,27	0,01542
25,308	0,014395
25,346	0,014858
25,384	0,018114
25,422	0,019148
25,46	0,021972
25,498	0,020172
25,536	0,01802
25,574	0,01653
25,612	0,016494
25,65	0,01769
25,688	0,014649
25,726	0,016316
25,764	0,017206
25,802	0,016906
25,84	0,015535
25,878	0,014993
25,916	0,016142
25,954	0,01463
25,992	0,014179
26,03	0,012411
26,068	0,007701
26,106	0,009775
26,144	0,006895
26,182	0,006037
26,22	0,003851
26,258	0,002724
26,296	0,003174
26,334	0,003484
26,372	0,002527
26,41	0,003034
26,448	0,007609
26,486	0,006843
26,524	0,002655
26,562	0,001044
26,6	0,002216
26,638	0,003495
26,676	0,003355
26,714	0,001943
26,752	-0,00137
26,79	-0,001148
26,828	-0,002497
26,866	-0,003041
26,904	-0,002569
26,942	-0,004716
26,98	-0,003414
27,018	-0,001815
27,056	-0,001974
27,094	-0,003385
27,132	-0,000871
27,17	-0,002877
27,208	-0,000906
27,246	-0,004921
27,284	0,000053
27,322	-0,000876
27,36	-0,000019
27,398	-0,001801
27,436	-0,003508
27,474	-0,004305
27,512	-0,005096
27,55	-0,001619
27,588	-0,002591
27,626	-0,000016
27,664	0,003183
27,702	0,002331
27,74	0,005458
27,778	0,005597
27,816	0,004369
27,854	0,005475
27,892	0,004443
27,93	0,004504
27,968	-0,00041
28,006	0,001414
28,044	-0,001279
28,082	-0,005498
28,12	-0,004289
28,158	-0,007567
28,196	-0,004904
28,234	-0,005068
28,272	-0,003795
28,31	-0,003746
28,348	-0,005873
28,386	-0,003764
28,424	-0,004037
28,462	-0,005682
28,5	-0,009022
28,538	-0,011143
28,576	-0,007064
28,614	-0,007179
28,652	-0,005372
28,69	-0,004245
28,728	-0,003988
28,766	-0,001926
28,804	0,001832
28,842	0,011689
28,88	0,028618
28,918	0,042262
28,956	0,055357
28,994	0,067894
29,032	0,083709
29,07	0,093648
29,108	0,104535
29,146	0,118124
29,184	0,126723
29,222	0,132144
29,26	0,135239
29,298	0,133374
29,336	0,130182
29,374	0,128771
29,412	0,126813
29,45	0,124855
29,488	0,121226
29,526	0,118744
29,564	0,114632
29,602	0,11134
29,64	0,107619
29,678	0,099286
29,716	0,095438
29,754	0,090744
29,792	0,08839
29,83	0,089792
29,868	0,087877
29,906	0,083921
29,944	0,077771
29,982	0,076234
30,02	0,074565
30,058	0,072836
30,096	0,069742
30,134	0,063798
30,172	0,05873
30,21	0,052364
30,248	0,053228
30,286	0,053648
30,324	0,050556
30,362	0,05459
30,4	0,052261
30,438	0,046895
30,476	0,044686
30,514	0,045804
30,552	0,042729
30,59	0,041101
30,628	0,040115
30,666	0,038946
30,704	0,036515
30,742	0,034964
30,78	0,034037
30,818	0,028662
30,856	0,025788
30,894	0,024422
30,932	0,027857
30,97	0,024625
31,008	0,027427
31,046	0,023666
31,084	0,01934
31,122	0,020271
31,16	0,023886
31,198	0,022673
31,236	0,023599
31,274	0,022948
31,312	0,019926
31,35	0,015246
31,388	0,015934
31,426	0,018222
31,464	0,020856
31,502	0,017173
31,54	0,01987
31,578	0,01362
31,616	0,014801
31,654	0,013025
31,692	0,011636
31,73	0,010322
31,768	0,013111
31,806	0,009296
31,844	0,009514
31,882	0,007872
31,92	0,008277
31,958	0,01002
31,996	0,011623
32,034	0,011495
32,072	0,01014
32,11	0,010085
32,148	0,012895
32,186	0,01082
32,224	0,010445
32,262	0,009212
32,3	0,0052
32,338	0,003121
32,376	0,003804
32,414	0,003851
32,452	0,002063
32,49	-0,004666
32,528	-0,004308
32,566	-0,002969
32,604	-0,000712
32,642	0,002704
32,68	0,004969
32,718	0,006584
32,756	0,004588
32,794	0,005696
32,832	0,005194
32,87	0,008796
32,908	0,006589
32,946	0,004906
32,984	0,003454
33,022	0,005019
33,06	0,007532
33,098	0,001771
33,136	0,000584
33,174	-0,001538
33,212	-0,00167
33,25	-0,004269
33,288	-0,002872
33,326	-0,004562
33,364	-0,00553
33,402	-0,006557
33,44	-0,003545
33,478	-0,002685
33,516	-0,004614
33,554	-0,003258
33,592	-0,003065
33,63	-0,003134
33,668	0,001073
33,706	-0,003993
33,744	-0,002767
33,782	-0,000821
33,82	0,00041
33,858	0,002108
33,896	0,000402
33,934	0,001786
33,972	-0,002146
34,01	0,00123
34,048	0,000559
34,086	-0,001899
34,124	-0,000787
34,162	-0,001418
34,2	-0,000561
34,238	0,001479
34,276	-0,000658
34,314	-0,000647
34,352	0,000995
34,39	-0,001679
34,428	-0,001808
34,466	0,000878
34,504	0,005944
34,542	0,010351
34,58	0,01396
34,618	0,012965
34,656	0,012253
34,694	0,009045
34,732	0,007354
34,77	0,006418
34,808	0,004239
34,846	0,000669
34,884	-0,001166
34,922	-0,000299
34,96	-0,000383
34,998	0,003698
35,036	0,000614
35,074	0,000593
35,112	0,000383
35,15	-0,001912
35,188	0,000546
35,226	0,002737
35,264	0,002433
35,302	0,000769
35,34	-0,000705
35,378	0,000611
35,416	0,004489
35,454	0,009271
35,492	0,021991
35,53	0,039155
35,568	0,054134
35,606	0,068465
35,644	0,082257
35,682	0,094593
35,72	0,105977
35,758	0,115306
35,796	0,118936
35,834	0,120527
35,872	0,124734
35,91	0,127106
35,948	0,129784
35,986	0,131043
36,024	0,138261
36,062	0,140448
36,1	0,144586
36,138	0,142549
36,176	0,146434
36,214	0,146719
36,252	0,149287
36,29	0,147009
36,328	0,14558
36,366	0,142275
36,404	0,139135
36,442	0,135775
36,48	0,135375
36,518	0,126794
36,556	0,121968
36,594	0,117773
36,632	0,113491
36,67	0,109995
36,708	0,105735
36,746	0,098767
36,784	0,092339
36,822	0,09183
36,86	0,088726
36,898	0,084232
36,936	0,080108
36,974	0,07244
37,012	0,06751
37,05	0,064846
37,088	0,061172
37,126	0,058991
37,164	0,058911
37,202	0,058389
37,24	0,058614
37,278	0,055207
37,316	0,054056
37,354	0,048295
37,392	0,04626
37,43	0,04751
37,468	0,048954
37,506	0,045998
37,544	0,04051
37,582	0,037083
37,62	0,034803
37,658	0,034333
37,696	0,03455
37,734	0,031136
37,772	0,023855
37,81	0,019295
37,848	0,021695
37,886	0,022265
37,924	0,026131
37,962	0,024776
38	0,021729
38,038	0,025182
38,076	0,025549
38,114	0,024516
38,152	0,01891
38,19	0,020002
38,228	0,019415
38,266	0,012538
38,304	0,013307
38,342	0,010763
38,38	0,010178
38,418	0,010165
38,456	0,006445
38,494	0,008095
38,532	0,001578
38,57	0,002428
38,608	0,007214
38,646	0,004057
38,684	0,00462
38,722	0,003468
38,76	0,004235
38,798	0,00352
38,836	0,000116
38,874	0,001558
38,912	0,002928
38,95	0,001659
38,988	-0,000223
39,026	-0,001449
39,064	-0,001272
39,102	-0,00352
39,14	-0,004637
39,178	-0,005527
39,216	-0,007442
39,254	-0,011055
39,292	-0,006823
39,33	-0,004187
39,368	-0,005052
39,406	-0,005779
39,444	-0,004514
39,482	-0,00499
39,52	-0,003673
39,558	-0,007813
39,596	-0,007755
39,634	-0,003866
39,672	-0,003142
39,71	-0,003407
39,748	-0,004443
39,786	-0,006628
39,824	-0,006712
39,862	-0,005866
39,9	-0,005112
39,938	-0,005146
39,976	-0,008429
40,014	-0,009116
40,052	-0,009183
40,09	-0,00782
40,128	-0,008074
40,166	-0,009566
40,204	-0,010561
40,242	-0,008546
40,28	-0,00903
40,318	-0,007969
40,356	-0,004202
40,394	-0,000694
40,432	-0,001122
40,47	0,000085
40,508	0,000908
40,546	0,001314
40,584	0,004431
40,622	0,004439
40,66	0,00702
40,698	0,00898
40,736	0,005266
40,774	0,005532
40,812	0,005314
40,85	0,008728
40,888	0,00591
40,926	0,003799
40,964	0,006717
41,002	0,004555
41,04	0,002835
41,078	0,002144
41,116	0,000467
41,154	-0,003203
41,192	-0,00505
41,23	-0,005935
41,268	-0,005463
41,306	-0,00586
41,344	-0,006876
41,382	-0,008559
41,42	-0,003176
41,458	0,000029
41,496	-0,001643
41,534	-0,002187
41,572	-0,004354
41,61	-0,001981
41,648	-0,000969
41,686	0,001787
41,724	0,002454
41,762	0,000106
41,8	-0,00187
41,838	-0,000618
41,876	-0,001968
41,914	-0,001373
41,952	-0,00373
41,99	-0,006689
42,028	-0,008763
42,066	-0,006363
42,104	-0,005535
42,142	-0,003449
42,18	-0,000887
42,218	-0,00408
42,256	0,001339
42,294	0,009891
42,332	0,023247
42,37	0,039192
42,408	0,053437
42,446	0,072839
42,484	0,087841
42,522	0,101817
42,56	0,113864
42,598	0,122566
42,636	0,131377
42,674	0,135554
42,712	0,137689
42,75	0,13459
42,788	0,134036
42,826	0,130557
42,864	0,125068
42,902	0,119914
42,94	0,116578
42,978	0,11018
43,016	0,10561
43,054	0,101319
43,092	0,101724
43,13	0,101505
43,168	0,097785
43,206	0,096766
43,244	0,094901
43,282	0,093155
43,32	0,088327
43,358	0,083152
43,396	0,082107
43,434	0,076728
43,472	0,071765
43,51	0,067556
43,548	0,060838
43,586	0,060266
43,624	0,05856
43,662	0,059463
43,7	0,057545
43,738	0,052827
43,776	0,051131
43,814	0,050811
43,852	0,048389
43,89	0,043819
43,928	0,039523
43,966	0,045783
44,004	0,054871
44,042	0,066562
44,08	0,081948
44,118	0,092021
44,156	0,102007
44,194	0,10581
44,232	0,115331
44,27	0,118904
44,308	0,123404
44,346	0,123999
44,384	0,123261
44,422	0,11926
44,46	0,116977
44,498	0,115499
44,536	0,113352
44,574	0,107206
44,612	0,108594
44,65	0,103939
44,688	0,099265
44,726	0,091847
44,764	0,087353
44,802	0,084865
44,84	0,078077
44,878	0,077342
44,916	0,077389
44,954	0,07262
44,992	0,065634
45,03	0,066069
45,068	0,063685
45,106	0,060406
45,144	0,054595
45,182	0,047949
45,22	0,050327
45,258	0,051865
45,296	0,047089
45,334	0,041485
45,372	0,038965
45,41	0,03404
45,448	0,027957
45,486	0,022606
45,524	0,020308
45,562	0,021648
45,6	0,022881
45,638	0,018124
45,676	0,017835
45,714	0,021097
45,752	0,016173
45,79	0,012972
45,828	0,010542
45,866	0,008398
45,904	0,008868
45,942	0,008124
45,98	0,004423
46,018	0,001507
46,056	0,001212
46,094	0,004758
46,132	0,003952
46,17	0,003284
46,208	-0,000151
46,246	0,00059
46,284	0,000242
46,322	-0,002419
46,36	-0,001895
46,398	-0,001461
46,436	0,006828
46,474	0,007476
46,512	0,007758
46,55	0,006728
46,588	0,00542
46,626	0,002317
46,664	0,002675
46,702	0,001505
46,74	0,004075
46,778	0,003675
46,816	0,00291
46,854	-0,00234
46,892	-0,001486
46,93	-0,003562
46,968	-0,001997
47,006	-0,002878
47,044	-0,002741
47,082	-0,002972
47,12	-0,001324
47,158	-0,007596
47,196	-0,010484
47,234	-0,012648
47,272	-0,012593
47,31	-0,009482
47,348	-0,010749
47,386	-0,013055
47,424	-0,013326
47,462	-0,011105
47,5	-0,008291
47,538	-0,014044
47,576	-0,009849
47,614	-0,00729
47,652	-0,000795
47,69	0,000713
47,728	0,000887
47,766	-0,002033
47,804	-0,003233
47,842	-0,00383
47,88	-0,004949
47,918	-0,004662
47,956	-0,005155
47,994	-0,005884
48,032	-0,000585
48,07	-0,001419
48,108	0,003385
48,146	0,001982
48,184	0,005649
48,222	0,005702
48,26	0,003372
48,298	0,004434
48,336	0,002988
48,374	0,007998
48,412	0,006908
48,45	0,003009
48,488	0,002563
48,526	0,001755
48,564	-0,001552
48,602	0,000084
48,64	-0,001045
48,678	-0,003952
48,716	-0,002853
48,754	-0,002473
48,792	-0,005962
48,83	-0,00605
48,868	-0,008699
48,906	-0,005736
48,944	-0,006783
48,982	-0,005518
49,02	-0,003824
49,058	-0,003623
49,096	-0,002144
49,134	-0,003561
49,172	-0,003375
49,21	-0,00345
49,248	-0,003643
49,286	-0,000597
49,324	-0,001847
49,362	-0,003015
49,4	0,000248
49,438	-0,001856
49,476	-0,004093
49,514	-0,000428
49,552	0,003701
49,59	0,000977
49,628	0,004697
49,666	0,002911
49,704	-0,000916
49,742	0,00004
49,78	0,003418
49,818	0,005149
49,856	0,003411
49,894	0,001469
49,932	0,002136
49,97	-0,000487
50,008	-0,002492
50,046	0,001256
50,084	0,012134
50,122	0,020845
50,16	0,03239
50,198	0,046947
50,236	0,062459
50,274	0,074233
50,312	0,086925
50,35	0,098933
50,388	0,104823
50,426	0,111098
50,464	0,116302
50,502	0,121031
50,54	0,121302
50,578	0,117574
50,616	0,113516
50,654	0,113093
50,692	0,105239
50,73	0,101314
50,768	0,101207
50,806	0,096134
50,844	0,093172
50,882	0,090314
50,92	0,084762
50,958	0,081559
50,996	0,082976
51,034	0,079011
51,072	0,077429
51,11	0,072006
51,148	0,071377
51,186	0,066024
51,224	0,057271
51,262	0,058675
51,3	0,057266
51,338	0,05389
51,376	0,049812
51,414	0,044636
51,452	0,04344
51,49	0,03921
51,528	0,045028
51,566	0,039448
51,604	0,035241
51,642	0,035366
51,68	0,027747
51,718	0,027464
51,756	0,026409
51,794	0,023428
51,832	0,026881
51,87	0,029072
51,908	0,028675
51,946	0,027832
51,984	0,0276
52,022	0,024425
52,06	0,021589
52,098	0,020789
52,136	0,022185
52,174	0,021169
52,212	0,023247
52,25	0,022995
52,288	0,024728
52,326	0,021517
52,364	0,018792
52,402	0,01858
52,44	0,015149
52,478	0,013633
52,516	0,013449
52,554	0,013695
52,592	0,010855
52,63	0,008904
52,668	0,013604
52,706	0,013982
52,744	0,012453
52,782	0,009234
52,82	0,006723
52,858	0,01025
52,896	0,012916
52,934	0,011024
52,972	0,006029
53,01	0,006624
53,048	0,00795
53,086	0,008409
53,124	0,006364
53,162	0,005783
53,2	0,006316
53,238	0,008695
53,276	0,008095
53,314	0,008769
53,352	0,008963
53,39	0,006913
53,428	-0,001098
53,466	-0,005479
53,504	-0,003163
53,542	-0,000937
53,58	0,001473
53,618	-0,00099
53,656	0,002156
53,694	0,002356
53,732	-0,000701
53,77	-0,001892
53,808	0,00108
53,846	0,001904
53,884	0,000082
53,922	-0,00214
53,96	0,000905
53,998	0,002151
54,036	0,001754
54,074	0,003124
54,112	0,00247
54,15	-0,001708
54,188	-0,002649
54,226	-0,005882
54,264	-0,005425
54,302	-0,001911
54,34	0,000184
54,378	0,000793
54,416	0,004998
54,454	0,006123
54,492	0,005009
54,53	0,003577
54,568	0,005884
54,606	0,009085
54,644	0,008351
54,682	0,006822
54,72	0,00515
54,758	0,004128
54,796	0,00493
54,834	0,003335
54,872	0,004176
54,91	0,001538
54,948	0,001256
54,986	-0,001285
55,024	-0,001538
55,062	0,000307
55,1	-0,001859
55,138	-0,001237
55,176	-0,000512
55,214	0,005942
55,252	0,006616
55,29	0,007487
55,328	0,007438
55,366	0,000778
55,404	0,001169
55,442	0,007091
55,48	0,008966
55,518	0,007181
55,556	0,004271
55,594	-0,002191
55,632	-0,003426
55,67	-0,003103
55,708	0,000824
55,746	-0,000945
55,784	-0,002399
55,822	-0,000343
55,86	0,000667
55,898	-0,00078
55,936	-0,005344
55,974	0,001237
56,012	0,0026
56,05	-0,002366
56,088	-0,003267
56,126	-0,003526
56,164	-0,004027
56,202	-0,004164
56,24	-0,003586
56,278	-0,003758
56,316	-0,000481
56,354	-0,001196
56,392	0,000032
56,43	-0,00115
56,468	-0,002159
56,506	-0,002258
56,544	-0,001498
56,582	-0,004096
56,62	-0,001595
56,658	-0,000743
56,696	-0,000745
56,734	0,000148
56,772	-0,000078
56,81	-0,00391
56,848	-0,006246
56,886	-0,004149
56,924	-0,002759
56,962	-0,003197
57	-0,000504
57,038	-0,000326
57,076	0,004627
57,114	0,001831
57,152	-0,000011
57,19	0,002907
57,228	0,002291
57,266	0,006792
57,304	0,004957
57,342	0,004583
57,38	0,00825
57,418	0,006961
57,456	0,00456
57,494	0,007582
57,532	0,013137
57,57	0,014081
57,608	0,013268
57,646	0,01054
57,684	0,01267
57,722	0,015164
57,76	0,013984
57,798	0,013216
57,836	0,013154
57,874	0,012435
57,912	0,014735
57,95	0,012724
57,988	0,013386
58,026	0,013161
58,064	0,009472
58,102	0,007453
58,14	0,004444
58,178	0,003862
58,216	0,009374
58,254	0,016005
58,292	0,028158
58,33	0,040652
58,368	0,052495
58,406	0,067055
58,444	0,081593
58,482	0,097247
58,52	0,102935
58,558	0,10873
58,596	0,111107
58,634	0,119683
58,672	0,123639
58,71	0,124389
58,748	0,123771
58,786	0,122693
58,824	0,121598
58,862	0,120124
58,9	0,118237
58,938	0,111252
58,976	0,10759
59,014	0,106517
59,052	0,098817
59,09	0,095074
59,128	0,089862
59,166	0,086063
59,204	0,076618
59,242	0,072776
59,28	0,067581
59,318	0,062868
59,356	0,059692
59,394	0,056285
59,432	0,053674
59,47	0,052751
59,508	0,051627
59,546	0,047697
59,584	0,047076
59,622	0,042686
59,66	0,043696
59,698	0,041585
59,736	0,035755
59,774	0,03206
59,812	0,027962
59,85	0,030132
59,888	0,027992
59,926	0,021763
59,964	0,019628
60,002	0,015832
60,04	0,015657
60,078	0,020135
60,116	0,019852
60,154	0,021396
60,192	0,023091
60,23	0,023099
60,268	0,024647
60,306	0,024075
60,344	0,01798
60,382	0,014165
60,42	0,004419
60,458	0,001857
60,496	0,003647
60,534	0,005547
60,572	0,005792
60,61	0,007288
60,648	0,007564
60,686	0,006574
60,724	0,003412
60,762	0,00364
60,8	0,006421
60,838	0,004998
60,876	0,009747
60,914	0,014265
60,952	0,017725
60,99	0,012767
61,028	0,011357
61,066	0,011499
61,104	0,008723
61,142	0,010453
61,18	0,01274
61,218	0,009587
61,256	0,010855
61,294	0,013115
61,332	0,011689
61,37	0,011671
61,408	0,008413
61,446	0,006782
61,484	0,006494
61,522	0,005376
61,56	0,003577
61,598	0,001112
61,636	0,001322
61,674	-0,003166
61,712	-0,004418
61,75	-0,00396
61,788	-0,003727
61,826	-0,002858
61,864	0,001249
61,902	-0,000261
61,94	0,002031
61,978	0,001271
62,016	0,003417
62,054	0,002433
62,092	0,001779
62,13	-0,000192
62,168	0,004795
62,206	0,004624
62,244	0,007307
62,282	0,015377
62,32	0,023091
62,358	0,039377
62,396	0,053022
62,434	0,064072
62,472	0,077686
62,51	0,086402
62,548	0,098799
62,586	0,105787
62,624	0,108912
62,662	0,110736
62,7	0,11225
62,738	0,114021
62,776	0,115029
62,814	0,109048
62,852	0,105738
62,89	0,105256
62,928	0,103014
62,966	0,09911
63,004	0,09306
63,042	0,084973
63,08	0,081562
63,118	0,076431
63,156	0,073419
63,194	0,069848
63,232	0,065302
63,27	0,061078
63,308	0,054713
63,346	0,05693
63,384	0,056718
63,422	0,054439
63,46	0,055889
63,498	0,049191
63,536	0,049906
63,574	0,050397
63,612	0,048699
63,65	0,045759
63,688	0,040042
63,726	0,039106
63,764	0,040179
63,802	0,037681
63,84	0,03505
63,878	0,031435
63,916	0,029214
63,954	0,028197
63,992	0,030842
64,03	0,028519
64,068	0,027728
64,106	0,023737
64,144	0,020589
64,182	0,01634
64,22	0,018159
64,258	0,019407
64,296	0,018237
64,334	0,017061
64,372	0,020093
64,41	0,018806
64,448	0,019485
64,486	0,018356
64,524	0,013676
64,562	0,014574
64,6	0,010442
64,638	0,007742
64,676	0,012122
64,714	0,011287
64,752	0,011623
64,79	0,007336
64,828	0,007519
64,866	0,007152
64,904	0,00878
64,942	0,008737
64,98	0,009671
65,018	0,010028
65,056	0,007866
65,094	0,003989
65,132	0,001416
65,17	0,000844
65,208	-0,001046
65,246	-0,005052
65,284	-0,005117
65,322	-0,005463
65,36	-0,005305
65,398	-0,004014
65,436	-0,006664
65,474	-0,007594
65,512	-0,003149
65,55	-0,002164
65,588	0,000171
65,626	-0,000698
65,664	0,000717
65,702	-0,003077
65,74	-0,001517
65,778	0,006637
65,816	0,015162
65,854	0,026254
65,892	0,042302
65,93	0,058031
65,968	0,073855
66,006	0,086359
66,044	0,09452
66,082	0,102068
66,12	0,107872
66,158	0,113726
66,196	0,119365
66,234	0,116377
66,272	0,11613
66,31	0,113316
66,348	0,115942
66,386	0,112723
66,424	0,107289
66,462	0,102442
66,5	0,095502
66,538	0,089819
66,576	0,08739
66,614	0,086472
66,652	0,083196
66,69	0,081164
66,728	0,082942
66,766	0,080456
66,804	0,082425
66,842	0,078138
66,88	0,074387
66,918	0,069126
66,956	0,062253
66,994	0,056824
67,032	0,055427
67,07	0,053041
67,108	0,050816
67,146	0,048358
67,184	0,051898
67,222	0,061071
67,26	0,070528
67,298	0,081513
67,336	0,089015
67,374	0,095747
67,412	0,10432
67,45	0,116112
67,488	0,121861
67,526	0,123532
67,564	0,125489
67,602	0,125205
67,64	0,122704
67,678	0,119605
67,716	0,123953
67,754	0,116829
67,792	0,11207
67,83	0,106839
67,868	0,108702
67,906	0,104677
67,944	0,100986
67,982	0,093599
68,02	0,089393
68,058	0,08715
68,096	0,084575
68,134	0,079194
68,172	0,07278
68,21	0,072938
68,248	0,071578
68,286	0,06911
68,324	0,069545
68,362	0,065832
68,4	0,062243
68,438	0,060958
68,476	0,061612
68,514	0,063321
68,552	0,059267
68,59	0,055143
68,628	0,051213
68,666	0,044839
68,704	0,039744
68,742	0,040486
68,78	0,037776
68,818	0,033463
68,856	0,033157
68,894	0,026788
68,932	0,027046
68,97	0,028154
69,008	0,027584
69,046	0,027006
69,084	0,025358
69,122	0,021314
69,16	0,018501
69,198	0,017725
69,236	0,020108
69,274	0,01699
69,312	0,015001
69,35	0,012532
69,388	0,013322
69,426	0,010434
69,464	0,005721
69,502	0,005073
69,54	0,005665
69,578	0,007179
69,616	0,007949
69,654	0,010942
69,692	0,008943
69,73	0,009338
69,768	0,004735
69,806	0,007834
69,844	0,008661
69,882	0,005024
69,92	0,004878
69,958	0,003271
69,996	0,00177
70,034	0,003549
70,072	0,007993
70,11	0,00489
70,148	0,004586
70,186	0,005589
70,224	0,003733
70,262	0,001528
70,3	0,000151
70,338	0,000065
70,376	0,001704
70,414	-0,001084
70,452	0,002178
70,49	0,003576
70,528	0,002316
70,566	0,002852
70,604	0,000221
70,642	0,000629
70,68	0,001481
70,718	-0,002355
70,756	-0,002438
70,794	-0,003254
70,832	0,001908
70,87	0,00272
70,908	0,003322
70,946	0,002589
70,984	-0,000468
71,022	-0,005143
71,06	-0,003153
71,098	-0,003795
71,136	-0,006011
71,174	-0,007353
71,212	-0,006039
71,25	-0,008607
71,288	-0,007035
71,326	-0,006184
71,364	-0,006331
71,402	-0,008574
71,44	-0,002096
71,478	-0,003683
71,516	-0,004994
71,554	-0,007293
71,592	-0,004816
71,63	-0,005407
71,668	-0,008537
71,706	-0,012906
71,744	-0,009954
71,782	-0,011426
71,82	-0,00891
71,858	-0,005587
71,896	-0,012091
71,934	-0,010834
71,972	-0,009566
72,01	-0,009261
72,048	-0,00833
72,086	-0,006419
72,124	-0,00835
72,162	-0,009784
72,2	-0,010303
72,238	-0,011597
72,276	-0,008827
72,314	-0,010983
72,352	-0,010161
72,39	-0,010404
72,428	-0,007688
72,466	-0,007285
72,504	-0,00823
72,542	-0,007012
72,58	-0,002929
72,618	-0,003709
72,656	-0,005435
72,694	-0,007901
72,732	-0,007331
72,77	-0,004918
72,808	-0,006375
72,846	-0,009237
72,884	-0,00648
72,922	-0,005445
72,96	-0,00404
72,998	-0,003613
73,036	-0,00343
73,074	-0,005821
73,112	-0,007048
73,15	-0,004125
73,188	-0,00847
73,226	-0,007511
73,264	-0,000458
73,302	0,011587
73,34	0,021691
73,378	0,031989
73,416	0,044507
73,454	0,056188
73,492	0,06712
73,53	0,079494
73,568	0,090842
73,606	0,099025
73,644	0,104274
73,682	0,104671
73,72	0,100841
73,758	0,100781
73,796	0,096778
73,834	0,093324
73,872	0,092853
73,91	0,093459
73,948	0,087682
73,986	0,083065
74,024	0,077809
74,062	0,076465
74,1	0,068914
74,138	0,065407
74,176	0,062875
74,214	0,063837
74,252	0,064333
74,29	0,055256
74,328	0,051053
74,366	0,050784
74,404	0,047264
74,442	0,046787
74,48	0,045882
74,518	0,039925
74,556	0,034226
74,594	0,028841
74,632	0,025474
74,67	0,02414
74,708	0,026761
74,746	0,025371
74,784	0,025516
74,822	0,022235
74,86	0,02164
74,898	0,022239
74,936	0,022741
74,974	0,023317
75,012	0,018836
75,05	0,020867
75,088	0,018625
75,126	0,019097
75,164	0,01655
75,202	0,014805
75,24	0,012278
75,278	0,011997
75,316	0,00996
75,354	0,00988
75,392	0,00527
75,43	-0,001851
75,468	0,000883
75,506	0,006871
75,544	0,004338
75,582	0,005603
75,62	0,004172
75,658	0,001295
75,696	-0,000601
75,734	0,000642
75,772	0,001639
75,81	0,00207
75,848	0,001464
75,886	-0,000522
75,924	0,000593
75,962	0,000297
76	-0,004582
76,038	-0,00839
76,076	-0,004745
76,114	-0,005896
76,152	-0,005791
76,19	-0,002001
76,228	-0,000853
76,266	-0,001008
76,304	-0,001982
76,342	-0,003069
76,38	-0,002796
76,418	-0,004248
76,456	-0,003554
76,494	-0,001189
76,532	-0,003198
76,57	-0,004316
76,608	-0,005888
76,646	-0,005665
76,684	-0,003845
76,722	-0,0005
76,76	-0,004505
76,798	-0,004377
76,836	-0,003417
76,874	-0,002655
76,912	0,000279
76,95	-0,000024
76,988	0,004622
77,026	0,004594
77,064	0,004792
77,102	0,000764
77,14	0,000407
77,178	-0,000238
77,216	0,000178
77,254	-0,000868
77,292	0,003893
77,33	0,003743
77,368	0,005467
77,406	-0,000718
77,444	-0,001392
77,482	-0,003689
77,52	-0,00551
77,558	-0,004229
77,596	-0,005214
77,634	-0,003865
77,672	-0,008182
77,71	-0,008029
77,748	-0,005985
77,786	-0,004567
77,824	-0,006738
77,862	-0,005009
77,9	-0,0075
77,938	-0,006091
77,976	-0,00296
78,014	0,000193
78,052	0,000075
78,09	-0,002388
78,128	-0,005961
78,166	-0,00382
78,204	-0,001912
78,242	-0,004478
78,28	-0,004587
78,318	-0,006423
78,356	-0,007445
78,394	-0,00643
78,432	-0,005921
78,47	-0,00615
78,508	-0,006516
78,546	-0,00632
78,584	-0,005239
78,622	-0,004367
78,66	-0,002046
78,698	-0,001826
78,736	-0,002561
78,774	-0,000105
78,812	-0,003337
78,85	-0,003792
78,888	-0,002834
78,926	-0,002913
78,964	-0,001019
79,002	0,001565
79,04	0,002728
79,078	0,004288
79,116	0,005597
79,154	0,008273
79,192	0,005629
79,23	0,00398
79,268	0,004624
79,306	0,00234
79,344	0,003766
79,382	0,015451
79,42	0,030487
79,458	0,044685
79,496	0,056505
79,534	0,064262
79,572	0,07185
79,61	0,083131
79,648	0,089232
79,686	0,098648
79,724	0,103308
79,762	0,105554
79,8	0,106951
79,838	0,10565
79,876	0,103584
79,914	0,103194
79,952	0,101568
79,99	0,098548
80,028	0,09632
80,066	0,091909
80,104	0,08522
80,142	0,083416
80,18	0,080458
80,218	0,075864
80,256	0,074584
80,294	0,067965
80,332	0,064746
80,37	0,0582
80,408	0,057091
80,446	0,054658
80,484	0,054327
80,522	0,05222
80,56	0,05116
80,598	0,048135
80,636	0,045162
80,674	0,044806
80,712	0,042886
80,75	0,040879
80,788	0,037803
80,826	0,036731
80,864	0,036632
80,902	0,032772
80,94	0,033675
80,978	0,036475
81,016	0,033755
81,054	0,031187
81,092	0,031379
81,13	0,026547
81,168	0,025071
81,206	0,024533
81,244	0,021464
81,282	0,019817
81,32	0,022291
81,358	0,02124
81,396	0,023682
81,434	0,022134
81,472	0,020594
81,51	0,016532
81,548	0,019529
81,586	0,019016
81,624	0,016014
81,662	0,015827
81,7	0,016653
81,738	0,014371
81,776	0,015448
81,814	0,019717
81,852	0,018023
81,89	0,014805
81,928	0,018145
81,966	0,018521
82,004	0,018854
82,042	0,019657
82,08	0,021447
82,118	0,016336
82,156	0,014743
82,194	0,015538
82,232	0,018528
82,27	0,016747
82,308	0,01762
82,346	0,01724
82,384	0,015044
82,422	0,009787
82,46	0,011989
82,498	0,011071
82,536	0,006682
82,574	0,004121
82,612	0,001886
82,65	0,001017
82,688	0,003848
82,726	0,006247
82,764	0,002556
82,802	-0,00028
82,84	0,001473
82,878	0,004217
82,916	0,004646
82,954	-0,001234
82,992	-0,000217
83,03	-0,000023
83,068	-0,001759
83,106	-0,001167
83,144	-0,006913
83,182	-0,009698
83,22	-0,011024
83,258	-0,008371
83,296	-0,007027
83,334	-0,006975
83,372	-0,008469
83,41	-0,007789
83,448	-0,005726
83,486	-0,005451
83,524	-0,001416
83,562	0,000648
83,6	-0,000549
83,638	-0,000407
83,676	0,001155
83,714	0,003734
83,752	0,003222
83,79	-0,000904
83,828	-0,005922
83,866	-0,006434
83,904	-0,009504
83,942	-0,006754
83,98	-0,003491
84,018	-0,003272
84,056	-0,005418
84,094	-0,008204
84,132	-0,006943
84,17	-0,005175
84,208	-0,00577
84,246	-0,004749
84,284	-0,008548
84,322	-0,003503
84,36	-0,001918
84,398	-0,00252
84,436	-0,003194
84,474	-0,00372
84,512	-0,003442
84,55	-0,003235
84,588	-0,001085
84,626	-0,000278
84,664	-0,000795
84,702	0,001123
84,74	-0,001167
84,778	-0,004198
84,816	-0,00252
84,854	-0,000686
84,892	-0,000939
84,93	-0,001181
84,968	0,001434
85,006	0,003251
85,044	0,006674
85,082	0,005091
85,12	0,001949
85,158	0,005382
85,196	0,005442
85,234	0,004294
85,272	0,004096
85,31	0,003208
85,348	0,005761
85,386	0,005245
85,424	0,009958
85,462	0,014926
85,5	0,026661
85,538	0,036021
85,576	0,04558
85,614	0,056626
85,652	0,070487
85,69	0,076849
85,728	0,083658
85,766	0,093165
85,804	0,097348
85,842	0,099025
85,88	0,104597
85,918	0,105204
85,956	0,101908
85,994	0,09945
86,032	0,095411
86,07	0,090171
86,108	0,084041
86,146	0,081035
86,184	0,082254
86,222	0,073856
86,26	0,068968
86,298	0,066408
86,336	0,063554
86,374	0,05802
86,412	0,05556
86,45	0,053368
86,488	0,051557
86,526	0,050751
86,564	0,047178
86,602	0,044647
86,64	0,043773
86,678	0,038768
86,716	0,036319
86,754	0,033555
86,792	0,031003
86,83	0,027572
86,868	0,022246
86,906	0,020589
86,944	0,020385
86,982	0,020855
87,02	0,019922
87,058	0,018305
87,096	0,016863
87,134	0,013343
87,172	0,014871
87,21	0,012793
87,248	0,011749
87,286	0,009766
87,324	0,009224
87,362	0,007391
87,4	0,014857
87,438	0,025635
87,476	0,038086
87,514	0,051502
87,552	0,064181
87,59	0,073978
87,628	0,083024
87,666	0,088747
87,704	0,092881
87,742	0,090309
87,78	0,091487
87,818	0,091115
87,856	0,091783
87,894	0,091252
87,932	0,087459
87,97	0,089367
88,008	0,086904
88,046	0,085418
88,084	0,082568
88,122	0,079736
88,16	0,075013
88,198	0,073421
88,236	0,068463
88,274	0,063571
88,312	0,059105
88,35	0,053358
88,388	0,049609
88,426	0,047778
88,464	0,045694
88,502	0,04535
88,54	0,042924
88,578	0,04072
88,616	0,039068
88,654	0,039984
88,692	0,036606
88,73	0,033463
88,768	0,029779
88,806	0,02975
88,844	0,026229
88,882	0,024811
88,92	0,020564
88,958	0,022588
88,996	0,020831
89,034	0,020978
89,072	0,017824
89,11	0,019915
89,148	0,017689
89,186	0,012572
89,224	0,010732
89,262	0,008823
89,3	0,006228
89,338	0,006477
89,376	0,005145
89,414	0,003607
89,452	0,001648
89,49	0,001189
89,528	0,00413
89,566	0,004957
89,604	0,002929
89,642	0,004992
89,68	0,005353
89,718	0,003624
89,756	0,002468
89,794	-0,001834
89,832	-0,005324
89,87	-0,005992
89,908	-0,006831
89,946	-0,006592
89,984	-0,001626
90,022	-0,000415
90,06	-0,001943
90,098	-0,002273
90,136	-0,001927
90,174	-0,006702
90,212	-0,003416
90,25	-0,00592
90,288	-0,010222
90,326	-0,009696
90,364	-0,005436
90,402	-0,004395
90,44	-0,004334
90,478	-0,002926
90,516	-0,000664
90,554	-0,001335
90,592	-0,00095
90,63	-0,002857
90,668	-0,002812
90,706	-0,005904
90,744	-0,00826
90,782	-0,008321
90,82	-0,006265
90,858	-0,006581
90,896	-0,008165
90,934	-0,007995
90,972	-0,00636
91,01	-0,010338
91,048	-0,009015
91,086	-0,009869
91,124	-0,007234
91,162	-0,007216
91,2	-0,00439
91,238	-0,005174
91,276	-0,007417
91,314	-0,012245
91,352	-0,008239
91,39	-0,010923
91,428	-0,008221
91,466	-0,004453
91,504	-0,001822
91,542	0,003427
91,58	0,01116
91,618	0,024138
91,656	0,039976
91,694	0,053286
91,732	0,06658
91,77	0,078476
91,808	0,084106
91,846	0,092471
91,884	0,094748
91,922	0,098316
91,96	0,099702
91,998	0,100399
92,036	0,097332
92,074	0,095028
92,112	0,096662
92,15	0,094468
92,188	0,089799
92,226	0,089472
92,264	0,088263
92,302	0,086485
92,34	0,086629
92,378	0,084691
92,416	0,080329
92,454	0,075403
92,492	0,069529
92,53	0,066174
92,568	0,061756
92,606	0,058274
92,644	0,055777
92,682	0,054204
92,72	0,051846
92,758	0,048789
92,796	0,048935
92,834	0,046559
92,872	0,043966
92,91	0,042148
92,948	0,039212
92,986	0,036257
93,024	0,032113
93,062	0,035789
93,1	0,034729
93,138	0,031355
93,176	0,031236
93,214	0,029705
93,252	0,027272
93,29	0,028197
93,328	0,026087
93,366	0,022856
93,404	0,021947
93,442	0,018529
93,48	0,02046
93,518	0,02436
93,556	0,025193
93,594	0,023965
93,632	0,020708
93,67	0,020208
93,708	0,012162
93,746	0,014955
93,784	0,013162
93,822	0,008371
93,86	0,012045
93,898	0,008896
93,936	0,011099
93,974	0,011215
94,012	0,010727
94,05	0,01348
94,088	0,013029
94,126	0,010401
94,164	0,008904
94,202	0,008335
94,24	0,006139
94,278	0,003289
94,316	0,003914
94,354	-0,001022
94,392	-0,001109
94,43	-0,001661
94,468	0,001779
94,506	0,000623
94,544	-0,003005
94,582	0,000879
94,62	0,000143
94,658	-0,001961
94,696	0,000675
94,734	0,000936
94,772	0,002809
94,81	0,005267
94,848	0,005381
94,886	0,008412
94,924	0,004568
94,962	0,004322
95	0,000593
95,038	0,000658
95,076	-0,003559
95,114	-0,001019
95,152	0,003486
95,19	0,011487
95,228	0,023186
95,266	0,038477
95,304	0,048791
95,342	0,060641
95,38	0,074297
95,418	0,084325
95,456	0,090654
95,494	0,098988
95,532	0,103649
95,57	0,108204
95,608	0,108662
95,646	0,107335
95,684	0,103569
95,722	0,103225
95,76	0,103475
95,798	0,099996
95,836	0,099414
95,874	0,094231
95,912	0,091008
95,95	0,084122
95,988	0,08045
96,026	0,077782
96,064	0,073863
96,102	0,072701
96,14	0,069551
96,178	0,06945
96,216	0,06734
96,254	0,060946
96,292	0,055117
96,33	0,048849
96,368	0,048144
96,406	0,040942
96,444	0,038876
96,482	0,034974
96,52	0,034948
96,558	0,037487
96,596	0,03831
96,634	0,038245
96,672	0,032853
96,71	0,034311
96,748	0,032797
96,786	0,031651
96,824	0,028672
96,862	0,030157
96,9	0,028558
96,938	0,030916
96,976	0,031589
97,014	0,031396
97,052	0,029423
97,09	0,029656
97,128	0,030919
97,166	0,028331
97,204	0,026992
97,242	0,028659
97,28	0,021283
97,318	0,015763
97,356	0,015889
97,394	0,013484
97,432	0,015071
97,47	0,018623
97,508	0,020016
97,546	0,017905
97,584	0,019143
97,622	0,023263
97,66	0,029498
97,698	0,041703
97,736	0,051486
97,774	0,066837
97,812	0,078192
97,85	0,090287
97,888	0,094797
97,926	0,100823
97,964	0,106425
98,002	0,106561
98,04	0,110054
98,078	0,111227
98,116	0,110962
98,154	0,110309
98,192	0,109498
98,23	0,105963
98,268	0,104473
98,306	0,096568
98,344	0,094329
98,382	0,088364
98,42	0,083391
98,458	0,076179
98,496	0,076317
98,534	0,070225
98,572	0,066798
98,61	0,062782
98,648	0,059341
98,686	0,056903
98,724	0,055822
98,762	0,05371
98,8	0,050113
98,838	0,048344
98,876	0,050253
98,914	0,045039
98,952	0,037517
98,99	0,030452
99,028	0,031821
99,066	0,028231
99,104	0,030583
99,142	0,024706
99,18	0,023274
99,218	0,021
99,256	0,019818
99,294	0,018663
99,332	0,013435
99,37	0,009195
99,408	0,00952
99,446	0,009643
99,484	0,004785
99,522	0,002745
99,56	-0,002949
99,598	-0,001931
99,636	-0,003659
99,674	-0,00581
99,712	-0,003679
99,75	-0,005532
99,788	-0,005991
99,826	-0,011242
99,864	-0,011345
99,902	-0,00971
99,94	-0,011657
99,978	-0,011918
100,016	-0,010518
100,054	-0,011871
100,092	-0,011376
100,13	-0,012314
100,168	-0,01168
100,206	-0,01197
100,244	-0,011598
100,282	-0,012803
100,32	-0,014359
100,358	-0,011489
100,396	-0,010528
100,434	-0,009557
100,472	-0,009961
100,51	-0,014007
100,548	-0,010171
100,586	-0,012949
100,624	-0,011676
100,662	-0,008486
100,7	-0,008878
100,738	-0,006325
100,776	-0,006278
100,814	-0,006972
100,852	-0,003524
100,89	-0,003368
100,928	-0,009136
100,966	-0,010468
101,004	-0,007802
101,042	-0,009037
101,08	-0,008157
101,118	-0,01173
101,156	-0,014546
101,194	-0,016735
101,232	-0,017111
101,27	-0,020059
101,308	-0,015862
101,346	-0,017073
101,384	-0,016211
101,422	-0,015248
101,46	-0,011612
101,498	-0,013243
101,536	-0,012617
101,574	-0,012656
101,612	-0,010661
101,65	-0,008385
101,688	-0,009269
101,726	-0,010296
101,764	-0,011064
101,802	-0,01178
101,84	-0,014892
101,878	-0,015231
101,916	-0,017175
101,954	-0,016226
101,992	-0,016727
102,03	-0,016915
102,068	-0,013058
102,106	-0,011591
102,144	-0,007934
102,182	-0,007559
102,22	-0,005462
102,258	-0,001391
102,296	-0,005193
102,334	-0,00042
102,372	0,00108
102,41	-0,000348
102,448	-0,004747
102,486	-0,004491
102,524	-0,003969
102,562	-0,003714
102,6	-0,004445
102,638	-0,003006
102,676	-0,002541
102,714	-0,000598
102,752	-0,000156
102,79	0,00024
102,828	0,001687
102,866	0,001608
102,904	0,00037
102,942	0,000297
102,98	-0,00061
103,018	-0,000245
103,056	-0,003573
103,094	-0,007069
103,132	-0,005852
103,17	-0,00635
103,208	-0,004673
103,246	-0,003156
103,284	-0,00128
103,322	0,001003
103,36	0,001929
103,398	0,004782
103,436	0,004215
103,474	0,000323
103,512	0,004156
103,55	0,002759
103,588	0,00533
103,626	0,003813
103,664	0,00448
103,702	0,007832
103,74	0,020117
103,778	0,033907
103,816	0,046542
103,854	0,058049
103,892	0,070704
103,93	0,078134
103,968	0,085281
104,006	0,096561
104,044	0,101161
104,082	0,103505
104,12	0,11163
104,158	0,113009
104,196	0,110226
104,234	0,109244
104,272	0,110515
104,31	0,105182
104,348	0,105743
104,386	0,102334
104,424	0,099082
104,462	0,099621
104,5	0,093515
104,538	0,083817
104,576	0,081643
104,614	0,08023
104,652	0,082344
104,69	0,078196
104,728	0,075254
104,766	0,075063
104,804	0,072552
104,842	0,064626
104,88	0,056805
104,918	0,0559
104,956	0,058049
104,994	0,053267
105,032	0,053898
105,07	0,049169
105,108	0,05662
105,146	0,055029
105,184	0,055677
105,222	0,054461
105,26	0,05012
105,298	0,046363
105,336	0,043577
105,374	0,038589
105,412	0,036154
105,45	0,037414
105,488	0,031409
105,526	0,029658
105,564	0,029412
105,602	0,024122
105,64	0,021434
105,678	0,017897
105,716	0,014365
105,754	0,015268
105,792	0,012516
105,83	0,01553
105,868	0,015669
105,906	0,01255
105,944	0,015311
105,982	0,012781
106,02	0,012807
106,058	0,014621
106,096	0,013491
106,134	0,014788
106,172	0,015086
106,21	0,01598
106,248	0,016982
106,286	0,01998
106,324	0,017424
106,362	0,016652
106,4	0,01405
106,438	0,019632
106,476	0,015292
106,514	0,01376
106,552	0,010914
106,59	0,010963
106,628	0,00819
106,666	0,005815
106,704	0,007311
106,742	0,003846
106,78	0,006616
106,818	0,0059
106,856	0,00475
106,894	0,002424
106,932	0,002555
106,97	0,001292
107,008	0,000994
107,046	0,00618
107,084	0,00475
107,122	0,003336
107,16	0,004004
107,198	0,002155
107,236	0,003172
107,274	0,005584
107,312	0,007028
107,35	0,005823
107,388	0,009222
107,426	0,009253
107,464	0,012373
107,502	0,015818
107,54	0,019588
107,578	0,018627
107,616	0,013799
107,654	0,012079
107,692	0,00869
107,73	0,009469
107,768	0,006793
107,806	0,007398
107,844	0,005991
107,882	0,003353
107,92	0,001599
107,958	0,004002
107,996	0,003376
108,034	0,000897
108,072	0,002648
108,11	0,002951
108,148	0,001077
108,186	0,001968
108,224	0,00428
108,262	0,005432
108,3	0,004695
108,338	0,004356
108,376	0,008091
108,414	0,007652
108,452	0,01011
108,49	0,010296
108,528	0,004629
108,566	0,008249
108,604	0,002714
108,642	-0,000569
108,68	0,000463
108,718	0,000827
108,756	0,00183
108,794	0,000647
108,832	-0,003157
108,87	0,000654
108,908	0,005116
108,946	0,005235
108,984	-0,000251
109,022	-0,000164
109,06	-0,000081
109,098	0,001576
109,136	0,000785
109,174	0,002043
109,212	0,002171
109,25	-0,002393
109,288	-0,00192
109,326	-0,001139
109,364	-0,002498
109,402	-0,000842
109,44	0,000701
109,478	-0,003564
109,516	-0,002627
109,554	-0,003748
109,592	-0,002113
109,63	0,002621
109,668	0,003554
109,706	0,002428
109,744	0,004875
109,782	0,007231
109,82	0,015174
109,858	0,028013
109,896	0,038488
109,934	0,048962
109,972	0,058675
110,01	0,067917
110,048	0,07367
110,086	0,083175
110,124	0,091431
110,162	0,098107
110,2	0,101244
110,238	0,095844
110,276	0,095025
110,314	0,092825
110,352	0,092641
110,39	0,090478
110,428	0,08896
110,466	0,084876
110,504	0,079103
110,542	0,070081
110,58	0,069961
110,618	0,064746
110,656	0,067018
110,694	0,059593
110,732	0,053338
110,77	0,050445
110,808	0,044351
110,846	0,044532
110,884	0,043379
110,922	0,046071
110,96	0,047161
110,998	0,045451
111,036	0,046596
111,074	0,044716
111,112	0,041526
111,15	0,038561
111,188	0,036487
111,226	0,03537
111,264	0,033848
111,302	0,033188
111,34	0,032533
111,378	0,028561
111,416	0,025709
111,454	0,024818
111,492	0,020217
111,53	0,018912
111,568	0,019248
111,606	0,017622
111,644	0,013336
111,682	0,012618
111,72	0,014039
111,758	0,014782
111,796	0,014688
111,834	0,013576
111,872	0,017012
111,91	0,012506
111,948	0,007416
111,986	0,01262
112,024	0,015077
112,062	0,014276
112,1	0,015465
112,138	0,014053
112,176	0,012718
112,214	0,011881
112,252	0,011896
112,29	0,011852
112,328	0,010779
112,366	0,009175
112,404	0,006308
112,442	0,010389
112,48	0,011994
112,518	0,010267
112,556	0,011655
112,594	0,012041
112,632	0,010073
112,67	0,010465
112,708	0,011782
112,746	0,013006
112,784	0,012086
112,822	0,012493
112,86	0,012583
112,898	0,010245
112,936	0,004759
112,974	0,005291
113,012	0,000283
113,05	-0,000628
113,088	-0,00504
113,126	-0,004265
113,164	-0,000228
113,202	0,004236
113,24	0,016098
113,278	0,026117
113,316	0,035046
113,354	0,046921
113,392	0,056897
113,43	0,06525
113,468	0,073126
113,506	0,081582
113,544	0,090792
113,582	0,095584
113,62	0,099214
113,658	0,099228
113,696	0,099877
113,734	0,094499
113,772	0,089278
113,81	0,087107
113,848	0,080262
113,886	0,0761
113,924	0,072699
113,962	0,071175
114	0,070441
114,038	0,071828
114,076	0,066421
114,114	0,066156
114,152	0,062141
114,19	0,055563
114,228	0,057574
114,266	0,056202
114,304	0,054571
114,342	0,057006
114,38	0,053331
114,418	0,054884
114,456	0,052376
114,494	0,049753
114,532	0,046275
114,57	0,039713
114,608	0,03503
114,646	0,032771
114,684	0,030141
114,722	0,028337
114,76	0,024673
114,798	0,021799
114,836	0,02028
114,874	0,020966
114,912	0,021748
114,95	0,018444
114,988	0,015595
115,026	0,015885
115,064	0,016337
115,102	0,017681
115,14	0,020524
115,178	0,022171
115,216	0,023587
115,254	0,024433
115,292	0,028538
115,33	0,027715
115,368	0,026438
115,406	0,023701
115,444	0,020946
115,482	0,014118
115,52	0,014467
115,558	0,011725
115,596	0,007396
115,634	0,008518
115,672	0,004956
115,71	0,006275
115,748	0,002718
115,786	0,003772
115,824	-0,00212
115,862	-0,000893
115,9	0,005121
115,938	0,009183
115,976	0,019573
116,014	0,029691
116,052	0,04266
116,09	0,049783
116,128	0,059089
116,166	0,068743
116,204	0,070812
116,242	0,078738
116,28	0,080351
116,318	0,078899
116,356	0,076258
116,394	0,071393
116,432	0,071481
116,47	0,070119
116,508	0,065241
116,546	0,062358
116,584	0,058111
116,622	0,056989
116,66	0,053986
116,698	0,054217
116,736	0,054812
116,774	0,046891
116,812	0,046711
116,85	0,040889
116,888	0,044868
116,926	0,044537
116,964	0,038332
117,002	0,034247
117,04	0,033482
117,078	0,03138
117,116	0,030965
117,154	0,025447
117,192	0,022851
117,23	0,022246
117,268	0,022856
117,306	0,020234
117,344	0,013802
117,382	0,014535
117,42	0,010672
117,458	0,010748
117,496	0,012384
117,534	0,009188
117,572	0,004091
117,61	-0,002901
117,648	-0,004566
117,686	-0,006433
117,724	-0,005831
117,762	-0,004731
117,8	-0,005854
117,838	-0,006557
117,876	-0,005779
117,914	-0,00587
117,952	-0,005287
117,99	-0,005384
118,028	-0,00977
118,066	-0,009783
118,104	-0,012651
118,142	-0,01399
118,18	-0,007746
118,218	-0,006728
118,256	-0,007607
118,294	-0,008696
118,332	-0,007853
118,37	-0,007086
118,408	-0,009687
118,446	-0,009505
118,484	-0,010647
118,522	-0,007199
118,56	-0,009002
118,598	-0,007567
118,636	-0,01376
118,674	-0,011403
118,712	-0,008046
118,75	-0,005489
118,788	-0,001369
118,826	-0,004001
118,864	-0,002226
118,902	-0,000985
118,94	0,000298
118,978	-0,001265
119,016	-0,001055
119,054	0,001113
119,092	-0,000161
119,13	-0,003468
119,168	-0,004651
119,206	-0,00778
119,244	-0,009473
119,282	-0,010028
119,32	-0,008609
119,358	-0,003867
119,396	-0,004057
119,434	-0,004026
119,472	-0,004578
119,51	-0,001413
119,548	-0,000734
119,586	0,000776
119,624	-0,001118
119,662	-0,001466
119,7	0,001861
119,738	0,001092
119,776	0,004125
119,814	0,000545
119,852	-0,002349
119,89	0,001053
119,928	-0,002119
119,966	0,001108
120,004	0,004667
120,042	0,004133
120,08	0,004194
120,118	0,004423
120,156	0,005662
120,194	0,004899
120,232	0,00635
120,27	0,006964
120,308	0,005953
120,346	0,008347
120,384	0,007554
120,422	0,005542
120,46	0,006398
120,498	0,000613
120,536	0,00113
120,574	-0,000075
120,612	-0,003741
120,65	-0,002016
120,688	-0,003312
120,726	-0,001864
120,764	-0,001808
120,802	0,006114
120,84	0,007871
120,878	0,010643
120,916	0,007533
120,954	0,005621
120,992	0,004589
121,03	0,005216
121,068	0,005684
121,106	0,00285
121,144	0,000944
121,182	-0,000244
121,22	-0,000079
121,258	0,000884
121,296	0,003599
121,334	0,003937
121,372	0,011159
121,41	0,006864
121,448	0,001778
121,486	0,001614
121,524	0,001918
121,562	0,000694
121,6	0,001104
121,638	-0,00063
121,676	0,002365
121,714	0,003916
121,752	0,00192
121,79	0,000544
121,828	0,003231
121,866	0,004745
121,904	0,00458
121,942	0,005809
121,98	0,008415
122,018	0,021127
122,056	0,035099
122,094	0,042788
122,132	0,055443
122,17	0,066415
122,208	0,07867
122,246	0,088221
122,284	0,098862
122,322	0,10308
122,36	0,105807
122,398	0,107243
122,436	0,108866
122,474	0,107417
122,512	0,104632
122,55	0,099472
122,588	0,095523
122,626	0,088581
122,664	0,086435
122,702	0,079787
122,74	0,077719
122,778	0,071464
122,816	0,071579
122,854	0,070303
122,892	0,070169
122,93	0,067759
122,968	0,065759
123,006	0,062457
123,044	0,061304
123,082	0,06346
123,12	0,061032
123,158	0,053608
123,196	0,053684
123,234	0,050792
123,272	0,050582
123,31	0,043901
123,348	0,040222
123,386	0,035973
123,424	0,03349
123,462	0,03105
123,5	0,025529
123,538	0,027618
123,576	0,026341
123,614	0,024627
123,652	0,021675
123,69	0,02245
123,728	0,021068
123,766	0,014403
123,804	0,011832
123,842	0,012651
123,88	0,010432
123,918	0,00641
123,956	0,005316
123,994	0,005993
124,032	0,008027
124,07	0,007417
124,108	0,011114
124,146	0,00844
124,184	0,0154
124,222	0,012859
124,26	0,013432
124,298	0,00877
124,336	0,009878
124,374	0,010574
124,412	0,010712
124,45	0,008533
124,488	0,005188
124,526	0,002895
124,564	0,003128
124,602	0,003321
124,64	0,005512
124,678	0,00198
124,716	0,000378
124,754	0,000535
124,792	0,002094
124,83	-0,003872
124,868	-0,003998
124,906	-0,002785
124,944	-0,001773
124,982	-0,003823
125,02	-0,000707
125,058	0,00199
125,096	0,00423
125,134	0,006256
125,172	0,003902
125,21	0,003276
125,248	0,001077
125,286	-0,000622
125,324	-0,000325
125,362	0,00212
125,4	0,000603
125,438	0,000134
125,476	-0,002193
125,514	-0,005001
125,552	-0,006565
125,59	-0,005404
125,628	-0,006037
125,666	-0,005194
125,704	-0,003238
125,742	-0,002984
125,78	-0,006166
125,818	-0,005781
125,856	-0,011003
125,894	-0,010607
125,932	-0,008966
125,97	-0,00975
126,008	-0,009967
126,046	-0,010594
126,084	-0,008156
126,122	-0,009774
126,16	-0,006512
126,198	-0,005032
126,236	-0,008005
126,274	-0,00278
126,312	-0,005239
126,35	-0,00537
126,388	-0,00506
126,426	-0,000805
126,464	-0,001545
126,502	-0,003175
126,54	-0,004439
126,578	-0,00634
126,616	-0,004414
126,654	-0,004889
126,692	-0,000625
126,73	0,000557
126,768	0,001007
126,806	-0,000417
126,844	0,001627
126,882	-0,000135
126,92	0,000686
126,958	0,000337
126,996	-0,001865
127,034	-0,001019
127,072	0,003394
127,11	0,005412
127,148	0,005111
127,186	0,002501
127,224	-0,000361
127,262	0,003465
127,3	0,001129
127,338	-0,002009
127,376	-0,001724
127,414	-0,002581
127,452	-0,004381
127,49	-0,001938
127,528	0,000426
127,566	0,003003
127,604	0,007578
127,642	0,004192
127,68	0,003167
127,718	0,006637
127,756	0,009464
127,794	0,008828
127,832	0,008701
127,87	0,005451
127,908	0,007686
127,946	0,009489
127,984	0,008282
128,022	0,007839
128,06	0,013729
128,098	0,022811
128,136	0,036864
128,174	0,049669
128,212	0,058674
128,25	0,068903
128,288	0,082133
128,326	0,090773
128,364	0,09843
128,402	0,099022
128,44	0,102174
128,478	0,102908
128,516	0,10601
128,554	0,106755
128,592	0,10605
128,63	0,101986
128,668	0,099564
128,706	0,093082
128,744	0,090487
128,782	0,079933
128,82	0,074515
128,858	0,069645
128,896	0,068161
128,934	0,061179
128,972	0,056177
129,01	0,054082
129,048	0,051907
129,086	0,048893
129,124	0,044465
129,162	0,038473
129,2	0,039931
129,238	0,038981
129,276	0,037967
129,314	0,034416
129,352	0,031299
129,39	0,025666
129,428	0,022816
129,466	0,022607
129,504	0,015181
129,542	0,012342
129,58	0,015956
129,618	0,013578
129,656	0,012262
129,694	0,011775
129,732	0,012305
129,77	0,009919
129,808	0,006333
129,846	0,004241
129,884	0,003554
129,922	0,001488
129,96	0,001929
129,998	0,005107
130,036	0,004804
130,074	0,001066
130,112	0,00355
130,15	0,00118
130,188	0,003739
130,226	0,002861
130,264	0,004498
130,302	0,003025
130,34	0,004942
130,378	0,00453
130,416	0,004513
130,454	0,004155
130,492	0,006502
130,53	0,004185
130,568	0,002259
130,606	0,003303
130,644	0,006813
130,682	0,006674
130,72	0,006384
130,758	0,006415
130,796	0,003174
130,834	0,001091
130,872	0,001627
130,91	0,001675
130,948	0,000715
130,986	0,000634
131,024	0,002661
131,062	0,00367
131,1	0,004279
131,138	0,002302
131,176	0,003373
131,214	0,004429
131,252	0,003815
131,29	-0,000779
131,328	0,00094
131,366	0,001871
131,404	0,003318
131,442	-0,000545
131,48	-0,001908
131,518	-0,00225
131,556	-0,00329
131,594	-0,000383
131,632	-0,000556
131,67	-0,002619
131,708	-0,00393
131,746	-0,007271
131,784	-0,004772
131,822	-0,001085
131,86	0,000488
131,898	-0,001018
131,936	0,000346
131,974	0,00171
132,012	0,00296
132,05	0,00257
132,088	0,00132
132,126	-0,000698
132,164	0,006381
132,202	0,005836
132,24	-0,000133
132,278	-0,001529
132,316	-0,001788
132,354	-0,006417
132,392	-0,007146
132,43	-0,005524
132,468	-0,004336
132,506	-0,001015
132,544	-0,000637
132,582	-0,002358
132,62	0,001047
132,658	0,003047
132,696	-0,000043
132,734	-0,00043
132,772	-0,00113
132,81	-0,000256
132,848	0,001475
132,886	0,004633
132,924	0,001999
132,962	0,002762
133	0,004787
133,038	0,002651
133,076	0,004656
133,114	0,001172
133,152	0,003392
133,19	0,003131
133,228	0,002205
133,266	0,003882
133,304	0,006386
133,342	0,003923
133,38	0,004494
133,418	0,00453
133,456	0,00307
133,494	0,006574
133,532	0,005104
133,57	0,007882
133,608	0,010131
133,646	0,012111
133,684	0,010817
133,722	0,006922
133,76	0,006195
133,798	0,008425
133,836	0,011881
133,874	0,013198
133,912	0,0144
133,95	0,012685
133,988	0,015147
134,026	0,012588
134,064	0,011638
134,102	0,008746
134,14	0,004028
134,178	0,010876
134,216	0,018214
134,254	0,027454
134,292	0,040204
134,33	0,052485
134,368	0,068976
134,406	0,079364
134,444	0,08858
134,482	0,092995
134,52	0,096155
134,558	0,100103
134,596	0,101215
134,634	0,100916
134,672	0,09873
134,71	0,099305
134,748	0,099172
134,786	0,097236
134,824	0,093083
134,862	0,09264
134,9	0,089779
134,938	0,082478
134,976	0,077818
135,014	0,072133
135,052	0,069646
135,09	0,066199
135,128	0,063126
135,166	0,061137
135,204	0,060266
135,242	0,058935
135,28	0,055175
135,318	0,051783
135,356	0,048644
135,394	0,044492
135,432	0,040225
135,47	0,039243
135,508	0,037377
135,546	0,035777
135,584	0,037167
135,622	0,032043
135,66	0,033549
135,698	0,030457
135,736	0,032475
135,774	0,032015
135,812	0,034491
135,85	0,0322
135,888	0,026237
135,926	0,022219
135,964	0,02142
136,002	0,01902
136,04	0,018843
136,078	0,017397
136,116	0,018169
136,154	0,019999
136,192	0,017059
136,23	0,0162
136,268	0,019219
136,306	0,018427
136,344	0,016469
136,382	0,012612
136,42	0,01204
136,458	0,00977
136,496	0,009559
136,534	0,008745
136,572	0,006555
136,61	0,004824
136,648	0,006083
136,686	0,004911
136,724	0,006217
136,762	0,00681
136,8	0,003611
136,838	0,007106
136,876	0,001893
136,914	-0,001354
136,952	0,00095
136,99	0,002105
137,028	-0,002328
137,066	-0,006583
137,104	-0,006709
137,142	-0,005738
137,18	-0,00458
137,218	-0,004257
137,256	-0,005408
137,294	-0,004011
137,332	-0,005103
137,37	-0,005696
137,408	-0,003887
137,446	-0,00158
137,484	0,001634
137,522	0,001664
137,56	0,002053
137,598	0,002565
137,636	0,000247
137,674	-0,001536
137,712	-0,005706
137,75	-0,0088
137,788	-0,011662
137,826	-0,008726
137,864	-0,003807
137,902	-0,000965
137,94	-0,003333
137,978	-0,004188
138,016	-0,005515
138,054	-0,005335
138,092	-0,006302
138,13	-0,009999
138,168	-0,006395
138,206	-0,007812
138,244	-0,006718
138,282	-0,006043
138,32	-0,005384
138,358	-0,004632
138,396	-0,009093
138,434	-0,008125
138,472	-0,005612
138,51	-0,007841
138,548	-0,007646
138,586	-0,005391
138,624	-0,003824
138,662	-0,003777
138,7	0,003153
138,738	0,012994
138,776	0,022848
138,814	0,033492
138,852	0,046184
138,89	0,057336
138,928	0,069054
138,966	0,078557
139,004	0,083661
139,042	0,089979
139,08	0,094617
139,118	0,098984
139,156	0,096864
139,194	0,095523
139,232	0,094709
139,27	0,092545
139,308	0,090212
139,346	0,082987
139,384	0,07674
139,422	0,071638
139,46	0,07224
139,498	0,068613
139,536	0,06529
139,574	0,064787
139,612	0,061644
139,65	0,056984
139,688	0,053919
139,726	0,052399
139,764	0,049024
139,802	0,044117
139,84	0,043194
139,878	0,041601
139,916	0,039228
139,954	0,041024
139,992	0,039553
140,03	0,041366
140,068	0,03638
140,106	0,037074
140,144	0,034633
140,182	0,033345
140,22	0,034974
140,258	0,042263
140,296	0,053457
140,334	0,064974
140,372	0,07317
140,41	0,081758
140,448	0,092233
140,486	0,103376
140,524	0,108746
140,562	0,119359
140,6	0,122552
140,638	0,121335
140,676	0,121956
140,714	0,125725
140,752	0,122016
140,79	0,119622
140,828	0,119434
140,866	0,112508
140,904	0,109688
140,942	0,107243
140,98	0,103545
141,018	0,09617
141,056	0,090797
141,094	0,087863
141,132	0,08269
141,17	0,079195
141,208	0,073892
141,246	0,07651
141,284	0,076494
141,322	0,074351
141,36	0,070602
141,398	0,068077
141,436	0,061107
141,474	0,060566
141,512	0,056121
141,55	0,053286
141,588	0,050516
141,626	0,050334
141,664	0,051802
141,702	0,0483
141,74	0,044308
141,778	0,036319
141,816	0,034127
141,854	0,030825
141,892	0,032701
141,93	0,030314
141,968	0,031038
142,006	0,024349
142,044	0,026115
142,082	0,025784
142,12	0,022577
142,158	0,018924
142,196	0,016338
142,234	0,013539
142,272	0,006553
142,31	0,008067
142,348	0,013485
142,386	0,010578
142,424	0,009037
142,462	0,00379
142,5	0,005492
142,538	0,001942
142,576	0,000977
142,614	0,003749
142,652	-0,001556
142,69	-0,000065
142,728	0,000246
142,766	0,001892
142,804	0,003058
142,842	0,006141
142,88	0,001899
142,918	0,003872
142,956	0,003176
142,994	0,003523
143,032	-0,002487
143,07	-0,002567
143,108	-0,004128
143,146	-0,005869
143,184	-0,011181
143,222	-0,012268
143,26	-0,008865
143,298	-0,013283
143,336	-0,010207
143,374	-0,009657
143,412	-0,01297
143,45	-0,010142
143,488	-0,007975
143,526	-0,006637
143,564	-0,004218
143,602	-0,000681
143,64	-0,002808
143,678	0,002884
143,716	0,003646
143,754	0,004367
143,792	0,007824
143,83	0,006174
143,868	0,007994
143,906	0,008313
143,944	0,005388
143,982	0,002493
144,02	0,001899
144,058	0,00082
144,096	0,001336
144,134	0,00467
144,172	0,006067
144,21	0,004305
144,248	0,003697
144,286	0,006379
144,324	0,006844
144,362	0,004638
144,4	0,005602
144,438	0,009085
144,476	0,010818
144,514	0,009162
144,552	0,007638
144,59	0,004947
144,628	0,004896
144,666	0,00498
144,704	0,006398
144,742	0,004749
144,78	0,00212
144,818	-0,001047
144,856	0,000627
144,894	0,002587
144,932	-0,000886
144,97	-0,00146
145,008	-0,004754
145,046	-0,007117
145,084	-0,007203
145,122	-0,001065
145,16	-0,000791
145,198	-0,003814
145,236	-0,000499
145,274	-0,002843
145,312	-0,004367
145,35	-0,000871
145,388	-0,006634
145,426	-0,006369
145,464	-0,002394
145,502	-0,002251
145,54	-0,004061
145,578	-0,002528
145,616	0,000268
145,654	-0,004312
145,692	-0,00145
145,73	-0,002907
145,768	-0,004934
145,806	-0,006929
145,844	-0,002151
145,882	0,002718
145,92	0,00671
145,958	0,008412
145,996	0,008442
146,034	0,005073
146,072	0,005368
146,11	0,006798
146,148	0,006098
146,186	0,007704
146,224	0,005642
146,262	0,00149
146,3	0,000856
146,338	0,005366
146,376	0,009614
146,414	0,018722
146,452	0,028899
146,49	0,043536
146,528	0,058291
146,566	0,071858
146,604	0,077182
146,642	0,080311
146,68	0,084813
146,718	0,086425
146,756	0,090225
146,794	0,092261
146,832	0,089709
146,87	0,086541
146,908	0,087219
146,946	0,083989
146,984	0,08171
147,022	0,076924
147,06	0,077658
147,098	0,078049
147,136	0,076531
147,174	0,077239
147,212	0,074196
147,25	0,066816
147,288	0,063059
147,326	0,060512
147,364	0,059521
147,402	0,057143
147,44	0,056461
147,478	0,052379
147,516	0,048443
147,554	0,044067
147,592	0,042295
147,63	0,039655
147,668	0,041609
147,706	0,047311
147,744	0,047282
147,782	0,040889
147,82	0,037554
147,858	0,034123
147,896	0,035869
147,934	0,034297
147,972	0,030036
148,01	0,031315
148,048	0,028299
148,086	0,029659
148,124	0,031458
148,162	0,027691
148,2	0,024741
148,238	0,023024
148,276	0,02194
148,314	0,022049
148,352	0,021688
148,39	0,016753
148,428	0,014787
148,466	0,008129
148,504	0,004016
148,542	0,009043
148,58	0,010053
148,618	0,012769
148,656	0,00801
148,694	0,008518
148,732	0,005121
148,77	0,005239
148,808	0,00492
148,846	0,006694
148,884	0,003836
148,922	0,008592
148,96	0,01228
148,998	0,011179
149,036	0,011463
149,074	0,011391
149,112	0,006561
149,15	0,009341
149,188	0,008047
149,226	0,008344
149,264	0,01113
149,302	0,013526
149,34	0,011695
149,378	0,012834
149,416	0,014426
149,454	0,017116
149,492	0,016147
149,53	0,012598
149,568	0,016211
149,606	0,014622
149,644	0,013234
149,682	0,009394
149,72	0,008481
149,758	0,010495
149,796	0,007027
149,834	0,007594
149,872	0,007341
149,91	0,001619
149,948	-0,001386
149,986	-0,000569
150,024	-0,002819
150,062	-0,002433
150,1	-0,005097
150,138	0,002079
150,176	0,001089
150,214	-0,00147
150,252	-0,001095
150,29	-0,002136
150,328	-0,004132
150,366	-0,006136
150,404	-0,001457
150,442	-0,004352
150,48	-0,002308
150,518	-0,006048
150,556	-0,008663
150,594	-0,006938
150,632	-0,007201
150,67	-0,00347
150,708	-0,003746
150,746	-0,002815
150,784	-0,006032
150,822	-0,004689
150,86	-0,004491
150,898	-0,003454
150,936	-0,00676
150,974	-0,004651
151,012	-0,006569
151,05	-0,008576
151,088	-0,003431
151,126	-0,004466
151,164	-0,001484
151,202	-0,002576
151,24	-0,003794
151,278	-0,002144
151,316	-0,001707
151,354	-0,000762
151,392	-0,000071
151,43	0,002988
151,468	0,000551
151,506	-0,00167
151,544	-0,002934
151,582	-0,00385
151,62	-0,005657
151,658	-0,005118
151,696	-0,00123
151,734	-0,001196
151,772	0,002384
151,81	-0,001431
151,848	-0,001041
151,886	-0,002499
151,924	0,002426
151,962	0,000789
152	-0,001958
152,038	-0,000515
152,076	-0,002175
152,114	-0,000843
152,152	0,001452
152,19	-0,000966
152,228	0,002994
152,266	0,012013
152,304	0,021962
152,342	0,033185
152,38	0,043556
152,418	0,050804
152,456	0,063048
152,494	0,073364
152,532	0,08579
152,57	0,089007
152,608	0,093701
152,646	0,103441
152,684	0,107297
152,722	0,109768
152,76	0,107661
152,798	0,107888
152,836	0,104598
152,874	0,103959
152,912	0,099275
152,95	0,095628
152,988	0,093228
153,026	0,08793
153,064	0,083435
153,102	0,07983
153,14	0,079492
153,178	0,070109
153,216	0,068357
153,254	0,067696
153,292	0,066929
153,33	0,062812
153,368	0,059629
153,406	0,063404
153,444	0,059846
153,482	0,060388
153,52	0,059993
153,558	0,056916
153,596	0,058868
153,634	0,053795
153,672	0,056682
153,71	0,052046
153,748	0,051359
153,786	0,052311
153,824	0,046465
153,862	0,046629
153,9	0,044292
153,938	0,042695
153,976	0,041936
154,014	0,040859
154,052	0,034629
154,09	0,034134
154,128	0,032997
154,166	0,027724
154,204	0,025274
154,242	0,028364
154,28	0,022878
154,318	0,024971
154,356	0,024006
154,394	0,024385
154,432	0,024698
154,47	0,025354
154,508	0,024321
154,546	0,023068
154,584	0,022257
154,622	0,017256
154,66	0,01497
154,698	0,012906
154,736	0,011872
154,774	0,013659
154,812	0,012831
154,85	0,017995
154,888	0,020122
154,926	0,01932
154,964	0,016688
155,002	0,012195
155,04	0,009649
155,078	0,00978
155,116	0,013087
155,154	0,01212
155,192	0,011208
155,23	0,006421
155,268	0,007957
155,306	0,011309
155,344	0,012299
155,382	0,012852
155,42	0,014722
155,458	0,015163
155,496	0,014201
155,534	0,015161
155,572	0,013402
155,61	0,008893
155,648	0,006692
155,686	0,005117
155,724	0,003449
155,762	0,002598
155,8	0,000473
155,838	0,000095
155,876	0,000601
155,914	0,002287
155,952	0,004118
155,99	0,003884
156,028	0,005687
156,066	0,008897
156,104	0,005455
156,142	0,00315
156,18	0,004019
156,218	0,006961
156,256	0,008601
156,294	0,008886
156,332	0,010844
156,37	0,010501
156,408	0,006747
156,446	0,005648
156,484	0,000382
156,522	0,001046
156,56	-0,000857
156,598	-0,001866
156,636	-0,002177
156,674	-0,002077
156,712	-0,001734
156,75	-0,000739
156,788	-0,002783
156,826	-0,00343
156,864	-0,002307
156,902	-0,003744
156,94	-0,002773
156,978	-0,00518
157,016	-0,004625
157,054	-0,005757
157,092	-0,005262
157,13	-0,007624
157,168	-0,005576
157,206	-0,003736
157,244	-0,001735
157,282	-0,003186
157,32	-0,006263
157,358	-0,003183
157,396	-0,00251
157,434	-0,00361
157,472	-0,000406
157,51	-0,005296
157,548	-0,005905
157,586	-0,000446
157,624	-0,000051
157,662	0,000014
157,7	-0,000306
157,738	0,002086
157,776	0,001446
157,814	0,00503
157,852	0,004928
157,89	0,003623
157,928	0,001495
157,966	0,002103
158,004	0,002285
158,042	0,007555
158,08	0,008286
158,118	0,008677
158,156	0,006265
158,194	0,005064
158,232	0,002228
158,27	0,000057
158,308	-0,003919
158,346	-0,00591
158,384	-0,007158
158,422	-0,00436
158,46	-0,006418
158,498	-0,006933
158,536	-0,000495
158,574	0,013328
158,612	0,026691
158,65	0,042486
158,688	0,053153
158,726	0,066659
158,764	0,075771
158,802	0,08872
158,84	0,095739
158,878	0,100377
158,916	0,102427
158,954	0,105705
158,992	0,114439
159,03	0,117516
159,068	0,118945
159,106	0,119462
159,144	0,120061
159,182	0,119327
159,22	0,119396
159,258	0,113614
159,296	0,106356
159,334	0,097485
159,372	0,095709
159,41	0,091428
159,448	0,087382
159,486	0,081561
159,524	0,074158
159,562	0,069884
159,6	0,066746
159,638	0,063081
159,676	0,060385
159,714	0,062034
159,752	0,062224
159,79	0,0621
159,828	0,05992
159,866	0,059804
159,904	0,054314
159,942	0,053592
159,98	0,048328
160,018	0,042623
160,056	0,039362
160,094	0,041333
160,132	0,039196
160,17	0,037206
160,208	0,037135
160,246	0,035889
160,284	0,026869
160,322	0,027379
160,36	0,029599
160,398	0,027271
160,436	0,027081
160,474	0,023773
160,512	0,021424
160,55	0,019135
160,588	0,021511
160,626	0,022743
160,664	0,02629
160,702	0,028552
160,74	0,026993
160,778	0,028566
160,816	0,024129
160,854	0,024052
160,892	0,019488
160,93	0,021778
160,968	0,020074
161,006	0,019336
161,044	0,014789
161,082	0,01428
161,12	0,014533
161,158	0,007208
161,196	0,010302
161,234	0,009123
161,272	0,012696
161,31	0,01263
161,348	0,013546
161,386	0,012589
161,424	0,011881
161,462	0,011604
161,5	0,011235
161,538	0,008884
161,576	0,007083
161,614	0,006805
161,652	0,003135
161,69	0,001938
161,728	-0,000972
161,766	0,001265
161,804	0,003786
161,842	0,002956
161,88	0,004232
161,918	0,003549
161,956	-0,002786
161,994	-0,000453
162,032	-0,000309
162,07	0,001616
162,108	0,002376
162,146	0,002399
162,184	0,001526
162,222	0,001259
162,26	0,001441
162,298	-0,001372
162,336	-0,002233
162,374	-0,005297
162,412	-0,003224
162,45	0,000016
162,488	0,002371
162,526	0,000289
162,564	0,002224
162,602	0,000413
162,64	-0,001798
162,678	0,003009
162,716	0,001895
162,754	0,004522
162,792	0,006655
162,83	0,002547
162,868	-0,002404
162,906	-0,005244
162,944	-0,006552
162,982	-0,005131
163,02	-0,006056
163,058	-0,003533
163,096	-0,005346
163,134	-0,006197
163,172	-0,006702
163,21	-0,004779
163,248	-0,006757
163,286	-0,007072
163,324	-0,004824
163,362	-0,004618
163,4	-0,002441
163,438	-0,003193
163,476	0,000274
163,514	0,002335
163,552	0,005538
163,59	0,002593
163,628	-0,002341
163,666	-0,006836
163,704	-0,011023
163,742	-0,011796
163,78	-0,007768
163,818	-0,008178
163,856	-0,006503
163,894	-0,007611
163,932	-0,009262
163,97	-0,011812
164,008	-0,011773
164,046	-0,009081
164,084	-0,004079
164,122	-0,001129
164,16	-0,0005
164,198	-0,000838
164,236	-0,003334
164,274	-0,003258
164,312	-0,008365
164,35	-0,008642
164,388	-0,007243
164,426	-0,001789
164,464	-0,000182
164,502	-0,000404
164,54	0,003306
164,578	0,003633
164,616	0,00666
164,654	0,0142
164,692	0,023996
164,73	0,034352
164,768	0,044435
164,806	0,062306
164,844	0,069232
164,882	0,07426
164,92	0,082371
164,958	0,086555
164,996	0,090274
165,034	0,090021
165,072	0,09302
165,11	0,090123
165,148	0,093432
165,186	0,090047
165,224	0,088178
165,262	0,085169
165,3	0,084175
165,338	0,078817
165,376	0,077413
165,414	0,070458
165,452	0,063862
165,49	0,065473
165,528	0,064998
165,566	0,06388
165,604	0,059092
165,642	0,055825
165,68	0,055125
165,718	0,051366
165,756	0,051685
165,794	0,050762
165,832	0,049951
165,87	0,046443
165,908	0,047933
165,946	0,045931
165,984	0,044794
166,022	0,042377
166,06	0,043235
166,098	0,04264
166,136	0,043809
166,174	0,04245
166,212	0,044064
166,25	0,041135
166,288	0,037916
166,326	0,036058
166,364	0,038514
166,402	0,036905
166,44	0,032274
166,478	0,029298
166,516	0,028091
166,554	0,025615
166,592	0,026479
166,63	0,026515
166,668	0,026606
166,706	0,021836
166,744	0,015383
166,782	0,018254
166,82	0,017614
166,858	0,019198
166,896	0,022566
166,934	0,02416
166,972	0,029075
167,01	0,029039
167,048	0,02735
167,086	0,025696
167,124	0,021224
167,162	0,021942
167,2	0,019486
167,238	0,018391
167,276	0,019953
167,314	0,022159
167,352	0,019966
167,39	0,015143
167,428	0,017137
167,466	0,01875
167,504	0,021189
167,542	0,019939
167,58	0,018988
167,618	0,016024
167,656	0,015934
167,694	0,015342
167,732	0,014166
167,77	0,011209
167,808	0,010853
167,846	0,013623
167,884	0,014065
167,922	0,008566
167,96	0,008502
167,998	0,005818
168,036	0,005256
168,074	0,007308
168,112	0,004695
168,15	0,005514
168,188	0,003017
168,226	0,005197
168,264	0,003956
168,302	0,006496
168,34	0,004988
168,378	0,006683
168,416	0,003571
168,454	-0,000356
168,492	-0,003265
168,53	-0,003182
168,568	-0,006104
168,606	-0,002412
168,644	0,002346
168,682	0,003914
168,72	0,004204
168,758	0,003945
168,796	0,002156
168,834	0,000797
168,872	0,001151
168,91	0,002698
168,948	0,002176
168,986	0,00215
169,024	0,000042
169,062	-0,004074
169,1	-0,000857
169,138	0,001589
169,176	-0,000285
169,214	0,002357
169,252	0,002004
169,29	0,001323
169,328	0,000484
169,366	-0,001566
169,404	-0,002068
169,442	0,001539
169,48	0,002437
169,518	-0,000718
169,556	0,00103
169,594	0,002368
169,632	-0,000818
169,67	-0,002434
169,708	0,000308
169,746	0,002072
169,784	0,004218
169,822	0,002828
169,86	0,001285
169,898	0,00103
169,936	0,00297
169,974	0,005203
170,012	0,00785
170,05	0,003589
170,088	0,003177
170,126	0,007539
170,164	0,007134
170,202	0,003745
170,24	0,000712
170,278	0,000017
170,316	0,001485
170,354	-0,00075
170,392	-0,000215
170,43	-0,00424
170,468	-0,001908
170,506	-0,000536
170,544	-0,002171
170,582	-0,005221
170,62	-0,003947
170,658	-0,003964
170,696	0,000841
170,734	0,015357
170,772	0,024603
170,81	0,035493
170,848	0,048364
170,886	0,059592
170,924	0,07167
170,962	0,077767
171	0,081515
171,038	0,085469
171,076	0,088579
171,114	0,090591
171,152	0,096052
171,19	0,099047
171,228	0,099438
171,266	0,100951
171,304	0,095749
171,342	0,093936
171,38	0,091189
171,418	0,088125
171,456	0,082531
171,494	0,076995
171,532	0,075019
171,57	0,074405
171,608	0,071515
171,646	0,070939
171,684	0,067291
171,722	0,063875
171,76	0,060763
171,798	0,057282
171,836	0,054514
171,874	0,051996
171,912	0,046795
171,95	0,042718
171,988	0,041721
172,026	0,03818
172,064	0,034739
172,102	0,037329
172,14	0,033469
172,178	0,03503
172,216	0,032755
172,254	0,028779
172,292	0,028489
172,33	0,028308
172,368	0,025437
172,406	0,023118
172,444	0,022161
172,482	0,023013
172,52	0,023038
172,558	0,024137
172,596	0,024198
172,634	0,022773
172,672	0,027432
172,71	0,026247
172,748	0,026115
172,786	0,023004
172,824	0,022072
172,862	0,02062
172,9	0,021572
172,938	0,017942
172,976	0,014199
173,014	0,011438
173,052	0,007851
173,09	0,007259
173,128	0,006431
173,166	0,005917
173,204	0,005549
173,242	0,006489
173,28	0,005399
173,318	0,007724
173,356	0,005567
173,394	0,008631
173,432	0,009485
173,47	0,011683
173,508	0,007861
173,546	0,008456
173,584	0,011916
173,622	0,011416
173,66	0,008041
173,698	0,005967
173,736	0,005418
173,774	0,003201
173,812	0,002153
173,85	0,00066
173,888	0,000614
173,926	0,000293
173,964	-0,001837
174,002	-0,003655
174,04	-0,000574
174,078	-0,000393
174,116	-0,000355
174,154	-0,001904
174,192	0,000723
174,23	0,001317
174,268	0,002092
174,306	0,002457
174,344	0,003893
174,382	0,00678
174,42	0,004196
174,458	0,003981
174,496	0,003467
174,534	0,003496
174,572	0,002675
174,61	0,001093
174,648	-0,000501
174,686	-0,000347
174,724	-0,003103
174,762	-0,002441
174,8	0,00247
174,838	0,002688
174,876	0,004572
174,914	0,00019
174,952	-0,00134
174,99	-0,000676
175,028	0,002138
175,066	0,004357
175,104	-0,000253
175,142	-0,001125
175,18	-0,00008
175,218	-0,001298
175,256	0,000365
175,294	0,002091
175,332	0,001378
175,37	0,000573
175,408	0,002407
175,446	-0,001558
175,484	-0,003927
175,522	-0,005033
175,56	-0,003564
175,598	0,000947
175,636	0,00589
175,674	0,006202
175,712	0,005795
175,75	0,006327
175,788	0,00413
175,826	0,00279
175,864	0,001252
175,902	-0,003287
175,94	-0,00464
175,978	-0,010444
176,016	-0,006092
176,054	-0,002912
176,092	-0,006264
176,13	-0,00838
176,168	-0,009587
176,206	-0,006582
176,244	-0,007982
176,282	-0,004736
176,32	-0,00378
176,358	-0,000972
176,396	0,000929
176,434	0,001681
176,472	-0,000967
176,51	0,000848
176,548	0,000555
176,586	-0,001596
176,624	-0,002387
176,662	-0,00734
176,7	-0,007099
176,738	-0,008018
176,776	-0,004318
176,814	0,000584
176,852	0,01155
176,89	0,02076
176,928	0,0337
176,966	0,04677
177,004	0,058348
177,042	0,069092
177,08	0,072823
177,118	0,080881
177,156	0,087684
177,194	0,091167
177,232	0,093668
177,27	0,092562
177,308	0,090805
177,346	0,090331
177,384	0,086189
177,422	0,084822
177,46	0,081252
177,498	0,080017
177,536	0,078947
177,574	0,07471
177,612	0,071724
177,65	0,069486
177,688	0,061941
177,726	0,057869
177,764	0,054562
177,802	0,050576
177,84	0,049051
177,878	0,048194
177,916	0,047605
177,954	0,043759
177,992	0,044685
178,03	0,04318
178,068	0,04074
178,106	0,043689
178,144	0,037925
178,182	0,033441
178,22	0,027852
178,258	0,025565
178,296	0,026529
178,334	0,030926
178,372	0,032345
178,41	0,029302
178,448	0,029694
178,486	0,034019
178,524	0,031041
178,562	0,029662
178,6	0,02887
178,638	0,027986
178,676	0,027085
178,714	0,024121
178,752	0,02435
178,79	0,019808
178,828	0,02352
178,866	0,021179
178,904	0,023466
178,942	0,021821
178,98	0,02132
179,018	0,019021
179,056	0,018377
179,094	0,014651
179,132	0,012195
179,17	0,016267
179,208	0,012909
179,246	0,014467
179,284	0,013706
179,322	0,0068
179,36	0,011295
179,398	0,012452
179,436	0,009303
179,474	0,004402
179,512	0,007147
179,55	0,004536
179,588	0,004674
179,626	0,007778
179,664	0,007867
179,702	0,007514
179,74	0,008446
179,778	0,009189
179,816	0,008811
179,854	0,004545
179,892	0,005372
179,93	0,002336
179,968	0,003841
180,006	0,008652
180,044	0,007552
180,082	0,005312
180,12	0,005033
180,158	0,003704
180,196	0,00344
180,234	0,004176
180,272	0,002322
180,31	0,002251
180,348	0,002805
180,386	-0,00039
180,424	0,001103
180,462	0,004604
180,5	0,005726
180,538	0,00454
180,576	0,005994
180,614	0,007298
180,652	0,009845
180,69	0,010409
180,728	0,008878
180,766	0,009877
180,804	0,00666
180,842	0,006828
180,88	0,004459
180,918	0,001184
180,956	-0,001424
180,994	-0,001196
181,032	-0,000426
181,07	-0,00238
181,108	-0,002436
181,146	-0,000344
181,184	0,001647
181,222	-0,002188
181,26	0,000356
181,298	0,002776
181,336	-0,001108
181,374	-0,003612
181,412	-0,006118
181,45	-0,007484
181,488	-0,007451
181,526	-0,004099
181,564	-0,003692
181,602	-0,002249
181,64	-0,005647
181,678	-0,004331
181,716	-0,002471
181,754	-0,001878
181,792	-0,000792
181,83	0,000587
181,868	-0,0003
181,906	0,002296
181,944	0,001273
181,982	-0,003032
182,02	-0,002811
182,058	-0,001984
182,096	-0,001738
182,134	-0,000887
182,172	-0,000794
182,21	-0,000528
182,248	-0,002347
182,286	-0,005096
182,324	-0,000789
182,362	-0,00155
182,4	0,001374
182,438	-0,000759
182,476	0,00377
182,514	0,000048
182,552	0,001037
182,59	0,000494
182,628	-0,002741
182,666	-0,003243
182,704	-0,003187
182,742	-0,00302
182,78	0,002269
182,818	-0,000425
182,856	-0,001961
182,894	0,00872
182,932	0,023913
182,97	0,031017
183,008	0,043196
183,046	0,054601
183,084	0,06411
183,122	0,075362
183,16	0,084518
183,198	0,089477
183,236	0,094446
183,274	0,098682
183,312	0,100537
183,35	0,100535
183,388	0,106887
183,426	0,109065
183,464	0,108013
183,502	0,104919
183,54	0,100761
183,578	0,096923
183,616	0,09638
183,654	0,093704
183,692	0,089034
183,73	0,085854
183,768	0,081911
183,806	0,080251
183,844	0,079737
183,882	0,073311
183,92	0,071938
183,958	0,069318
183,996	0,066352
184,034	0,061437
184,072	0,056229
184,11	0,057177
184,148	0,053448
184,186	0,048476
184,224	0,04556
184,262	0,040059
184,3	0,040138
184,338	0,044214
184,376	0,039811
184,414	0,039997
184,452	0,038608
184,49	0,043527
184,528	0,039591
184,566	0,03988
184,604	0,034914
184,642	0,036126
184,68	0,03267