0,038	0,005768
0,076	0,003068
0,114	0,003301
0,152	0,001165
0,19	-0,0031
0,228	-0,001292
0,266	-0,001679
0,304	-0,004044
0,342	-0,004907
0,38	-0,007284
0,418	-0,006945
0,456	-0,006341
0,494	-0,007017
0,532	-0,009745
0,57	-0,008484
0,608	-0,007735
0,646	-0,004974
0,684	-0,004037
0,722	-0,00483
0,76	-0,002025
0,798	-0,002271
0,836	-0,00106
0,874	-0,001966
0,912	0,002574
0,95	0,000821
0,988	0,001668
1,026	-0,000985
1,064	-0,000112
1,102	0,001021
1,14	-0,002616
1,178	-0,000453
1,216	0,001525
1,254	0,002963
1,292	0,003286
1,33	0,003682
1,368	0,001533
1,406	0,000158
1,444	0,001034
1,482	0,003438
1,52	0,003283
1,558	-0,000381
1,596	-0,004845
1,634	-0,005087
1,672	-0,00533
1,71	-0,003187
1,748	-0,002676
1,786	-0,004125
1,824	-0,001758
1,862	0,000602
1,9	0,003512
1,938	0,000824
1,976	0,001554
2,014	-0,002217
2,052	-0,001832
2,09	-0,000282
2,128	0,001345
2,166	0,00298
2,204	0,000398
2,242	0,00038
2,28	0,000095
2,318	-0,001578
2,356	-0,000399
2,394	0,000527
2,432	0,00019
2,47	0,000808
2,508	-0,00462
2,546	-0,005052
2,584	0,000321
2,622	0,003387
2,66	0,009989
2,698	0,01546
2,736	0,018052
2,774	0,019815
2,812	0,023723
2,85	0,025187
2,888	0,027572
2,926	0,029662
2,964	0,030061
3,002	0,029228
3,04	0,026543
3,078	0,023376
3,116	0,021149
3,154	0,020698
3,192	0,018102
3,23	0,017512
3,268	0,01308
3,306	0,014638
3,344	0,0156
3,382	0,013785
3,42	0,010004
3,458	0,010104
3,496	0,013246
3,534	0,008899
3,572	0,008804
3,61	0,010341
3,648	0,006166
3,686	0,008496
3,724	0,006255
3,762	0,008239
3,8	0,007215
3,838	0,006422
3,876	0,004602
3,914	0,005541
3,952	0,005487
3,99	0,006833
4,028	0,009784
4,066	0,008171
4,104	0,002831
4,142	0,002081
4,18	-0,002153
4,218	0,001071
4,256	0,000517
4,294	0,004285
4,332	0,004459
4,37	0,000934
4,408	0,003077
4,446	0,004352
4,484	0,004576
4,522	0,003204
4,56	0,003182
4,598	0,00294
4,636	0,000961
4,674	0,002439
4,712	0,001104
4,75	0,001057
4,788	0,001297
4,826	0,003941
4,864	0,005353
4,902	0,003965
4,94	0,003536
4,978	0,002513
5,016	0,001108
5,054	0,003668
5,092	0,006174
5,13	0,005803
5,168	0,005326
5,206	0,006043
5,244	0,007856
5,282	0,007855
5,32	0,008796
5,358	0,007517
5,396	0,006624
5,434	0,004714
5,472	0,001962
5,51	-0,001263
5,548	0,000903
5,586	-0,0022
5,624	-0,00321
5,662	-0,003985
5,7	0,000218
5,738	0,002149
5,776	0,001249
5,814	0,004798
5,852	0,003969
5,89	0,001905
5,928	0,001434
5,966	-0,001387
6,004	-0,001468
6,042	0,000275
6,08	0,001211
6,118	0,002648
6,156	-0,002296
6,194	-0,004944
6,232	-0,005411
6,27	-0,004968
6,308	-0,008067
6,346	-0,012428
6,384	-0,013539
6,422	-0,016866
6,46	-0,011983
6,498	-0,012017
6,536	-0,008082
6,574	-0,005331
6,612	-0,004738
6,65	-0,001291
6,688	-0,00337
6,726	-0,004377
6,764	-0,004668
6,802	-0,00218
6,84	-0,002882
6,878	0,000776
6,916	0,000927
6,954	0,003272
6,992	0,005865
7,03	0,008717
7,068	0,011164
7,106	0,011259
7,144	0,010077
7,182	0,006378
7,22	0,008447
7,258	0,008896
7,296	0,005533
7,334	0,003839
7,372	0,005767
7,41	0,007163
7,448	0,006546
7,486	0,0083
7,524	0,007527
7,562	0,010893
7,6	0,010328
7,638	0,009261
7,676	0,005977
7,714	0,008219
7,752	0,007564
7,79	0,00698
7,828	0,010107
7,866	0,0117
7,904	0,008704
7,942	0,009441
7,98	0,008094
8,018	0,00823
8,056	0,00633
8,094	0,005387
8,132	0,006303
8,17	0,005552
8,208	0,009947
8,246	0,00904
8,284	0,009086
8,322	0,008345
8,36	0,00909
8,398	0,005947
8,436	0,005659
8,474	0,005766
8,512	0,001869
8,55	0,002473
8,588	0,005961
8,626	0,001431
8,664	-0,002202
8,702	-0,000929
8,74	0,000079
8,778	-0,0033
8,816	-0,002432
8,854	-0,003845
8,892	0,000617
8,93	0,002518
8,968	0,003536
9,006	-0,000342
9,044	-0,00203
9,082	0,00018
9,12	0,000159
9,158	0,003637
9,196	0,005
9,234	0,00771
9,272	0,008046
9,31	0,005794
9,348	0,006692
9,386	0,009972
9,424	0,005488
9,462	0,007576
9,5	0,008804
9,538	0,007569
9,576	0,00154
9,614	0,004883
9,652	0,007543
9,69	0,015492
9,728	0,021514
9,766	0,02808
9,804	0,033296
9,842	0,037336
9,88	0,036965
9,918	0,042519
9,956	0,040644
9,994	0,040559
10,032	0,03987
10,07	0,042567
10,108	0,042663
10,146	0,041506
10,184	0,037227
10,222	0,037457
10,26	0,036018
10,298	0,03753
10,336	0,036926
10,374	0,028936
10,412	0,022604
10,45	0,019165
10,488	0,018513
10,526	0,016004
10,564	0,013141
10,602	0,008856
10,64	0,011334
10,678	0,014908
10,716	0,012743
10,754	0,014218
10,792	0,013639
10,83	0,011414
10,868	0,012839
10,906	0,016105
10,944	0,014866
10,982	0,014631
11,02	0,012297
11,058	0,008338
11,096	0,01131
11,134	0,011575
11,172	0,010895
11,21	0,008587
11,248	0,002678
11,286	0,00719
11,324	0,004957
11,362	0,005701
11,4	-0,0005
11,438	-0,000622
11,476	-0,004494
11,514	-0,00235
11,552	0,00089
11,59	0,002336
11,628	0,001729
11,666	0,003764
11,704	0,005449
11,742	0,007408
11,78	0,007844
11,818	0,008984
11,856	0,010934
11,894	0,006285
11,932	0,006761
11,97	0,006749
12,008	0,007009
12,046	0,008732
12,084	0,007446
12,122	0,011492
12,16	0,015114
12,198	0,010334
12,236	0,011772
12,274	0,009406
12,312	0,007888
12,35	0,008087
12,388	0,008582
12,426	0,008645
12,464	0,00644
12,502	0,007362
12,54	0,007556
12,578	0,005684
12,616	0,007897
12,654	0,006462
12,692	0,007066
12,73	0,004129
12,768	0,003717
12,806	0,007814
12,844	0,004228
12,882	0,002883
12,92	0,002387
12,958	0,00074
12,996	0,002075
13,034	0,005036
13,072	0,002483
13,11	-0,000644
13,148	-0,000421
13,186	-0,000237
13,224	-0,001151
13,262	-0,003483
13,3	-0,00249
13,338	0,001089
13,376	-0,000727
13,414	0,001763
13,452	0,005681
13,49	0,00752
13,528	0,005328
13,566	0,006158
13,604	0,006114
13,642	0,007259
13,68	0,005451
13,718	0,005755
13,756	0,001168
13,794	0,002321
13,832	0,001368
13,87	0,004362
13,908	0,00145
13,946	0,003108
13,984	0,001973
14,022	-0,001029
14,06	-0,001853
14,098	-0,001599
14,136	-0,003159
14,174	-0,006278
14,212	-0,005563
14,25	-0,004592
14,288	-0,006002
14,326	-0,005443
14,364	-0,002744
14,402	-0,006171
14,44	-0,006888
14,478	-0,008408
14,516	-0,004896
14,554	-0,0045
14,592	-0,005441
14,63	-0,00416
14,668	-0,002169
14,706	-0,00202
14,744	-0,002154
14,782	-0,002409
14,82	-0,000168
14,858	-0,000155
14,896	0,001743
14,934	0,003617
14,972	0,004171
15,01	0,004479
15,048	0,004695
15,086	0,002123
15,124	-0,001742
15,162	0,001576
15,2	-0,000356
15,238	-0,000357
15,276	-0,002492
15,314	-0,003166
15,352	-0,007215
15,39	-0,003704
15,428	-0,004115
15,466	-0,001664
15,504	-0,000578
15,542	-0,003
15,58	-0,001761
15,618	-0,000377
15,656	-0,003688
15,694	0,00004
15,732	0,00065
15,77	-0,000982
15,808	0,000794
15,846	0,005055
15,884	0,006331
15,922	0,008758
15,96	0,005966
15,998	0,006102
16,036	0,009228
16,074	0,010524
16,112	0,014498
16,15	0,017799
16,188	0,021508
16,226	0,022603
16,264	0,026976
16,302	0,02834
16,34	0,030385
16,378	0,031292
16,416	0,031429
16,454	0,030812
16,492	0,033085
16,53	0,03509
16,568	0,03517
16,606	0,031612
16,644	0,028728
16,682	0,025098
16,72	0,027372
16,758	0,023307
16,796	0,022611
16,834	0,02238
16,872	0,020152
16,91	0,023135
16,948	0,019311
16,986	0,017908
17,024	0,018451
17,062	0,01743
17,1	0,015341
17,138	0,01163
17,176	0,011567
17,214	0,011973
17,252	0,011632
17,29	0,012714
17,328	0,010947
17,366	0,01153
17,404	0,009973
17,442	0,015833
17,48	0,015868
17,518	0,016579
17,556	0,015015
17,594	0,013551
17,632	0,012113
17,67	0,012004
17,708	0,00993
17,746	0,011676
17,784	0,012045
17,822	0,010479
17,86	0,011228
17,898	0,011624
17,936	0,009285
17,974	0,003321
18,012	0,004853
18,05	0,008054
18,088	0,006109
18,126	0,005238
18,164	0,003381
18,202	0,003208
18,24	0,005051
18,278	0,004935
18,316	0,004724
18,354	0,006539
18,392	0,008439
18,43	0,007403
18,468	0,007107
18,506	0,006787
18,544	0,008097
18,582	0,010348
18,62	0,010489
18,658	0,014604
18,696	0,011346
18,734	0,01044
18,772	0,009784
18,81	0,012339
18,848	0,006105
18,886	0,003252
18,924	0,002402
18,962	0,000043
19	0,001703
19,038	-0,001453
19,076	-0,004407
19,114	-0,003398
19,152	-0,001145
19,19	0,001071
19,228	0,000591
19,266	0,002413
19,304	0,003135
19,342	0,002553
19,38	0,003042
19,418	0,004699
19,456	0,003359
19,494	0,002142
19,532	0,001596
19,57	0,007554
19,608	0,006826
19,646	0,008555
19,684	0,009254
19,722	0,011597
19,76	0,01388
19,798	0,017593
19,836	0,018459
19,874	0,013739
19,912	0,010401
19,95	0,010476
19,988	0,012585
20,026	0,01541
20,064	0,014523
20,102	0,01436
20,14	0,013432
20,178	0,010571
20,216	0,010076
20,254	0,007402
20,292	0,005645
20,33	0,002601
20,368	-0,000424
20,406	-0,000025
20,444	-0,000309
20,482	-0,002348
20,52	-0,001362
20,558	-0,001442
20,596	-0,003825
20,634	-0,002442
20,672	-0,002255
20,71	-0,00487
20,748	-0,00266
20,786	0,001108
20,824	0,002588
20,862	0,003821
20,9	0,002637
20,938	0,005864
20,976	0,008371
21,014	0,008751
21,052	0,004359
21,09	0,002713
21,128	0,001187
21,166	0,002029
21,204	0,003135
21,242	-0,001101
21,28	-0,002663
21,318	0,000955
21,356	-0,000328
21,394	-0,003108
21,432	-0,004344
21,47	-0,003565
21,508	-0,006114
21,546	-0,007328
21,584	-0,004364
21,622	-0,0042
21,66	-0,007099
21,698	-0,00667
21,736	-0,007701
21,774	-0,007891
21,812	-0,007273
21,85	-0,010547
21,888	-0,004849
21,926	-0,00027
21,964	0,000476
22,002	0,003173
22,04	0,005949
22,078	0,001258
22,116	0,000766
22,154	0,000441
22,192	-0,002144
22,23	-0,000038
22,268	-0,001753
22,306	-0,004011
22,344	-0,002777
22,382	0,001978
22,42	0,005478
22,458	0,008508
22,496	0,009151
22,534	0,009587
22,572	0,005736
22,61	0,00565
22,648	0,002565
22,686	0,000652
22,724	-0,001259
22,762	-0,001971
22,8	-0,001748
22,838	-0,000636
22,876	0,003957
22,914	0,006343
22,952	0,007414
22,99	0,009398
23,028	0,011222
23,066	0,015946
23,104	0,020726
23,142	0,025037
23,18	0,029705
23,218	0,036038
23,256	0,037172
23,294	0,039721
23,332	0,039322
23,37	0,038944
23,408	0,03795
23,446	0,039938
23,484	0,037016
23,522	0,034602
23,56	0,028662
23,598	0,027181
23,636	0,028534
23,674	0,028117
23,712	0,028865
23,75	0,026341
23,788	0,02397
23,826	0,029624
23,864	0,026811
23,902	0,02214
23,94	0,020681
23,978	0,02085
24,016	0,020652
24,054	0,022494
24,092	0,018299
24,13	0,019753
24,168	0,019414
24,206	0,017192
24,244	0,01793
24,282	0,020375
24,32	0,023719
24,358	0,023572
24,396	0,024483
24,434	0,020662
24,472	0,016525
24,51	0,015908
24,548	0,020204
24,586	0,020092
24,624	0,017586
24,662	0,017446
24,7	0,013201
24,738	0,009391
24,776	0,010005
24,814	0,009016
24,852	0,009847
24,89	0,008411
24,928	0,007387
24,966	0,011969
25,004	0,011976
25,042	0,006879
25,08	0,006085
25,118	0,004502
25,156	0,002838
25,194	0,002196
25,232	0,003031
25,27	0,003199
25,308	0,001501
25,346	-0,000542
25,384	-0,001551
25,422	-0,002797
25,46	-0,000687
25,498	0,003741
25,536	0,002198
25,574	0,000456
25,612	0,003241
25,65	0,005028
25,688	0,005932
25,726	0,006103
25,764	0,006696
25,802	0,008328
25,84	0,006928
25,878	0,008852
25,916	0,011416
25,954	0,011246
25,992	0,014247
26,03	0,016213
26,068	0,015779
26,106	0,013072
26,144	0,008772
26,182	0,010809
26,22	0,008834
26,258	0,010627
26,296	0,012966
26,334	0,011985
26,372	0,011283
26,41	0,013901
26,448	0,009837
26,486	0,011098
26,524	0,012598
26,562	0,012351
26,6	0,01306
26,638	0,012159
26,676	0,010953
26,714	0,006408
26,752	0,003671
26,79	0,002378
26,828	0,001305
26,866	-0,003014
26,904	0,000504
26,942	-0,000292
26,98	0,0018
27,018	0,00183
27,056	0,002266
27,094	0,000579
27,132	-0,000177
27,17	-0,003537
27,208	-0,00328
27,246	-0,002086
27,284	-0,000459
27,322	0,001583
27,36	0,00094
27,398	0,005275
27,436	0,007558
27,474	0,004423
27,512	0,004122
27,55	0,003651
27,588	0,003841
27,626	0,003832
27,664	0,001199
27,702	0,008006
27,74	0,010045
27,778	0,015001
27,816	0,0115
27,854	0,008606
27,892	0,008617
27,93	0,0076
27,968	0,005391
28,006	0,006943
28,044	0,006228
28,082	0,007072
28,12	0,00474
28,158	0,000132
28,196	0,001933
28,234	0,002068
28,272	0,002892
28,31	0,002057
28,348	0,00391
28,386	0,00152
28,424	-0,002953
28,462	-0,004278
28,5	-0,004833
28,538	-0,004405
28,576	-0,00729
28,614	-0,010058
28,652	-0,008711
28,69	-0,005451
28,728	-0,003015
28,766	-0,003787
28,804	-0,002741
28,842	0,000154
28,88	0,005842
28,918	0,01304
28,956	0,016265
28,994	0,018148
29,032	0,018864
29,07	0,021026
29,108	0,019444
29,146	0,020217
29,184	0,020526
29,222	0,017809
29,26	0,018619
29,298	0,020165
29,336	0,022374
29,374	0,021574
29,412	0,020407
29,45	0,023071
29,488	0,021898
29,526	0,022144
29,564	0,026497
29,602	0,027409
29,64	0,027083
29,678	0,025099
29,716	0,022371
29,754	0,01874
29,792	0,016721
29,83	0,015285
29,868	0,010828
29,906	0,014214
29,944	0,014668
29,982	0,011141
30,02	0,010356
30,058	0,011378
30,096	0,010104
30,134	0,009055
30,172	0,005086
30,21	0,005946
30,248	0,004132
30,286	0,006544
30,324	0,007916
30,362	0,011298
30,4	0,014276
30,438	0,015367
30,476	0,013397
30,514	0,014301
30,552	0,012062
30,59	0,008427
30,628	0,006688
30,666	0,006402
30,704	0,0026
30,742	0,004117
30,78	0,002845
30,818	-0,000222
30,856	0,002247
30,894	0,006193
30,932	0,009005
30,97	0,010758
31,008	0,007552
31,046	0,004269
31,084	-0,000176
31,122	0,000348
31,16	0,004179
31,198	0,007811
31,236	0,007716
31,274	0,005969
31,312	0,002799
31,35	0,003858
31,388	0,000247
31,426	-0,002339
31,464	0,002599
31,502	0,005706
31,54	0,004071
31,578	0,001329
31,616	0,001067
31,654	0,002976
31,692	0,002997
31,73	0,002262
31,768	0,006253
31,806	0,001039
31,844	-0,000924
31,882	-0,000308
31,92	0,000774
31,958	0,00178
31,996	0,002035
32,034	0,002358
32,072	0,003543
32,11	0,008719
32,148	0,010013
32,186	0,006593
32,224	0,00422
32,262	0,005185
32,3	0,002474
32,338	0,002471
32,376	0,003384
32,414	0,005346
32,452	0,001217
32,49	-0,000306
32,528	-0,0022
32,566	0,000541
32,604	-0,000699
32,642	-0,000633
32,68	-0,001615
32,718	0,001593
32,756	0,004249
32,794	0,003859
32,832	0,006066
32,87	0,005995
32,908	0,009788
32,946	0,011374
32,984	0,011764
33,022	0,005186
33,06	0,003591
33,098	0,004281
33,136	0,004796
33,174	0,002863
33,212	0,003336
33,25	0,001381
33,288	-0,001772
33,326	0,000648
33,364	-0,003294
33,402	-0,003129
33,44	-0,001694
33,478	-0,000473
33,516	-0,005359
33,554	-0,00379
33,592	-0,005974
33,63	-0,005162
33,668	-0,003944
33,706	-0,005961
33,744	-0,001957
33,782	0,000865
33,82	-0,000752
33,858	0,000296
33,896	-0,004869
33,934	-0,004798
33,972	-0,002526
34,01	-0,002528
34,048	-0,000433
34,086	-0,000525
34,124	-0,002546
34,162	-0,00022
34,2	0,001032
34,238	0,001045
34,276	0,003898
34,314	0,001888
34,352	0,001392
34,39	0,00117
34,428	0,000362
34,466	0,001035
34,504	0,002241
34,542	0,004983
34,58	0,003454
34,618	0,007398
34,656	0,008769
34,694	0,008816
34,732	0,008231
34,77	0,008796
34,808	0,012798
34,846	0,010631
34,884	0,004279
34,922	0,004111
34,96	0,010513
34,998	0,0101
35,036	0,010747
35,074	0,012389
35,112	0,013178
35,15	0,012394
35,188	0,013773
35,226	0,010065
35,264	0,009427
35,302	0,010697
35,34	0,010714
35,378	0,008362
35,416	0,008212
35,454	0,011679
35,492	0,014785
35,53	0,019269
35,568	0,0216
35,606	0,023535
35,644	0,02705
35,682	0,03164
35,72	0,027522
35,758	0,031345
35,796	0,031797
35,834	0,03547
35,872	0,038052
35,91	0,0384
35,948	0,040602
35,986	0,039016
36,024	0,041867
36,062	0,040532
36,1	0,038848
36,138	0,038267
36,176	0,034086
36,214	0,036007
36,252	0,036326
36,29	0,034743
36,328	0,032796
36,366	0,031127
36,404	0,027667
36,442	0,027755
36,48	0,027596
36,518	0,027002
36,556	0,027439
36,594	0,029133
36,632	0,033542
36,67	0,031054
36,708	0,033618
36,746	0,028619
36,784	0,021408
36,822	0,022372
36,86	0,018246
36,898	0,012617
36,936	0,013437
36,974	0,013465
37,012	0,011218
37,05	0,012527
37,088	0,016084
37,126	0,014335
37,164	0,016691
37,202	0,011978
37,24	0,016092
37,278	0,012705
37,316	0,012636
37,354	0,009193
37,392	0,010927
37,43	0,008806
37,468	0,007887
37,506	0,003867
37,544	0,004207
37,582	0,006831
37,62	0,005173
37,658	0,006314
37,696	0,004881
37,734	0,00149
37,772	-0,000521
37,81	0,001088
37,848	0,004946
37,886	0,004613
37,924	0,007153
37,962	0,008846
38	0,003094
38,038	0,000468
38,076	0,001814
38,114	0,001604
38,152	0,005005
38,19	0,000734
38,228	0,001527
38,266	0,001849
38,304	-0,000516
38,342	-0,003198
38,38	-0,003203
38,418	-0,001568
38,456	0,000616
38,494	-0,000785
38,532	-0,00198
38,57	-0,003122
38,608	-0,00295
38,646	-0,005503
38,684	-0,003963
38,722	-0,004459
38,76	0,001385
38,798	0,000697
38,836	0,00413
38,874	0,006121
38,912	0,007494
38,95	0,007837
38,988	0,005536
39,026	0,0011
39,064	0,001831
39,102	-0,001018
39,14	-0,000535
39,178	0,005079
39,216	0,005287
39,254	0,004259
39,292	0,004629
39,33	0,007838
39,368	0,009638
39,406	0,009574
39,444	0,007159
39,482	0,008813
39,52	0,006316
39,558	0,004544
39,596	0,004934
39,634	0,004686
39,672	0,000611
39,71	0,001937
39,748	-0,001162
39,786	0,001798
39,824	0,000167
39,862	0,001736
39,9	0,001264
39,938	-0,003792
39,976	-0,006855
40,014	-0,005896
40,052	-0,006587
40,09	-0,010729
40,128	-0,00458
40,166	0,001979
40,204	0,002967
40,242	0,004441
40,28	0,003535
40,318	0,000191
40,356	0,001092
40,394	-0,001453
40,432	-0,00482
40,47	-0,002028
40,508	0,001746
40,546	0,004015
40,584	0,003763
40,622	0,008728
40,66	0,0067
40,698	0,005382
40,736	0,002733
40,774	0,004612
40,812	0,006874
40,85	0,008121
40,888	0,009393
40,926	0,005697
40,964	0,009378
41,002	0,006397
41,04	0,008814
41,078	0,0067
41,116	0,004785
41,154	0,001928
41,192	0,004214
41,23	0,004198
41,268	0,001287
41,306	0,000162
41,344	0,000358
41,382	-0,000438
41,42	-0,000485
41,458	0,000087
41,496	-0,004176
41,534	-0,003144
41,572	-0,001159
41,61	-0,002511
41,648	-0,004071
41,686	-0,007783
41,724	-0,009671
41,762	-0,006093
41,8	-0,002586
41,838	-0,001055
41,876	0,002965
41,914	0,006023
41,952	0,006945
41,99	0,008251
42,028	0,003121
42,066	0,000345
42,104	-0,000133
42,142	-0,001912
42,18	0,000588
42,218	-0,006936
42,256	-0,003891
42,294	-0,000252
42,332	0,007377
42,37	0,007708
42,408	0,012305
42,446	0,019909
42,484	0,025403
42,522	0,027458
42,56	0,031676
42,598	0,032498
42,636	0,02905
42,674	0,032031
42,712	0,031595
42,75	0,028329
42,788	0,027322
42,826	0,028479
42,864	0,024663
42,902	0,024425
42,94	0,022255
42,978	0,021981
43,016	0,020883
43,054	0,019865
43,092	0,018971
43,13	0,018061
43,168	0,019529
43,206	0,015968
43,244	0,011858
43,282	0,013766
43,32	0,017451
43,358	0,018933
43,396	0,01789
43,434	0,017848
43,472	0,013965
43,51	0,014139
43,548	0,01067
43,586	0,015268
43,624	0,014063
43,662	0,015633
43,7	0,014836
43,738	0,017446
43,776	0,015704
43,814	0,019341
43,852	0,019204
43,89	0,017459
43,928	0,018351
43,966	0,01979
44,004	0,02011
44,042	0,021603
44,08	0,022901
44,118	0,025904
44,156	0,027574
44,194	0,028084
44,232	0,030258
44,27	0,032587
44,308	0,034458
44,346	0,03175
44,384	0,026534
44,422	0,023966
44,46	0,024053
44,498	0,02336
44,536	0,026337
44,574	0,024363
44,612	0,022837
44,65	0,021451
44,688	0,019191
44,726	0,018652
44,764	0,016918
44,802	0,018568
44,84	0,015264
44,878	0,018821
44,916	0,011553
44,954	0,010485
44,992	0,011846
45,03	0,00956
45,068	0,011991
45,106	0,011201
45,144	0,012705
45,182	0,010237
45,22	0,013506
45,258	0,00837
45,296	0,008908
45,334	0,007571
45,372	0,013988
45,41	0,011295
45,448	0,008624
45,486	0,003997
45,524	0,003272
45,562	0,008684
45,6	0,007909
45,638	0,008571
45,676	0,009035
45,714	0,008288
45,752	0,008459
45,79	0,006369
45,828	0,008796
45,866	0,011303
45,904	0,012661
45,942	0,011968
45,98	0,00964
46,018	0,010191
46,056	0,008606
46,094	0,008852
46,132	0,002726
46,17	-0,000385
46,208	-0,003369
46,246	-0,004617
46,284	-0,005005
46,322	-0,004612
46,36	-0,001548
46,398	-0,00242
46,436	-0,000108
46,474	0,000723
46,512	-0,000491
46,55	0,000089
46,588	0,000644
46,626	0,001524
46,664	-0,000578
46,702	0,002051
46,74	0,002325
46,778	0,000706
46,816	0,001003
46,854	-0,000541
46,892	0,001155
46,93	0,002165
46,968	0,007426
47,006	0,00912
47,044	0,005712
47,082	0,006791
47,12	0,007986
47,158	0,004626
47,196	0,003594
47,234	0,000599
47,272	-0,001757
47,31	-0,001842
47,348	-0,0023
47,386	-0,00196
47,424	-0,006306
47,462	-0,007558
47,5	-0,005491
47,538	-0,004515
47,576	0,000328
47,614	0,00087
47,652	-0,001455
47,69	-0,004118
47,728	-0,001768
47,766	-0,000152
47,804	-0,002
47,842	0,002657
47,88	0,003907
47,918	0,000824
47,956	-0,000144
47,994	0,001224
48,032	0,001262
48,07	0,003929
48,108	0,004169
48,146	0,005951
48,184	0,009594
48,222	0,008543
48,26	0,009258
48,298	0,007237
48,336	0,003418
48,374	0,00417
48,412	0,006024
48,45	0,010016
48,488	0,008786
48,526	0,008881
48,564	0,009028
48,602	0,009679
48,64	0,010402
48,678	0,006693
48,716	0,00701
48,754	0,011125
48,792	0,007778
48,83	0,004195
48,868	0,002985
48,906	0,000121
48,944	-0,001252
48,982	-0,005943
49,02	-0,00498
49,058	-0,004177
49,096	-0,003565
49,134	-0,001358
49,172	0,001705
49,21	0,000983
49,248	-0,00048
49,286	0,001582
49,324	0,001137
49,362	0,001535
49,4	0,004554
49,438	0,006187
49,476	0,002878
49,514	0,004812
49,552	0,003268
49,59	0,001005
49,628	0,001529
49,666	0,002025
49,704	0,000515
49,742	-0,002012
49,78	0,000509
49,818	0,006393
49,856	0,008997
49,894	0,007889
49,932	0,003473
49,97	0,004722
50,008	0,002316
50,046	0,006572
50,084	0,010684
50,122	0,011526
50,16	0,011292
50,198	0,014311
50,236	0,018567
50,274	0,01684
50,312	0,022126
50,35	0,02201
50,388	0,022617
50,426	0,019677
50,464	0,022268
50,502	0,021847
50,54	0,021732
50,578	0,021056
50,616	0,017813
50,654	0,019393
50,692	0,014222
50,73	0,012803
50,768	0,013088
50,806	0,01327
50,844	0,00945
50,882	0,008859
50,92	0,004401
50,958	0,007483
50,996	0,009101
51,034	0,009394
51,072	0,012148
51,11	0,009817
51,148	0,010748
51,186	0,009128
51,224	0,011465
51,262	0,008614
51,3	0,0038
51,338	0,006238
51,376	0,003178
51,414	0,002922
51,452	0,002366
51,49	0,003897
51,528	0,002437
51,566	0,003111
51,604	0,000064
51,642	0,000948
51,68	-0,002454
51,718	-0,001338
51,756	-0,006649
51,794	-0,004134
51,832	-0,003147
51,87	-0,004711
51,908	-0,004411
51,946	-0,000642
51,984	-0,000078
52,022	-0,000825
52,06	-0,002076
52,098	0,00076
52,136	0,006687
52,174	0,007691
52,212	0,007188
52,25	0,009646
52,288	0,011811
52,326	0,011741
52,364	0,006545
52,402	0,003947
52,44	0,007715
52,478	0,005344
52,516	0,00649
52,554	0,006041
52,592	0,003044
52,63	0,006596
52,668	0,006796
52,706	0,006615
52,744	0,005947
52,782	0,004579
52,82	0,007199
52,858	0,009141
52,896	0,01655
52,934	0,014612
52,972	0,014242
53,01	0,011365
53,048	0,008166
53,086	0,011436
53,124	0,012626
53,162	0,01584
53,2	0,018156
53,238	0,017265
53,276	0,015421
53,314	0,017585
53,352	0,020083
53,39	0,021862
53,428	0,023458
53,466	0,021444
53,504	0,020425
53,542	0,020811
53,58	0,017562
53,618	0,02079
53,656	0,021415
53,694	0,018715
53,732	0,020346
53,77	0,017895
53,808	0,020081
53,846	0,021192
53,884	0,023345
53,922	0,020852
53,96	0,018674
53,998	0,022905
54,036	0,022546
54,074	0,021781
54,112	0,01781
54,15	0,022254
54,188	0,01879
54,226	0,01897
54,264	0,017481
54,302	0,018708
54,34	0,018378
54,378	0,015588
54,416	0,017613
54,454	0,019703
54,492	0,020554
54,53	0,025947
54,568	0,025317
54,606	0,02509
54,644	0,0225
54,682	0,021119
54,72	0,023492
54,758	0,021934
54,796	0,022851
54,834	0,025643
54,872	0,022723
54,91	0,023678
54,948	0,023734
54,986	0,022233
55,024	0,022542
55,062	0,021014
55,1	0,01597
55,138	0,017365
55,176	0,016842
55,214	0,015902
55,252	0,021222
55,29	0,023662
55,328	0,020447
55,366	0,019738
55,404	0,021221
55,442	0,022941
55,48	0,02527
55,518	0,027225
55,556	0,020121
55,594	0,02314
55,632	0,019603
55,67	0,019976
55,708	0,020144
55,746	0,016804
55,784	0,016383
55,822	0,013132
55,86	0,013414
55,898	0,014876
55,936	0,01976
55,974	0,016811
56,012	0,019137
56,05	0,01942
56,088	0,017492
56,126	0,015766
56,164	0,015723
56,202	0,015796
56,24	0,014519
56,278	0,015316
56,316	0,016034
56,354	0,017732
56,392	0,018504
56,43	0,021063
56,468	0,022378
56,506	0,019188
56,544	0,011986
56,582	0,009452
56,62	0,006562
56,658	0,002969
56,696	0,004065
56,734	0,003372
56,772	0,00733
56,81	0,005368
56,848	0,004868
56,886	0,003213
56,924	0,003203
56,962	0,007041
57	0,006671
57,038	0,008192
57,076	0,00937
57,114	0,008936
57,152	0,011098
57,19	0,012927
57,228	0,007783
57,266	0,007662
57,304	0,009738
57,342	0,009649
57,38	0,011867
57,418	0,013572
57,456	0,013007
57,494	0,014371
57,532	0,012312
57,57	0,012497
57,608	0,01039
57,646	0,011227
57,684	0,011734
57,722	0,009548
57,76	0,007151
57,798	0,009189
57,836	0,009252
57,874	0,006931
57,912	0,005575
57,95	0,008247
57,988	0,011777
58,026	0,010081
58,064	0,008093
58,102	0,007879
58,14	0,007982
58,178	0,010652
58,216	0,014816
58,254	0,016817
58,292	0,019216
58,33	0,022695
58,368	0,028508
58,406	0,030318
58,444	0,033136
58,482	0,035981
58,52	0,033377
58,558	0,034096
58,596	0,03601
58,634	0,037882
58,672	0,036198
58,71	0,034283
58,748	0,034995
58,786	0,034374
58,824	0,034487
58,862	0,0321
58,9	0,026205
58,938	0,021722
58,976	0,023018
59,014	0,025873
59,052	0,022704
59,09	0,019328
59,128	0,019927
59,166	0,01904
59,204	0,016056
59,242	0,010646
59,28	0,009503
59,318	0,006828
59,356	0,004149
59,394	0,006075
59,432	0,00974
59,47	0,014674
59,508	0,014784
59,546	0,012685
59,584	0,014229
59,622	0,017749
59,66	0,014788
59,698	0,012855
59,736	0,014304
59,774	0,016019
59,812	0,012314
59,85	0,013678
59,888	0,010719
59,926	0,006356
59,964	0,00923
60,002	0,009105
60,04	0,01144
60,078	0,008961
60,116	0,014695
60,154	0,015439
60,192	0,013779
60,23	0,01289
60,268	0,013674
60,306	0,013545
60,344	0,013527
60,382	0,013771
60,42	0,010613
60,458	0,011763
60,496	0,009647
60,534	0,005002
60,572	0,006815
60,61	0,008464
60,648	0,00883
60,686	0,009164
60,724	0,008213
60,762	0,010502
60,8	0,011287
60,838	0,014664
60,876	0,017317
60,914	0,018504
60,952	0,018826
60,99	0,020551
61,028	0,019085
61,066	0,014864
61,104	0,013004
61,142	0,011956
61,18	0,010031
61,218	0,011276
61,256	0,010509
61,294	0,014087
61,332	0,015998
61,37	0,016701
61,408	0,016233
61,446	0,010621
61,484	0,005384
61,522	0,006177
61,56	0,005214
61,598	0,005603
61,636	0,006195
61,674	0,007186
61,712	0,007476
61,75	0,002501
61,788	-0,000087
61,826	0,000847
61,864	0,00327
61,902	0,002922
61,94	0,001138
61,978	0,000909
62,016	0,004312
62,054	0,005237
62,092	0,005079
62,13	0,005226
62,168	0,004198
62,206	0,006712
62,244	0,009127
62,282	0,008092
62,32	0,010773
62,358	0,012528
62,396	0,015404
62,434	0,019949
62,472	0,02228
62,51	0,023861
62,548	0,022024
62,586	0,027009
62,624	0,032446
62,662	0,036258
62,7	0,036212
62,738	0,036056
62,776	0,032096
62,814	0,032354
62,852	0,029194
62,89	0,029486
62,928	0,025499
62,966	0,024934
63,004	0,022407
63,042	0,018142
63,08	0,016719
63,118	0,014568
63,156	0,011814
63,194	0,015695
63,232	0,011828
63,27	0,01245
63,308	0,010163
63,346	0,011407
63,384	0,011238
63,422	0,008067
63,46	0,006182
63,498	0,006789
63,536	0,006319
63,574	0,008727
63,612	0,010489
63,65	0,007494
63,688	0,006268
63,726	0,006736
63,764	0,003697
63,802	0,002892
63,84	0,005878
63,878	0,010291
63,916	0,009603
63,954	0,007777
63,992	0,009859
64,03	0,010613
64,068	0,007867
64,106	0,007476
64,144	0,00424
64,182	0,007612
64,22	0,008063
64,258	0,01146
64,296	0,013471
64,334	0,008344
64,372	0,005638
64,41	0,006423
64,448	0,006386
64,486	0,010922
64,524	0,010567
64,562	0,010386
64,6	0,006925
64,638	0,001718
64,676	-0,001109
64,714	-0,000254
64,752	0,000453
64,79	0,001893
64,828	0,003426
64,866	0,002599
64,904	0,000173
64,942	0,002649
64,98	0,003476
65,018	0,004018
65,056	0,000782
65,094	0,001501
65,132	-0,001706
65,17	-0,001304
65,208	-0,006603
65,246	-0,008161
65,284	-0,008508
65,322	-0,00711
65,36	-0,004554
65,398	-0,002755
65,436	-0,006616
65,474	-0,005319
65,512	-0,005819
65,55	-0,004489
65,588	-0,003248
65,626	-0,003227
65,664	-0,000778
65,702	0,001216
65,74	0,002716
65,778	-0,003237
65,816	0,001995
65,854	0,009557
65,892	0,015898
65,93	0,018704
65,968	0,020127
66,006	0,022297
66,044	0,025889
66,082	0,032782
66,12	0,032598
66,158	0,031946
66,196	0,035147
66,234	0,032994
66,272	0,030651
66,31	0,030445
66,348	0,024147
66,386	0,019804
66,424	0,017367
66,462	0,016624
66,5	0,011828
66,538	0,007983
66,576	0,009918
66,614	0,011358
66,652	0,013191
66,69	0,01374
66,728	0,015352
66,766	0,01463
66,804	0,014842
66,842	0,012557
66,88	0,010557
66,918	0,008622
66,956	0,007656
66,994	0,00313
67,032	0,001343
67,07	0,002854
67,108	-0,001575
67,146	-0,001446
67,184	0,004639
67,222	0,007961
67,26	0,007386
67,298	0,010992
67,336	0,012721
67,374	0,011915
67,412	0,01556
67,45	0,01709
67,488	0,0206
67,526	0,021559
67,564	0,019195
67,602	0,019656
67,64	0,018259
67,678	0,019691
67,716	0,01881
67,754	0,017914
67,792	0,015221
67,83	0,012017
67,868	0,013274
67,906	0,012362
67,944	0,013966
67,982	0,013345
68,02	0,010532
68,058	0,011195
68,096	0,009735
68,134	0,011055
68,172	0,011635
68,21	0,011656
68,248	0,009492
68,286	0,007757
68,324	0,009025
68,362	0,007087
68,4	0,008761
68,438	0,009747
68,476	0,009296
68,514	0,006973
68,552	0,004709
68,59	0,00279
68,628	0,001383
68,666	-0,004888
68,704	-0,005816
68,742	-0,008986
68,78	-0,00642
68,818	-0,005532
68,856	-0,004017
68,894	-0,00123
68,932	-0,002569
68,97	0,002807
69,008	0,005396
69,046	0,002219
69,084	-0,001183
69,122	-0,001779
69,16	-0,003337
69,198	-0,003904
69,236	-0,006131
69,274	-0,006507
69,312	-0,007656
69,35	-0,0027
69,388	-0,001915
69,426	-0,005219
69,464	-0,003948
69,502	-0,0012
69,54	-0,002535
69,578	-0,001076
69,616	-0,000253
69,654	0,000047
69,692	0,000606
69,73	0,000297
69,768	-0,002688
69,806	-0,005292
69,844	-0,003771
69,882	-0,004022
69,92	-0,004935
69,958	-0,004027
69,996	-0,00456
70,034	-0,007674
70,072	-0,010435
70,11	-0,011574
70,148	-0,010271
70,186	-0,008622
70,224	-0,010633
70,262	-0,0093
70,3	-0,005083
70,338	-0,005263
70,376	-0,005778
70,414	-0,004136
70,452	-0,004015
70,49	-0,003879
70,528	-0,005183
70,566	-0,002049
70,604	-0,000932
70,642	-0,001546
70,68	-0,002837
70,718	-0,005039
70,756	-0,001433
70,794	-0,003477
70,832	-0,002411
70,87	-0,001738
70,908	-0,001157
70,946	0,002256
70,984	0,001148
71,022	-0,000853
71,06	0,001932
71,098	0,000243
71,136	0,00183
71,174	0,002988
71,212	0,005594
71,25	0,00684
71,288	0,009167
71,326	0,008201
71,364	0,007006
71,402	0,009
71,44	0,008688
71,478	0,008966
71,516	0,007813
71,554	0,00355
71,592	-0,000786
71,63	-0,00279
71,668	-0,003681
71,706	-0,004524
71,744	-0,003524
71,782	0,000463
71,82	0,003547
71,858	0,004023
71,896	0,001989
71,934	-0,001425
71,972	-0,003476
72,01	-0,002358
72,048	0,000801
72,086	0,000634
72,124	-0,001005
72,162	-0,001064
72,2	-0,002302
72,238	-0,000554
72,276	-0,000124
72,314	0,000437
72,352	-0,001345
72,39	0,001355
72,428	-0,001755
72,466	-0,000332
72,504	-0,003685
72,542	-0,011871
72,58	-0,006591
72,618	-0,004649
72,656	-0,004771
72,694	-0,001345
72,732	0,000346
72,77	-0,003021
72,808	-0,000753
72,846	-0,004522
72,884	-0,001063
72,922	0,002063
72,96	0,000932
72,998	-0,003141
73,036	-0,000872
73,074	-0,004882
73,112	-0,004025
73,15	-0,005109
73,188	-0,004112
73,226	-0,006839
73,264	-0,005565
73,302	0,003008
73,34	0,006551
73,378	0,006866
73,416	0,00931
73,454	0,015803
73,492	0,018912
73,53	0,024607
73,568	0,026055
73,606	0,02926
73,644	0,031986
73,682	0,032615
73,72	0,029689
73,758	0,028626
73,796	0,027054
73,834	0,022596
73,872	0,028182
73,91	0,023197
73,948	0,023596
73,986	0,01684
74,024	0,015769
74,062	0,016123
74,1	0,015192
74,138	0,01185
74,176	0,012433
74,214	0,00817
74,252	0,009107
74,29	0,007896
74,328	0,007544
74,366	0,010195
74,404	0,009813
74,442	0,009209
74,48	0,012648
74,518	0,008985
74,556	0,004899
74,594	0,004339
74,632	0,00664
74,67	0,008023
74,708	0,01187
74,746	0,0143
74,784	0,015023
74,822	0,009227
74,86	0,00854
74,898	0,009621
74,936	0,008463
74,974	0,009622
75,012	0,013522
75,05	0,011527
75,088	0,007823
75,126	0,010572
75,164	0,008449
75,202	0,007104
75,24	0,007637
75,278	0,009665
75,316	0,012111
75,354	0,010674
75,392	0,005376
75,43	0,00246
75,468	0,003159
75,506	0,000568
75,544	0,002126
75,582	0,002888
75,62	0,001583
75,658	0,00193
75,696	-0,001458
75,734	-0,00195
75,772	-0,001862
75,81	-0,003058
75,848	-0,000091
75,886	-0,001785
75,924	-0,000579
75,962	-0,000677
76	-0,004796
76,038	-0,004013
76,076	-0,003113
76,114	-0,000761
76,152	0,002143
76,19	0,000269
76,228	0,003322
76,266	0,004631
76,304	0,005138
76,342	0,004984
76,38	0,006166
76,418	0,004507
76,456	0,004854
76,494	0,006447
76,532	0,004363
76,57	0,003826
76,608	0,002275
76,646	0,003001
76,684	-0,000332
76,722	-0,002554
76,76	-0,00403
76,798	-0,0023
76,836	0,000263
76,874	-0,000431
76,912	-0,004238
76,95	-0,004434
76,988	-0,002469
77,026	-0,001951
77,064	-0,000336
77,102	0,00213
77,14	0,000761
77,178	-0,001133
77,216	0,001905
77,254	0,004661
77,292	0,003711
77,33	0,002163
77,368	0,002538
77,406	-0,001919
77,444	0,000408
77,482	-0,000076
77,52	0,000117
77,558	-0,001429
77,596	-0,000515
77,634	0,001852
77,672	0,004009
77,71	0,000387
77,748	0,00248
77,786	-0,000662
77,824	-0,002361
77,862	-0,000799
77,9	-0,004204
77,938	-0,004998
77,976	-0,005516
78,014	-0,004036
78,052	-0,002369
78,09	-0,004265
78,128	-0,0038
78,166	-0,001261
78,204	-0,004981
78,242	-0,004551
78,28	-0,004292
78,318	0,000084
78,356	-0,001769
78,394	-0,003104
78,432	-0,003126
78,47	-0,000464
78,508	-0,001018
78,546	-0,000986
78,584	-0,002124
78,622	-0,002814
78,66	0,000239
78,698	0,002192
78,736	0,004002
78,774	0,003385
78,812	0,003184
78,85	0,002795
78,888	0,003018
78,926	-0,002053
78,964	-0,000734
79,002	-0,002474
79,04	0,000538
79,078	-0,003649
79,116	-0,000592
79,154	0,00574
79,192	0,006197
79,23	0,009013
79,268	0,007563
79,306	0,008917
79,344	0,01147
79,382	0,00755
79,42	0,00988
79,458	0,01371
79,496	0,013986
79,534	0,017421
79,572	0,018082
79,61	0,019877
79,648	0,016572
79,686	0,015085
79,724	0,011845
79,762	0,012663
79,8	0,01548
79,838	0,014617
79,876	0,013907
79,914	0,016229
79,952	0,017681
79,99	0,015748
80,028	0,014091
80,066	0,016931
80,104	0,017451
80,142	0,016226
80,18	0,012725
80,218	0,011903
80,256	0,013599
80,294	0,010916
80,332	0,008341
80,37	0,006093
80,408	0,009511
80,446	0,008906
80,484	0,008644
80,522	0,007305
80,56	0,00768
80,598	0,007161
80,636	0,002289
80,674	-0,001032
80,712	-0,000817
80,75	-0,00194
80,788	-0,004646
80,826	-0,003625
80,864	-0,000051
80,902	-0,000231
80,94	0,004541
80,978	0,008495
81,016	0,006019
81,054	0,004387
81,092	0,006533
81,13	0,006528
81,168	0,005812
81,206	0,005039
81,244	0,007185
81,282	0,006466
81,32	0,002783
81,358	-0,000452
81,396	0,000715
81,434	0,00073
81,472	-0,003179
81,51	0,000396
81,548	0,004003
81,586	0,006689
81,624	0,007013
81,662	0,004489
81,7	0,00607
81,738	0,006308
81,776	0,005612
81,814	0,005328
81,852	0,00657
81,89	0,006645
81,928	0,007357
81,966	0,006815
82,004	0,003816
82,042	0,00358
82,08	0,002968
82,118	0,004827
82,156	0,006602
82,194	0,007949
82,232	0,010898
82,27	0,010555
82,308	0,011044
82,346	0,008023
82,384	0,002807
82,422	0,001641
82,46	0,001222
82,498	0,00007
82,536	-0,004055
82,574	-0,002395
82,612	-0,003466
82,65	-0,007267
82,688	-0,009416
82,726	-0,007229
82,764	-0,00733
82,802	-0,007127
82,84	-0,008521
82,878	-0,007969
82,916	-0,007768
82,954	-0,005658
82,992	-0,006847
83,03	-0,003927
83,068	-0,001889
83,106	-0,003201
83,144	0,001339
83,182	0,001321
83,22	0,00086
83,258	0,002354
83,296	-0,000906
83,334	-0,001135
83,372	-0,003147
83,41	-0,004787
83,448	-0,004036
83,486	-0,002081
83,524	-0,004845
83,562	-0,005258
83,6	-0,004858
83,638	-0,004554
83,676	-0,004389
83,714	-0,003269
83,752	-0,003506
83,79	-0,003134
83,828	-0,00501
83,866	-0,003848
83,904	-0,002324
83,942	-0,000797
83,98	-0,003692
84,018	-0,003498
84,056	-0,003675
84,094	-0,004398
84,132	-0,001688
84,17	-0,001216
84,208	0,000269
84,246	0,0002
84,284	0,001176
84,322	-0,001466
84,36	-0,000707
84,398	0,001075
84,436	-0,002041
84,474	0,000177
84,512	0,000414
84,55	-0,004881
84,588	0,00002
84,626	-0,001054
84,664	0,000044
84,702	-0,002924
84,74	-0,004596
84,778	-0,001958
84,816	0,002092
84,854	0,003361
84,892	0,002804
84,93	0,000857
84,968	-0,000329
85,006	-0,00232
85,044	-0,001685
85,082	-0,000552
85,12	0,003147
85,158	0,005561
85,196	0,002059
85,234	0,001858
85,272	0,003855
85,31	0,006832
85,348	0,006129
85,386	0,007591
85,424	0,010123
85,462	0,008392
85,5	0,013553
85,538	0,015855
85,576	0,017406
85,614	0,015701
85,652	0,021183
85,69	0,024349
85,728	0,027934
85,766	0,029587
85,804	0,028623
85,842	0,028188
85,88	0,030949
85,918	0,028084
85,956	0,031527
85,994	0,027671
86,032	0,025141
86,07	0,021072
86,108	0,017705
86,146	0,019354
86,184	0,017126
86,222	0,016542
86,26	0,011746
86,298	0,010415
86,336	0,007579
86,374	0,007989
86,412	0,00761
86,45	0,005681
86,488	0,006543
86,526	0,0057
86,564	0,005722
86,602	0,004608
86,64	0,004229
86,678	0,004821
86,716	0,006279
86,754	0,006784
86,792	0,003142
86,83	-0,003209
86,868	-0,001967
86,906	-0,005165
86,944	-0,003463
86,982	-0,004415
87,02	-0,00462
87,058	-0,003432
87,096	-0,006369
87,134	-0,005459
87,172	-0,007124
87,21	-0,004801
87,248	-0,007709
87,286	-0,004972
87,324	-0,009223
87,362	-0,007659
87,4	-0,004409
87,438	-0,002347
87,476	-0,000789
87,514	0,003355
87,552	0,007178
87,59	0,009287
87,628	0,014732
87,666	0,01716
87,704	0,015521
87,742	0,014547
87,78	0,010269
87,818	0,009219
87,856	0,007226
87,894	0,008186
87,932	0,01099
87,97	0,012244
88,008	0,013301
88,046	0,013167
88,084	0,008432
88,122	0,006938
88,16	0,006199
88,198	0,004999
88,236	0,006793
88,274	0,007567
88,312	0,007981
88,35	0,011896
88,388	0,014907
88,426	0,014459
88,464	0,015727
88,502	0,012021
88,54	0,009504
88,578	0,011957
88,616	0,011164
88,654	0,012083
88,692	0,010018
88,73	0,01097
88,768	0,011709
88,806	0,011242
88,844	0,009173
88,882	0,009822
88,92	0,010244
88,958	0,011025
88,996	0,00733
89,034	0,007597
89,072	0,006133
89,11	0,004567
89,148	0,006777
89,186	0,004809
89,224	0,007833
89,262	0,007083
89,3	0,006165
89,338	0,00577
89,376	0,005869
89,414	0,006621
89,452	0,00731
89,49	0,003051
89,528	0,001944
89,566	0,006045
89,604	0,003466
89,642	0,00109
89,68	0,000818
89,718	-0,000973
89,756	0,002378
89,794	0,003345
89,832	0,002154
89,87	0,000808
89,908	0,001267
89,946	0,002134
89,984	0,002188
90,022	0,002658
90,06	0,003351
90,098	0,001573
90,136	0,004392
90,174	0,00587
90,212	0,005754
90,25	0,010661
90,288	0,008191
90,326	0,005351
90,364	0,00275
90,402	0,000223
90,44	0,000356
90,478	0,001788
90,516	0,00242
90,554	0,003786
90,592	0,003947
90,63	0,002511
90,668	-0,000124
90,706	0,001136
90,744	0,00345
90,782	0,000838
90,82	-0,002168
90,858	-0,000732
90,896	-0,001352
90,934	0,000855
90,972	0,002502
91,01	0,003141
91,048	0,007357
91,086	0,008676
91,124	0,011398
91,162	0,007915
91,2	0,006239
91,238	0,009082
91,276	0,006727
91,314	0,003629
91,352	0,002574
91,39	0,002126
91,428	0,004171
91,466	0,003752
91,504	0,002257
91,542	0,002289
91,58	0,004975
91,618	0,010279
91,656	0,014429
91,694	0,016898
91,732	0,020515
91,77	0,021881
91,808	0,024703
91,846	0,02251
91,884	0,025346
91,922	0,02564
91,96	0,028662
91,998	0,025732
92,036	0,024815
92,074	0,023936
92,112	0,023329
92,15	0,022223
92,188	0,017199
92,226	0,014005
92,264	0,013355
92,302	0,014449
92,34	0,015355
92,378	0,012782
92,416	0,009143
92,454	0,007399
92,492	0,004624
92,53	0,004803
92,568	0,004893
92,606	0,004241
92,644	0,004789
92,682	0,00162
92,72	-0,001306
92,758	0,004306
92,796	0,00569
92,834	0,004964
92,872	0,008771
92,91	0,006188
92,948	0,009606
92,986	0,00875
93,024	0,005567
93,062	0,006252
93,1	0,005612
93,138	0,008043
93,176	0,006914
93,214	0,00755
93,252	0,003062
93,29	0,001884
93,328	0,001149
93,366	-0,002176
93,404	0,000507
93,442	-0,001078
93,48	-0,000576
93,518	-0,001371
93,556	0,001596
93,594	0,003206
93,632	0,005809
93,67	0,007845
93,708	0,009593
93,746	0,007234
93,784	0,003589
93,822	0,00142
93,86	0,003308
93,898	0,001549
93,936	-0,001115
93,974	-0,003983
94,012	-0,005078
94,05	-0,002153
94,088	0,000729
94,126	-0,001561
94,164	-0,005231
94,202	-0,002005
94,24	0,00011
94,278	-0,001605
94,316	0,000469
94,354	-0,002189
94,392	-0,004897
94,43	-0,006617
94,468	-0,008671
94,506	-0,006215
94,544	-0,006934
94,582	-0,010587
94,62	-0,008733
94,658	-0,008076
94,696	-0,006773
94,734	-0,003057
94,772	-0,001347
94,81	0,003614
94,848	-0,001354
94,886	0,002446
94,924	0,000519
94,962	-0,000023
95	0,001495
95,038	0,005139
95,076	0,006477
95,114	0,001351
95,152	0,002772
95,19	0,007977
95,228	0,014251
95,266	0,016061
95,304	0,019278
95,342	0,024509
95,38	0,026305
95,418	0,030725
95,456	0,030143
95,494	0,031501
95,532	0,032577
95,57	0,036824
95,608	0,0392
95,646	0,034856
95,684	0,030479
95,722	0,027657
95,76	0,032933
95,798	0,027824
95,836	0,024515
95,874	0,019047
95,912	0,019881
95,95	0,016199
95,988	0,015958
96,026	0,015402
96,064	0,017567
96,102	0,021616
96,14	0,016945
96,178	0,016066
96,216	0,018266
96,254	0,018328
96,292	0,014798
96,33	0,01346
96,368	0,010533
96,406	0,009698
96,444	0,010595
96,482	0,01256
96,52	0,012425
96,558	0,009518
96,596	0,011925
96,634	0,012401
96,672	0,013591
96,71	0,00965
96,748	0,010346
96,786	0,012268
96,824	0,01173
96,862	0,014029
96,9	0,017092
96,938	0,017439
96,976	0,017671
97,014	0,016524
97,052	0,016249
97,09	0,017607
97,128	0,020135
97,166	0,0187
97,204	0,017085
97,242	0,013437
97,28	0,008896
97,318	0,010616
97,356	0,006675
97,394	0,006024
97,432	0,005784
97,47	0,00473
97,508	0,008174
97,546	0,01163
97,584	0,014366
97,622	0,014192
97,66	0,01684
97,698	0,016828
97,736	0,021305
97,774	0,022683
97,812	0,029763
97,85	0,03321
97,888	0,030296
97,926	0,035304
97,964	0,03878
98,002	0,039228
98,04	0,040453
98,078	0,039349
98,116	0,041113
98,154	0,040217
98,192	0,035057
98,23	0,03438
98,268	0,03426
98,306	0,033872
98,344	0,034178
98,382	0,032391
98,42	0,030326
98,458	0,025369
98,496	0,022868
98,534	0,018035
98,572	0,019149
98,61	0,014409
98,648	0,012574
98,686	0,005821
98,724	0,006313
98,762	0,004888
98,8	0,005336
98,838	0,003643
98,876	0,001577
98,914	0,002586
98,952	0,005354
98,99	0,008252
99,028	0,006723
99,066	0,004974
99,104	0,001895
99,142	0,000191
99,18	0,001323
99,218	-0,001066
99,256	0,001313
99,294	0,002921
99,332	-0,001186
99,37	0,004188
99,408	0,00223
99,446	0,001823
99,484	-0,003769
99,522	-0,003313
99,56	-0,00402
99,598	-0,001941
99,636	0,001359
99,674	-0,000798
99,712	0,002571
99,75	0,001445
99,788	0,001257
99,826	0,005731
99,864	0,007221
99,902	0,004667
99,94	-0,001179
99,978	-0,003393
100,016	-0,004593
100,054	-0,003739
100,092	-0,005603
100,13	-0,005407
100,168	-0,009141
100,206	-0,005449
100,244	-0,003243
100,282	-0,004324
100,32	-0,007527
100,358	-0,006782
100,396	-0,005197
100,434	-0,006139
100,472	-0,009417
100,51	-0,010076
100,548	-0,00662
100,586	-0,006751
100,624	-0,009494
100,662	-0,009346
100,7	-0,008452
100,738	-0,007914
100,776	-0,005601
100,814	-0,005538
100,852	0,000037
100,89	0,002799
100,928	0,007074
100,966	0,004607
101,004	0,003939
101,042	0,004085
101,08	0,005459
101,118	0,0065
101,156	0,003607
101,194	0,002274
101,232	0,004188
101,27	0,00079
101,308	0,003676
101,346	0,003526
101,384	0,00208
101,422	0,004325
101,46	0,001863
101,498	0,001985
101,536	0,001493
101,574	0,002996
101,612	-0,001363
101,65	-0,00239
101,688	-0,004874
101,726	-0,010951
101,764	-0,005332
101,802	-0,002249
101,84	-0,002436
101,878	-0,000674
101,916	-0,004092
101,954	0,000256
101,992	-0,001575
102,03	-0,000566
102,068	0,000654
102,106	0,001802
102,144	0,000072
102,182	0,000062
102,22	-0,002749
102,258	0,001428
102,296	0,006002
102,334	0,007485
102,372	0,004573
102,41	0,002556
102,448	0,000175
102,486	0,00037
102,524	-0,001406
102,562	-0,00733
102,6	-0,006699
102,638	-0,006953
102,676	-0,009902
102,714	-0,012204
102,752	-0,006243
102,79	-0,000923
102,828	-0,002572
102,866	-0,002264
102,904	0,000518
102,942	0,002287
102,98	-0,000405
103,018	0,006092
103,056	0,009582
103,094	0,008191
103,132	0,005763
103,17	0,002843
103,208	0,002399
103,246	0,004131
103,284	0,000726
103,322	0,000493
103,36	-0,00159
103,398	-0,001158
103,436	0,004734
103,474	0,002377
103,512	-0,002269
103,55	0,003044
103,588	-0,000351
103,626	-0,004382
103,664	-0,004888
103,702	0,000107
103,74	-0,000421
103,778	0,006705
103,816	0,012859
103,854	0,016486
103,892	0,018511
103,93	0,022347
103,968	0,024422
104,006	0,024793
104,044	0,024612
104,082	0,020106
104,12	0,018284
104,158	0,020776
104,196	0,020261
104,234	0,019103
104,272	0,023372
104,31	0,021931
104,348	0,01595
104,386	0,013949
104,424	0,013281
104,462	0,014081
104,5	0,013274
104,538	0,016295
104,576	0,019536
104,614	0,016694
104,652	0,014772
104,69	0,019822
104,728	0,017368
104,766	0,019209
104,804	0,018708
104,842	0,017866
104,88	0,014713
104,918	0,010628
104,956	0,012166
104,994	0,01
105,032	0,008944
105,07	0,010652
105,108	0,01373
105,146	0,017509
105,184	0,017505
105,222	0,016274
105,26	0,012613
105,298	0,013825
105,336	0,010156
105,374	0,006012
105,412	0,008174
105,45	0,008914
105,488	0,008236
105,526	0,008348
105,564	0,004152
105,602	0,001125
105,64	0,003679
105,678	0,000279
105,716	-0,000793
105,754	-0,004429
105,792	-0,003053
105,83	-0,000973
105,868	-0,003357
105,906	-0,005988
105,944	-0,006676
105,982	-0,003351
106,02	-0,003969
106,058	-0,00268
106,096	-0,001353
106,134	0,003885
106,172	0,003123
106,21	0,004785
106,248	0,006666
106,286	0,008051
106,324	0,009702
106,362	0,009355
106,4	0,008585
106,438	0,005369
106,476	0,002285
106,514	0,002452
106,552	0,002599
106,59	0,007906
106,628	0,010212
106,666	0,008679
106,704	0,007974
106,742	0,005857
106,78	0,004479
106,818	0,005319
106,856	0,008485
106,894	0,006367
106,932	0,005852
106,97	0,005924
107,008	0,005129
107,046	0,00805
107,084	0,006837
107,122	0,003989
107,16	0,005088
107,198	0,00409
107,236	0,007894
107,274	0,011851
107,312	0,014946
107,35	0,014613
107,388	0,020509
107,426	0,019598
107,464	0,017861
107,502	0,017599
107,54	0,013869
107,578	0,01319
107,616	0,010347
107,654	0,006147
107,692	0,007113
107,73	0,005572
107,768	0,00541
107,806	0,005215
107,844	-0,002037
107,882	-0,001812
107,92	0,000044
107,958	0,004298
107,996	0,005787
108,034	0,003751
108,072	0,001944
108,11	0,000264
108,148	-0,000631
108,186	0,000973
108,224	0,000824
108,262	0,001936
108,3	0,003597
108,338	0,003311
108,376	0,003443
108,414	0,009043
108,452	0,009796
108,49	0,007584
108,528	0,00637
108,566	0,001726
108,604	0,000229
108,642	-0,002247
108,68	-0,003616
108,718	-0,00185
108,756	-0,002301
108,794	0,004292
108,832	0,003522
108,87	0,008372
108,908	0,005361
108,946	0,003794
108,984	0,005583
109,022	0,007067
109,06	0,006819
109,098	0,008281
109,136	0,005237
109,174	0,000257
109,212	-0,000588
109,25	-0,004539
109,288	-0,006559
109,326	-0,007225
109,364	-0,004984
109,402	-0,00268
109,44	-0,003102
109,478	-0,002878
109,516	-0,003853
109,554	-0,002795
109,592	-0,002704
109,63	0,002631
109,668	0,006568
109,706	0,012681
109,744	0,014423
109,782	0,013467
109,82	0,017194
109,858	0,021527
109,896	0,02216
109,934	0,022509
109,972	0,024414
110,01	0,027609
110,048	0,028841
110,086	0,032591
110,124	0,035891
110,162	0,039186
110,2	0,037285
110,238	0,038007
110,276	0,035028
110,314	0,031268
110,352	0,030016
110,39	0,027749
110,428	0,022293
110,466	0,022665
110,504	0,020444
110,542	0,02071
110,58	0,015682
110,618	0,016159
110,656	0,015818
110,694	0,0101
110,732	0,008832
110,77	0,002901
110,808	0,004425
110,846	0,003774
110,884	0,001506
110,922	0,005632
110,96	0,00732
110,998	0,00767
111,036	0,008024
111,074	0,009557
111,112	0,008169
111,15	0,009623
111,188	0,006684
111,226	0,003389
111,264	0,00431
111,302	0,005385
111,34	0,005722
111,378	0,002911
111,416	-0,000405
111,454	0,00242
111,492	0,004266
111,53	0,003629
111,568	0,002672
111,606	0,002622
111,644	0,001472
111,682	-0,002634
111,72	0,003062
111,758	0,006107
111,796	0,006838
111,834	0,005836
111,872	0,007358
111,91	0,009178
111,948	0,005982
111,986	0,009834
112,024	0,013829
112,062	0,014416
112,1	0,014966
112,138	0,014741
112,176	0,012637
112,214	0,01164
112,252	0,007847
112,29	0,005622
112,328	0,005558
112,366	0,006669
112,404	0,002813
112,442	0,005052
112,48	0,008749
112,518	0,008954
112,556	0,012453
112,594	0,011318
112,632	0,00876
112,67	0,009045
112,708	0,008221
112,746	0,009756
112,784	0,011387
112,822	0,013224
112,86	0,013933
112,898	0,012595
112,936	0,008886
112,974	0,005436
113,012	0,005973
113,05	0,003814
113,088	0,003504
113,126	0,003673
113,164	0,000161
113,202	0,002378
113,24	0,009952
113,278	0,013994
113,316	0,018016
113,354	0,021219
113,392	0,01954
113,43	0,02698
113,468	0,02881
113,506	0,032854
113,544	0,033483
113,582	0,033441
113,62	0,029573
113,658	0,030136
113,696	0,024481
113,734	0,022946
113,772	0,022909
113,81	0,020526
113,848	0,017686
113,886	0,015268
113,924	0,016785
113,962	0,014394
114	0,015253
114,038	0,012071
114,076	0,013079
114,114	0,007734
114,152	0,00701
114,19	0,002642
114,228	0,003592
114,266	0,006355
114,304	0,007407
114,342	0,008521
114,38	0,011596
114,418	0,008823
114,456	0,008125
114,494	0,008278
114,532	0,009446
114,57	0,006939
114,608	0,00306
114,646	0,00187
114,684	0,000806
114,722	0,005218
114,76	0,00497
114,798	-0,000059
114,836	0,001934
114,874	0,001102
114,912	-0,000954
114,95	0,002885
114,988	0,004816
115,026	0,004555
115,064	0,00581
115,102	0,009863
115,14	0,009321
115,178	0,011641
115,216	0,010099
115,254	0,005359
115,292	0,00451
115,33	0,00497
115,368	0,008427
115,406	0,010358
115,444	0,007942
115,482	0,005749
115,52	0,005901
115,558	0,005341
115,596	0,00475
115,634	0,004255
115,672	-0,001953
115,71	-0,000444
115,748	0,001172
115,786	0,000534
115,824	0,000986
115,862	-0,002218
115,9	-0,000252
115,938	-0,000108
115,976	0,003889
116,014	0,006026
116,052	0,006805
116,09	0,007569
116,128	0,009371
116,166	0,014495
116,204	0,011772
116,242	0,011054
116,28	0,014093
116,318	0,011368
116,356	0,00646
116,394	0,007754
116,432	0,010611
116,47	0,006134
116,508	0,003289
116,546	0,004566
116,584	0,004698
116,622	0,007884
116,66	0,008243
116,698	0,006442
116,736	0,004211
116,774	0,002114
116,812	0,003646
116,85	0,006462
116,888	0,005717
116,926	0,004676
116,964	-0,000731
117,002	-0,003154
117,04	-0,002484
117,078	-0,00412
117,116	-0,001684
117,154	-0,002105
117,192	-0,005018
117,23	-0,004124
117,268	-0,003963
117,306	-0,005828
117,344	-0,004625
117,382	-0,004642
117,42	-0,006167
117,458	-0,004992
117,496	-0,006086
117,534	-0,00264
117,572	-0,002415
117,61	-0,003745
117,648	-0,001236
117,686	0,000744
117,724	0,000368
117,762	0,004593
117,8	0,004097
117,838	0,006121
117,876	0,005405
117,914	0,005201
117,952	-0,000264
117,99	-0,006063
118,028	-0,00681
118,066	-0,005844
118,104	-0,009031
118,142	-0,010387
118,18	-0,008369
118,218	-0,007697
118,256	-0,004974
118,294	-0,006813
118,332	-0,008401
118,37	-0,007301
118,408	-0,007576
118,446	-0,005331
118,484	-0,00491
118,522	-0,003767
118,56	-0,004764
118,598	-0,005792
118,636	-0,006411
118,674	-0,007317
118,712	-0,002988
118,75	0,004246
118,788	0,005545
118,826	0,006845
118,864	0,004782
118,902	0,007529
118,94	0,008092
118,978	0,009277
119,016	0,010162
119,054	0,009306
119,092	0,009872
119,13	0,009246
119,168	0,011059
119,206	0,009034
119,244	0,006257
119,282	0,007911
119,32	0,008116
119,358	0,002882
119,396	0,001499
119,434	0,000874
119,472	0,001188
119,51	0,003714
119,548	0,007944
119,586	0,011777
119,624	0,011535
119,662	0,010726
119,7	0,014882
119,738	0,017463
119,776	0,016492
119,814	0,018076
119,852	0,019089
119,89	0,017503
119,928	0,018952
119,966	0,019852
120,004	0,022796
120,042	0,019618
120,08	0,017562
120,118	0,015245
120,156	0,012335
120,194	0,009623
120,232	0,013262
120,27	0,014722
120,308	0,011938
120,346	0,011892
120,384	0,011236
120,422	0,011763
120,46	0,014271
120,498	0,012664
120,536	0,014718
120,574	0,008607
120,612	0,011183
120,65	0,010761
120,688	0,004787
120,726	0,002972
120,764	0,002664
120,802	0,005353
120,84	0,005772
120,878	0,006874
120,916	0,002035
120,954	0,004478
120,992	0,006065
121,03	0,005194
121,068	0,003602
121,106	0,007544
121,144	0,007308
121,182	0,00793
121,22	0,003377
121,258	0,004806
121,296	0,006366
121,334	0,006846
121,372	0,006976
121,41	0,008752
121,448	0,008574
121,486	0,010851
121,524	0,006532
121,562	0,004762
121,6	0,004912
121,638	0,004776
121,676	-0,000097
121,714	-0,000827
121,752	0,001124
121,79	0,00042
121,828	-0,003359
121,866	-0,000495
121,904	-0,001194
121,942	0,001785
121,98	0,007181
122,018	0,011458
122,056	0,017244
122,094	0,019339
122,132	0,02182
122,17	0,021494
122,208	0,020779
122,246	0,027621
122,284	0,026844
122,322	0,028882
122,36	0,030629
122,398	0,03232
122,436	0,032154
122,474	0,029951
122,512	0,027686
122,55	0,02718
122,588	0,023883
122,626	0,021838
122,664	0,01989
122,702	0,020211
122,74	0,017599
122,778	0,015562
122,816	0,012871
122,854	0,013074
122,892	0,013804
122,93	0,015342
122,968	0,015177
123,006	0,017287
123,044	0,020532
123,082	0,01753
123,12	0,012109
123,158	0,013613
123,196	0,018106
123,234	0,021261
123,272	0,020373
123,31	0,016514
123,348	0,016816
123,386	0,015251
123,424	0,012016
123,462	0,013022
123,5	0,00711
123,538	0,009957
123,576	0,007255
123,614	0,012696
123,652	0,010205
123,69	0,008205
123,728	0,01067
123,766	0,009776
123,804	0,011032
123,842	0,01001
123,88	0,008102
123,918	0,006209
123,956	0,007698
123,994	0,007245
124,032	0,004933
124,07	0,00764
124,108	0,007631
124,146	0,007375
124,184	0,00691
124,222	0,010022
124,26	0,004667
124,298	0,003918
124,336	0,004921
124,374	0,008312
124,412	0,005621
124,45	0,003333
124,488	0,003998
124,526	0,003296
124,564	0,002591
124,602	-0,001242
124,64	-0,001983
124,678	-0,001412
124,716	-0,00088
124,754	-0,005434
124,792	-0,002587
124,83	-0,001416
124,868	0,001115
124,906	0,005459
124,944	0,006121
124,982	0,002301
125,02	0,003136
125,058	0,003702
125,096	0,002863
125,134	0,003729
125,172	0,000951
125,21	-0,000039
125,248	0,001834
125,286	-0,001292
125,324	-0,000805
125,362	-0,004449
125,4	-0,002579
125,438	-0,001953
125,476	-0,003236
125,514	-0,002101
125,552	-0,003892
125,59	-0,002425
125,628	0,00012
125,666	-0,001066
125,704	0,002156
125,742	0,002279
125,78	0,003338
125,818	0,001168
125,856	0,000576
125,894	-0,004587
125,932	-0,00259
125,97	-0,00286
126,008	-0,006384
126,046	-0,001831
126,084	-0,002295
126,122	-0,005087
126,16	-0,005678
126,198	-0,002753
126,236	-0,00174
126,274	-0,001811
126,312	-0,000652
126,35	-0,003673
126,388	-0,00571
126,426	-0,002673
126,464	-0,00521
126,502	-0,004214
126,54	-0,002865
126,578	-0,002481
126,616	-0,001073
126,654	-0,001643
126,692	0,004618
126,73	0,004362
126,768	0,004169
126,806	0,004778
126,844	0,006744
126,882	0,005375
126,92	0,008526
126,958	0,007634
126,996	0,009296
127,034	0,008115
127,072	0,006772
127,11	0,006993
127,148	0,007942
127,186	0,007169
127,224	0,005914
127,262	0,009281
127,3	0,009946
127,338	0,009123
127,376	0,010336
127,414	0,007142
127,452	0,006641
127,49	0,008059
127,528	0,009367
127,566	0,010583
127,604	0,009714
127,642	0,012521
127,68	0,010641
127,718	0,010287
127,756	0,01371
127,794	0,015798
127,832	0,01703
127,87	0,014282
127,908	0,014027
127,946	0,01099
127,984	0,009109
128,022	0,006803
128,06	0,010809
128,098	0,012624
128,136	0,020417
128,174	0,021846
128,212	0,024291
128,25	0,024938
128,288	0,024785
128,326	0,029127
128,364	0,029772
128,402	0,028799
128,44	0,032273
128,478	0,030184
128,516	0,028333
128,554	0,030893
128,592	0,028737
128,63	0,027333
128,668	0,025355
128,706	0,022523
128,744	0,022071
128,782	0,019684
128,82	0,016892
128,858	0,013953
128,896	0,01039
128,934	0,012096
128,972	0,008542
129,01	0,007237
129,048	0,005465
129,086	0,002617
129,124	0,006112
129,162	0,006301
129,2	0,007345
129,238	0,006141
129,276	0,005159
129,314	0,001467
129,352	0,003836
129,39	0,003675
129,428	-0,001786
129,466	-0,004151
129,504	-0,001619
129,542	-0,004289
129,58	-0,004458
129,618	-0,008538
129,656	-0,003831
129,694	-0,002931
129,732	-0,005627
129,77	-0,00601
129,808	0,001447
129,846	-0,00162
129,884	-0,001494
129,922	-0,002505
129,96	-0,002374
129,998	0,003301
130,036	0,003161
130,074	0,001171
130,112	-0,000712
130,15	0,002159
130,188	0,00266
130,226	0,001008
130,264	0,002177
130,302	0,000825
130,34	0,004515
130,378	0,005626
130,416	0,008516
130,454	0,008647
130,492	0,009083
130,53	0,007308
130,568	0,007364
130,606	0,007422
130,644	0,005646
130,682	0,006585
130,72	0,006805
130,758	0,003143
130,796	0,002393
130,834	0,006074
130,872	0,010016
130,91	0,007982
130,948	0,004787
130,986	0,007075
131,024	0,006576
131,062	0,00914
131,1	0,011901
131,138	0,010716
131,176	0,012145
131,214	0,011626
131,252	0,010821
131,29	0,013005
131,328	0,012734
131,366	0,012324
131,404	0,01401
131,442	0,011304
131,48	0,010331
131,518	0,012247
131,556	0,013206
131,594	0,010906
131,632	0,009069
131,67	0,011849
131,708	0,013587
131,746	0,010794
131,784	0,010002
131,822	0,012825
131,86	0,010236
131,898	0,011761
131,936	0,011888
131,974	0,01168
132,012	0,008666
132,05	0,006931
132,088	0,008279
132,126	0,005728
132,164	0,003618
132,202	0,00453
132,24	0,003201
132,278	-0,001819
132,316	-0,005087
132,354	-0,008678
132,392	-0,004062
132,43	0,002605
132,468	0,004716
132,506	0,004505
132,544	0,005406
132,582	0,008114
132,62	0,010609
132,658	0,013752
132,696	0,016291
132,734	0,017825
132,772	0,014733
132,81	0,009628
132,848	0,010763
132,886	0,008783
132,924	0,008648
132,962	0,004732
133	0,00666
133,038	0,005529
133,076	0,008626
133,114	0,007452
133,152	0,00685
133,19	0,007922
133,228	0,007347
133,266	0,009768
133,304	0,010942
133,342	0,012287
133,38	0,010423
133,418	0,006912
133,456	0,00539
133,494	0,007344
133,532	0,006681
133,57	0,007765
133,608	0,008405
133,646	0,007226
133,684	0,007126
133,722	0,004828
133,76	0,007152
133,798	0,011215
133,836	0,014575
133,874	0,015649
133,912	0,014576
133,95	0,013934
133,988	0,014219
134,026	0,016218
134,064	0,017049
134,102	0,012746
134,14	0,008863
134,178	0,006405
134,216	0,003229
134,254	0,006025
134,292	0,007074
134,33	0,009392
134,368	0,009602
134,406	0,010153
134,444	0,015657
134,482	0,019768
134,52	0,02014
134,558	0,018302
134,596	0,019868
134,634	0,021542
134,672	0,019456
134,71	0,019115
134,748	0,020407
134,786	0,016048
134,824	0,012311
134,862	0,011989
134,9	0,020054
134,938	0,017832
134,976	0,011699
135,014	0,007121
135,052	0,010021
135,09	0,010145
135,128	0,014597
135,166	0,012222
135,204	0,01189
135,242	0,011732
135,28	0,010638
135,318	0,006563
135,356	0,00405
135,394	0,002513
135,432	-0,003383
135,47	0,000357
135,508	0,001181
135,546	0,001798
135,584	0,007544
135,622	0,007385
135,66	0,006619
135,698	0,004662
135,736	0,004048
135,774	0,000703
135,812	-0,001183
135,85	-0,001424
135,888	-0,002063
135,926	0,00624
135,964	0,004743
136,002	0,002827
136,04	0,00182
136,078	0,002704
136,116	-0,000588
136,154	-0,001095
136,192	-0,005666
136,23	-0,005782
136,268	-0,005426
136,306	-0,00392
136,344	0,002828
136,382	0,000789
136,42	0,002202
136,458	0,001995
136,496	0,001326
136,534	0,002925
136,572	0,003566
136,61	0,008205
136,648	0,008646
136,686	0,00763
136,724	0,005723
136,762	0,007623
136,8	0,007183
136,838	0,004613
136,876	0,00489
136,914	0,005316
136,952	0,001255
136,99	0,000928
137,028	-0,000284
137,066	-0,000967
137,104	-0,003171
137,142	0,001262
137,18	0,000072
137,218	0,002252
137,256	0,003871
137,294	0,004143
137,332	0,001717
137,37	0,002554
137,408	-0,001106
137,446	0,001299
137,484	0,003671
137,522	0,003051
137,56	0,002983
137,598	0,006402
137,636	0,006961
137,674	0,007176
137,712	0,006976
137,75	0,004603
137,788	0,000556
137,826	0,002072
137,864	0,000108
137,902	0,002337
137,94	0,000963
137,978	0,004945
138,016	0,002496
138,054	-0,000403
138,092	0,002207
138,13	0,002493
138,168	0,000979
138,206	0,001008
138,244	-0,001605
138,282	-0,002225
138,32	0,000322
138,358	-0,001335
138,396	-0,00515
138,434	-0,005119
138,472	-0,006273
138,51	-0,003787
138,548	-0,004873
138,586	-0,005687
138,624	-0,007671
138,662	-0,004734
138,7	-0,002408
138,738	0,005237
138,776	0,003036
138,814	0,0075
138,852	0,010769
138,89	0,014254
138,928	0,016141
138,966	0,016642
139,004	0,018908
139,042	0,020546
139,08	0,01995
139,118	0,016679
139,156	0,012972
139,194	0,014158
139,232	0,015916
139,27	0,018395
139,308	0,019255
139,346	0,013444
139,384	0,010483
139,422	0,010641
139,46	0,011793
139,498	0,014597
139,536	0,014582
139,574	0,009184
139,612	0,006689
139,65	0,007611
139,688	0,007239
139,726	0,009096
139,764	0,008548
139,802	0,006006
139,84	0,006571
139,878	0,007935
139,916	0,001963
139,954	0,006668
139,992	0,009744
140,03	0,005635
140,068	0,004902
140,106	0,0036
140,144	0,005576
140,182	0,000804
140,22	-0,000033
140,258	0,004229
140,296	0,007761
140,334	0,014818
140,372	0,019522
140,41	0,024182
140,448	0,025632
140,486	0,028044
140,524	0,027503
140,562	0,027692
140,6	0,029125
140,638	0,033995
140,676	0,033333
140,714	0,035769
140,752	0,034869
140,79	0,033173
140,828	0,031772
140,866	0,027632
140,904	0,027252
140,942	0,02459
140,98	0,024294
141,018	0,021574
141,056	0,019132
141,094	0,015082
141,132	0,013887
141,17	0,013216
141,208	0,005233
141,246	0,005801
141,284	0,005637
141,322	0,003661
141,36	0,00133
141,398	0,004784
141,436	0,002559
141,474	0,002106
141,512	0,005661
141,55	0,005932
141,588	0,004883
141,626	0,002168
141,664	0,001822
141,702	0,004452
141,74	0,002689
141,778	0,00186
141,816	0,004916
141,854	0,003062
141,892	0,001524
141,93	0,002031
141,968	0,002136
142,006	0,001149
142,044	0,002554
142,082	0,002323
142,12	0,001946
142,158	0,002144
142,196	0,001612
142,234	0,000665
142,272	-0,003989
142,31	-0,001304
142,348	-0,003203
142,386	-0,000836
142,424	0,001634
142,462	0,003551
142,5	0,003873
142,538	0,008078
142,576	0,004388
142,614	0,001969
142,652	0,001367
142,69	0,000172
142,728	-0,000373
142,766	-0,001774
142,804	-0,001854
142,842	-0,002423
142,88	-0,000228
142,918	0,005721
142,956	0,00455
142,994	0,00333
143,032	0,004351
143,07	0,006342
143,108	0,001515
143,146	0,007616
143,184	0,012162
143,222	0,011419
143,26	0,009471
143,298	0,010271
143,336	0,011826
143,374	0,015336
143,412	0,012337
143,45	0,010301
143,488	0,008678
143,526	0,009559
143,564	0,009147
143,602	0,010646
143,64	0,009919
143,678	0,012557
143,716	0,01398
143,754	0,012365
143,792	0,010775
143,83	0,01073
143,868	0,007327
143,906	0,006797
143,944	0,010358
143,982	0,011656
144,02	0,010066
144,058	0,006842
144,096	0,002016
144,134	0,004624
144,172	0,004562
144,21	0,008577
144,248	0,006946
144,286	0,003056
144,324	0,006249
144,362	0,004449
144,4	0,006642
144,438	0,003824
144,476	0,003077
144,514	0,005316
144,552	0,007109
144,59	0,007894
144,628	0,003909
144,666	0,004293
144,704	0,007215
144,742	0,007348
144,78	0,008155
144,818	0,008824
144,856	0,006268
144,894	0,009169
144,932	0,008712
144,97	0,005285
145,008	0,005561
145,046	0,001472
145,084	0,00196
145,122	0,003951
145,16	0,00217
145,198	0,000569
145,236	-0,0012
145,274	-0,002221
145,312	-0,001221
145,35	-0,000203
145,388	-0,001897
145,426	0,000132
145,464	-0,000916
145,502	0,001393
145,54	0,005276
145,578	0,003602
145,616	0,003552
145,654	0,001416
145,692	0,004224
145,73	0,003754
145,768	0,005207
145,806	0,004189
145,844	0,008431
145,882	0,008896
145,92	0,008648
145,958	0,006282
145,996	0,009469
146,034	0,007535
146,072	0,007461
146,11	0,006891
146,148	0,002799
146,186	0,003668
146,224	0,003692
146,262	0,006127
146,3	0,007444
146,338	0,009741
146,376	0,00612
146,414	0,010425
146,452	0,016534
146,49	0,022863
146,528	0,022704
146,566	0,025304
146,604	0,024791
146,642	0,027672
146,68	0,019829
146,718	0,016128
146,756	0,015479
146,794	0,017102
146,832	0,015207
146,87	0,013194
146,908	0,014324
146,946	0,014561
146,984	0,012978
147,022	0,00811
147,06	0,005097
147,098	0,007366
147,136	0,010071
147,174	0,009262
147,212	0,010437
147,25	0,005117
147,288	0,00103
147,326	0,000507
147,364	0,000136
147,402	0,002626
147,44	0,002021
147,478	0,000755
147,516	0,001995
147,554	0,004801
147,592	0,006616
147,63	0,01028
147,668	0,010774
147,706	0,014868
147,744	0,01921
147,782	0,015182
147,82	0,010894
147,858	0,010902
147,896	0,011543
147,934	0,01163
147,972	0,009668
148,01	0,00906
148,048	0,011736
148,086	0,007598
148,124	0,009382
148,162	0,005712
148,2	0,003375
148,238	-0,002561
148,276	-0,002393
148,314	-0,002309
148,352	0,000056
148,39	0,001132
148,428	-0,000825
148,466	-0,002375
148,504	-0,003967
148,542	-0,003241
148,58	-0,000408
148,618	0,000293
148,656	-0,000389
148,694	-0,000564
148,732	-0,000384
148,77	0,003586
148,808	0,00256
148,846	0,007059
148,884	0,006787
148,922	0,006886
148,96	0,003477
148,998	0,001042
149,036	-0,000523
149,074	-0,003019
149,112	-0,005972
149,15	-0,003897
149,188	-0,001154
149,226	-0,00269
149,264	-0,00249
149,302	-0,002509
149,34	-0,003154
149,378	0,000074
149,416	0,001543
149,454	-0,00118
149,492	-0,000118
149,53	0,001468
149,568	0,002787
149,606	0,004774
149,644	0,005915
149,682	0,004831
149,72	0,001964
149,758	0,00055
149,796	-0,000808
149,834	-0,003266
149,872	-0,000648
149,91	-0,00357
149,948	-0,004076
149,986	-0,004235
150,024	-0,003091
150,062	-0,000676
150,1	-0,000835
150,138	0,002416
150,176	0,002565
150,214	0,002502
150,252	0,004687
150,29	0,004082
150,328	0,001612
150,366	0,005429
150,404	0,003181
150,442	-0,002432
150,48	-0,000643
150,518	0,000724
150,556	-0,0001
150,594	-0,002091
150,632	-0,000457
150,67	-0,000409
150,708	-0,000147
150,746	0,000293
150,784	-0,001927
150,822	-0,004886
150,86	-0,007055
150,898	-0,006083
150,936	-0,00959
150,974	-0,008897
151,012	-0,005364
151,05	-0,006054
151,088	-0,001497
151,126	-0,002361
151,164	0,003775
151,202	0,000319
151,24	-0,00061
151,278	0,003749
151,316	-0,000288
151,354	0,002071
151,392	0,000463
151,43	-0,00245
151,468	-0,00018
151,506	-0,004026
151,544	-0,003088
151,582	-0,006115
151,62	-0,006929
151,658	-0,002074
151,696	-0,002631
151,734	-0,004277
151,772	-0,000753
151,81	-0,005807
151,848	-0,007663
151,886	-0,00617
151,924	0,000531
151,962	0,000406
152	-0,000317
152,038	-0,001408
152,076	-0,002419
152,114	-0,001378
152,152	-0,001782
152,19	-0,000047
152,228	0,003907
152,266	0,007198
152,304	0,01327
152,342	0,013444
152,38	0,015589
152,418	0,015007
152,456	0,016465
152,494	0,018261
152,532	0,026876
152,57	0,025177
152,608	0,023269
152,646	0,021893
152,684	0,025573
152,722	0,029531
152,76	0,025504
152,798	0,023272
152,836	0,020533
152,874	0,017891
152,912	0,015006
152,95	0,021994
152,988	0,016623
153,026	0,011604
153,064	0,008097
153,102	0,011425
153,14	0,009824
153,178	0,007609
153,216	0,007065
153,254	0,0097
153,292	0,010091
153,33	0,008558
153,368	0,007232
153,406	0,007936
153,444	0,007049
153,482	0,011966
153,52	0,014631
153,558	0,016715
153,596	0,018059
153,634	0,015775
153,672	0,014912
153,71	0,014908
153,748	0,012083
153,786	0,011546
153,824	0,014572
153,862	0,015732
153,9	0,017275
153,938	0,017335
153,976	0,017968
154,014	0,016824
154,052	0,014275
154,09	0,01069
154,128	0,010419
154,166	0,013604
154,204	0,010528
154,242	0,011321
154,28	0,012815
154,318	0,012833
154,356	0,008228
154,394	0,005573
154,432	0,010376
154,47	0,012619
154,508	0,009342
154,546	0,007915
154,584	0,010716
154,622	0,009118
154,66	0,009206
154,698	0,01172
154,736	0,015859
154,774	0,015687
154,812	0,011364
154,85	0,009579
154,888	0,013155
154,926	0,013266
154,964	0,013313
155,002	0,011314
155,04	0,007946
155,078	0,008253
155,116	0,00744
155,154	0,01179
155,192	0,01535
155,23	0,012236
155,268	0,012182
155,306	0,008641
155,344	0,007403
155,382	0,012556
155,42	0,01295
155,458	0,015292
155,496	0,015921
155,534	0,016606
155,572	0,013178
155,61	0,009484
155,648	0,002755
155,686	0,002464
155,724	0,001241
155,762	0,003593
155,8	0,000088
155,838	-0,001557
155,876	0,002363
155,914	0,002203
155,952	0,004417
155,99	0,008468
156,028	0,00893
156,066	0,005078
156,104	0,013113
156,142	0,011896
156,18	0,007357
156,218	0,008692
156,256	0,010611
156,294	0,012247
156,332	0,008737
156,37	0,010285
156,408	0,008113
156,446	0,006113
156,484	0,004219
156,522	0,004457
156,56	0,004609
156,598	0,000732
156,636	-0,000028
156,674	-0,001583
156,712	-0,002963
156,75	-0,006437
156,788	-0,006909
156,826	-0,008726
156,864	-0,009102
156,902	-0,003935
156,94	-0,002877
156,978	-0,005162
157,016	-0,004779
157,054	-0,006664
157,092	-0,002748
157,13	-0,005107
157,168	-0,007669
157,206	-0,006045
157,244	-0,004347
157,282	-0,000669
157,32	0,002918
157,358	0,006043
157,396	0,008978
157,434	0,010213
157,472	0,010941
157,51	0,010478
157,548	0,012426
157,586	0,013675
157,624	0,011331
157,662	0,011079
157,7	0,007489
157,738	0,010695
157,776	0,010029
157,814	0,012065
157,852	0,014282
157,89	0,017287
157,928	0,013434
157,966	0,013727
158,004	0,010581
158,042	0,011779
158,08	0,008225
158,118	0,005615
158,156	0,010147
158,194	0,010121
158,232	0,013001
158,27	0,009101
158,308	0,006332
158,346	0,005527
158,384	0,00564
158,422	0,004974
158,46	0,007453
158,498	0,007843
158,536	0,010872
158,574	0,016861
158,612	0,023051
158,65	0,026769
158,688	0,02812
158,726	0,028987
158,764	0,031836
158,802	0,034203
158,84	0,035139
158,878	0,034763
158,916	0,036258
158,954	0,036022
158,992	0,039434
159,03	0,041173
159,068	0,040817
159,106	0,038788
159,144	0,039173
159,182	0,039625
159,22	0,039422
159,258	0,041254
159,296	0,037115
159,334	0,03279
159,372	0,031335
159,41	0,033673
159,448	0,030272
159,486	0,029132
159,524	0,026263
159,562	0,027105
159,6	0,025876
159,638	0,023896
159,676	0,024639
159,714	0,021913
159,752	0,018372
159,79	0,015826
159,828	0,015975
159,866	0,016934
159,904	0,018311
159,942	0,022604
159,98	0,015659
160,018	0,017932
160,056	0,015347
160,094	0,017158
160,132	0,01315
160,17	0,016661
160,208	0,014882
160,246	0,018041
160,284	0,012125
160,322	0,008467
160,36	0,007065
160,398	0,008815
160,436	0,009904
160,474	0,009612
160,512	0,005488
160,55	0,004664
160,588	0,005808
160,626	0,005697
160,664	0,005383
160,702	0,007397
160,74	0,009165
160,778	0,011754
160,816	0,009834
160,854	0,006298
160,892	0,009235
160,93	0,011065
160,968	0,007247
161,006	0,003997
161,044	0,007303
161,082	0,009121
161,12	0,005107
161,158	0,006816
161,196	0,005911
161,234	0,007061
161,272	0,007102
161,31	0,008333
161,348	0,00646
161,386	0,006811
161,424	0,007791
161,462	0,005264
161,5	0,00597
161,538	0,003795
161,576	0,004793
161,614	0,009439
161,652	0,007332
161,69	0,001809
161,728	0,004891
161,766	-0,000044
161,804	-0,00101
161,842	0,000096
161,88	0,002856
161,918	0,003409
161,956	0,005394
161,994	0,007039
162,032	0,003362
162,07	-0,00051
162,108	0,000065
162,146	0,004388
162,184	0,004851
162,222	0,000265
162,26	-0,000063
162,298	-0,002674
162,336	0,000681
162,374	-0,001364
162,412	-0,001493
162,45	-0,005916
162,488	-0,005582
162,526	-0,009626
162,564	-0,007504
162,602	-0,005456
162,64	-0,005266
162,678	-0,00188
162,716	-0,004552
162,754	-0,002958
162,792	-0,002958
162,83	-0,001331
162,868	-0,002775
162,906	-0,002218
162,944	-0,004748
162,982	0,001063
163,02	0,002435
163,058	-0,000125
163,096	0,000276
163,134	0,003704
163,172	-0,00062
163,21	-0,000658
163,248	-0,002916
163,286	-0,000343
163,324	0,000455
163,362	0,00139
163,4	0,000652
163,438	0,002125
163,476	0,006838
163,514	0,00295
163,552	0,004393
163,59	-0,001502
163,628	-0,00532
163,666	-0,005101
163,704	-0,006998
163,742	-0,011614
163,78	-0,011149
163,818	-0,009939
163,856	-0,009635
163,894	-0,007633
163,932	-0,009951
163,97	-0,008956
164,008	-0,00741
164,046	-0,006183
164,084	-0,002772
164,122	-0,005171
164,16	-0,007675
164,198	-0,010393
164,236	-0,013424
164,274	-0,01303
164,312	-0,009867
164,35	-0,00732
164,388	-0,010207
164,426	-0,007952
164,464	-0,006098
164,502	-0,006004
164,54	-0,004328
164,578	-0,001276
164,616	0,00538
164,654	0,008729
164,692	0,009661
164,73	0,015857
164,768	0,014474
164,806	0,023747
164,844	0,026397
164,882	0,030963
164,92	0,029065
164,958	0,028369
164,996	0,02568
165,034	0,029392
165,072	0,027945
165,11	0,025799
165,148	0,018525
165,186	0,017791
165,224	0,020909
165,262	0,018187
165,3	0,016017
165,338	0,015541
165,376	0,015951
165,414	0,015334
165,452	0,015685
165,49	0,016061
165,528	0,018862
165,566	0,016645
165,604	0,015864
165,642	0,015884
165,68	0,018976
165,718	0,017647
165,756	0,024503
165,794	0,027069
165,832	0,025558
165,87	0,026601
165,908	0,023179
165,946	0,022702
165,984	0,023162
166,022	0,020039
166,06	0,022347
166,098	0,024985
166,136	0,027702
166,174	0,027419
166,212	0,024848
166,25	0,021817
166,288	0,019967
166,326	0,020852
166,364	0,018661
166,402	0,017766
166,44	0,014751
166,478	0,018061
166,516	0,015597
166,554	0,014082
166,592	0,010164
166,63	0,010116
166,668	0,011127
166,706	0,007992
166,744	0,005858
166,782	0,008531
166,82	0,00775
166,858	0,005149
166,896	0,009521
166,934	0,00832
166,972	0,006867
167,01	0,009703
167,048	0,009049
167,086	0,008955
167,124	0,011731
167,162	0,011144
167,2	0,010188
167,238	0,009311
167,276	0,008164
167,314	0,008738
167,352	0,005131
167,39	0,008616
167,428	0,004755
167,466	0,008942
167,504	0,010287
167,542	0,014424
167,58	0,012935
167,618	0,013948
167,656	0,011764
167,694	0,01142
167,732	0,010064
167,77	0,012553
167,808	0,010494
167,846	0,00967
167,884	0,009159
167,922	0,007671
167,96	0,006091
167,998	0,006449
168,036	0,006595
168,074	0,005072
168,112	0,005218
168,15	0,002725
168,188	0,000186
168,226	0,000077
168,264	0,001982
168,302	0,003413
168,34	0,004582
168,378	0,004238
168,416	0,006661
168,454	0,009237
168,492	0,009475
168,53	0,008558
168,568	0,013879
168,606	0,012828
168,644	0,011036
168,682	0,009022
168,72	0,008576
168,758	0,006448
168,796	0,003962
168,834	0,000407
168,872	-0,001698
168,91	0,002194
168,948	-0,001967
168,986	-0,003721
169,024	-0,006788
169,062	-0,005759
169,1	-0,00166
169,138	0,000896
169,176	-0,000093
169,214	0,000712
169,252	0,000606
169,29	0,003048
169,328	0,00637
169,366	0,010487
169,404	0,006187
169,442	0,010343
169,48	0,01061
169,518	0,0098
169,556	0,009003
169,594	0,011002
169,632	0,010329
169,67	0,010809
169,708	0,014906
169,746	0,015967
169,784	0,015033
169,822	0,010826
169,86	0,011624
169,898	0,009562
169,936	0,008118
169,974	0,010684
170,012	0,01333
170,05	0,010272
170,088	0,010401
170,126	0,007202
170,164	0,005203
170,202	0,006208
170,24	0,004902
170,278	0,006673
170,316	0,005482
170,354	0,005146
170,392	0,006555
170,43	0,009281
170,468	0,007065
170,506	0,007114
170,544	0,008319
170,582	0,011005
170,62	0,009988
170,658	0,011093
170,696	0,013371
170,734	0,017332
170,772	0,022042
170,81	0,025295
170,848	0,028247
170,886	0,031341
170,924	0,035656
170,962	0,036181
171	0,03279
171,038	0,026999
171,076	0,024411
171,114	0,028106
171,152	0,025977
171,19	0,024281
171,228	0,021061
171,266	0,022027
171,304	0,021075
171,342	0,024438
171,38	0,022295
171,418	0,021169
171,456	0,019136
171,494	0,014274
171,532	0,012064
171,57	0,011985
171,608	0,008225
171,646	0,006862
171,684	0,009689
171,722	0,011383
171,76	0,00922
171,798	0,014755
171,836	0,012076
171,874	0,009728
171,912	0,010639
171,95	0,011523
171,988	0,015429
172,026	0,013464
172,064	0,013449
172,102	0,012642
172,14	0,010591
172,178	0,008481
172,216	0,009358
172,254	0,009992
172,292	0,005111
172,33	0,009793
172,368	-0,000267
172,406	0,000396
172,444	0,000291
172,482	-0,000509
172,52	0,001609
172,558	0,000443
172,596	0,003425
172,634	0,001036
172,672	0,001581
172,71	0,001652
172,748	0,001525
172,786	0,001362
172,824	0,001496
172,862	0,00142
172,9	0,001622
172,938	0,007629
172,976	0,005806
173,014	0,004952
173,052	-0,002098
173,09	0,003281
173,128	0,005992
173,166	0,003187
173,204	0,004822
173,242	0,007154
173,28	0,009285
173,318	0,008463
173,356	0,013879
173,394	0,01662
173,432	0,014098
173,47	0,01331
173,508	0,011494
173,546	0,011615
173,584	0,012885
173,622	0,01206
173,66	0,011576
173,698	0,008
173,736	0,007573
173,774	0,001128
173,812	0,003703
173,85	0,005644
173,888	0,006152
173,926	0,008134
173,964	0,008415
174,002	0,008908
174,04	0,00705
174,078	0,00772
174,116	0,008859
174,154	0,011557
174,192	0,005169
174,23	0,010188
174,268	0,010392
174,306	0,008747
174,344	0,00823
174,382	0,00359
174,42	0,00403
174,458	0,004329
174,496	0,004515
174,534	0,006678
174,572	0,006917
174,61	0,002575
174,648	0,001769
174,686	0,002531
174,724	0,002255
174,762	0,002546
174,8	0,004151
174,838	0,007101
174,876	0,003579
174,914	0,002417
174,952	0,005086
174,99	0,005869
175,028	0,008596
175,066	0,007739
175,104	0,003011
175,142	0,006036
175,18	0,004973
175,218	-0,001029
175,256	0,002174
175,294	0,004436
175,332	0,004756
175,37	0,002038
175,408	0,00089
175,446	0,006749
175,484	0,008943
175,522	0,01076
175,56	0,008633
175,598	0,011867
175,636	0,013636
175,674	0,014258
175,712	0,013414
175,75	0,008412
175,788	0,012033
175,826	0,00931
175,864	0,007103
175,902	0,005127
175,94	0,001207
175,978	0,003915
176,016	0,000442
176,054	0,002033
176,092	0,001471
176,13	0,001713
176,168	0,000174
176,206	-0,003359
176,244	-0,000184
176,282	0,000322
176,32	-0,000153
176,358	0,003231
176,396	0,004037
176,434	0,003488
176,472	0,003116
176,51	-0,00113
176,548	0,000752
176,586	-0,002345
176,624	-0,006254
176,662	-0,003249
176,7	-0,004055
176,738	-0,006007
176,776	-0,005339
176,814	-0,004059
176,852	-0,003506
176,89	0,001701
176,928	0,003299
176,966	0,006452
177,004	0,004203
177,042	0,00631
177,08	0,008715
177,118	0,012924
177,156	0,0122
177,194	0,014401
177,232	0,014414
177,27	0,018523
177,308	0,013232
177,346	0,013924
177,384	0,015931
177,422	0,015978
177,46	0,014333
177,498	0,014277
177,536	0,012354
177,574	0,010573
177,612	0,008713
177,65	0,010429
177,688	0,009386
177,726	0,007292
177,764	0,002836
177,802	0,006753
177,84	0,006946
177,878	0,008995
177,916	0,006017
177,954	0,004659
177,992	0,008347
178,03	0,0064
178,068	0,0046
178,106	0,007922
178,144	0,004892
178,182	0,010053
178,22	0,006664
178,258	0,008341
178,296	0,005185
178,334	0,007256
178,372	0,007541
178,41	0,008429
178,448	0,008454
178,486	0,008541
178,524	0,006599
178,562	0,007984
178,6	0,010694
178,638	0,011641
178,676	0,011648
178,714	0,013085
178,752	0,012522
178,79	0,013421
178,828	0,012347
178,866	0,012955
178,904	0,009819
178,942	0,010281
178,98	0,011444
179,018	0,010393
179,056	0,007574
179,094	0,007386
179,132	0,007687
179,17	0,005208
179,208	0,005756
179,246	0,008227
179,284	0,010015
179,322	0,010519
179,36	0,009117
179,398	0,012639
179,436	0,00795
179,474	0,005954
179,512	0,008139
179,55	0,006623
179,588	0,006324
179,626	0,012103
179,664	0,009397
179,702	0,009865
179,74	0,008151
179,778	0,006575
179,816	0,007775
179,854	0,011529
179,892	0,015903
179,93	0,012872
179,968	0,009233
180,006	0,005552
180,044	0,0045
180,082	0,004847
180,12	0,002202
180,158	0,003633
180,196	0,002016
180,234	0,003274
180,272	-0,000995
180,31	-0,002507
180,348	0,000015
180,386	0,002374
180,424	-0,000922
180,462	0,001356
180,5	0,001046
180,538	0,001639
180,576	-0,002079
180,614	0,000239
180,652	-0,000231
180,69	0,001012
180,728	0,004517
180,766	0,005353
180,804	0,002805
180,842	0,004535
180,88	0,002277
180,918	-0,002573
180,956	-0,005607
180,994	-0,006099
181,032	-0,00111
181,07	0,002833
181,108	0,00461
181,146	0,002321
181,184	-0,001128
181,222	0,000895
181,26	-0,000867
181,298	0,000602
181,336	-0,001619
181,374	0,004602
181,412	0,002872
181,45	0,005146
181,488	0,002558
181,526	-0,000228
181,564	0,002546
181,602	0,000374
181,64	-0,00245
181,678	-0,005288
181,716	-0,000917
181,754	0,00072
181,792	-0,000297
181,83	-0,002018
181,868	-0,003409
181,906	-0,003617
181,944	-0,006165
181,982	-0,00629
182,02	-0,007143
182,058	-0,008795
182,096	-0,00642
182,134	-0,005598
182,172	-0,003524
182,21	-0,000214
182,248	-0,00162
182,286	-0,004129
182,324	-0,001749
182,362	-0,000928
182,4	0,002381
182,438	0,00736
182,476	0,005048
182,514	0,002434
182,552	0,001462
182,59	0,000153
182,628	-0,002414
182,666	-0,000283
182,704	0,002413
182,742	-0,000365
182,78	0,00179
182,818	0,001369
182,856	0,00495
182,894	0,011325
182,932	0,014986
182,97	0,0179
183,008	0,017385
183,046	0,021869
183,084	0,026444
183,122	0,027042
183,16	0,028853
183,198	0,025399
183,236	0,026927
183,274	0,028591
183,312	0,029979
183,35	0,031266
183,388	0,033454
183,426	0,033314
183,464	0,029087
183,502	0,0286
183,54	0,025394
183,578	0,0268
183,616	0,031041
183,654	0,028679
183,692	0,024439
183,73	0,019953
183,768	0,020232
183,806	0,015241
183,844	0,014511
183,882	0,018032
183,92	0,018532
183,958	0,01555
183,996	0,015506
184,034	0,019266
184,072	0,019965
184,11	0,019828
184,148	0,014293
184,186	0,011217
184,224	0,012072
184,262	0,010756
184,3	0,006598
184,338	0,002504
184,376	0,004544
184,414	0,005582
184,452	0,007425
184,49	0,010459
184,528	0,010815
184,566	0,014188
184,604	0,009198
184,642	0,013572
184,68	0,012095
