1	34.609
2	34.516
3	35.859
4	34.75
5	35.375
6	35.469
7	36.047
8	37.859
9	38.219
10	39.703
11	40.562
12	42.047
13	41.594
14	42.734
15	43.062
16	42.594
17	43.234
18	44.078
19	43.688
20	44.359
21	44.516
22	44.031
23	45.406
24	43.844
25	43.953
26	44.578
27	43.391
28	44.344
29	43.969
30	44.125
31	42.453
32	43.922
33	41.969
34	43.75
35	43.047
36	43.859
37	42.453
38	42.172
39	41.406
40	42.812
41	42.141
42	41.172
43	42.016
44	41.781
45	41.109
46	42.406
47	41.297
48	40.609
49	41.031
50	41.391
51	41.062
52	40.672
53	41.234
54	41.75
55	39.516
56	39.859
57	39.984
58	39.609
59	40.031
60	39.375
61	39.328
62	39.375
63	39.781
64	38.234
65	38.578
66	38.922
67	38.75
68	38.641
69	37.547
70	37.125
71	38.25
72	38.531
73	38.625
74	37.172
75	38.344
76	37.516
77	38.109
78	38.031
79	37.484
80	38.438
81	37.203
82	38.219
83	38.562
84	37.609
85	37.531
86	37.75
87	37.359
88	37.672
89	37.828
90	36.5
91	37.469
92	36.078
93	36.938
94	37.5
95	37.094
96	36.547
97	36.734
98	37.109
99	35.547
100	36.328
101	36.203
102	37.719
103	36.406
104	36.703
105	36.812
106	36.188
107	36.062
108	36.234
109	36.438
110	36.156
111	35.906
112	35.078
113	35.766
114	36.141
115	36.062
116	34.938
117	35.188
118	36.625
119	36.094
120	36.219
121	35.453
122	34.922
123	35.953
124	35.5
125	36.125
126	35.906
127	36.047
128	35.969
129	35.062
130	35.828
131	35.984
132	35.703
133	35.5
134	35.328
135	35.797
136	35.312
137	35.625
138	35.406
139	36.172
140	35.562
141	34.766
142	36.109
143	35.156
144	34.891
145	35.125
146	35.641
147	35.109
148	35.078
149	35.359
150	34.406
151	34.25
152	34.906
153	35.688
154	35.312
155	35.141
156	34.844
157	36.891
158	34.531
159	35.703
160	35.156
161	35.234
162	35.672
163	33.875
164	34.734
165	34.828
166	34.234
167	36.953
168	35.797
169	34.281
170	34.047
171	35.438
172	35.031
173	34.719
174	36.484
175	35.141
176	35.469
177	35.156
178	35.406
179	35.812
180	35.391
181	35.625
182	36.094
183	34.188
184	36.047
185	36.609
186	36.969
187	39.719
188	39.125
189	40.047
190	40.844
191	41.594
192	43.094
193	43.266
194	42.125
195	42.719
196	43.391
197	44.469
198	43.297
199	43.453
200	43.766
201	43.906
202	44.359
203	43.891
204	43.844
205	44.297
206	43.156
207	44.234
208	44.125
209	42.484
210	42.625
211	43.266
212	42.984
213	42.75
214	43
215	41.203
216	42.406
217	41.969
218	42.094
219	42.266
220	41.312
221	41.859
222	40.234
223	39.656
224	40.781
225	40.938
226	40.672
227	40.656
228	40.391
229	39.906
230	39.891
231	40.234
232	40.016
233	40.047
234	39.016
235	39.281
236	40.109
237	39.094
238	39.453
239	39.781
240	37.531
241	38.656
242	38.672
243	38.094
244	39.203
245	38.25
246	37.953
247	38.141
248	38.156
249	38.812
250	38.016
251	38.297
252	39.625
253	37.969
254	38.188
255	37.453
256	37.297
257	37.844
258	37.297
259	37.719
260	38.578
261	38.219
262	37.156
263	37.656
264	37.234
265	37.578
266	37.297
267	37.812
268	38.016
269	37
270	37.422
271	37.281
272	37.234
273	37.719
274	36.188
275	36.922
276	36.766
277	36.766
278	37.172
279	36.562
280	36.5
281	35.844
282	37.094
283	36.344
284	36.625
285	36.75
286	35.875
287	36.922
288	37.062
289	35.969
290	36.094
291	36.984
292	36.094
293	37.406
294	36.375
295	35.766
296	34.875
297	36.484
298	36.234
299	36.234
300	34.422
301	35.203
302	35.359
303	35.438
304	35.766
305	35.734
306	35.031
307	36.141
308	36.219
309	35.125
310	36.094
311	35.453
312	36.406
313	35.75
314	35.531
315	35.438
316	36.094
317	35.422
318	35.688
319	35.266
320	35.922
321	35.422
322	35.203
323	35.188
324	35.125
325	35
326	34.719
327	36.625
328	35.25
329	36.672
330	35.859
331	36.156
332	36.141
333	36.094
334	35.172
335	34.938
336	35.234
337	34.969
338	35.938
339	34.703
340	34.828
341	35.391
342	34.766
343	35.328
344	35.688
345	35.422
346	34.844
347	34.656
348	34.656
349	35.266
350	34.281
351	33.984
352	35.531
353	34.484
354	35.078
355	35.484
356	35.906
357	34.797
358	35.281
359	35.281
360	35.297
361	35.266
362	35.281
363	34.938
364	34.797
365	35.172
366	35.156
367	35.031
368	35.203
369	34.703
370	34.672
371	35.453
372	35.094
373	35.5
374	35.438
375	34.703
376	34.422
377	35.406
378	35.109
379	35.531
380	34.266
381	34.266
382	35.625
383	35.234
384	35.531
385	35.578
386	36.375
387	34.766
388	35.344
389	34.734
390	35.031
391	35.422
392	34.969
393	35.484
394	36.594
395	35.141
396	34.906
397	34.891
398	35.109
399	34.875
400	34.812
401	34.656
402	35.672
403	35.875
404	35.328
405	35.203
406	35.062
407	33.984
408	34.625
409	35.969
410	34.547
411	34.25
412	34.562
413	34.625
414	34.359
415	34.469
416	35.125
417	35.375
418	34.141
419	35.891
420	35.453
421	34.219
422	34.297
423	34.578
424	34.672
425	34.344
426	34.844
427	35.094
428	35
429	35.125
430	34.625
431	33.938
432	34.172
433	34.344
434	34.234
435	34.906
436	35.516
437	35.375
438	34.328
439	34.031
440	35.484
441	33.984
442	34.359
443	34.25
444	34.031
445	34.562
446	33.781
447	34.562
448	35.062
449	35.219
450	34.219
451	34.578
452	35.375
453	34.734
454	35.234
455	34.188
456	33.75
457	35.219
458	33.531
459	34.453
460	33.438
461	34.719
462	34.375
463	34.344
464	34.344
465	34
466	34.453
467	35.172
468	34.844
469	34.078
470	33.672
471	34.75
472	34.312
473	34.531
474	34.641
475	34.641
476	34.219
477	34.531
478	33.609
479	34.922
480	32.984
481	34.641
482	34.047
483	34.703
484	35.734
485	34.688
486	35.266
487	33.906
488	34.547
489	34.281
490	34.797
491	35.359
492	33.766
493	34.969
494	34.297
495	35.141
496	33.922
497	33.625
498	34.516
499	33.891
500	34.922
501	33.234
502	34.125
503	33.969
504	34.844
505	35.078
506	34.156
507	34.922
508	34.375
509	34.312
510	33.859
511	34.266
512	34.562
513	34.453
514	33.141
515	35.719
516	34.422
517	33.781
518	34.25
519	34.047
520	34.531
521	33.797
522	34.047
523	34.188
524	34.328
525	34.047
526	34.891
527	34.156
528	34.844
529	33.438
530	34.875
531	33.906
532	34.234
533	34.781
534	34.281
535	33.984
536	35.578
537	35.891
538	34.641
539	35.594
540	33.828
541	34.516
542	34.469
543	34.266
544	35.125
545	33.984
546	34.328
547	34.422
548	35.188
549	33.766
550	34.25
551	34.484
552	35.797
553	35.344
554	34.75
555	35.344
556	34.703
557	34.375
558	34.078
559	33.781
560	34.859
561	34.672
562	34.969
563	34.984
564	35.312
565	35.641
566	34.844
567	35.75
568	33.984
569	34.109
570	33.719
571	34.734
572	34.781
573	34.469
574	35.406
575	34.359
576	35.062
577	33.438
578	34.359
579	35.266
580	35.5
581	34.594
582	34.328
583	34.703
584	35.078
585	33.688
586	34.422
587	33.906
588	35.172
589	34.734
590	33.219
591	34.5
592	35.484
593	34.812
594	34.531
595	34
596	34.906
597	34
598	35.312
599	34.406
600	34.203
601	35.125
602	35.562
603	34.391
604	35.328
605	33.719
606	33.812
607	34.484
608	34.266
609	33.5
610	34.375
611	35.391
612	34.312
613	34.688
614	34.484
615	34.391
616	33.734
617	34.438
618	35.891
619	34.359
620	35.297
621	35.219
622	33.531
623	35.828
624	38.156
625	36.766
626	38.172
627	39.594
628	40.078
629	41.906
630	41.719
631	41.328
632	41.984
633	42.172
634	43.688
635	42.531
636	42.812
637	43.969
638	42.688
639	43.484
640	42.969
641	44.281
642	44.562
643	42.734
644	42.453
645	44.547
646	42.891
647	43.656
648	43.094
649	41.688
650	42.734
651	42.578
652	42.703
653	42.281
654	41.234
655	41.703
656	41.703
657	41.734
658	42.703
659	41.469
660	41.062
661	41.188
662	41
663	42
664	41.047
665	40.297
666	41.344
667	40.984
668	40.75
669	40.359
670	40.297
671	39.391
672	40.5
673	39.328
674	39.25
675	39.453
676	39.578
677	38.281
678	40.109
679	40.141
680	39.469
681	38.328
682	39.406
683	38.953
684	38.266
685	38.594
686	38.594
687	37.547
688	36.812
689	38.359
690	37.844
691	37.656
692	37.922
693	37.938
694	38.422
695	36.859
696	37.406
697	37.547
698	37.172
699	37.688
700	36.203
701	37.031
702	37.688
703	36.75
704	36.25
705	37.047
706	36.656
707	36.25
708	36.016
709	35.781
710	36.281
711	37.172
712	36
713	36.406
714	35.203
715	35.922
716	36.078
717	35.625
718	36.484
719	36.281
720	36.578
721	34.391
722	35.75
723	34.953
724	35.109
725	36.797
726	35.828
727	35.219
728	36.016
729	35.688
730	36.547
731	34.688
732	35.391
733	35.625
734	35.078
735	35.891
736	35.281
737	35.438
738	35.031
739	35.562
740	37.297
741	35.547
742	35.125
743	36.016
744	34.312
745	35.969
746	35.281
747	34.609
748	35.266
749	34.859
750	35.969
751	34.844
752	35.922
753	35.203
754	34.469
755	33.906
756	34.203
757	36.016
758	35.672
759	36.062
760	34.969
761	33.797
762	35.562
763	34.328
764	34.359
765	35.453
766	34.812
767	35.328
768	35.109
769	35.094
770	34.422
771	33.172
772	34.297
773	34.203
774	33.984
775	34.734
776	34.219
777	35.25
778	34.078
779	34.391
780	33.359
781	33.609
782	34.156
783	34.75
784	33.531
785	34.969
786	34.547
787	35.938
788	34.891
789	34.859
790	34.141
791	35.75
792	34.656
793	34.828
794	35.109
795	35.328
796	34.688
797	34.312
798	35.672
799	35.016
800	35.219
801	35.766
802	35.188
803	36.391
804	33.234
805	35.203
806	35.641
807	34.141
808	34.688
809	35.094
810	34.453
811	33.891
812	34.609
813	34.906
814	34.844
815	34.375
816	35.047
817	34.578
818	34.438
819	35.75
820	34.453
821	35.812
822	35.578
823	34.625
824	34.875
825	34.688
826	34.625
827	35.406
828	35.297
829	34.141
830	35.297
831	35.781
832	35.266
833	34.797
834	33.828
835	34.266
836	34.75
837	35.078
838	35.969
839	34.719
840	35.266
841	34.172
842	34.5
843	34.25
844	34.312
845	34.906
846	34.578
847	34.391
848	34.688
849	34.484
850	34.234
851	34.406
852	35.328
853	34.281
854	34.297
855	34.469
856	34.484
857	33.891
858	34.25
859	35.5
860	33.516
861	35.109
862	34.344
863	34.484
864	33.281
865	34.219
866	34.734
867	34.531
868	34.172
869	34.281
870	34.125
871	34.375
872	34.047
873	34.578
874	33.703
875	34.281
876	34.625
877	34.594
878	34.156
879	34.625
880	33.797
881	33.656
882	34.797
883	34.453
884	34.891
885	33.953
886	33.812
887	34.703
888	34.234
889	34.406
890	33.766
891	33.266
892	34.438
893	34.188
894	34.312
895	34.719
896	34.375
897	34.375
898	33.922
899	33.984
900	34.359
901	34.266
902	34.531
903	34.469
904	34.688
905	34.469
906	34.125
907	34.031
908	34.312
909	34.906
910	34.641
911	35.078
912	34.469
913	34.828
914	33.812
915	34.125
916	34.422
917	33.969
918	34.328
919	34.875
920	34.391
921	34.578
922	34.094
923	33.703
924	35.547
925	33.984
926	34.562
927	33.5
928	34.922
929	34.5
930	34.484
931	33.391
932	33.906
933	34.844
934	32.797
935	33.812
936	34.328
937	33.125
938	34.078
939	33.953
940	34.422
941	33.531
942	33.672
943	33.938
944	35.406
945	33.734
946	33.078
947	35.328
948	34.375
949	34.688
950	34.547
951	34.234
952	33.766
953	33.969
954	34.062
955	34.781
956	35.75
957	34.906
958	34.906
959	34.734
960	33.984
961	33.344
962	34.188
963	34.188
964	34.734
965	33.672
966	34.562
967	34.781
968	36.203
969	34.062
970	34.375
971	33.75
972	33.469
973	33.25
974	34.812
975	33.766
976	34.516
977	34.438
978	33.484
979	34.641
980	33.703
981	34.438
982	34.812
983	34.594
984	34.047
985	34.797
986	34.875
987	34.031
988	34.859
989	34.406
990	35
991	34.359
992	34.469
993	34.469
994	34.297
995	34.734
996	33.969
997	34.312
998	34.203
999	34.219
1000	33.562
1001	34.375
1002	34.734
1003	35.141
1004	35.547
1005	34.578
1006	35.172
1007	33.109
1008	34.109
1009	34.266
1010	33.453
1011	35.703
1012	35.438
1013	34.156
1014	35.031
1015	33.578
1016	34.297
1017	34.125
1018	33.969
1019	33.812
1020	34.062
1021	34.047
1022	33.312
1023	33.547
1024	34.062
1025	34.031
1026	34.422
1027	34.781
1028	34.359
1029	34.719
1030	32.922
1031	34
1032	34.328
1033	33.453
1034	34.266
1035	34.016
1036	35.062
1037	34
1038	35.672
1039	37.562
1040	37.594
1041	38.656
1042	39.453
1043	40.797
1044	40.047
1045	40.188
1046	41.016
1047	42.281
1048	43.078
1049	42.562
1050	41.5
1051	42.156
1052	43.188
1053	42.766
1054	42.078
1055	42.156
1056	41.656
1057	42.484
1058	41.688
1059	42.562
1060	42.172
1061	42.562
1062	42.359
1063	41.656
1064	42.453
1065	41.219
1066	41.484
1067	41.453
1068	40.828
1069	40.953
1070	41.281
1071	41.172
1072	40.844
1073	41.062
1074	40.656
1075	41.25
1076	41.344
1077	40.375
1078	40.641
1079	40
1080	39.672
1081	40.484
1082	40.891
1083	39.109
1084	40.719
1085	39.453
1086	39.797
1087	40.562
1088	38.812
1089	40
1090	39.625
1091	39.641
1092	38.734
1093	38.422
1094	39.719
1095	39.156
1096	38.656
1097	38.359
1098	38.344
1099	38.234
1100	38.531
1101	37.984
1102	37.359
1103	39.016
1104	38.297
1105	37.781
1106	37.438
1107	37.078
1108	36.391
1109	36.891
1110	36.562
1111	37.703
1112	36.922
1113	36.047
1114	37.406
1115	37.094
1116	37.531
1117	36.234
1118	35.453
1119	36.578
1120	35.938
1121	36.219
1122	36.562
1123	36.25
1124	37.438
1125	36
1126	36.312
1127	36.156
1128	37.078
1129	36.031
1130	37.453
1131	36.422
1132	35.656
1133	35.859
1134	36.562
1135	36.469
1136	36.016
1137	37.078
1138	35.031
1139	35.344
1140	36.422
1141	35.375
1142	36.531
1143	35.734
1144	35.453
1145	34.688
1146	35.844
1147	34.969
1148	34.672
1149	35.703
1150	35.797
1151	35.422
1152	35.578
1153	35.672
1154	34.75
1155	34.062
1156	35.578
1157	34.203
1158	35.25
1159	35.453
1160	35.094
1161	33.922
1162	34.844
1163	34.281
1164	33.781
1165	35.078
1166	34.453
1167	34.266
1168	34.516
1169	34.625
1170	34.875
1171	35.109
1172	33.891
1173	34.531
1174	35.031
1175	34.609
1176	35.875
1177	35.547
1178	35.312
1179	35.5
1180	34.141
1181	34.359
1182	34.156
1183	35.219
1184	34.891
1185	34.594
1186	34.719
1187	34.281
1188	33.953
1189	34.562
1190	34.656
1191	34.703
1192	34.656
1193	34.078
1194	35.094
1195	35.109
1196	34.812
1197	35.25
1198	35.406
1199	35.094
1200	34.422
1201	34.234
1202	34.172
1203	34.891
1204	34.047
1205	34.109
1206	34.688
1207	34.297
1208	34.656
1209	34.781
1210	33.781
1211	33.922
1212	33.453
1213	34.312
1214	34.234
1215	33.422
1216	34.219
1217	34.688
1218	35.594
1219	33.844
1220	34.703
1221	34.797
1222	34.438
1223	34.438
1224	34.172
1225	34.672
1226	35.141
1227	33.891
1228	34.172
1229	35.641
1230	34.5
1231	33.203
1232	34.375
1233	34.203
1234	34.641
1235	33.547
1236	34.484
1237	34.672
1238	35.5
1239	34.766
1240	35.188
1241	34.672
1242	34.031
1243	33.562
1244	33.547
1245	34.094
1246	34.031
1247	33.391
1248	34.125
1249	34.875
1250	34.703
1251	34.062
1252	35.016
1253	34.688
1254	34.656
1255	33.922
1256	34.641
1257	34.328
1258	35.203
1259	33.906
1260	33.703
1261	34.297
1262	34.109
1263	34.266
1264	33.141
1265	34.531
1266	34.359
1267	34.688
1268	34.031
1269	34.266
1270	34.438
1271	34.609
1272	35.141
1273	34.578
1274	34.984
1275	34.734
1276	33.438
1277	34.812
1278	35.359
1279	34.797
1280	34.672
1281	34.016
1282	35.297
1283	34.125
1284	33.953
1285	34.578
1286	34.031
1287	34.062
1288	33.266
1289	33.781
1290	34.625
1291	33.422
1292	34.891
1293	33.516
1294	33.766
1295	33.703
1296	33.406
1297	34.703
1298	34.406
1299	34.328
1300	32.594
1301	34.203
1302	34.531
1303	35.016
1304	34.266
1305	33.875
1306	34.219
1307	34.344
1308	34.312
1309	34.203
1310	34.016
1311	34.281
1312	34.656
1313	34.094
1314	34.188
1315	34.5
1316	33.484
1317	35.047
1318	33.734
1319	33.891
1320	34.703
1321	33.25
1322	33.688
1323	34.766
1324	34.141
1325	34.875
1326	34.516
1327	35.016
1328	34.938
1329	34.016
1330	34.047
1331	34.234
1332	33.5
1333	34.703
1334	34.078
1335	33.766
1336	33.875
1337	33.75
1338	33.625
1339	34.047
1340	33.828
1341	34.234
1342	33.766
1343	34.266
1344	34.172
1345	34.453
1346	33.594
1347	34.281
1348	35.375
1349	34.578
1350	34.422
1351	34.875
1352	33.641
1353	34.297
1354	34.344
1355	34.391
1356	33.625
1357	34.266
1358	34.578
1359	35.281
1360	34.297
1361	34.328
1362	32.938
1363	33.891
1364	33.859
1365	34.25
1366	33.766
1367	33.656
1368	34.422
1369	33.156
1370	33.703
1371	34.203
1372	34.625
1373	34.016
1374	33.203
1375	33.719
1376	35.203
1377	33.203
1378	33.328
1379	33.219
1380	33.672
1381	34.141
1382	35.141
1383	34.062
1384	33.828
1385	34.266
1386	33.688
1387	34.391
1388	34.062
1389	33.922
1390	33.328
1391	34.297
1392	33.375
1393	34.375
1394	34.109
1395	33.578
1396	34
1397	34.188
1398	33.875
1399	33.875
1400	33.562
1401	33.984
1402	33.047
1403	33.156
1404	34.297
1405	34.266
1406	34.625
1407	33.734
1408	34.828
1409	33.75
1410	33.891
1411	34.156
1412	33.453
1413	34.172
1414	33.891
1415	33.844
1416	33.312
1417	33.344
1418	33.953
1419	32.688
1420	34.438
1421	33.438
1422	34.156
1423	32.906
1424	34.062
1425	32.844
1426	32.453
1427	33.156
1428	34.641
1429	34.625
1430	33.766
1431	34.438
1432	35.453
1433	36.312
1434	38.047
1435	37.703
1436	38.562
1437	38.656
1438	39.094
1439	40.656
1440	40.25
1441	41.531
1442	40.984
1443	40.828
1444	42.5
1445	41.5
1446	41.984
1447	41.5
1448	42.656
1449	42.391
1450	42.516
1451	41.469
1452	41.703
1453	41.172
1454	41.203
1455	40.719
1456	42.125
1457	39.719
1458	40.109
1459	41.25
1460	40.078
1461	39.984
1462	41.203
1463	40.453
1464	41.141
1465	40.859
1466	39.781
1467	39.609
1468	40.422
1469	39.656
1470	40.094
1471	39.078
1472	38.578
1473	38.328
1474	39.203
1475	40.375
1476	39.469
1477	39.234
1478	39.109
1479	38.75
1480	38.641
1481	39.531
1482	38.031
1483	37.547
1484	37.203
1485	38.453
1486	38.547
1487	38.125
1488	37.734
1489	36.719
1490	38.922
1491	38.594
1492	38.219
1493	37.391
1494	37.719
1495	37.062
1496	37.047
1497	36.484
1498	37.219
1499	37.281
1500	36.766
1501	37.062
1502	37.625
1503	36.953
1504	37.312
1505	36.875
1506	36.719
1507	37.078
1508	36.594
1509	36
1510	37.25
1511	37.125
1512	37.094
1513	37.141
1514	36.484
1515	36.75
1516	37.672
1517	36.625
1518	36.391
1519	36.688
1520	36.109
1521	36.328
1522	36.328
1523	36.922
1524	34.219
1525	35.188
1526	36.469
1527	36.609
1528	36.375
1529	35.156
1530	35.656
1531	36.047
1532	35.938
1533	35.672
1534	35.562
1535	35.672
1536	35.547
1537	35.031
1538	34.875
1539	36.812
1540	35.5
1541	36.172
1542	35.688
1543	35.156
1544	35.672
1545	35.297
1546	35.297
1547	35.188
1548	35.156
1549	35.312
1550	35.703
1551	35.953
1552	35.578
1553	35.703
1554	35.406
1555	36.25
1556	36.406
1557	35.891
1558	35.281
1559	35.469
1560	34.719
1561	34.781
1562	35.422
1563	35.078
1564	34.422
1565	35.016
1566	34.5
1567	34.797
1568	34.156
1569	35.047
1570	35.062
1571	34.891
1572	35.531
1573	33.469
1574	35.469
1575	33.969
1576	34.172
1577	35.219
1578	33.875
1579	33.906
1580	35.844
1581	34.609
1582	34.375
1583	35.719
1584	35.766
1585	34.266
1586	34.438
1587	35.312
1588	35.641
1589	33.984
1590	34.203
1591	34.609
1592	34.406
1593	34.562
1594	34.438
1595	33.344
1596	33.969
1597	35.297
1598	34.844
1599	35.062
1600	33.922
1601	33.719
1602	34.984
1603	34.438
1604	35.031
1605	34.078
1606	35.203
1607	34.312
1608	34.234
1609	33.219
1610	34.594
1611	35.234
1612	34.203
1613	34.875
1614	35.625
1615	34.797
1616	35.188
1617	33.266
1618	35.078
1619	34.703
1620	34.797
1621	33.938
1622	34.344
1623	34.859
1624	33.812
1625	34.25
1626	33.672
1627	34.594
1628	34.438
1629	33.297
1630	34.516
1631	33.109
1632	34.141
1633	33.141
1634	34.141
1635	33.516
1636	33.75
1637	32.859
1638	34.812
1639	34.828
1640	33.938
1641	34.188
1642	34.281
1643	33.344
1644	33.312
1645	34.484
1646	32.641
1647	34.484
1648	33.047
1649	33.312
1650	33.547
1651	33.594
1652	34.422
1653	34.047
1654	34.031
1655	34.609
1656	34.297
1657	33.688
1658	31.938
1659	33.234
1660	33.578
1661	33.531
1662	33.906
1663	33.688
1664	33.266
1665	33.125
1666	32.969
1667	33.469
1668	33.625
1669	33.844
1670	33.906
1671	34.594
1672	34.859
1673	34.234
1674	33.625
1675	32.797
1676	32.578
1677	34.312
1678	33.859
1679	35.531
1680	35.078
1681	35.531
1682	34.969
1683	35.25
1684	37.141
1685	38
1686	38.938
1687	38.812
1688	38.828
1689	38.641
1690	40.859
1691	40.359
1692	40.422
1693	39.688
1694	40.047
1695	41.938
1696	40.578
1697	40.422
1698	40.312
1699	39.922
1700	41.391
1701	40.578
1702	40.234
1703	41.062
1704	41.656
1705	40.141
1706	41.781
1707	40.297
1708	41.031
1709	40.312
1710	40.969
1711	39.688
1712	40.188
1713	40.406
1714	39.875
1715	39.172
1716	39.969
1717	39.578
1718	39.812
1719	39.422
1720	38.219
1721	39.109
1722	38.172
1723	38.703
1724	39.406
1725	37.922
1726	37.422
1727	38.266
1728	38.594
1729	38.125
1730	37.531
1731	37.188
1732	38.5
1733	38.641
1734	38.109
1735	37.719
1736	37.812
1737	36.844
1738	37.531
1739	37.375
1740	36.891
1741	37.625
1742	37.344
1743	35.812
1744	36.516
1745	36.625
1746	36.453
1747	36.734
1748	37.188
1749	36.875
1750	37.156
1751	36.312
1752	35.141
1753	36.453
1754	37.297
1755	36.312
1756	37.141
1757	35.172
1758	35.906
1759	34.641
1760	36.25
1761	34.953
1762	35.875
1763	35.375
1764	35.844
1765	34.625
1766	35.156
1767	35.031
1768	35.969
1769	35.688
1770	35.625
1771	34.781
1772	35.438
1773	34.875
1774	34.797
1775	35.844
1776	36.234
1777	34.688
1778	34.234
1779	34.641
1780	35.297
1781	35.828
1782	35.156
1783	34.562
1784	35.297
1785	34.641
1786	34.281
1787	36.266
1788	35.406
1789	35.328
1790	33.656
1791	33.922
1792	34.766
1793	34.172
1794	34.547
1795	34.953
1796	34.562
1797	33.875
1798	33.688
1799	35.016
1800	35.25
1801	34.078
1802	35.297
1803	36.219
1804	33.75
1805	35
1806	34.562
1807	34.438
1808	33.906
1809	34.906
1810	35.141
1811	33.438
1812	33.703
1813	34.844
1814	34.953
1815	35.281
1816	34.609
1817	34.875
1818	35.578
1819	34.188
1820	34.109
1821	34.906
1822	34.578
1823	35.172
1824	34.797
1825	34.234
1826	34.828
1827	34.375
1828	33.922
1829	36.109
1830	33.969
1831	34.344
1832	34.438
1833	34.875
1834	33.359
1835	33.844
1836	34.547
1837	34.141
1838	34.5
1839	33.438
1840	34.906
1841	35.047
1842	34.344
1843	34.25
1844	34.672
1845	34.375
1846	35.312
1847	34.469
1848	34.672
1849	34.469
1850	35.031
1851	33.859
1852	33.359
1853	34.031
1854	32.984
1855	34.281
1856	34.188
1857	34.281
1858	34.391
1859	34.328
1860	34.578
1861	33.156
1862	34.328
1863	33.625
1864	33.438
1865	33.641
1866	33.203
1867	34.562
1868	34.469
1869	33.5
1870	34.906
1871	34.625
1872	34.516
1873	33.812
1874	34.328
1875	34.156
1876	33.281
1877	34.078
1878	34.016
1879	33.406
1880	33.344
1881	33.547
1882	34.312
1883	33.734
1884	34.656
1885	33.141
1886	34.812
1887	32.953
1888	34.672
1889	32.688
1890	33.688
1891	33.219
1892	33.312
1893	34.234
1894	32.875
1895	34
1896	34.578
1897	33.484
1898	34.312
1899	33.094
1900	32.688
1901	34.484
1902	33.922
1903	34.391
1904	33.719
1905	34.344
1906	33.281
1907	33.422
1908	33.828
1909	33.516
1910	33.641
1911	35.156
1912	34.406
1913	34.297
1914	34.75
1915	33.688
1916	33.234
1917	34.156
1918	33.266
1919	33.016
1920	34.344
1921	34.797
1922	32.969
1923	33.703
1924	33.875
1925	34.297
1926	33.875
1927	34.672
1928	34.125
1929	34.125
1930	33.812
1931	32.609
1932	33.766
1933	33.422
1934	34.125
1935	33.047
1936	34.016
1937	33.203
1938	33.188
1939	34.297
1940	33.5
1941	33.453
1942	33.891
1943	33.609
1944	33.453
1945	33.469
1946	33.969
1947	34.188
1948	33.219
1949	33.953
1950	34.047
1951	33.734
1952	33.688
1953	34.484
1954	33.141
1955	34.406
1956	34.594
1957	34.641
1958	34.234
1959	34.25
1960	34.156
1961	32.969
1962	34.906
1963	34.281
1964	34.562
1965	33.844
1966	34.453
1967	34.281
1968	33.531
1969	34.234
1970	33.703
1971	33.797
1972	34.266
1973	33.344
1974	33.859
1975	34.578
1976	33.406
1977	33.203
1978	33.359
1979	33.906
1980	33.609
1981	32.969
1982	33.297
1983	34.266
1984	33.375
1985	33.578
1986	34.109
1987	34.031
1988	33.266
1989	32.75
1990	33.391
1991	33.844
1992	33.281
1993	33.406
1994	33.781
1995	33.906
1996	34.766
1997	33.125
1998	35
1999	35.688
2000	33.422
2001	34.188
2002	34.391
2003	34.094
2004	33.297
2005	34.219
2006	34.25
2007	34.109
2008	33.953
2009	33.688
2010	33.984
2011	32.812
2012	34.938
2013	33.906
2014	33.719
2015	32.906
2016	34.25
2017	32.547
2018	34.219
2019	34.266
2020	33.906
2021	33.906
2022	33.922
2023	33.25
2024	33.922
2025	33.438
2026	33.5
2027	34.359
2028	35.016
2029	34.719
2030	35.234
2031	35.547
2032	37.156
2033	37.578
2034	37.922
2035	39.328
2036	38.984
2037	39.484
2038	40.266
2039	41.094
2040	40.266
2041	40.625
2042	40.469
2043	40.25
2044	40.188
2045	41.469
2046	40.406
2047	40.547
2048	41.875
2049	41.641
2050	39.453
2051	40.812
2052	38.875
2053	39.906
2054	41.391
2055	40.844
2056	39.078
2057	40.234
2058	40.938
2059	40.078
2060	39.469
2061	39.656
2062	40.422
2063	39.625
2064	40.5
2065	39
2066	38.891
2067	39.203
2068	38.906
2069	39.922
2070	39.453
2071	38.766
2072	38.578
2073	38.953
2074	38.875
2075	37.469
2076	39.531
2077	37.859
2078	38.312
2079	36.781
2080	37.25
2081	37.547
2082	37.781
2083	37.297
2084	36.797
2085	37.562
2086	37.703
2087	37.797
2088	36.094
2089	36.531
2090	37.078
2091	37.531
2092	36.172
2093	37.047
2094	36.906
2095	36.469
2096	36.625
2097	36.141
2098	36.594
2099	37.094
2100	37.5
2101	37.047
2102	35.312
2103	36.422
2104	36.703
2105	36.484
2106	36.594
2107	36.422
2108	36.953
2109	36.422
2110	35.984
2111	35.859
2112	35.484
2113	36.297
2114	35.969
2115	36.75
2116	34.688
2117	34.672
2118	35.094
2119	35.734
2120	34.859
2121	34.812
2122	35.531
2123	35.625
2124	35.578
2125	35.891
2126	35.938
2127	35.125
2128	35.344
2129	35.781
2130	34.25
2131	34.734
2132	34.281
2133	35.109
2134	34.953
2135	34.422
2136	36.047
2137	35.344
2138	35.281
2139	33.609
2140	34.172
2141	35.125
2142	34.719
2143	34.812
2144	34.531
2145	34.422
2146	34.609
2147	35.672
2148	36.078
2149	35.062
2150	34.188
2151	34.688
2152	34.625
2153	34.031
2154	34.453
2155	34.984
2156	33.609
2157	34.359
2158	33.172
2159	34.766
2160	34
2161	33.5
2162	33.766
2163	34.141
2164	34.312
2165	34.141
2166	33.203
2167	34.031
2168	34.609
2169	34.375
2170	33.672
2171	35.422
2172	35.062
2173	33.641
2174	33.984
2175	32.922
2176	33.391
2177	34.125
2178	33.766
2179	35.422
2180	34.891
2181	34.141
2182	33.141
2183	35.047
2184	34.875
2185	33.844
2186	34.344
2187	34.344
2188	34.859
2189	34.109
2190	34.625
2191	33.5
2192	33.984
2193	33.859
2194	33.812
2195	34.281
2196	34.312
2197	33.578
2198	33.594
2199	34.641
2200	34.734
2201	33.344
2202	34.547
2203	34.672
2204	34.953
2205	33.469
2206	33.328
2207	34.281
2208	33.812
2209	33.984
2210	33.344
2211	33.312
2212	34.625
2213	34.219
2214	34.094
2215	33.828
2216	34.469
2217	33.781
2218	33.797
2219	33.906
2220	35.078
2221	33.25
2222	34.141
2223	34.25
2224	34.266
2225	34.531
2226	33.641
2227	34.578
2228	33.922
2229	33.766
2230	34.547
2231	34.359
2232	34.75
2233	34.078
2234	34.328
2235	33.906
2236	34.828
2237	33.844
2238	34.344
2239	33.641
2240	32.953
2241	34.5
2242	34.938
2243	33.391
2244	33.719
2245	33.578
2246	34.453
2247	34.406
2248	34.234
2249	33.062
2250	34.656
2251	33.812
2252	34.031
2253	33.984
2254	34.562
2255	34.141
2256	34.484
2257	34.422
2258	34.219
2259	35.375
2260	35.312
2261	33.812
2262	35.172
2263	34
2264	34.078
2265	33.203
2266	34
2267	33.844
2268	33.969
2269	34.203
2270	34.047
2271	33.641
2272	34.156
2273	33.828
2274	34.484
2275	33.016
2276	34.234
2277	33.875
2278	34.578
2279	34.094
2280	33.797
2281	33.312
2282	34.484
2283	33.875
2284	33.5
2285	34.297
2286	33.312
2287	34
2288	33.375
2289	34.953
2290	34.109
2291	33.719
2292	33.969
2293	34.188
2294	33.641
2295	34.156
2296	33.703
2297	33.547
2298	34.141
2299	33.281
2300	33.594
2301	33.5
2302	33.812
2303	34.312
2304	34.344
2305	34.25
2306	32.766
2307	34.031
2308	33.609
2309	34.641
2310	34.281
2311	33.516
2312	34.172
2313	33.531
2314	34.719
2315	33.859
2316	34.078
2317	33.656
2318	34.312
2319	33.453
2320	33.641
2321	33.578
2322	34.281
2323	33.812
2324	33.516
2325	33.391
2326	34.188
2327	33.953
2328	34.047
2329	33.625
2330	33.859
2331	34.031
2332	33.703
2333	33.594
2334	33.703
2335	34.438
2336	34.672
2337	34.531
2338	33.062
2339	34.359
2340	34.469
2341	34
2342	34.078
2343	34.562
2344	34.453
2345	33.172
2346	34.453
2347	33.234
2348	34.469
2349	34.266
2350	34.422
2351	33.266
2352	34.922
2353	34.359
2354	34.344
2355	33.922
2356	34.734
2357	33.438
2358	33.828
2359	33.531
2360	34.812
2361	33.781
2362	33.766
2363	34.312
2364	34.328
2365	34.188
2366	33.844
2367	33.797
2368	33.453
2369	34.156
2370	33.516
2371	33.797
2372	32.609
2373	33.719
2374	34.188
2375	33.625
2376	34.172
2377	33.516
2378	35.016
2379	35.984
2380	36.359
2381	37.109
2382	38.188
2383	38.094
2384	38.328
2385	38.766
2386	38.859
2387	38.906
2388	40.438
2389	41.047
2390	38.75
2391	40.891
2392	40.531
2393	40.844
2394	40.562
2395	40.438
2396	41.188
2397	41.484
2398	40.797
2399	40.359
2400	40.031
2401	39.969
2402	39.984
2403	38.781
2404	39.375
2405	39.094
2406	38.375
2407	39.281
2408	38.984
2409	38.375
2410	40.859
2411	38.078
2412	39.609
2413	38.25
2414	37.859
2415	38.953
2416	39.016
2417	38.547
2418	37.438
2419	37.781
2420	38.234
2421	38.031
2422	37.25
2423	37.625
2424	37.844
2425	37.656
2426	36.891
2427	37.297
2428	37.984
2429	36.641
2430	36.25
2431	37.422
2432	36.219
2433	37.062
2434	37.938
2435	35.344
2436	36.453
2437	38.25
2438	36.703
2439	36.391
2440	36.047
2441	35.922
2442	36.391
2443	36.547
2444	36.188
2445	36.453
2446	36.141
2447	37.031
2448	34.906
2449	35.672
2450	36.953
2451	35.922
2452	35.984
2453	36.219
2454	35.75
2455	35.781
2456	35.547
2457	34.703
2458	35.484
2459	35.719
2460	35.156
2461	35.375
2462	35.375
2463	35.422
2464	34.844
2465	34.188
2466	36.391
2467	35.719
2468	35.188
2469	35.062
2470	34.719
2471	35.172
2472	34.422
2473	35.469
2474	34.109
2475	35.531
2476	34.531
2477	34.859
2478	35.234
2479	35.203
2480	35.156
2481	34.516
2482	35.734
2483	35.719
2484	35.828
2485	34.906
2486	34.859
2487	34.797
2488	34.047
2489	34.312
2490	34.609
2491	34.094
2492	34.469
2493	34.734
2494	34.922
2495	34.406
2496	34.406
2497	34.328
2498	34.031
2499	35.25
2500	34
2501	35.594
2502	34.641
2503	35.094
2504	34.812
2505	34.281
2506	33.203
2507	34.078
2508	33.781
2509	33.266
2510	33.562
2511	34.5
2512	34.828
2513	34.219
2514	34.109
2515	34.125
2516	33.219
2517	34.578
2518	33.062
2519	33.312
2520	33.938
2521	33.031
2522	33.453
2523	33.469
2524	34.156
2525	34.375
2526	34.234
2527	34.328
2528	34.688
2529	34.219
2530	33.344
2531	35.156
2532	35.359
2533	34.734
2534	34.5
2535	33.578
2536	34
2537	34.234
2538	34.094
2539	33.359
2540	33.766
2541	33.812
2542	34.141
2543	33.328
2544	35.312
2545	33.828
2546	34.109
2547	33.203
2548	34.062
2549	33.641
2550	33.422
2551	34.734
2552	33.297
2553	34.359
2554	34
2555	33.578
2556	34.359
2557	34.406
2558	35.016
2559	33.594
2560	35.406
2561	33.922
2562	34.641
2563	34.125
2564	33.875
2565	34.531
2566	33.703
2567	34.156
2568	34.016
2569	34.109
2570	33.734
2571	32.656
2572	33.016
2573	33.438
2574	33.766
2575	33.766
2576	34.344
2577	34.047
2578	34.094
2579	34.969
2580	33.594
2581	34.781
2582	34.531
2583	33.969
2584	34.312
2585	34.141
2586	34.5
2587	34.969
2588	33.391
2589	33.297
2590	33.328
2591	33.891
2592	33.719
2593	34.078
2594	33.719
2595	33.062
2596	34.062
2597	34.406
2598	33.812
2599	34.312
2600	34.672
2601	34.109
2602	33.516
2603	34.219
2604	33.562
2605	34.297
2606	34.453
2607	34.406
2608	33.578
2609	33.703
2610	34.328
2611	33.625
2612	33.703
2613	33.562
2614	33.75
2615	34.406
2616	34.281
2617	33.156
2618	33.766
2619	33.828
2620	33.125
2621	34.281
2622	32.734
2623	33.375
2624	35.266
2625	32.656
2626	33.484
2627	32.844
2628	33.234
2629	33.125
2630	34.047
2631	33.734
2632	33.875
2633	32.797
2634	33.453
2635	34.484
2636	34.328
2637	33.859
2638	34
2639	34.078
2640	34.328
2641	33.562
2642	33.844
2643	34.891
2644	34.109
2645	35.312
2646	33.984
2647	34.156
2648	33.188
2649	33.641
2650	34.469
2651	33.484
2652	34.609
2653	34.797
2654	33.484
2655	33.5
2656	33.719
2657	33.047
2658	33.906
2659	33.281
2660	32.922
2661	33.875
2662	33.969
2663	32.344
2664	34.297
2665	33.781
2666	33.703
2667	33.516
2668	33.625
2669	34.078
2670	34.203
2671	33.141
2672	33.781
2673	34.359
2674	32.828
2675	33.266
2676	33.781
2677	34
2678	33.859
2679	34.641
2680	33.078
2681	34.375
2682	33.391
2683	33.828
2684	34.359
2685	33.5
2686	34.078
2687	33.828
2688	33.891
2689	33.922
2690	33.781
2691	34.078
2692	33.688
2693	33.828
2694	33.859
2695	33.828
2696	33.156
2697	33.75
2698	33.125
2699	33.438
2700	34.141
2701	34.047
2702	34.062
2703	33.688
2704	33.266
2705	32.688
2706	34.438
2707	33.609
2708	35.672
2709	34.062
2710	33.328
2711	33.859
2712	33.578
2713	33.594
2714	34.812
2715	34.172
2716	33.828
2717	33.016
2718	32.875
2719	34.156
2720	33.938
2721	34.172
2722	34.156
2723	33.75
2724	32.797
2725	34.516
2726	33.641
2727	34.312
2728	35.047
2729	35.406
2730	36.469
2731	37.203
2732	38.75
2733	38.781
2734	39.5
2735	39.234
2736	40.109
2737	38.391
2738	39.906
2739	39.703
2740	39.969
2741	40.125
2742	39.266
2743	40.375
2744	41.109
2745	40.406
2746	41.062
2747	39.828
2748	40.625
2749	39.969
2750	40.438
2751	40.094
2752	40.109
2753	40.797
2754	39.875
2755	39.594
2756	39.516
2757	38.375
2758	38.859
2759	39.531
2760	38.016
2761	38.938
2762	38.812
2763	38.938
2764	37.797
2765	38.953
2766	37.25
2767	37.312
2768	36.562
2769	37.969
2770	37.875
2771	37.781
2772	38.547
2773	37.891
2774	36.953
2775	37.469
2776	36.766
2777	37.156
2778	37.812
2779	36.625
2780	37.719
2781	36.5
2782	37.281
2783	36.719
2784	37.688
2785	35.719
2786	36.953
2787	36.609
2788	36.656
2789	36.156
2790	35.875
2791	36.562
2792	36.031
2793	36.359
2794	35.391
2795	36.391
2796	35.266
2797	35.5
2798	36.281
2799	37.297
2800	36.844
2801	36
2802	35.781
2803	35.594
2804	35.906
2805	35.609
2806	35.281
2807	34.484
2808	36.188
2809	34.453
2810	36.75
2811	34.922
2812	35.859
2813	35.312
2814	35.031
2815	34.938
2816	35.172
2817	34.938
2818	34.203
2819	35.172
2820	36.016
2821	35.203
2822	34.953
2823	35.484
2824	35.547
2825	33.547
2826	35.719
2827	36.016
2828	35.234
2829	35.078
2830	34.094
2831	34.109
2832	34.578
2833	35.391
2834	35.656
2835	34.047
2836	34.594
2837	34.922
2838	35.812
2839	33.828
2840	34.359
2841	35.578
2842	34.438
2843	35.312
2844	35.078
2845	33.875
2846	35
2847	33.906
2848	33.109
2849	34.844
2850	35.641
2851	33.719
2852	34.062
2853	34.734
2854	34.469
2855	34.438
2856	35.156
2857	34.625
2858	33.969
2859	35.266
2860	34.531
2861	34.391
2862	34.594
2863	34.328
2864	34.891
2865	34.938
2866	34.266
2867	33.672
2868	34.391
2869	35.109
2870	35.219
2871	35.453
2872	36.016
2873	34.875
2874	34.594
2875	34.922
2876	33.906
2877	35.062
2878	35.422
2879	33.719
2880	34.391
2881	33.75
2882	34.719
2883	34.125
2884	34.078
2885	34.812
2886	34.5
2887	34.625
2888	34.141
2889	34.422
2890	34.75
2891	33.703
2892	34.203
2893	33.781
2894	34.922
2895	34.859
2896	34.906
2897	34.906
2898	34.438
2899	34.312
2900	35.438
2901	33.75
2902	35.219
2903	33.562
2904	34.188
2905	34.812
2906	33.906
2907	34.359
2908	34.266
2909	34.203
2910	33.938
2911	34.594
2912	33.984
2913	34.25
2914	33.906
2915	33.672
2916	35.281
2917	33.438
2918	34.234
2919	33.5
2920	34.078
2921	33.484
2922	33.328
2923	34.828
2924	33.125
2925	34.312
2926	34.344
2927	34.312
2928	33.078
2929	33.594
2930	34.609
2931	33.578
2932	33.844
2933	33.516
2934	34.344
2935	33.531
2936	33.547
2937	34.078
2938	34.547
2939	33.766
2940	34.141
2941	34.453
2942	34.406
2943	34.406
2944	34.031
2945	33.453
2946	33.906
2947	34.234
2948	33.984
2949	33.531
2950	32.828
2951	34.25
2952	33.016
2953	34.656
2954	32.766
2955	33.141
2956	32.781
2957	33.844
2958	33.797
2959	33.297
2960	32.922
2961	34.328
2962	34.281
2963	32.812
2964	33.766
2965	33.484
2966	34.422
2967	33.969
2968	33.688
2969	33.391
2970	34.031
2971	34.156
2972	33.75
2973	34.172
2974	33.734
2975	33.172
2976	33.953
2977	33.719
2978	34.359
2979	34.062
2980	34.469
2981	33.438
2982	33.406
2983	34.562
2984	33.859
2985	34.297
2986	33.375
2987	34.109
2988	34.297
2989	33.797
2990	33.734
2991	34.609
2992	33.594
2993	33.703
2994	33.938
2995	33.844
2996	34.188
2997	34.141
2998	34.688
2999	33.656
3000	33.672
3001	33.766
3002	33.672
3003	33.75
3004	33.875
3005	32.906
3006	34.297
3007	33.938
3008	33.906
3009	32.672
3010	34.391
3011	33.172
3012	33.547
3013	33.828
3014	34.5
3015	33.328
3016	33.516
3017	33.141
3018	33.516
3019	32.75
3020	33.141
3021	32.672
3022	33.781
3023	33.328
3024	33.484
3025	33.078
3026	33.438
3027	33.781
3028	33.719
3029	33.391
3030	33.781
3031	34.047
3032	33.312
3033	33.766
3034	34.891
3035	33.594
3036	33.25
3037	34.125
3038	34.844
3039	33.391
3040	32.578
3041	33.594
3042	33.797
3043	34.453
3044	33.156
3045	33.922
3046	34.125
3047	33.906
3048	33.891
3049	34.062
3050	33.141
3051	33.781
3052	32.625
3053	34.078
3054	33.219
3055	33.953
3056	34.547
3057	33.438
3058	32.875
3059	34.172
3060	33.141
3061	33.875
3062	33.281
3063	33.359
3064	32.891
3065	34.578
3066	34.031
3067	33.5
3068	34.188
3069	33.75
3070	33.938
3071	33.703
3072	34.297
3073	33.875
3074	32.859
3075	34.938
3076	34.188
3077	34.812
3078	34.875
3079	36.703
3080	35.672
3081	37.719
3082	38.203
3083	38.438
3084	39.781
3085	39.25
3086	38.797
3087	40.125
3088	39.25
3089	40.156
3090	38.938
3091	39.422
3092	40.109
3093	39.031
3094	39.438
3095	39.266
3096	40.453
3097	39.672
3098	40.016
3099	39.422
3100	41.188
3101	39.797
3102	39.812
3103	41.156
3104	39.766
3105	39.594
3106	39.312
3107	38.875
3108	40.031
3109	39.422
3110	40.016
3111	39.469
3112	40
3113	38.781
3114	39.516
3115	39.047
3116	39.641
3117	39.156
3118	39.938
3119	38.766
3120	38.031
3121	39.516
3122	38.797
3123	39.016
3124	39.031
3125	39.391
3126	39.219
3127	39.016
3128	37.766
3129	37.312
3130	38.812
3131	37.375
3132	39.25
3133	37.75
3134	36.406
3135	37.797
3136	37.609
3137	36.969
3138	37.469
3139	38.625
3140	37.844
3141	36.422
3142	37.797
3143	37.812
3144	38.516
3145	37.297
3146	36.844
3147	37.031
3148	37.438
3149	37.281
3150	36.562
3151	35.656
3152	36.25
3153	36.812
3154	36.984
3155	36.469
3156	36.469
3157	36.359
3158	36.938
3159	36.578
3160	35.844
3161	35.219
3162	37.234
3163	36.203
3164	35.391
3165	36.516
3166	36.922
3167	36.516
3168	36.594
3169	35.062
3170	35.406
3171	35.719
3172	37.031
3173	36.031
3174	35.156
3175	35.469
3176	35.094
3177	35.719
3178	35.625
3179	36.844
3180	35.875
3181	36.141
3182	35.359
3183	35.312
3184	36.344
3185	34.906
3186	35.734
3187	34.703
3188	35.562
3189	34.453
3190	35.234
3191	35.5
3192	35.406
3193	34.844
3194	34.719
3195	35.203
3196	35.312
3197	35.984
3198	35.484
3199	34.938
3200	35.375
3201	34.625
3202	35.141
3203	35.094
3204	34.906
3205	35.688
3206	34.859
3207	34.562
3208	35.109
3209	35.812
3210	34.125
3211	35.422
3212	35.438
3213	34.312
3214	36.047
3215	35.469
3216	35.047
3217	34.328
3218	34.234
3219	35.797
3220	33.391
3221	34.5
3222	35.141
3223	34.188
3224	35.25
3225	34.719
3226	35.625
3227	34.859
3228	36.078
3229	34.672
3230	35.047
3231	35.031
3232	34.375
3233	34.891
3234	34.609
3235	34.953
3236	34.906
3237	35.453
3238	34.875
3239	35
3240	34.516
3241	35.234
3242	34.656
3243	35.219
3244	34.141
3245	34.734
3246	35.094
3247	33.5
3248	34.578
3249	34.562
3250	34.156
3251	35.172
3252	33.547
3253	34.938
3254	34.812
3255	34.172
3256	35.016
3257	34.328
3258	35.719
3259	34.891
3260	33.406
3261	35.031
3262	34.484
3263	34.938
3264	33.391
3265	34.281
3266	33.938
3267	34.016
3268	33.5
3269	34.453
3270	34.234
3271	34.922
3272	34.359
3273	34
3274	33.828
3275	34.797
3276	33.922
3277	33.953
3278	33.922
3279	33.125
3280	33.906
3281	33.219
3282	34.906
3283	33.047
3284	34.156
3285	34.484
3286	33.359
3287	34.688
3288	34.812
3289	34.344
3290	35.234
3291	34.984
3292	34.297
3293	34.484
3294	34.094
3295	34.312
3296	34.094
3297	33.781
3298	33.812
3299	33.656
3300	34.062
3301	34.031
3302	32.781
3303	34.609
3304	33.547
3305	34.281
3306	33.312
3307	33.734
3308	33.812
3309	33.953
3310	35.234
3311	33.797
3312	33.625
3313	33.25
3314	34.141
3315	33.234
3316	33.625
3317	33.891
3318	33.453
3319	34.312
3320	33.781
3321	33.531
3322	33.781
3323	33.859
3324	34.078
3325	35.016
3326	35.109
3327	33.578
3328	33.391
3329	33.594
3330	34.688
3331	32.906
3332	33.953
3333	34.031
3334	33.438
3335	32.312
3336	33.375
3337	33.625
3338	32.75
3339	34.562
3340	33.094
3341	33.438
3342	34.406
3343	33.281
3344	33.609
3345	33.719
3346	34.516
3347	33.031
3348	32.594
3349	33.859
3350	33.422
3351	33.344
3352	34.062
3353	34.172
3354	33.812
3355	34.312
3356	33.094
3357	33.391
3358	33.172
3359	34.484
3360	32.594
3361	32.062
3362	33.359
3363	34.516
3364	33.562
3365	33.75
3366	33.516
3367	33.125
3368	33.391
3369	33.719
3370	33.203
3371	33.75
3372	33.531
3373	34.453
3374	34.219
3375	33.172
3376	32.922
3377	33.781
3378	32.625
3379	34.328
3380	34.516
3381	33.5
3382	33.75
3383	33.359
3384	33.438
3385	34.219
3386	33.828
3387	33.203
3388	33.438
3389	33.672
3390	33.875
3391	33.516
3392	34.328
3393	32.953
3394	33.625
3395	33.906
3396	34.703
3397	33.953
3398	34.016
3399	33.5
3400	34.891
3401	34.109
3402	33.234
3403	34
3404	33.609
3405	33.484
3406	34.172
3407	34.203
3408	35.312
3409	33
3410	34.062
3411	33.766
3412	34
3413	34
3414	33.172
3415	33.359
3416	33.719
3417	33.812
3418	33.953
3419	34.047
3420	33.75
3421	33.609
3422	33.562
3423	34.141
3424	33.656
3425	33.828
3426	33.984
3427	34.5
3428	35.531
3429	35.328
3430	37.516
3431	36.672
3432	36.922
3433	38.562
3434	38.359
3435	38.656
3436	37.969
3437	39.75
3438	39.812
3439	40.172
3440	40.422
3441	41.047
3442	40.234
3443	39.375
3444	40.172
3445	40.047
3446	39.828
3447	39.766
3448	40.703
3449	40.422
3450	38.984
3451	39.672
3452	39.203
3453	39.391
3454	38.922
3455	39.281
3456	38.875
3457	39.969
3458	40.094
3459	39.422
3460	40.969
3461	39.453
3462	39.516
3463	40.172
3464	39.797
3465	40.281
3466	39.641
3467	39.766
3468	40.016
3469	40.141
3470	39.125
3471	38.375
3472	38.625
3473	39.594
3474	39.125
3475	38.5
3476	38.75
3477	38.047
3478	38.344
3479	39.297
3480	39
3481	37
3482	37.609
3483	37.672
3484	38.484
3485	38.719
3486	37.906
3487	37.297
3488	37.578
3489	37.938
3490	37.422
3491	37.625
3492	36.797
3493	36.438
3494	37.656
3495	36.625
3496	36.969
3497	37.016
3498	36.188
3499	35.938
3500	37.641
3501	35.609
3502	37.625
3503	36.391
3504	36.031
3505	36.578
3506	36.734
3507	36.391
3508	36.125
3509	35.5
3510	36.781
3511	35.969
3512	35.766
3513	35.609
3514	37.125
3515	35.328
3516	36.469
3517	35.969
3518	34.703
3519	34.766
3520	35.031
3521	35.5
3522	36.375
3523	34.828
3524	36.594
3525	35.656
3526	35.359
3527	35.266
3528	35.078
3529	34.266
3530	35.719
3531	34.75
3532	35.922
3533	35.547
3534	35.125
3535	34.641
3536	34.172
3537	35.062
3538	34.766
3539	34.516
3540	36.062
3541	34.906
3542	35.438
3543	33.625
3544	34.891
3545	34.578
3546	34.531
3547	34.469
3548	35.453
3549	33.984
3550	34.531
3551	34.516
3552	34.984
3553	34.594
3554	34.188
3555	34.391
3556	33.156
3557	33.766
3558	33.938
3559	35.016
3560	34.969
3561	35
3562	32.609
3563	33.859
3564	34.75
3565	34.516
3566	34.25
3567	34.109
3568	34.406
3569	34.344
3570	33.828
3571	33.969
3572	33.281
3573	34.422
3574	35.188
3575	33.281
3576	34.188
3577	34.328
3578	33.594
3579	34.672
3580	33.547
3581	33.484
3582	33.938
3583	34.453
3584	34.406
3585	34.156
3586	34.266
3587	34.125
3588	32.75
3589	33.438
3590	34.484
3591	32.812
3592	34.047
3593	33.906
3594	33.141
3595	34.094
3596	34.281
3597	34.297
3598	33.891
3599	33.391
3600	33.922
3601	33.297
3602	33.719
3603	33.406
3604	33.922
3605	34.672
3606	33.969
3607	33.109
3608	33.359
3609	32.906
3610	33.906
3611	34.188
3612	33.516
3613	33.031
3614	33.094
3615	33.969
3616	33.141
3617	33.328
3618	33.141
3619	33.812
3620	34.859
3621	34.125
3622	34.156
3623	33.594
3624	33.875
3625	33.516
3626	33.406
3627	34.297
3628	34.172
3629	34.594
3630	33.453
3631	33.859
3632	34.547
3633	34.297
3634	33.234
3635	33.188
3636	33.656
3637	33.562
3638	33.5
3639	34.625
3640	34.031
3641	33.172
3642	33.734
3643	34.891
3644	33.719
3645	34.953
3646	33.641
3647	34.281
3648	34.031
3649	34.984
3650	34.281
3651	34.094
3652	34.359
3653	33.969
3654	34.156
3655	33.391
3656	34.203
3657	33.047
3658	33.812
3659	34.297
3660	34.078
3661	34.578
3662	33.516
3663	33.547
3664	34.453
3665	33.844
3666	34.234
3667	33.906
3668	35.047
3669	33.469
3670	33.828
3671	34.172
3672	34.203
3673	33.953
3674	34.062
3675	33.719
3676	33.234
3677	33.328
3678	33.75
3679	34.891
3680	33.688
3681	33.5
3682	34.562
3683	33.328
3684	34.188
3685	33.859
3686	33.969
3687	35.016
3688	34.359
3689	32.688
3690	35.094
3691	33.125
3692	33.516
3693	33.859
3694	33.484
3695	33.484
3696	33.578
3697	34.594
3698	34.094
3699	34.625
3700	33.109
3701	33.75
3702	34.391
3703	33.828
3704	34.703
3705	33.969
3706	34.109
3707	33.891
3708	33.766
3709	33.875
3710	33.438
3711	34.031
3712	34.719
3713	33.547
3714	33.359
3715	32.922
3716	34.438
3717	33.812
3718	33.516
3719	33.797
3720	34.359
3721	34
3722	32.969
3723	34.234
3724	33.438
3725	33.609
3726	33.391
3727	32.656
3728	33.609
3729	32.281
3730	35.141
3731	33.344
3732	33.562
3733	33.219
3734	34.156
3735	34.5
3736	33.5
3737	33.719
3738	34.359
3739	34.219
3740	34.172
3741	33.109
3742	34.406
3743	33.531
3744	33.672
3745	34.344
3746	34.453
3747	33.781
3748	34.219
3749	33.812
3750	34.078
3751	32.719
3752	33.828
3753	33.406
3754	33.469
3755	32.641
3756	33.469
3757	35.047
3758	33.766
3759	33.719
3760	34.656
3761	33.453
3762	32.828
3763	32.844
3764	34.344
3765	33.141
3766	33.641
3767	34.656
3768	33.359
3769	33.125
3770	33.594
3771	33.938
3772	33.359
3773	32.672
3774	33.656
3775	33.531
3776	34.578
3777	34.5
3778	36.203
3779	36.234
3780	36.922
3781	38.031
3782	38.594
3783	37.828
3784	38.016
3785	37.922
3786	38.844
3787	38.422
3788	38.969
3789	39.391
3790	40.062
3791	39.047
3792	38.625
3793	40.062
3794	39.438
3795	39.016
3796	40.344
3797	39.016
3798	39.156
3799	40.141
3800	40.188
3801	38.344
3802	39.594
3803	38.781
3804	37.156
3805	37.219
3806	38.297
3807	38.547
3808	36.969
3809	38.531
3810	36.812
3811	37.953
3812	38.438
3813	36.844
3814	37.359
3815	36.844
3816	37.344
3817	37.125
3818	37.719
3819	38.156
3820	37.609
3821	37.219
3822	37.719
3823	36.719
3824	36.469
3825	35.984
3826	35
3827	36.781
3828	36.234
3829	36.422
3830	37.094
3831	35.641
3832	36.516
3833	36.547
3834	34.984
3835	35.469
3836	36.016
3837	36.203
3838	35.547
3839	36.109
3840	35.766
3841	36.141
3842	35.438
3843	34.922
3844	36.656
3845	36.172
3846	35.078
3847	35.516
3848	34.266
3849	34.875
3850	35.734
3851	35.578
3852	35.047
3853	35.953
3854	34.688
3855	35.719
3856	36.172
3857	36.422
3858	35.375
3859	34.672
3860	35.609
3861	34.438
3862	34.641
3863	34.844
3864	34.672
3865	33.969
3866	34.297
3867	35.25
3868	35.109
3869	34.906
3870	34.484
3871	35.266
3872	35.609
3873	35.141
3874	34.922
3875	35.25
3876	33.547
3877	34.656
3878	34.328
3879	33.703
3880	34.094
3881	33.781
3882	34.25
3883	34.25
3884	33.797
3885	33.156
3886	34.156
3887	33.781
3888	34.016
3889	34.203
3890	34.109
3891	33.266
3892	34.266
3893	34.547
3894	34.938
3895	35.297
3896	34.422
3897	34.094
3898	34.516
3899	34.469
3900	34.016
3901	33.938
3902	34.734
3903	34.562
3904	33.969
3905	34.672
3906	33.625
3907	33.828
3908	35.125
3909	33.719
3910	33.859
3911	33.844
3912	33.766
3913	33.734
3914	33.047
3915	34.484
3916	34.422
3917	34.078
3918	34.578
3919	35.109
3920	33.844
3921	34.297
3922	33.859
3923	33.953
3924	33.891
3925	33.672
3926	34
3927	33.484
3928	34.234
3929	33.484
3930	34.062
3931	34.312
3932	34.188
3933	34.891
3934	33.25
3935	32.938
3936	34.375
3937	33.984
3938	34.266
3939	33.484
3940	34.703
3941	34.109
3942	33.203
3943	34.281
3944	34.875
3945	32.031
3946	34.469
3947	33.562
3948	33.734
3949	34.562
3950	33.781
3951	33.656
3952	34.094
3953	33.734
3954	33.766
3955	33.25
3956	33.625
3957	33.781
3958	33.391
3959	33.719
3960	33.75
3961	32.938
3962	33.109
3963	34.828
3964	33.406
3965	32.953
3966	33.422
3967	34.781
3968	33.812
3969	34.188
3970	33.75
3971	34.234
3972	34.734
3973	32.578
3974	34.609
3975	34.031
3976	34.938
3977	34.297
3978	34.781
3979	34.75
3980	34.578
3981	33.672
3982	33.297
3983	34.547
3984	33.375
3985	34.344
3986	33.938
3987	35
3988	34.781
3989	33.766
3990	33.562
3991	33.938
3992	34.734
3993	33.703
3994	34.344
3995	32.688
3996	33.922
3997	33.266
3998	33.406
3999	33.797
4000	33.844
4001	33.875
4002	33.438
4003	33.156
4004	33.703
4005	34.203
4006	33.609
4007	33.859
4008	34.141
4009	33.844
4010	34.094
4011	33.172
4012	34.484
4013	33.406
4014	34.297
4015	34.547
4016	34.25
4017	33.828
4018	34.453
4019	34.109
4020	33.062
4021	33.578
4022	32.578
4023	33.797
4024	33.375
4025	33.484
4026	34.938
4027	35.422
4028	35.609
4029	36.562
4030	35.625
4031	37.859
4032	38.312
4033	38.781
4034	38.547
4035	39.047
4036	39.688
4037	39.906
4038	39.406
4039	39.688
4040	40.953
4041	39.828
4042	40.047
4043	39.969
4044	40.25
4045	39.781
4046	40.219
4047	40.266
4048	39.469
4049	40.031
4050	40.484
4051	39.203
4052	39.094
4053	39.234
4054	39.234
4055	38.719
4056	39.203
4057	38.656
4058	39.109
4059	39
4060	37.703
4061	37.812
4062	38.141
4063	37.625
4064	37.516
4065	37.953
4066	37.562
4067	36.719
4068	37.625
4069	36.688
4070	37.109
4071	37.828
4072	37.391
4073	37.156
4074	37.219
4075	36.953
4076	37.406
4077	38.172
4078	36.984
4079	36.719
4080	36.281
4081	35.812
4082	36.359
4083	35.719
4084	36.781
4085	36.203
4086	35.828
4087	37.672
4088	35.375
4089	35.594
4090	36.078
4091	35.391
4092	35.188
4093	37.031
4094	36.75
4095	36.859
4096	35.047
4097	35.094
4098	34.859
4099	34.766
4100	35.453
4101	35.109
4102	35.641
4103	34.547
4104	34.812
4105	34.391
4106	35.484
4107	35.328
4108	34.453
4109	35.125
4110	35.484
4111	34.844
4112	34.734
4113	34.547
4114	35.047
4115	34.844
4116	34.828
4117	34.906
4118	33.953
4119	34.094
4120	35.188
4121	34.453
4122	35.609
4123	34.156
4124	35.078
4125	36.156
4126	36.141
4127	36.641
4128	37.234
4129	36.688
4130	37.75
4131	38.234
4132	37.594
4133	37.797
4134	37.906
4135	38.891
4136	39.438
4137	38.234
4138	39.328
4139	40.25
4140	39.281
4141	39.641
4142	39.609
4143	38.984
4144	38.688
4145	38.938
4146	38.5
4147	38.406
4148	38.062
4149	38.625
4150	38.219
4151	38.422
4152	38
4153	38.172
4154	37.859
4155	37.453
4156	37.094
4157	37.469
4158	37.016
4159	37.562
4160	37.422
4161	36.391
4162	37.875
4163	37.906
4164	36.016
4165	36.578
4166	35.859
4167	35.781
4168	36.031
4169	35.703
4170	35.828
4171	35.359
4172	35.719
4173	35.344
4174	34.828
4175	34.703
4176	35.234
4177	35
4178	35.609
4179	35.438
4180	35.609
4181	34.922
4182	33.922
4183	35.766
4184	34.766
4185	34.875
4186	33.75
4187	35.156
4188	34.984
4189	33.328
4190	33.703
4191	35.062
4192	34.828
4193	34.859
4194	34.609
4195	35.984
4196	34.453
4197	34.484
4198	33.766
4199	34.141
4200	35.094
4201	33.672
4202	34.453
4203	33.766
4204	34.25
4205	35.078
4206	34.109
4207	34.406
4208	35.172
4209	35.094
4210	34.188
4211	34.172
4212	33.891
4213	34.594
4214	33.969
4215	33.562
4216	34.969
4217	33.797
4218	34.672
4219	35.297
4220	34.078
4221	33.297
4222	34.281
4223	34.391
4224	34.031
4225	34.391
4226	34.453
4227	33.922
4228	35.344
4229	34.156
4230	34.484
4231	33.859
4232	35.25
4233	34.188
4234	34.359
4235	33.312
4236	34.984
4237	35.016
4238	34.297
4239	34.281
4240	34.75
4241	33.766
4242	34.422
4243	34.172
4244	34.328
4245	34.047
4246	34.453
4247	33.078
4248	34
4249	33.562
4250	34.188
4251	33.875
4252	33.547
4253	34.312
4254	34.078
4255	33.594
4256	34.312
4257	33.469
4258	33.359
4259	33.078
4260	33.047
4261	34.625
4262	33.312
4263	33.359
4264	33.438
4265	33.875
4266	33.422
4267	32.469
4268	33.859
4269	33.75
4270	32.609
4271	32.906
4272	33.578
4273	34
4274	34.109
4275	34.219
4276	33.062
4277	33.75
4278	34.453
4279	33.062
4280	34.781
4281	34.422
4282	33.625
4283	33.203
4284	33.906
4285	33.766
4286	33.625
4287	33.656
4288	34.109
4289	34.266
4290	34.75
4291	34.203
4292	33.812
4293	33.25
4294	33.141
4295	33.234
4296	33.516
4297	33.969
4298	34.391
4299	33.312
4300	33.781
4301	32.422
4302	34.562
4303	33.062
4304	34.344
4305	34.031
4306	32.812
4307	33.531
4308	33.422
4309	33.797
4310	33.469
4311	33.469
4312	32.844
4313	34.047
4314	34.047
4315	34.016
4316	33.719
4317	33.719
4318	33.922
4319	33.953
4320	33.312
4321	33.5
4322	35.297
4323	32.25
4324	33.828
4325	32.641
4326	33.312
4327	34.375
4328	33.938
4329	33.875
4330	33.844
4331	32.875
4332	33.484
4333	33.438
4334	33.984
4335	33.203
4336	33.203
4337	33.984
4338	34.797
4339	33.609
4340	33.547
4341	33.766
4342	33.734
4343	33.578
4344	34.062
4345	33.609
4346	34.125
4347	33.094
4348	34.094
4349	33.516
4350	33.328
4351	32.797
4352	34.141
4353	33.297
4354	33.281
4355	34.078
4356	33.906
4357	33.484
4358	33.359
4359	34.078
4360	33.734
4361	33.109
4362	33
4363	32.75
4364	35.125
4365	33.25
4366	34.094
4367	33.797
4368	33.969
4369	32.766
4370	33.781
4371	33.938
4372	33.125
4373	33.797
4374	33.453
4375	33.516
4376	34.172
4377	33.156
4378	34.734
4379	32.875
4380	33.594
4381	33
4382	32.672
4383	32.984
4384	32.141
4385	32.891
4386	33.891
4387	33.891
4388	32.344
4389	34.5
4390	33.766
4391	33.234
4392	34.281
4393	33.453
4394	34.047
4395	33.375
4396	33.719
4397	34.312
4398	33.703
4399	32.672
4400	34.359
4401	33.25
4402	33.375
4403	32.734
4404	33.953
4405	33.344
4406	33.719
4407	33.047
4408	33.469
4409	33.766
4410	32.359
4411	34
4412	32.266
4413	32.469
4414	33.609
4415	33.578
4416	33.297
4417	33.312
4418	32.484
4419	33.375
4420	31.812
4421	31.625
4422	34
4423	34.156
4424	32.922
4425	33.312
4426	32.859
4427	32.953
4428	32.938
4429	33.172
4430	32.75
4431	33.703
4432	33.688
4433	33.188
4434	33.547
4435	33.078
4436	33.484
4437	32.766
4438	33.203
4439	33.344
4440	33.469
4441	33.547
4442	33.547
4443	33.203
4444	32.797
4445	33.406
4446	32.203
4447	33.25
4448	32.328
4449	33.031
4450	33.672
4451	32.141
4452	34.203
4453	33.016
4454	33.391
4455	33.281
4456	34.266
4457	33.703
4458	34
4459	32.562
4460	33.281
4461	33.188
4462	32.859
4463	35.219
4464	35.609
4465	35.625
4466	36.141
4467	36.453
4468	37.281
4469	38.344
4470	38.422
4471	38.125
4472	39.25
4473	38.953
4474	37.844
4475	38.078
4476	37.641
4477	39.031
4478	39.891
4479	39.016
4480	40.062
4481	38.281
4482	39.188
4483	37.938
4484	38.172
4485	38.844
4486	38.219
4487	37.047
4488	38.141
4489	38.406
4490	38.5
4491	38.078
4492	36.844
4493	36.766
4494	36.938
4495	37.844
4496	36.375
4497	35.953
4498	36.812
4499	37.219
4500	36.078
4501	37.516
4502	37.031
4503	36.703
4504	37.031
4505	35.859
4506	36.625
4507	36.344
4508	35.547
4509	36.453
4510	36.359
4511	36
4512	36.219
4513	36.688
4514	35.266
4515	36.125
4516	35.547
4517	36.531
4518	36.188
4519	34.984
4520	36.703
4521	34.844
4522	35.641
4523	34.969
4524	35.234
4525	35.375
4526	35.328
4527	35.156
4528	35.469
4529	35.391
4530	35.078
4531	34.781
4532	34.594
4533	35.016
4534	34.781
4535	35.25
4536	34.281
4537	34.516
4538	35.203
4539	34.422
4540	33.266
4541	34.156
4542	35.234
4543	35.297
4544	35.047
4545	34.125
4546	34.766
4547	35.359
4548	34.312
4549	34.047
4550	35.656
4551	34.516
4552	35.344
4553	34.828
4554	34.234
4555	34.125
4556	34.047
4557	34.719
4558	33.656
4559	34.812
4560	34.625
4561	34.641
4562	34.344
4563	34.938
4564	34.469
4565	33.922
4566	34.5
4567	34.094
4568	34.469
4569	33.906
4570	33.5
4571	34.047
4572	33.625
4573	33.375
4574	34.234
4575	34.094
4576	34.812
4577	33.438
4578	34.281
4579	33.156
4580	33.172
4581	33.953
4582	34.562
4583	33.266
4584	34.297
4585	33.156
4586	33.859
4587	34.375
4588	33.406
4589	33.594
4590	34.078
4591	32.828
4592	33.422
4593	33.422
4594	33.25
4595	33.078
4596	33.688
4597	33.141
4598	34.125
4599	33.984
4600	33.406
4601	33.953
4602	33.828
4603	33.953
4604	34.297
4605	33.859
4606	33.531
4607	33.281
4608	33.812
4609	33.531
4610	33.484
4611	33.812
4612	33.188
4613	32.547
4614	33.438
4615	33.375
4616	33.281
4617	33.359
4618	33.703
4619	33.812
4620	33.359
4621	33.422
4622	32.844
4623	33.266
4624	32.562
4625	32.422
4626	34.562
4627	33.234
4628	33.156
4629	33.5
4630	33.047
4631	33.125
4632	33.844
4633	33.203
4634	32.844
4635	33.375
4636	33.656
4637	33.203
4638	33.734
4639	33.891
4640	33.297
4641	33.281
4642	33.938
4643	33.953
4644	32.688
4645	33.797
4646	33.812
4647	33.266
4648	33.5
4649	33.281
4650	33.766
4651	33.469
4652	32.672
4653	34.5
4654	33.984
4655	33.453
4656	33.891
4657	32.766
4658	33.391
4659	33.359
4660	32.641
4661	33.312
4662	33.188
4663	32.547
4664	33.016
4665	32.969
4666	33.219
4667	33.734
4668	33.406
4669	33.359
4670	34.375
4671	33.75
4672	33.625
4673	33.344
4674	33.391
4675	33.031
4676	33.719
4677	33.172
4678	34.078
4679	32.828
4680	32.422
4681	33.219
4682	33.828
4683	33.922
4684	34.266
4685	33.172
4686	34.281
4687	33.406
4688	34.094
4689	34.469
4690	33.609
4691	33.016
4692	33.141
4693	32.734
4694	33.453
4695	33.328
4696	33.266
4697	32.594
4698	32.531
4699	32.781
4700	33.312
4701	33.312
4702	33.375
4703	34.047
4704	34.938
4705	34.344
4706	34.422
4707	33.203
4708	33.484
4709	33.453
4710	33.312
4711	34.094
4712	33.906
4713	33.359
4714	34.047
4715	33.453
4716	32.859
4717	32.75
4718	32.547
4719	32.656
4720	32.469
4721	32.594
4722	32.797
4723	32.938
4724	33.422
4725	33.484
4726	34.438
4727	32.469
4728	32.891
4729	33.703
4730	34.609
4731	33.891
4732	34.359
4733	36.125
4734	36.312
4735	36.578
4736	36.938
4737	36.297
4738	38.344
4739	38.922
4740	38.641
4741	37.719
4742	38.203
4743	38.219
4744	38.594
4745	38.109
4746	38.312
4747	38.094
4748	38.5
4749	39
4750	39.188
4751	39.672
4752	39.188
4753	38.609
4754	36.719
4755	38.969
4756	38.344
4757	38.234
4758	37.344
4759	37.719
4760	37.031
4761	37.25
4762	36.578
4763	36.547
4764	38.391
4765	37.391
4766	37.188
4767	36.734
4768	36.828
4769	36.719
4770	36.969
4771	37.062
4772	36.281
4773	36.875
4774	37.656
4775	36.484
4776	37.219
4777	37.125
4778	36.422
4779	36.5
4780	36.188
4781	36.672
4782	35.328
4783	35.922
4784	36.25
4785	35.469
4786	36.359
4787	35.891
4788	36.578
4789	36.641
4790	36.312
4791	35.406
4792	35.641
4793	35.953
4794	35.484
4795	35.484
4796	35.234
4797	34.859
4798	34.594
4799	34.797
4800	35.438
4801	35.188
4802	35.594
4803	33.938
4804	34.875
4805	35.156
4806	35.594
4807	35.609
4808	34.891
4809	34.453
4810	35.656
4811	36.578
4812	35.703
4813	36.062
4814	38.266
4815	37.531
4816	38.516
4817	37.766
4818	38.906
4819	38.938
4820	38.344
4821	38.984
4822	37.953
4823	38.906
4824	37.969
4825	37.359
4826	38.891
4827	37.422
4828	38.656
4829	38.516
4830	38.562
4831	37.891
4832	37.656
4833	37.578
4834	37.062
4835	37.469
4836	36.469
4837	36.875
4838	37.094
4839	36.438
4840	36.938
4841	37.047
4842	37.672
4843	36.578
4844	36.781
4845	35.391
4846	36.703
4847	36.688
4848	35.922
4849	36.984
4850	35.516
4851	35.203
4852	34.969
4853	35.188
4854	35.609
4855	35.75
4856	35.172
4857	35.188
4858	35.812
4859	35.891
4860	34.859
4861	35.297
4862	35.047
4863	35.359
4864	35.203
4865	34.953
4866	35.938
4867	35.75
4868	35.094
4869	33.781
4870	34
4871	34.219
4872	34.984
4873	34.609
4874	35.859
4875	34.703
4876	34.375
4877	35.094
4878	35.109
4879	34.906
4880	35.25
4881	34.234
4882	35.453
4883	34.047
4884	34.812
4885	35.641
4886	34.781
4887	34.062
4888	35.281
4889	34.391
4890	34.125
4891	34.844
4892	34.094
4893	33.797
4894	34.234
4895	34.328
4896	33.719
4897	34.156
4898	34.609
4899	33.234
4900	33.75
4901	34.031
4902	33.625
4903	33.469
4904	34.125
4905	33.688
4906	33.844
4907	33.375
4908	33.453
4909	34.359
4910	33.281
4911	32.75
4912	33.625
4913	32.828
4914	32.781
4915	34.078
4916	33.781
4917	32.812
4918	33.172
4919	34.734
4920	33.453
4921	34.297
4922	33.344
4923	33.531
4924	33.219
4925	33.625
4926	33.828
4927	34.812
4928	34.25
4929	34.672
4930	33.844
4931	33.078
4932	33.75
4933	34.516
4934	34.031
4935	33.891
4936	33.969
4937	32.812
4938	33.797
4939	33.078
4940	33.672
4941	33.219
4942	34.375
4943	33.297
4944	33.812
4945	32.547
4946	33.234
4947	33.062
4948	34.312
4949	33.969
4950	33.562
4951	33.625
4952	32.859
4953	33.438
4954	33.547
4955	33.188
4956	33.203
4957	33.344
4958	33.484
4959	33.297
4960	34.688
4961	33.609
4962	32.5
4963	34.141
4964	33.281
4965	33.547
4966	33.703
4967	33.562
4968	33.875
4969	34.141
4970	33.016
4971	33.625
4972	33.828
4973	33.656
4974	33.922
4975	34.531
4976	33.953
4977	34.344
4978	33.312
4979	33.984
4980	33.734
4981	33.078
4982	33.297
4983	33.047
4984	34.031
4985	33.891
4986	33.891
4987	34.031
4988	34.125
4989	33.359
4990	33.562
4991	34.938
4992	33.406
4993	32.344
4994	33.125
4995	33.594
4996	32.203
4997	33.984
4998	33.141
4999	33.766
5000	33.078
5001	33.016
5002	33.078
5003	33.531
5004	32.438
5005	31.375
5006	32.75
5007	32.203
5008	32.656
5009	33.141
5010	33.422
5011	33.094
5012	33.016
5013	33.203
5014	32.062
5015	33.453
5016	33.688
5017	33.125
5018	33.016
5019	33.094
5020	34
5021	32.547
5022	33.562
5023	33.406
5024	33.328
5025	33.688
5026	35.891
5027	36.422
5028	37.094
5029	36.609
5030	37.016
5031	37.172
5032	39.203
5033	38.219
5034	38.359
5035	39.344
5036	38.438
5037	37.922
5038	38.109
5039	37.297
5040	39.172
5041	37.922
5042	36.969
5043	38.344
5044	37.734
5045	37.156
5046	39.094
5047	37.781
5048	38.234
5049	37.219
5050	38.172
5051	37.797
5052	37.594
5053	36.859
5054	37.281
5055	36.594
5056	36.578
5057	35.953
5058	36.797
5059	36.094
5060	36
5061	36.578
5062	35.875
5063	36.25
5064	35.859
5065	35
5066	35.828
5067	35.281
5068	36.141
5069	36.875
5070	36.578
5071	35.422
5072	36.516
5073	36.391
5074	35.703
5075	36.641
5076	36.453
5077	35.375
5078	36.969
5079	36.234
5080	36.625
5081	36.859
5082	35.203
5083	35.406
5084	35.797
5085	35.391
5086	36.172
5087	35.016
5088	34.453
5089	36.516
5090	36.031
5091	36.031
5092	34.875
5093	35.891
5094	34.672
5095	34.953
5096	34.844
5097	34.266
5098	34.312
5099	34.547
5100	35.078
5101	34.062
5102	34.547
5103	35.172
5104	35.344
5105	33.734
5106	34.438
5107	35.344
5108	34.422
5109	34.609
5110	34.875
5111	33.922
5112	34.609
5113	34.469
5114	34.828
5115	34.531
5116	34.938
5117	33.953
5118	34.344
5119	33.438
5120	34.062
5121	34.594
5122	34
5123	35.188
5124	33.672
5125	34.734
5126	34.188
5127	34.234
5128	33.484
5129	33.656
5130	34.469
5131	34.266
5132	34.484
5133	33.891
5134	34.281
5135	34.594
5136	34.078
5137	34.375
5138	33.297
5139	34.172
5140	34.359
5141	34.25
5142	33.219
5143	33.984
5144	33.438
5145	33.969
5146	34.578
5147	33.25
5148	34.297
5149	34.344
5150	34.047
5151	34.328
5152	33.141
5153	32.734
5154	33.828
5155	32.797
5156	32.797
5157	33.203
5158	33.734
5159	33.875
5160	34.922
5161	34.281
5162	36.203
5163	35.438
5164	36.25
5165	36.312
5166	36.734
5167	35.875
5168	37.75
5169	36.734
5170	36.344
5171	37.703
5172	37.609
5173	37.469
5174	37.234
5175	37.641
5176	37.609
5177	36.844
5178	37.891
5179	36.859
5180	36.688
5181	37.156
5182	36.062
5183	36.953
5184	36.484
5185	36.984
5186	36.453
5187	37.562
5188	36.672
5189	37.125
5190	36.797
5191	36.203
5192	36.562
5193	35.828
5194	35.703
5195	36.078
5196	36.641
5197	35.984
5198	35.625
5199	35.125
5200	36.219
5201	35.094
5202	34.906
5203	34.906
5204	36.406
5205	34.906
5206	35.234
5207	35.016
5208	35.438
5209	34.781
5210	34.797
5211	34.875
5212	33.656
5213	35
5214	34.875
5215	34.359
5216	34.703
5217	35.234
5218	34.5
5219	34.312
5220	34.312
5221	34.281
5222	34.984
5223	33.719
5224	33.938
5225	35.141
5226	34.484
5227	33.891
5228	34.391
5229	34.438
5230	33.828
5231	33.781
5232	35.219
5233	33.984
5234	33.797
5235	34.203
5236	33.594
5237	34.828
5238	33.781
5239	35.062
5240	34.047
5241	33.953
5242	34.188
5243	33.594
5244	33.766
5245	34.141
