0,038	0
0,076	0,00154
0,114	0,003702
0,152	0,00437
0,19	0,002314
0,228	0,004582
0,266	0,002194
0,304	0,001934
0,342	0,003024
0,38	0,001317
0,418	0,005356
0,456	0,005619
0,494	0,0056
0,532	0,006059
0,57	0,005135
0,608	0,005731
0,646	0,008299
0,684	0,005093
0,722	0,002143
0,76	0,004027
0,798	0,003335
0,836	0,009398
0,874	0,007364
0,912	0,008703
0,95	0,008686
0,988	0,007014
1,026	0,00646
1,064	0,004519
1,102	0,004925
1,14	0,008105
1,178	0,006355
1,216	0,003188
1,254	0,007498
1,292	0,006565
1,33	0,006858
1,368	0,005857
1,406	0,010895
1,444	0,009078
1,482	0,008643
1,52	0,009645
1,558	0,010592
1,596	0,007527
1,634	0,008781
1,672	0,008515
1,71	0,01019
1,748	0,007312
1,786	0,00398
1,824	0,003235
1,862	0,007476
1,9	0,006486
1,938	0,006198
1,976	0,008211
2,014	0,00526
2,052	0,006547
2,09	0,004413
2,128	0,004067
2,166	0,00242
2,204	0,002535
2,242	0,000025
2,28	0,0031
2,318	0,002388
2,356	0,007192
2,394	0,008382
2,432	0,005223
2,47	0,001303
2,508	-0,000996
2,546	0,002672
2,584	0,016137
2,622	0,034988
2,66	0,055752
2,698	0,073362
2,736	0,095764
2,774	0,11076
2,812	0,122287
2,85	0,132188
2,888	0,137839
2,926	0,142282
2,964	0,147502
3,002	0,146492
3,04	0,144647
3,078	0,14357
3,116	0,137327
3,154	0,136223
3,192	0,134754
3,23	0,129907
3,268	0,122145
3,306	0,114693
3,344	0,110223
3,382	0,104849
3,42	0,097482
3,458	0,090955
3,496	0,087903
3,534	0,080746
3,572	0,075518
3,61	0,068454
3,648	0,061942
3,686	0,061033
3,724	0,061572
3,762	0,058103
3,8	0,056346
3,838	0,049793
3,876	0,049858
3,914	0,04801
3,952	0,045346
3,99	0,042482
4,028	0,046313
4,066	0,045219
4,104	0,04537
4,142	0,048798
4,18	0,049382
4,218	0,04519
4,256	0,037633
4,294	0,037696
4,332	0,034844
4,37	0,031947
4,408	0,026233
4,446	0,023149
4,484	0,022837
4,522	0,018436
4,56	0,025958
4,598	0,025384
4,636	0,022189
4,674	0,018472
4,712	0,018938
4,75	0,017724
4,788	0,018429
4,826	0,01298
4,864	0,011951
4,902	0,014644
4,94	0,010369
4,978	0,0073
5,016	0,006528
5,054	0,010081
5,092	0,012842
5,13	0,011995
5,168	0,009222
5,206	0,00987
5,244	0,009022
5,282	0,010066
5,32	0,009958
5,358	0,009372
5,396	0,009511
5,434	0,011616
5,472	0,007867
5,51	0,007134
5,548	0,003526
5,586	-0,001694
5,624	-0,001037
5,662	-0,001479
5,7	-0,002474
5,738	0,000506
5,776	-0,001897
5,814	-0,003786
5,852	-0,008558
5,89	-0,007329
5,928	-0,005266
5,966	-0,006598
6,004	-0,003283
6,042	-0,002263
6,08	-0,00225
6,118	-0,004127
6,156	-0,004614
6,194	-0,005432
6,232	-0,003263
6,27	-0,002063
6,308	-0,004338
6,346	-0,008545
6,384	-0,010197
6,422	-0,016448
6,46	-0,014098
6,498	-0,012108
6,536	-0,009345
6,574	-0,003748
6,612	-0,004064
6,65	0,00047
6,688	0,000036
6,726	-0,000881
6,764	-0,001489
6,802	-0,006899
6,84	-0,001763
6,878	-0,000516
6,916	0,003645
6,954	0,005153
6,992	0,006666
7,03	0,01045
7,068	0,014681
7,106	0,01535
7,144	0,020398
7,182	0,0187
7,22	0,016481
7,258	0,015023
7,296	0,013001
7,334	0,014029
7,372	0,008937
7,41	0,010583
7,448	0,013216
7,486	0,013268
7,524	0,013625
7,562	0,011129
7,6	0,012301
7,638	0,010961
7,676	0,011175
7,714	0,009814
7,752	0,009954
7,79	0,006143
7,828	0,007955
7,866	0,00505
7,904	0,008089
7,942	0,006555
7,98	0,005535
8,018	0,009119
8,056	0,006898
8,094	0,007518
8,132	0,0084
8,17	0,008421
8,208	0,005758
8,246	0,004578
8,284	0,004626
8,322	0,004252
8,36	0,009089
8,398	0,011189
8,436	0,012996
8,474	0,007982
8,512	0,006884
8,55	0,004069
8,588	0,005212
8,626	0,006283
8,664	0,005798
8,702	0,00612
8,74	0,004659
8,778	-0,00007
8,816	-0,002061
8,854	-0,001547
8,892	-0,002304
8,93	-0,006386
8,968	-0,00276
9,006	0,000497
9,044	-0,002708
9,082	-0,001933
9,12	-0,001094
9,158	0,000215
9,196	0,000657
9,234	0,000802
9,272	-0,001518
9,31	0,001424
9,348	-0,00253
9,386	-0,00268
9,424	-0,000577
9,462	0,00094
9,5	-0,000305
9,538	0,002687
9,576	0,000804
9,614	0,007399
9,652	0,02443
9,69	0,039858
9,728	0,060789
9,766	0,083046
9,804	0,09957
9,842	0,118653
9,88	0,130812
9,918	0,13855
9,956	0,144369
9,994	0,146799
10,032	0,150197
10,07	0,152121
10,108	0,155459
10,146	0,154818
10,184	0,158485
10,222	0,153023
10,26	0,149223
10,298	0,139011
10,336	0,133318
10,374	0,12663
10,412	0,118881
10,45	0,118284
10,488	0,11498
10,526	0,106732
10,564	0,104821
10,602	0,102346
10,64	0,098443
10,678	0,092818
10,716	0,087623
10,754	0,083506
10,792	0,077284
10,83	0,074889
10,868	0,070631
10,906	0,065014
10,944	0,064378
10,982	0,066794
11,02	0,06394
11,058	0,057443
11,096	0,052848
11,134	0,047784
11,172	0,044494
11,21	0,043031
11,248	0,039965
11,286	0,037546
11,324	0,037944
11,362	0,041515
11,4	0,039373
11,438	0,038922
11,476	0,033695
11,514	0,031887
11,552	0,031108
11,59	0,031367
11,628	0,028044
11,666	0,025774
11,704	0,027254
11,742	0,024221
11,78	0,022313
11,818	0,017195
11,856	0,014517
11,894	0,013859
11,932	0,012655
11,97	0,012861
12,008	0,012134
12,046	0,019746
12,084	0,018854
12,122	0,016674
12,16	0,012823
12,198	0,007761
12,236	0,011114
12,274	0,013625
12,312	0,013599
12,35	0,012791
12,388	0,010684
12,426	0,014086
12,464	0,014511
12,502	0,009301
12,54	0,010618
12,578	0,010876
12,616	0,008231
12,654	0,009459
12,692	0,011805
12,73	0,010477
12,768	0,011841
12,806	0,01508
12,844	0,01456
12,882	0,013024
12,92	0,00999
12,958	0,009295
12,996	0,005889
13,034	0,006498
13,072	0,003159
13,11	-0,001776
13,148	0,002814
13,186	0,001766
13,224	0,003494
13,262	0,002401
13,3	0,006357
13,338	0,010924
13,376	0,012657
13,414	0,008954
13,452	0,005808
13,49	0,008009
13,528	0,003501
13,566	0,006419
13,604	0,00531
13,642	0,001935
13,68	0,00532
13,718	0,003008
13,756	0,0011
13,794	0,001016
13,832	-0,002145
13,87	-0,003385
13,908	-0,002384
13,946	0,001426
13,984	0,002092
14,022	-0,001157
14,06	-0,001809
14,098	0,000525
14,136	0,000094
14,174	0,001606
14,212	0,000494
14,25	-0,000345
14,288	0,000711
14,326	-0,001309
14,364	-0,002122
14,402	-0,002467
14,44	-0,003383
14,478	-0,00567
14,516	-0,005093
14,554	-0,005726
14,592	-0,010403
14,63	-0,003696
14,668	-0,003252
14,706	-0,004713
14,744	-0,001248
14,782	0,001641
14,82	0,000231
14,858	0,005766
14,896	0,008035
14,934	0,006768
14,972	0,002986
15,01	0,006258
15,048	0,00385
15,086	0,006884
15,124	0,003138
15,162	0,000468
15,2	0,000717
15,238	0,000586
15,276	-0,004874
15,314	-0,002731
15,352	-0,005772
15,39	-0,003003
15,428	-0,004805
15,466	-0,006082
15,504	-0,005551
15,542	-0,00406
15,58	-0,003992
15,618	-0,00594
15,656	-0,003573
15,694	-0,002842
15,732	0,001087
15,77	-0,004379
15,808	-0,002889
15,846	-0,00193
15,884	-0,001891
15,922	-0,000999
15,96	0,001801
15,998	0,004441
16,036	0,01198
16,074	0,028495
16,112	0,04807
16,15	0,061421
16,188	0,078791
16,226	0,092173
16,264	0,106455
16,302	0,11848
16,34	0,125694
16,378	0,130064
16,416	0,132796
16,454	0,138676
16,492	0,142182
16,53	0,142936
16,568	0,142495
16,606	0,139623
16,644	0,131733
16,682	0,125154
16,72	0,121216
16,758	0,11118
16,796	0,107506
16,834	0,106753
16,872	0,100617
16,91	0,096025
16,948	0,094211
16,986	0,091999
17,024	0,093477
17,062	0,091165
17,1	0,088059
17,138	0,083092
17,176	0,080665
17,214	0,074518
17,252	0,071599
17,29	0,067927
17,328	0,063508
17,366	0,062381
17,404	0,059231
17,442	0,051459
17,48	0,049594
17,518	0,045531
17,556	0,044213
17,594	0,03892
17,632	0,043678
17,67	0,043353
17,708	0,043512
17,746	0,039078
17,784	0,037633
17,822	0,035117
17,86	0,02841
17,898	0,029171
17,936	0,029866
17,974	0,02936
18,012	0,027982
18,05	0,024921
18,088	0,023593
18,126	0,022434
18,164	0,023642
18,202	0,025003
18,24	0,027095
18,278	0,028347
18,316	0,024821
18,354	0,020341
18,392	0,024446
18,43	0,023458
18,468	0,021923
18,506	0,019986
18,544	0,023967
18,582	0,022511
18,62	0,022197
18,658	0,019148
18,696	0,020132
18,734	0,020508
18,772	0,018344
18,81	0,01619
18,848	0,014887
18,886	0,013029
18,924	0,010598
18,962	0,006498
19	0,006117
19,038	0,005823
19,076	0,006325
19,114	0,005281
19,152	0,00296
19,19	0,005332
19,228	0,010219
19,266	0,009583
19,304	0,006531
19,342	0,006685
19,38	0,007159
19,418	0,00407
19,456	0,002459
19,494	0,001714
19,532	0,000911
19,57	0,000057
19,608	0,002451
19,646	0,006339
19,684	0,008356
19,722	0,004513
19,76	0,006288
19,798	0,007453
19,836	0,008291
19,874	0,010713
19,912	0,011575
19,95	0,012699
19,988	0,011052
20,026	0,011838
20,064	0,011109
20,102	0,012711
20,14	0,009548
20,178	0,007819
20,216	0,004955
20,254	0,006188
20,292	-0,001508
20,33	-0,002656
20,368	-0,003757
20,406	-0,000381
20,444	-0,004777
20,482	-0,006803
20,52	-0,004349
20,558	-0,007896
20,596	-0,007904
20,634	-0,00444
20,672	-0,004155
20,71	-0,006148
20,748	-0,00871
20,786	-0,009824
20,824	-0,010221
20,862	-0,006243
20,9	-0,006266
20,938	-0,00156
20,976	-0,005677
21,014	-0,003336
21,052	-0,006713
21,09	-0,004121
21,128	-0,005309
21,166	-0,003134
21,204	-0,001239
21,242	-0,00012
21,28	-0,001812
21,318	0,001933
21,356	0,004638
21,394	0,00335
21,432	0,004117
21,47	0,008995
21,508	0,012638
21,546	0,00995
21,584	0,01317
21,622	0,010252
21,66	0,006772
21,698	0,009636
21,736	0,011787
21,774	0,014188
21,812	0,007272
21,85	0,002645
21,888	0,004983
21,926	0,005124
21,964	0,006341
22,002	0,011587
22,04	0,010034
22,078	0,01063
22,116	0,009568
22,154	0,010633
22,192	0,00863
22,23	0,011085
22,268	0,011139
22,306	0,00902
22,344	0,008543
22,382	0,007254
22,42	0,006377
22,458	0,004934
22,496	0,006646
22,534	0,005958
22,572	0,001895
22,61	0,002767
22,648	0,002229
22,686	-0,000807
22,724	-0,000658
22,762	0,002734
22,8	0,002287
22,838	0,004823
22,876	0,000646
22,914	0,005533
22,952	0,002877
22,99	0,018083
23,028	0,037264
23,066	0,049229
23,104	0,068023
23,142	0,085281
23,18	0,100242
23,218	0,110521
23,256	0,120367
23,294	0,129673
23,332	0,139499
23,37	0,140206
23,408	0,139648
23,446	0,135867
23,484	0,134429
23,522	0,129979
23,56	0,126904
23,598	0,126353
23,636	0,122697
23,674	0,115986
23,712	0,114179
23,75	0,1064
23,788	0,101105
23,826	0,097076
23,864	0,092037
23,902	0,087972
23,94	0,088037
23,978	0,08227
24,016	0,077959
24,054	0,07606
24,092	0,070241
24,13	0,066678
24,168	0,059723
24,206	0,057148
24,244	0,053977
24,282	0,050128
24,32	0,049102
24,358	0,046972
24,396	0,047486
24,434	0,047358
24,472	0,040601
24,51	0,036505
24,548	0,032921
24,586	0,029217
24,624	0,034164
24,662	0,036803
24,7	0,037592
24,738	0,03353
24,776	0,033053
24,814	0,029817
24,852	0,025982
24,89	0,017611
24,928	0,018875
24,966	0,021725
25,004	0,020762
25,042	0,016581
25,08	0,016548
25,118	0,013681
25,156	0,016608
25,194	0,01788
25,232	0,018685
25,27	0,017779
25,308	0,018954
25,346	0,011841
25,384	0,009204
25,422	0,00575
25,46	0,004576
25,498	0,006913
25,536	0,006195
25,574	0,008065
25,612	0,008707
25,65	0,009629
25,688	0,010654
25,726	0,011406
25,764	0,009221
25,802	0,007316
25,84	0,008414
25,878	0,008932
25,916	0,010473
25,954	0,009794
25,992	0,00854
26,03	0,007294
26,068	0,007736
26,106	0,007418
26,144	0,002197
26,182	0,005788
26,22	0,005429
26,258	0,005234
26,296	0,006369
26,334	0,011978
26,372	0,011975
26,41	0,011775
26,448	0,013584
26,486	0,01298
26,524	0,011821
26,562	0,006657
26,6	0,006411
26,638	0,005857
26,676	0,004398
26,714	-0,004232
26,752	-0,007603
26,79	-0,00781
26,828	-0,0111
26,866	-0,010201
26,904	-0,007455
26,942	-0,006011
26,98	-0,007457
27,018	-0,007928
27,056	-0,006563
27,094	-0,011707
27,132	-0,013676
27,17	-0,013375
27,208	-0,010718
27,246	-0,009368
27,284	-0,00705
27,322	-0,004055
27,36	-0,003462
27,398	-0,002014
27,436	-0,000047
27,474	-0,000551
27,512	0,003973
27,55	0,000254
27,588	0,005386
27,626	0,007372
27,664	0,005962
27,702	0,006949
27,74	0,005256
27,778	0,003704
27,816	0,004874
27,854	0,004662
27,892	0,002512
27,93	0,001671
27,968	0,001304
28,006	0,004178
28,044	0,00082
28,082	0,002311
28,12	-0,002565
28,158	0,000583
28,196	0,006371
28,234	0,009058
28,272	0,008571
28,31	0,009158
28,348	0,006685
28,386	0,001497
28,424	0,001588
28,462	-0,00166
28,5	-0,00409
28,538	-0,004811
28,576	-0,005457
28,614	-0,008712
28,652	-0,007991
28,69	-0,004886
28,728	-0,004373
28,766	-0,003147
28,804	0,009737
28,842	0,020725
28,88	0,037129
28,918	0,051089
28,956	0,067343
28,994	0,080812
29,032	0,091614
29,07	0,1044
29,108	0,110554
29,146	0,116451
29,184	0,120797
29,222	0,12495
29,26	0,123105
29,298	0,123108
29,336	0,119832
29,374	0,116822
29,412	0,117195
29,45	0,11459
29,488	0,112564
29,526	0,109428
29,564	0,106658
29,602	0,100533
29,64	0,094311
29,678	0,084235
29,716	0,081374
29,754	0,078585
29,792	0,077254
29,83	0,073722
29,868	0,070555
29,906	0,060512
29,944	0,059136
29,982	0,058852
30,02	0,058436
30,058	0,05505
30,096	0,049868
30,134	0,04211
30,172	0,04287
30,21	0,045991
30,248	0,040297
30,286	0,040268
30,324	0,039148
30,362	0,037855
30,4	0,041595
30,438	0,039026
30,476	0,040312
30,514	0,035166
30,552	0,037236
30,59	0,034625
30,628	0,03709
30,666	0,034566
30,704	0,033632
30,742	0,030544
30,78	0,028537
30,818	0,02468
30,856	0,022889
30,894	0,018422
30,932	0,015455
30,97	0,015857
31,008	0,0112
31,046	0,010568
31,084	0,009375
31,122	0,011188
31,16	0,016706
31,198	0,017562
31,236	0,015407
31,274	0,011129
31,312	0,009897
31,35	0,010279
31,388	0,010167
31,426	0,009523
31,464	0,011456
31,502	0,010704
31,54	0,003538
31,578	0,005063
31,616	0,007578
31,654	0,008482
31,692	0,005987
31,73	0,001955
31,768	0,002487
31,806	0,005276
31,844	0,002219
31,882	0,004474
31,92	0,003223
31,958	0,003326
31,996	0,004243
32,034	0,010274
32,072	0,008387
32,11	0,013978
32,148	0,015255
32,186	0,014293
32,224	0,012695
32,262	0,012331
32,3	0,011287
32,338	0,01005
32,376	0,008102
32,414	0,006478
32,452	0,005791
32,49	0,004362
32,528	0,00414
32,566	0,005404
32,604	0,002861
32,642	0,006937
32,68	0,003205
32,718	0,00745
32,756	0,007681
32,794	0,006466
32,832	0,010734
32,87	0,013411
32,908	0,013315
32,946	0,008438
32,984	0,008276
33,022	0,007348
33,06	0,007424
33,098	0,002148
33,136	-0,002399
33,174	-0,001362
33,212	-0,003512
33,25	-0,000577
33,288	-0,002221
33,326	-0,004256
33,364	-0,004301
33,402	-0,00075
33,44	-0,002425
33,478	-0,003868
33,516	-0,005487
33,554	-0,006281
33,592	-0,009558
33,63	-0,0124
33,668	-0,009948
33,706	-0,013898
33,744	-0,011086
33,782	-0,01121
33,82	-0,009073
33,858	-0,005245
33,896	-0,001238
33,934	0,005173
33,972	0,009058
34,01	0,010544
34,048	0,015663
34,086	0,013828
34,124	0,012832
34,162	0,012714
34,2	0,013994
34,238	0,013802
34,276	0,014468
34,314	0,012786
34,352	0,010931
34,39	0,012539
34,428	0,011938
34,466	0,011101
34,504	0,011349
34,542	0,010229
34,58	0,009998
34,618	0,013198
34,656	0,014214
34,694	0,011522
34,732	0,008699
34,77	0,01177
34,808	0,013598
34,846	0,011577
34,884	0,01108
34,922	0,009277
34,96	0,010618
34,998	0,010579
35,036	0,009212
35,074	0,006253
35,112	0,008845
35,15	0,007324
35,188	0,010919
35,226	0,009861
35,264	0,0109
35,302	0,013059
35,34	0,010194
35,378	0,011698
35,416	0,015037
35,454	0,024681
35,492	0,036786
35,53	0,050744
35,568	0,072311
35,606	0,088337
35,644	0,103273
35,682	0,119329
35,72	0,132695
35,758	0,13825
35,796	0,137887
35,834	0,138021
35,872	0,137283
35,91	0,136738
35,948	0,137152
35,986	0,141492
36,024	0,147362
36,062	0,149711
36,1	0,154486
36,138	0,160531
36,176	0,164253
36,214	0,163782
36,252	0,158117
36,29	0,155395
36,328	0,152592
36,366	0,149049
36,404	0,148205
36,442	0,142231
36,48	0,134027
36,518	0,129553
36,556	0,11773
36,594	0,112448
36,632	0,109449
36,67	0,10674
36,708	0,101746
36,746	0,096515
36,784	0,088702
36,822	0,086348
36,86	0,079928
36,898	0,076204
36,936	0,073426
36,974	0,068804
37,012	0,056851
37,05	0,057177
37,088	0,052748
37,126	0,050194
37,164	0,048643
37,202	0,051224
37,24	0,049288
37,278	0,045931
37,316	0,045191
37,354	0,042099
37,392	0,042551
37,43	0,043379
37,468	0,043299
37,506	0,04137
37,544	0,036143
37,582	0,030627
37,62	0,027798
37,658	0,022928
37,696	0,02076
37,734	0,022168
37,772	0,021422
37,81	0,01408
37,848	0,013945
37,886	0,0129
37,924	0,011893
37,962	0,011584
38	0,009606
38,038	0,010505
38,076	0,011891
38,114	0,012502
38,152	0,01115
38,19	0,012733
38,228	0,010792
38,266	0,009641
38,304	0,007019
38,342	0,00561
38,38	0,005573
38,418	0,0057
38,456	0,008588
38,494	0,002226
38,532	-0,001463
38,57	0,001438
38,608	0,000266
38,646	0,004595
38,684	0,006131
38,722	0,002134
38,76	0,003282
38,798	-0,001091
38,836	-0,001948
38,874	-0,003786
38,912	-0,000478
38,95	-0,004828
38,988	-0,001289
39,026	-0,007814
39,064	-0,006121
39,102	-0,004985
39,14	-0,006562
39,178	-0,003328
39,216	0,000789
39,254	-0,000705
39,292	-0,004832
39,33	-0,00194
39,368	-0,005912
39,406	-0,006001
39,444	-0,003665
39,482	-0,004387
39,52	-0,002454
39,558	-0,003881
39,596	-0,003997
39,634	-0,005471
39,672	-0,004959
39,71	0,002141
39,748	-0,001291
39,786	-0,001791
39,824	-0,000957
39,862	-0,000242
39,9	-0,003717
39,938	-0,002839
39,976	-0,003664
40,014	-0,002051
40,052	-0,003433
40,09	-0,00869
40,128	-0,003399
40,166	-0,002221
40,204	-0,006039
40,242	-0,005062
40,28	-0,007523
40,318	-0,010016
40,356	-0,009656
40,394	-0,006999
40,432	-0,006297
40,47	-0,004215
40,508	-0,00332
40,546	-0,001876
40,584	0,003088
40,622	0,000909
40,66	0,000662
40,698	0,002628
40,736	0,005753
40,774	0,005175
40,812	0,006804
40,85	0,002651
40,888	0,004634
40,926	0,005065
40,964	-0,000389
41,002	0,002358
41,04	0,000103
41,078	0,002183
41,116	0,00288
41,154	0,001873
41,192	-0,000044
41,23	-0,002102
41,268	-0,001811
41,306	-0,004982
41,344	-0,002661
41,382	-0,003476
41,42	-0,001108
41,458	0,000089
41,496	-0,004362
41,534	-0,004817
41,572	-0,006268
41,61	-0,007132
41,648	-0,005355
41,686	-0,002251
41,724	-0,001935
41,762	-0,00731
41,8	-0,006071
41,838	-0,004587
41,876	-0,003641
41,914	-0,002219
41,952	-0,001205
41,99	-0,003674
42,028	-0,000888
42,066	-0,001521
42,104	-0,001161
42,142	-0,000659
42,18	0,006433
42,218	0,006216
42,256	0,011545
42,294	0,019307
42,332	0,037163
42,37	0,055791
42,408	0,070308
42,446	0,084687
42,484	0,094575
42,522	0,110057
42,56	0,118139
42,598	0,121759
42,636	0,1323
42,674	0,135423
42,712	0,136851
42,75	0,131003
42,788	0,122096
42,826	0,115719
42,864	0,11397
42,902	0,110061
42,94	0,110845
42,978	0,104032
43,016	0,098644
43,054	0,090672
43,092	0,087166
43,13	0,083653
43,168	0,080938
43,206	0,07622
43,244	0,07461
43,282	0,073406
43,32	0,06642
43,358	0,063792
43,396	0,058842
43,434	0,055492
43,472	0,053213
43,51	0,051209
43,548	0,048197
43,586	0,039217
43,624	0,041611
43,662	0,038407
43,7	0,037179
43,738	0,039196
43,776	0,033947
43,814	0,032322
43,852	0,029991
43,89	0,024729
43,928	0,021545
43,966	0,030659
44,004	0,037096
44,042	0,048859
44,08	0,069296
44,118	0,079362
44,156	0,096107
44,194	0,102308
44,232	0,108929
44,27	0,112313
44,308	0,108752
44,346	0,108151
44,384	0,105183
44,422	0,10446
44,46	0,098483
44,498	0,101266
44,536	0,09708
44,574	0,089779
44,612	0,0867
44,65	0,084646
44,688	0,078612
44,726	0,072874
44,764	0,073311
44,802	0,07534
44,84	0,068722
44,878	0,065509
44,916	0,059659
44,954	0,049937
44,992	0,048889
45,03	0,041457
45,068	0,045291
45,106	0,041863
45,144	0,034226
45,182	0,030939
45,22	0,03402
45,258	0,027228
45,296	0,02632
45,334	0,029176
45,372	0,029763
45,41	0,025605
45,448	0,025532
45,486	0,023591
45,524	0,020234
45,562	0,018023
45,6	0,017266
45,638	0,019241
45,676	0,01568
45,714	0,01694
45,752	0,015073
45,79	0,017737
45,828	0,019781
45,866	0,016451
45,904	0,016034
45,942	0,006905
45,98	0,003408
46,018	0,002339
46,056	0,001271
46,094	0,002583
46,132	0,002768
46,17	0,002763
46,208	0,000843
46,246	0,000017
46,284	-0,001056
46,322	-0,004585
46,36	-0,005523
46,398	-0,004317
46,436	-0,004443
46,474	-0,003173
46,512	-0,004775
46,55	-0,0029
46,588	-0,003086
46,626	-0,003459
46,664	-0,005935
46,702	-0,006191
46,74	-0,005833
46,778	-0,003376
46,816	0,000215
46,854	-0,000311
46,892	-0,000708
46,93	0,00114
46,968	0,000692
47,006	-0,002447
47,044	-0,00128
47,082	-0,002412
47,12	-0,005932
47,158	-0,008862
47,196	-0,012332
47,234	-0,010134
47,272	-0,008992
47,31	-0,008163
47,348	-0,009302
47,386	-0,007413
47,424	-0,010067
47,462	-0,009973
47,5	-0,009325
47,538	-0,009267
47,576	-0,006319
47,614	-0,007554
47,652	-0,007404
47,69	-0,013304
47,728	-0,011545
47,766	-0,011197
47,804	-0,013987
47,842	-0,0107
47,88	-0,007186
47,918	-0,005331
47,956	-0,005962
47,994	-0,000579
48,032	0,001519
48,07	0,00096
48,108	0,001343
48,146	0,003183
48,184	0,005242
48,222	0,000501
48,26	0,004087
48,298	0,006042
48,336	0,003804
48,374	0,009711
48,412	0,009689
48,45	0,003395
48,488	0,00817
48,526	0,010916
48,564	0,008704
48,602	0,009374
48,64	0,00723
48,678	0,004121
48,716	0,0046
48,754	0,003785
48,792	-0,000645
48,83	0,004253
48,868	0,002879
48,906	0,001389
48,944	0,004821
48,982	0,003098
49,02	-0,001286
49,058	-0,00428
49,096	-0,001044
49,134	-0,003552
49,172	-0,003694
49,21	-0,000572
49,248	-0,004419
49,286	-0,000589
49,324	-0,000502
49,362	0,001447
49,4	0,002328
49,438	0,004688
49,476	0,003492
49,514	0,000962
49,552	0,002353
49,59	-0,001259
49,628	-0,00182
49,666	-0,002147
49,704	-0,003214
49,742	-0,001294
49,78	0,003343
49,818	0,004401
49,856	0,002184
49,894	0,002839
49,932	0,00668
49,97	0,007449
50,008	0,007411
50,046	0,010057
50,084	0,013804
50,122	0,025855
50,16	0,045775
50,198	0,06209
50,236	0,07207
50,274	0,083322
50,312	0,093142
50,35	0,100346
50,388	0,106942
50,426	0,113526
50,464	0,114326
50,502	0,113503
50,54	0,114067
50,578	0,114106
50,616	0,10905
50,654	0,101514
50,692	0,09975
50,73	0,098357
50,768	0,096274
50,806	0,088466
50,844	0,08567
50,882	0,082614
50,92	0,084187
50,958	0,079155
50,996	0,07412
51,034	0,075235
51,072	0,071377
51,11	0,071975
51,148	0,068
51,186	0,066576
51,224	0,065836
51,262	0,06125
51,3	0,054285
51,338	0,051873
51,376	0,052736
51,414	0,045997
51,452	0,042904
51,49	0,042087
51,528	0,04029
51,566	0,036816
51,604	0,034875
51,642	0,031656
51,68	0,026442
51,718	0,023864
51,756	0,023035
51,794	0,021543
51,832	0,024782
51,87	0,023243
51,908	0,022343
51,946	0,0234
51,984	0,022973
52,022	0,02268
52,06	0,019455
52,098	0,022195
52,136	0,024277
52,174	0,018172
52,212	0,024118
52,25	0,024504
52,288	0,022837
52,326	0,021707
52,364	0,021517
52,402	0,015818
52,44	0,011826
52,478	0,011915
52,516	0,011161
52,554	0,012751
52,592	0,010569
52,63	0,010247
52,668	0,007622
52,706	0,004518
52,744	0,00661
52,782	0,002885
52,82	-0,002365
52,858	-0,002226
52,896	-0,002536
52,934	-0,001658
52,972	-0,004018
53,01	-0,004893
53,048	-0,001682
53,086	0,001869
53,124	-0,002383
53,162	-0,004453
53,2	-0,001115
53,238	-0,001629
53,276	-0,000233
53,314	-0,000678
53,352	-0,001217
53,39	0,001338
53,428	0,005212
53,466	0,0047
53,504	0,007526
53,542	0,008013
53,58	0,010109
53,618	0,0103
53,656	0,012275
53,694	0,011742
53,732	0,007456
53,77	0,004105
53,808	0,007439
53,846	0,00523
53,884	0,006023
53,922	0,003203
53,96	0,008846
53,998	0,010479
54,036	0,006045
54,074	0,001946
54,112	-0,000069
54,15	0,003562
54,188	0,000784
54,226	0,001792
54,264	-0,001291
54,302	0,002952
54,34	0,004104
54,378	0,001387
54,416	0,00313
54,454	0,004643
54,492	0,00515
54,53	0,005576
54,568	0,00581
54,606	0,001458
54,644	0,006644
54,682	0,005586
54,72	0,005712
54,758	0,008747
54,796	0,006156
54,834	0,008125
54,872	0,007331
54,91	0,008981
54,948	0,006611
54,986	0,001037
55,024	-0,001333
55,062	-0,00161
55,1	0,000157
55,138	0,00574
55,176	0,005627
55,214	0,004539
55,252	0,000712
55,29	0,000412
55,328	-0,000765
55,366	0,000512
55,404	0,001946
55,442	0,005262
55,48	0,004521
55,518	0,006466
55,556	0,002906
55,594	-0,00259
55,632	-0,001404
55,67	-0,002848
55,708	-0,002607
55,746	-0,002527
55,784	-0,000773
55,822	0,000806
55,86	0,001742
55,898	0,004768
55,936	0,003533
55,974	0,00632
56,012	0,010252
56,05	0,011076
56,088	0,00777
56,126	0,007282
56,164	0,007192
56,202	0,004749
56,24	0,003415
56,278	0,003622
56,316	0,003983
56,354	0,00136
56,392	0,003136
56,43	0,001205
56,468	-0,004857
56,506	-0,007475
56,544	-0,006245
56,582	-0,005563
56,62	-0,002473
56,658	-0,004876
56,696	-0,003462
56,734	-0,00382
56,772	-0,004087
56,81	-0,006844
56,848	-0,003788
56,886	-0,003544
56,924	-0,005942
56,962	-0,001212
57	-0,003841
57,038	0,001387
57,076	0,000421
57,114	0,002144
57,152	0,002839
57,19	0,003245
57,228	0,001473
57,266	0,006345
57,304	0,008894
57,342	0,007893
57,38	0,008647
57,418	0,009098
57,456	0,010112
57,494	0,009086
57,532	0,011822
57,57	0,008276
57,608	0,013555
57,646	0,014933
57,684	0,013896
57,722	0,013674
57,76	0,012812
57,798	0,010858
57,836	0,015514
57,874	0,015245
57,912	0,013399
57,95	0,016207
57,988	0,015469
58,026	0,015493
58,064	0,013077
58,102	0,014093
58,14	0,010742
58,178	0,007035
58,216	0,010304
58,254	0,022797
58,292	0,040171
58,33	0,053939
58,368	0,072305
58,406	0,086516
58,444	0,10061
58,482	0,114357
58,52	0,123993
58,558	0,130345
58,596	0,132663
58,634	0,135343
58,672	0,134617
58,71	0,133518
58,748	0,129791
58,786	0,127966
58,824	0,122445
58,862	0,117559
58,9	0,111137
58,938	0,108333
58,976	0,103376
59,014	0,099403
59,052	0,090785
59,09	0,086848
59,128	0,084346
59,166	0,078824
59,204	0,07388
59,242	0,073994
59,28	0,071581
59,318	0,066509
59,356	0,062248
59,394	0,05891
59,432	0,057152
59,47	0,056767
59,508	0,052435
59,546	0,050921
59,584	0,048224
59,622	0,046117
59,66	0,045755
59,698	0,039303
59,736	0,032889
59,774	0,03297
59,812	0,031836
59,85	0,029999
59,888	0,030277
59,926	0,030411
59,964	0,023716
60,002	0,020022
60,04	0,020747
60,078	0,024504
60,116	0,02287
60,154	0,015584
60,192	0,014826
60,23	0,015152
60,268	0,0178
60,306	0,02049
60,344	0,021901
60,382	0,021257
60,42	0,018534
60,458	0,016038
60,496	0,016283
60,534	0,019368
60,572	0,018123
60,61	0,012801
60,648	0,01296
60,686	0,011174
60,724	0,014576
60,762	0,016412
60,8	0,01976
60,838	0,018628
60,876	0,019761
60,914	0,017464
60,952	0,018983
60,99	0,019625
61,028	0,017612
61,066	0,015891
61,104	0,019386
61,142	0,020301
61,18	0,018589
61,218	0,016008
61,256	0,014323
61,294	0,013196
61,332	0,012221
61,37	0,009885
61,408	0,006488
61,446	0,003888
61,484	0,002089
61,522	0,004064
61,56	0,010277
61,598	0,007293
61,636	0,005995
61,674	0,005534
61,712	0,00391
61,75	0,004107
61,788	0,000612
61,826	-0,000676
61,864	-0,00181
61,902	0,000035
61,94	0,000199
61,978	-0,000042
62,016	0,003721
62,054	0,004727
62,092	0,008591
62,13	0,008131
62,168	0,007191
62,206	0,006286
62,244	0,00956
62,282	0,016175
62,32	0,029827
62,358	0,048069
62,396	0,065091
62,434	0,074166
62,472	0,087441
62,51	0,103015
62,548	0,110332
62,586	0,118122
62,624	0,123456
62,662	0,125825
62,7	0,131131
62,738	0,124804
62,776	0,120308
62,814	0,11497
62,852	0,108752
62,89	0,102364
62,928	0,094222
62,966	0,08977
63,004	0,086455
63,042	0,083709
63,08	0,080192
63,118	0,076351
63,156	0,070445
63,194	0,06208
63,232	0,05819
63,27	0,059055
63,308	0,050727
63,346	0,04959
63,384	0,045306
63,422	0,037479
63,46	0,036203
63,498	0,030622
63,536	0,031019
63,574	0,02645
63,612	0,028245
63,65	0,027002
63,688	0,025664
63,726	0,025978
63,764	0,027974
63,802	0,023556
63,84	0,023552
63,878	0,023609
63,916	0,020558
63,954	0,018591
63,992	0,016029
64,03	0,011616
64,068	0,01013
64,106	0,011627
64,144	0,010447
64,182	0,008852
64,22	0,009821
64,258	0,010561
64,296	0,01105
64,334	0,007739
64,372	0,003634
64,41	0,005253
64,448	0,005785
64,486	0,003874
64,524	0,001733
64,562	0,001382
64,6	0,001837
64,638	0,000795
64,676	0,000314
64,714	0,002352
64,752	0,000461
64,79	-0,000839
64,828	0,001819
64,866	-0,001603
64,904	0,001222
64,942	-0,001073
64,98	-0,000537
65,018	-0,002495
65,056	-0,006078
65,094	-0,002373
65,132	-0,001876
65,17	-0,003791
65,208	0,000922
65,246	0,000946
65,284	-0,000554
65,322	-0,003573
65,36	-0,005053
65,398	-0,006749
65,436	-0,009557
65,474	-0,006514
65,512	-0,005585
65,55	-0,00467
65,588	-0,00495
65,626	-0,000001
65,664	0,001444
65,702	0,000857
65,74	0,003498
65,778	0,008999
65,816	0,022778
65,854	0,039429
65,892	0,054545
65,93	0,071618
65,968	0,083407
66,006	0,090947
66,044	0,098078
66,082	0,105304
66,12	0,109
66,158	0,1089
66,196	0,106088
66,234	0,10757
66,272	0,107255
66,31	0,107504
66,348	0,105788
66,386	0,09915
66,424	0,096342
66,462	0,088295
66,5	0,085379
66,538	0,083532
66,576	0,084132
66,614	0,07554
66,652	0,07348
66,69	0,073154
66,728	0,070774
66,766	0,069492
66,804	0,066133
66,842	0,060619
66,88	0,053256
66,918	0,057943
66,956	0,05616
66,994	0,055187
67,032	0,049402
67,07	0,04555
67,108	0,040998
67,146	0,039538
67,184	0,046558
67,222	0,055865
67,26	0,066691
67,298	0,079959
67,336	0,083349
67,374	0,090088
67,412	0,097104
67,45	0,106221
67,488	0,110906
67,526	0,109367
67,564	0,112333
67,602	0,107441
67,64	0,104948
67,678	0,100645
67,716	0,104501
67,754	0,100655
67,792	0,097409
67,83	0,096033
67,868	0,091341
67,906	0,082786
67,944	0,077073
67,982	0,076023
68,02	0,071788
68,058	0,067601
68,096	0,065943
68,134	0,064009
68,172	0,056736
68,21	0,054829
68,248	0,049885
68,286	0,051333
68,324	0,050845
68,362	0,048563
68,4	0,045596
68,438	0,039181
68,476	0,041412
68,514	0,04254
68,552	0,041839
68,59	0,037728
68,628	0,036221
68,666	0,032847
68,704	0,025899
68,742	0,022458
68,78	0,019331
68,818	0,016421
68,856	0,017355
68,894	0,017966
68,932	0,017025
68,97	0,012079
69,008	0,015019
69,046	0,01305
69,084	0,01011
69,122	0,007042
69,16	0,000474
69,198	0,000156
69,236	-0,001413
69,274	-0,002088
69,312	-0,000544
69,35	0,000244
69,388	0,00183
69,426	-0,000186
69,464	0,001552
69,502	0,003739
69,54	0,002279
69,578	0,000708
69,616	0,000091
69,654	0,002187
69,692	0,002258
69,73	0,001827
69,768	0,00203
69,806	0,001464
69,844	0,002916
69,882	-0,001258
69,92	-0,001053
69,958	-0,000377
69,996	-0,005435
70,034	-0,005278
70,072	-0,000556
70,11	-0,001956
70,148	0,000175
70,186	-0,000337
70,224	0,001044
70,262	-0,002755
70,3	-0,003722
70,338	-0,005132
70,376	-0,000717
70,414	0,000907
70,452	0,002944
70,49	0,003967
70,528	0,003219
70,566	0,004043
70,604	-0,001259
70,642	-0,003456
70,68	-0,00271
70,718	-0,004051
70,756	-0,002222
70,794	-0,003216
70,832	-0,007781
70,87	-0,002777
70,908	-0,002314
70,946	-0,006735
70,984	-0,003098
71,022	-0,005824
71,06	-0,004634
71,098	-0,008148
71,136	-0,008045
71,174	-0,008239
71,212	-0,002844
71,25	-0,003192
71,288	-0,00165
71,326	0,002263
71,364	-0,000615
71,402	0,001142
71,44	0,005745
71,478	0,004924
71,516	0,004834
71,554	-0,00087
71,592	-0,00413
71,63	-0,008598
71,668	-0,011574
71,706	-0,012434
71,744	-0,011164
71,782	-0,008124
71,82	-0,007414
71,858	-0,006817
71,896	-0,006693
71,934	-0,007086
71,972	-0,00916
72,01	-0,006446
72,048	-0,007513
72,086	-0,006468
72,124	-0,009051
72,162	-0,007134
72,2	-0,008626
72,238	-0,005493
72,276	-0,000849
72,314	-0,00178
72,352	0,001627
72,39	-0,001149
72,428	0,001671
72,466	0,001661
72,504	0,002381
72,542	0,003202
72,58	0,00423
72,618	0,001601
72,656	0,002468
72,694	0,004032
72,732	-0,002176
72,77	0,000246
72,808	0,003284
72,846	0,00124
72,884	-0,000865
72,922	-0,000384
72,96	0,002865
72,998	-0,001714
73,036	-0,001272
73,074	-0,00327
73,112	-0,002205
73,15	-0,002998
73,188	-0,004078
73,226	-0,005018
73,264	0,00372
73,302	0,019778
73,34	0,034478
73,378	0,04736
73,416	0,063392
73,454	0,077251
73,492	0,0883
73,53	0,096712
73,568	0,099664
73,606	0,106026
73,644	0,113193
73,682	0,114797
73,72	0,112424
73,758	0,111606
73,796	0,107475
73,834	0,105327
73,872	0,106517
73,91	0,100145
73,948	0,099662
73,986	0,095056
74,024	0,089234
74,062	0,082028
74,1	0,076134
74,138	0,071446
74,176	0,068894
74,214	0,065969
74,252	0,063555
74,29	0,061816
74,328	0,057609
74,366	0,056905
74,404	0,054816
74,442	0,050636
74,48	0,050076
74,518	0,048359
74,556	0,043349
74,594	0,044436
74,632	0,038033
74,67	0,033993
74,708	0,035316
74,746	0,033768
74,784	0,030979
74,822	0,028104
74,86	0,029386
74,898	0,024714
74,936	0,025185
74,974	0,025815
75,012	0,021855
75,05	0,017748
75,088	0,020892
75,126	0,018447
75,164	0,014019
75,202	0,013244
75,24	0,011273
75,278	0,008182
75,316	0,011539
75,354	0,012926
75,392	0,009157
75,43	0,005083
75,468	0,005051
75,506	0,01095
75,544	0,011053
75,582	0,002134
75,62	0,001248
75,658	-0,002
75,696	-0,004811
75,734	-0,00164
75,772	-0,005493
75,81	-0,004636
75,848	-0,002271
75,886	-0,002131
75,924	-0,003574
75,962	-0,002549
76	0,001149
76,038	0,001952
76,076	0,000297
76,114	0,0014
76,152	0,003014
76,19	0,004176
76,228	0,00458
76,266	0,00379
76,304	0,001252
76,342	-0,003614
76,38	-0,00195
76,418	-0,003956
76,456	-0,004458
76,494	-0,001942
76,532	-0,000833
76,57	-0,00512
76,608	-0,003005
76,646	-0,004686
76,684	-0,004771
76,722	-0,003914
76,76	-0,006201
76,798	-0,006224
76,836	-0,005956
76,874	-0,006395
76,912	-0,004701
76,95	-0,00668
76,988	-0,005757
77,026	-0,001797
77,064	-0,005516
77,102	-0,00458
77,14	0,001354
77,178	0,002934
77,216	0,002876
77,254	0,003359
77,292	-0,001669
77,33	-0,006699
77,368	-0,003995
77,406	-0,005416
77,444	-0,003147
77,482	-0,000868
77,52	-0,002578
77,558	-0,006323
77,596	-0,006363
77,634	-0,005048
77,672	-0,000008
77,71	0,001261
77,748	0,006895
77,786	0,008277
77,824	0,008928
77,862	0,004338
77,9	0,002645
77,938	-0,000142
77,976	-0,001105
78,014	0,001156
78,052	0,000816
78,09	0,002516
78,128	0,001772
78,166	0,00447
78,204	0,005698
78,242	0,005073
78,28	0,00056
78,318	0,001214
78,356	-0,001985
78,394	-0,001577
78,432	-0,000276
78,47	-0,00103
78,508	-0,001515
78,546	0,001088
78,584	0,000723
78,622	-0,000505
78,66	-0,002323
78,698	-0,001262
78,736	0,001166
78,774	-0,002524
78,812	-0,004288
78,85	-0,004711
78,888	-0,004598
78,926	-0,002637
78,964	-0,004048
79,002	-0,003229
79,04	0,000139
79,078	-0,001129
79,116	-0,00178
79,154	-0,00237
79,192	0,000978
79,23	0,00128
79,268	-0,000112
79,306	0,002189
79,344	0,003788
79,382	0,012642
79,42	0,032402
79,458	0,04693
79,496	0,06267
79,534	0,071382
79,572	0,087846
79,61	0,094546
79,648	0,102013
79,686	0,108716
79,724	0,10988
79,762	0,110727
79,8	0,111437
79,838	0,111842
79,876	0,107152
79,914	0,105886
79,952	0,10217
79,99	0,093365
80,028	0,091624
80,066	0,088978
80,104	0,084944
80,142	0,081101
80,18	0,076202
80,218	0,074257
80,256	0,070228
80,294	0,069447
80,332	0,065361
80,37	0,060326
80,408	0,05801
80,446	0,054056
80,484	0,050214
80,522	0,050927
80,56	0,047823
80,598	0,051061
80,636	0,047558
80,674	0,04753
80,712	0,04649
80,75	0,045314
80,788	0,042686
80,826	0,042488
80,864	0,041241
80,902	0,044233
80,94	0,042565
80,978	0,036786
81,016	0,032195
81,054	0,035924
81,092	0,038185
81,13	0,036806
81,168	0,033751
81,206	0,035372
81,244	0,027273
81,282	0,022483
81,32	0,025345
81,358	0,022355
81,396	0,022691
81,434	0,025522
81,472	0,027549
81,51	0,025273
81,548	0,024219
81,586	0,020987
81,624	0,020799
81,662	0,021725
81,7	0,022548
81,738	0,0194
81,776	0,019149
81,814	0,017152
81,852	0,015365
81,89	0,014839
81,928	0,014911
81,966	0,014003
82,004	0,011964
82,042	0,012155
82,08	0,01155
82,118	0,012267
82,156	0,012057
82,194	0,011394
82,232	0,012208
82,27	0,008265
82,308	0,008474
82,346	0,009133
82,384	0,010739
82,422	0,008106
82,46	0,003688
82,498	0,000719
82,536	0,003533
82,574	0,00331
82,612	0,00083
82,65	-0,000979
82,688	0,002928
82,726	-0,000697
82,764	-0,000758
82,802	-0,002454
82,84	0,000226
82,878	0,00233
82,916	0,002113
82,954	0,004492
82,992	0,001955
83,03	0,000128
83,068	-0,002452
83,106	-0,001517
83,144	-0,000154
83,182	-0,002706
83,22	-0,003596
83,258	-0,002977
83,296	-0,003092
83,334	-0,00508
83,372	-0,007144
83,41	-0,001751
83,448	-0,000128
83,486	0,00016
83,524	-0,000852
83,562	0,001201
83,6	-0,000898
83,638	0,001467
83,676	-0,000382
83,714	-0,006101
83,752	-0,007371
83,79	-0,005852
83,828	-0,006233
83,866	-0,001492
83,904	-0,00278
83,942	-0,004533
83,98	-0,002652
84,018	-0,000249
84,056	0,002205
84,094	0,003549
84,132	0,003654
84,17	0,005095
84,208	0,008921
84,246	0,007053
84,284	0,006671
84,322	0,006746
84,36	0,007589
84,398	0,005933
84,436	0,005145
84,474	0,006486
84,512	0,005049
84,55	0,006041
84,588	0,009426
84,626	0,006231
84,664	0,008836
84,702	0,00806
84,74	0,007617
84,778	0,008469
84,816	0,009951
84,854	0,005943
84,892	0,00487
84,93	0,00469
84,968	0,006655
85,006	0,003619
85,044	0,00188
85,082	0,001084
85,12	0,002349
85,158	0,001932
85,196	0,002484
85,234	-0,001466
85,272	0,001918
85,31	0,001655
85,348	0,002783
85,386	-0,000113
85,424	0,007274
85,462	0,019346
85,5	0,036636
85,538	0,051722
85,576	0,06556
85,614	0,073253
85,652	0,086724
85,69	0,095901
85,728	0,100175
85,766	0,105125
85,804	0,116264
85,842	0,117431
85,88	0,11277
85,918	0,114477
85,956	0,113977
85,994	0,109214
86,032	0,10476
86,07	0,099539
86,108	0,098223
86,146	0,093172
86,184	0,087006
86,222	0,081517
86,26	0,075569
86,298	0,07205
86,336	0,068115
86,374	0,064349
86,412	0,06136
86,45	0,058435
86,488	0,054418
86,526	0,053264
86,564	0,050963
86,602	0,042656
86,64	0,042878
86,678	0,040369
86,716	0,038723
86,754	0,034083
86,792	0,030548
86,83	0,027223
86,868	0,022922
86,906	0,019861
86,944	0,017315
86,982	0,019607
87,02	0,019129
87,058	0,015974
87,096	0,009326
87,134	0,010141
87,172	0,009399
87,21	0,011271
87,248	0,009361
87,286	0,004446
87,324	0,00414
87,362	0,004517
87,4	0,008465
87,438	0,016778
87,476	0,029464
87,514	0,047441
87,552	0,061359
87,59	0,072943
87,628	0,079842
87,666	0,085104
87,704	0,08907
87,742	0,089859
87,78	0,086996
87,818	0,086917
87,856	0,083017
87,894	0,079844
87,932	0,079513
87,97	0,077637
88,008	0,080232
88,046	0,074202
88,084	0,074872
88,122	0,068684
88,16	0,064215
88,198	0,062954
88,236	0,058804
88,274	0,050287
88,312	0,043321
88,35	0,043953
88,388	0,039975
88,426	0,038432
88,464	0,033677
88,502	0,035822
88,54	0,036163
88,578	0,03476
88,616	0,035095
88,654	0,034134
88,692	0,032549
88,73	0,026945
88,768	0,029406
88,806	0,031418
88,844	0,027015
88,882	0,025573
88,92	0,021561
88,958	0,025531
88,996	0,018877
89,034	0,015448
89,072	0,014624
89,11	0,010299
89,148	0,004867
89,186	0,007861
89,224	0,006461
89,262	0,001872
89,3	0,000435
89,338	-0,000923
89,376	-0,00125
89,414	-0,001616
89,452	-0,00366
89,49	-0,004996
89,528	0,002081
89,566	0,001247
89,604	0,000541
89,642	-0,002794
89,68	-0,000605
89,718	-0,007987
89,756	-0,007621
89,794	-0,00664
89,832	-0,008145
89,87	-0,009925
89,908	-0,009957
89,946	-0,009376
89,984	-0,005412
90,022	-0,004331
90,06	-0,005057
90,098	-0,001986
90,136	-0,004195
90,174	-0,001073
90,212	0,002628
90,25	0,005279
90,288	0,003412
90,326	-0,003285
90,364	-0,002787
90,402	-0,005798
90,44	-0,001857
90,478	-0,005074
90,516	-0,004303
90,554	-0,007911
90,592	-0,002783
90,63	-0,0022
90,668	-0,006601
90,706	-0,011998
90,744	-0,008537
90,782	-0,011399
90,82	-0,012127
90,858	-0,010186
90,896	-0,00732
90,934	-0,004588
90,972	-0,002215
91,01	-0,001744
91,048	-0,004327
91,086	-0,003405
91,124	-0,002728
91,162	-0,003155
91,2	-0,002442
91,238	-0,004128
91,276	-0,008127
91,314	-0,007736
91,352	-0,003648
91,39	-0,004028
91,428	-0,005471
91,466	-0,005156
91,504	-0,003062
91,542	0,006749
91,58	0,018509
91,618	0,037357
91,656	0,057244
91,694	0,075223
91,732	0,08614
91,77	0,092239
91,808	0,101504
91,846	0,107587
91,884	0,113805
91,922	0,11801
91,96	0,115322
91,998	0,114597
92,036	0,109824
92,074	0,11234
92,112	0,111732
92,15	0,108275
92,188	0,096397
92,226	0,087414
92,264	0,086636
92,302	0,084068
92,34	0,083249
92,378	0,07955
92,416	0,077595
92,454	0,077538
92,492	0,071303
92,53	0,066474
92,568	0,059257
92,606	0,052647
92,644	0,049828
92,682	0,048019
92,72	0,044274
92,758	0,044926
92,796	0,042891
92,834	0,038435
92,872	0,035526
92,91	0,037259
92,948	0,036311
92,986	0,034954
93,024	0,028152
93,062	0,027561
93,1	0,024883
93,138	0,022799
93,176	0,020562
93,214	0,019037
93,252	0,015199
93,29	0,013059
93,328	0,0142
93,366	0,015278
93,404	0,010938
93,442	0,015754
93,48	0,014765
93,518	0,015829
93,556	0,016386
93,594	0,016595
93,632	0,017678
93,67	0,017349
93,708	0,012554
93,746	0,010849
93,784	0,012415
93,822	0,014166
93,86	0,01245
93,898	0,01226
93,936	0,009457
93,974	0,010047
94,012	0,010212
94,05	0,009758
94,088	0,016485
94,126	0,016036
94,164	0,012026
94,202	0,008225
94,24	0,010865
94,278	0,009604
94,316	0,00622
94,354	0,002238
94,392	0,005449
94,43	0,00331
94,468	0,001997
94,506	0,001235
94,544	-0,002236
94,582	-0,000326
94,62	-0,000746
94,658	-0,003675
94,696	-0,000604
94,734	0,002264
94,772	0,000891
94,81	0,00034
94,848	0,004086
94,886	0,006995
94,924	0,00495
94,962	0,002609
95	0,00145
95,038	0,004109
95,076	0,003018
95,114	0,002183
95,152	0,007884
95,19	0,018939
95,228	0,036559
95,266	0,051795
95,304	0,062279
95,342	0,07852
95,38	0,09333
95,418	0,098165
95,456	0,103071
95,494	0,108752
95,532	0,106156
95,57	0,11118
95,608	0,114503
95,646	0,117061
95,684	0,116335
95,722	0,112957
95,76	0,111972
95,798	0,107022
95,836	0,102474
95,874	0,096186
95,912	0,094082
95,95	0,084459
95,988	0,076814
96,026	0,072486
96,064	0,07097
96,102	0,072171
96,14	0,068904
96,178	0,068849
96,216	0,062792
96,254	0,061201
96,292	0,055365
96,33	0,053245
96,368	0,049617
96,406	0,044997
96,444	0,037102
96,482	0,036963
96,52	0,030707
96,558	0,031796
96,596	0,032826
96,634	0,037559
96,672	0,034886
96,71	0,031384
96,748	0,025122
96,786	0,026334
96,824	0,025465
96,862	0,02255
96,9	0,020327
96,938	0,019586
96,976	0,019167
97,014	0,016947
97,052	0,01556
97,09	0,013961
97,128	0,015606
97,166	0,013288
97,204	0,007945
97,242	0,004233
97,28	0,005161
97,318	0,009226
97,356	0,009879
97,394	0,010549
97,432	0,011558
97,47	0,010327
97,508	0,011307
97,546	0,008239
97,584	0,013516
97,622	0,01808
97,66	0,026186
97,698	0,037737
97,736	0,052396
97,774	0,0675
97,812	0,076105
97,85	0,087507
97,888	0,093275
97,926	0,096191
97,964	0,09565
98,002	0,101151
98,04	0,108364
98,078	0,108165
98,116	0,107762
98,154	0,109315
98,192	0,109338
98,23	0,107771
98,268	0,103213
98,306	0,100176
98,344	0,096852
98,382	0,090078
98,42	0,078774
98,458	0,07228
98,496	0,070022
98,534	0,066454
98,572	0,062764
98,61	0,059489
98,648	0,058941
98,686	0,057883
98,724	0,053898
98,762	0,054945
98,8	0,051422
98,838	0,051762
98,876	0,053307
98,914	0,05399
98,952	0,052355
98,99	0,050465
99,028	0,047153
99,066	0,042146
99,104	0,036957
99,142	0,038809
99,18	0,03654
99,218	0,037342
99,256	0,034012
99,294	0,030728
99,332	0,029155
99,37	0,027134
99,408	0,028464
99,446	0,028014
99,484	0,026924
99,522	0,027937
99,56	0,023055
99,598	0,020735
99,636	0,017205
99,674	0,014527
99,712	0,013073
99,75	0,007884
99,788	0,005311
99,826	0,003941
99,864	0,006722
99,902	0,008403
99,94	0,005458
99,978	0,00176
100,016	0,003027
100,054	0,002178
100,092	0,003635
100,13	-0,00109
100,168	-0,004129
100,206	-0,005443
100,244	-0,006343
100,282	-0,007014
100,32	-0,006918
100,358	-0,006577
100,396	-0,004295
100,434	-0,008334
100,472	-0,010521
100,51	-0,00892
100,548	-0,013147
100,586	-0,013432
100,624	-0,015486
100,662	-0,008749
100,7	-0,007122
100,738	-0,006627
100,776	-0,004365
100,814	-0,004448
100,852	-0,003507
100,89	0,000155
100,928	-0,003039
100,966	-0,007393
101,004	-0,008053
101,042	-0,003111
101,08	-0,001487
101,118	-0,002088
101,156	-0,004271
101,194	-0,008726
101,232	-0,006251
101,27	-0,007052
101,308	-0,008031
101,346	-0,012864
101,384	-0,015503
101,422	-0,014447
101,46	-0,014286
101,498	-0,013053
101,536	-0,017111
101,574	-0,012026
101,612	-0,007826
101,65	-0,009692
101,688	-0,007087
101,726	-0,007032
101,764	-0,00453
101,802	-0,003712
101,84	0,002221
101,878	0,002748
101,916	0,00068
101,954	0,003572
101,992	-0,000581
102,03	-0,003334
102,068	-0,004664
102,106	-0,008931
102,144	-0,00793
102,182	-0,004587
102,22	0,000171
102,258	0,003158
102,296	0,006773
102,334	0,004641
102,372	0,003365
102,41	-0,000864
102,448	0,001288
102,486	-0,002131
102,524	-0,005327
102,562	-0,007683
102,6	-0,005421
102,638	-0,005746
102,676	-0,007695
102,714	-0,006797
102,752	-0,006555
102,79	-0,001946
102,828	0,000918
102,866	0,000955
102,904	-0,002526
102,942	0,007584
102,98	0,004975
103,018	0,002312
103,056	0,000456
103,094	0,000709
103,132	-0,002665
103,17	-0,005901
103,208	-0,004758
103,246	-0,002552
103,284	-0,003918
103,322	0,002587
103,36	0,000332
103,398	0,001445
103,436	0,001937
103,474	-0,00032
103,512	-0,000651
103,55	-0,003068
103,588	-0,005372
103,626	-0,007128
103,664	-0,00534
103,702	-0,002723
103,74	0,007678
103,778	0,025247
103,816	0,049605
103,854	0,061386
103,892	0,073133
103,93	0,079003
103,968	0,089333
104,006	0,094228
104,044	0,096389
104,082	0,10234
104,12	0,106559
104,158	0,101324
104,196	0,094962
104,234	0,096286
104,272	0,098251
104,31	0,10285
104,348	0,098909
104,386	0,090196
104,424	0,088521
104,462	0,085895
104,5	0,078467
104,538	0,074958
104,576	0,072588
104,614	0,073007
104,652	0,068818
104,69	0,069704
104,728	0,067153
104,766	0,065247
104,804	0,064994
104,842	0,060647
104,88	0,060147
104,918	0,060135
104,956	0,051441
104,994	0,043653
105,032	0,045048
105,07	0,045745
105,108	0,0435
105,146	0,038879
105,184	0,043025
105,222	0,037838
105,26	0,034668
105,298	0,034745
105,336	0,035605
105,374	0,034872
105,412	0,032756
105,45	0,028239
105,488	0,027533
105,526	0,026425
105,564	0,025578
105,602	0,024484
105,64	0,026676
105,678	0,023359
105,716	0,019364
105,754	0,015793
105,792	0,014947
105,83	0,011812
105,868	0,009417
105,906	0,004671
105,944	0,00667
105,982	0,005233
106,02	0,009379
106,058	0,013805
106,096	0,011409
106,134	0,015094
106,172	0,016498
106,21	0,01569
106,248	0,015283
106,286	0,016795
106,324	0,010076
106,362	0,003852
106,4	0,002226
106,438	0,004884
106,476	0,001997
106,514	-0,000725
106,552	0,000656
106,59	-0,001876
106,628	-0,003565
106,666	0,000201
106,704	0,001962
106,742	0,002589
106,78	0,001351
106,818	-0,000905
106,856	0,000084
106,894	-0,002571
106,932	-0,000728
106,97	-0,000566
107,008	-0,00147
107,046	0,000899
107,084	0,000175
107,122	0,002958
107,16	0,003559
107,198	0,000513
107,236	0,003613
107,274	0,008569
107,312	0,012817
107,35	0,016285
107,388	0,019829
107,426	0,0136
107,464	0,016114
107,502	0,015101
107,54	0,014012
107,578	0,01424
107,616	0,012859
107,654	0,012976
107,692	0,010377
107,73	0,011007
107,768	0,013254
107,806	0,013407
107,844	0,00654
107,882	0,006874
107,92	0,005771
107,958	0,004929
107,996	0,006352
108,034	0,004827
108,072	0,003376
108,11	0,001187
108,148	0,006122
108,186	0,007638
108,224	0,005198
108,262	0,006356
108,3	0,008377
108,338	0,010977
108,376	0,013004
108,414	0,009996
108,452	0,00883
108,49	0,007407
108,528	0,00749
108,566	0,008818
108,604	0,005294
108,642	0,001915
108,68	0,003947
108,718	0,007287
108,756	0,002716
108,794	0,006672
108,832	0,00836
108,87	0,008508
108,908	0,008634
108,946	0,007484
108,984	0,009378
109,022	0,012599
109,06	0,011896
109,098	0,008278
109,136	0,010109
109,174	0,006274
109,212	0,00594
109,25	0,004544
109,288	0,005569
109,326	0,005696
109,364	0,004944
109,402	0,007692
109,44	0,014928
109,478	0,014244
109,516	0,014936
109,554	0,015578
109,592	0,015054
109,63	0,014553
109,668	0,011033
109,706	0,014389
109,744	0,014374
109,782	0,016063
109,82	0,023722
109,858	0,039564
109,896	0,053978
109,934	0,066934
109,972	0,081654
110,01	0,089907
110,048	0,100472
110,086	0,103768
110,124	0,111353
110,162	0,111396
110,2	0,113776
110,238	0,110835
110,276	0,105143
110,314	0,100404
110,352	0,095399
110,39	0,092548
110,428	0,086143
110,466	0,083323
110,504	0,079583
110,542	0,076926
110,58	0,071673
110,618	0,061573
110,656	0,056815
110,694	0,055957
110,732	0,055951
110,77	0,051192
110,808	0,050658
110,846	0,050332
110,884	0,049193
110,922	0,04942
110,96	0,049004
110,998	0,046212
111,036	0,046192
111,074	0,046164
111,112	0,040665
111,15	0,035246
111,188	0,029362
111,226	0,027904
111,264	0,028066
111,302	0,021279
111,34	0,019597
111,378	0,018523
111,416	0,01545
111,454	0,018158
111,492	0,011772
111,53	0,012791
111,568	0,008561
111,606	0,009524
111,644	0,011434
111,682	0,007938
111,72	0,008522
111,758	0,005512
111,796	0,000976
111,834	0,003599
111,872	-0,000217
111,91	0,003394
111,948	0,000924
111,986	0,005257
112,024	0,005161
112,062	0,002184
112,1	0,003863
112,138	-0,001061
112,176	-0,000998
112,214	0,001287
112,252	0,000484
112,29	0,000475
112,328	0,00507
112,366	0,006442
112,404	0,003827
112,442	0,001988
112,48	0,003819
112,518	0,007308
112,556	0,01092
112,594	0,012066
112,632	0,014134
112,67	0,012752
112,708	0,011149
112,746	0,009951
112,784	0,009421
112,822	0,010231
112,86	0,006823
112,898	0,008079
112,936	0,002473
112,974	-0,000129
113,012	0,000018
113,05	-0,001573
113,088	-0,007032
113,126	-0,009251
113,164	-0,009512
113,202	0,000923
113,24	0,015151
113,278	0,034364
113,316	0,048101
113,354	0,059147
113,392	0,070991
113,43	0,078892
113,468	0,085694
113,506	0,088629
113,544	0,092048
113,582	0,095472
113,62	0,099027
113,658	0,103354
113,696	0,103318
113,734	0,100789
113,772	0,096527
113,81	0,089711
113,848	0,087812
113,886	0,080125
113,924	0,072379
113,962	0,071621
114	0,069414
114,038	0,068113
114,076	0,06388
114,114	0,061556
114,152	0,059434
114,19	0,056032
114,228	0,058739
114,266	0,05822
114,304	0,058249
114,342	0,052752
114,38	0,045373
114,418	0,042548
114,456	0,038892
114,494	0,039547
114,532	0,037395
114,57	0,033573
114,608	0,029882
114,646	0,027679
114,684	0,029672
114,722	0,02889
114,76	0,028701
114,798	0,023415
114,836	0,023771
114,874	0,024062
114,912	0,021409
114,95	0,02302
114,988	0,020471
115,026	0,020132
115,064	0,01952
115,102	0,020124
115,14	0,021602
115,178	0,020713
115,216	0,022002
115,254	0,022997
115,292	0,023285
115,33	0,020622
115,368	0,020969
115,406	0,021643
115,444	0,020289
115,482	0,01995
115,52	0,019465
115,558	0,017412
115,596	0,016626
115,634	0,016363
115,672	0,012852
115,71	0,00626
115,748	0,003621
115,786	0,002091
115,824	0,005543
115,862	0,003788
115,9	0,007224
115,938	0,015251
115,976	0,034625
116,014	0,046728
116,052	0,061405
116,09	0,066542
116,128	0,072179
116,166	0,078558
116,204	0,080183
116,242	0,078334
116,28	0,08107
116,318	0,079358
116,356	0,074101
116,394	0,070423
116,432	0,068314
116,47	0,070384
116,508	0,061404
116,546	0,059748
116,584	0,059908
116,622	0,061965
116,66	0,059321
116,698	0,055403
116,736	0,051931
116,774	0,052225
116,812	0,0512
116,85	0,046018
116,888	0,044961
116,926	0,044648
116,964	0,03517
117,002	0,028342
117,04	0,020317
117,078	0,016847
117,116	0,01656
117,154	0,0178
117,192	0,015421
117,23	0,009716
117,268	0,010188
117,306	0,00549
117,344	0,007523
117,382	0,011353
117,42	0,008198
117,458	0,007078
117,496	0,006863
117,534	0,005379
117,572	0,002979
117,61	0,000858
117,648	0,001459
117,686	0,003797
117,724	0,004855
117,762	0,002771
117,8	0,002388
117,838	0,004196
117,876	0,002018
117,914	-0,002749
117,952	-0,003528
117,99	-0,006748
118,028	-0,013558
118,066	-0,013735
118,104	-0,011479
118,142	-0,011184
118,18	-0,005909
118,218	-0,00682
118,256	-0,00468
118,294	-0,005449
118,332	-0,001231
118,37	-0,002639
118,408	-0,004783
118,446	-0,007343
118,484	-0,008477
118,522	-0,011588
118,56	-0,015154
118,598	-0,014305
118,636	-0,01249
118,674	-0,014081
118,712	-0,009954
118,75	-0,01174
118,788	-0,008364
118,826	-0,009398
118,864	-0,00652
118,902	-0,008631
118,94	-0,006056
118,978	-0,007829
119,016	-0,004381
119,054	0,000034
119,092	-0,000622
119,13	-0,003765
119,168	-0,00323
119,206	-0,006444
119,244	-0,006434
119,282	-0,009298
119,32	-0,004776
119,358	-0,00364
119,396	-0,004715
119,434	-0,00406
119,472	-0,006923
119,51	-0,00504
119,548	-0,005109
119,586	-0,002102
119,624	0,001072
119,662	-0,00024
119,7	0,001867
119,738	0,008985
119,776	0,007234
119,814	0,012014
119,852	0,01143
119,89	0,008189
119,928	0,01022
119,966	0,008808
120,004	0,010038
120,042	0,012131
120,08	0,01282
120,118	0,008905
120,156	0,008852
120,194	0,004985
120,232	0,006493
120,27	0,006365
120,308	0,006202
120,346	0,003368
120,384	0,00474
120,422	0,001649
120,46	-0,000502
120,498	-0,001743
120,536	-0,00316
120,574	0,000176
120,612	-0,000815
120,65	0,000303
120,688	-0,000612
120,726	0,003285
120,764	0,004146
120,802	0,004606
120,84	0,00136
120,878	0,0012
120,916	-0,00316
120,954	-0,008212
120,992	-0,00496
121,03	0,000859
121,068	0,003305
121,106	0,002754
121,144	0,005096
121,182	0,007771
121,22	0,011058
121,258	0,009614
121,296	0,009887
121,334	0,008
121,372	0,006115
121,41	0,005093
121,448	0,003589
121,486	0,008918
121,524	0,007501
121,562	0,004212
121,6	0,005346
121,638	0,004764
121,676	0,006279
121,714	0,005349
121,752	0,005184
121,79	-0,001517
121,828	-0,00142
121,866	-0,005845
121,904	-0,003996
121,942	-0,00359
121,98	0,000599
122,018	0,014096
122,056	0,031312
122,094	0,047432
122,132	0,054347
122,17	0,066647
122,208	0,080553
122,246	0,090217
122,284	0,089726
122,322	0,098746
122,36	0,104426
122,398	0,105152
122,436	0,099848
122,474	0,099444
122,512	0,097718
122,55	0,095031
122,588	0,088161
122,626	0,087254
122,664	0,08385
122,702	0,083957
122,74	0,076278
122,778	0,073044
122,816	0,073091
122,854	0,072933
122,892	0,067625
122,93	0,069137
122,968	0,067009
123,006	0,066906
123,044	0,064698
123,082	0,060883
123,12	0,056128
123,158	0,054316
123,196	0,05481
123,234	0,054826
123,272	0,05371
123,31	0,051193
123,348	0,049311
123,386	0,042441
123,424	0,035161
123,462	0,03597
123,5	0,035711
123,538	0,031648
123,576	0,028883
123,614	0,028189
123,652	0,024757
123,69	0,024697
123,728	0,020191
123,766	0,017516
123,804	0,016556
123,842	0,017481
123,88	0,015122
123,918	0,012896
123,956	0,00979
123,994	0,00887
124,032	0,010558
124,07	0,012818
124,108	0,013886
124,146	0,016426
124,184	0,017328
124,222	0,014753
124,26	0,012949
124,298	0,012844
124,336	0,01229
124,374	0,006851
124,412	0,001018
124,45	0,001295
124,488	-0,000204
124,526	0,003262
124,564	0,003343
124,602	0,002278
124,64	0,003118
124,678	0,000494
124,716	0,001504
124,754	-0,000515
124,792	-0,002453
124,83	0,004496
124,868	0,002686
124,906	0,001984
124,944	0,010288
124,982	0,008338
125,02	0,010637
125,058	0,009286
125,096	0,009296
125,134	0,010495
125,172	0,011355
125,21	0,007752
125,248	0,005366
125,286	0,007834
125,324	0,004106
125,362	0,003867
125,4	0,002012
125,438	0,0016
125,476	-0,000067
125,514	-0,000918
125,552	0,000763
125,59	0,000893
125,628	0,000137
125,666	0,000976
125,704	-0,000249
125,742	0,000995
125,78	0,001832
125,818	-0,001317
125,856	0,00225
125,894	0,004479
125,932	0,00275
125,97	0,000656
126,008	0,000587
126,046	-0,000396
126,084	-0,001869
126,122	-0,003016
126,16	-0,002768
126,198	0,001688
126,236	-0,002183
126,274	0,003241
126,312	0,006143
126,35	0,005695
126,388	0,003535
126,426	0,004336
126,464	0,001753
126,502	-0,000384
126,54	-0,001749
126,578	0,003041
126,616	0,002641
126,654	0,000604
126,692	-0,000663
126,73	-0,00229
126,768	-0,001493
126,806	-0,002938
126,844	-0,00186
126,882	-0,006995
126,92	-0,007442
126,958	-0,008259
126,996	-0,004667
127,034	-0,002344
127,072	-0,000938
127,11	0,000509
127,148	0,004048
127,186	0,003997
127,224	0,003303
127,262	0,001945
127,3	0,003292
127,338	0,002355
127,376	0,004782
127,414	0,002082
127,452	-0,002605
127,49	0,001375
127,528	0,004611
127,566	0,003311
127,604	0,009426
127,642	0,011105
127,68	0,009974
127,718	0,010842
127,756	0,012237
127,794	0,01127
127,832	0,011473
127,87	0,013646
127,908	0,009527
127,946	0,00852
127,984	0,009021
128,022	0,012305
128,06	0,014297
128,098	0,025737
128,136	0,038211
128,174	0,053338
128,212	0,067868
128,25	0,079704
128,288	0,088045
128,326	0,095689
128,364	0,098295
128,402	0,100389
128,44	0,105191
128,478	0,105643
128,516	0,104492
128,554	0,107535
128,592	0,110591
128,63	0,101206
128,668	0,097767
128,706	0,08813
128,744	0,085016
128,782	0,082508
128,82	0,07304
128,858	0,067465
128,896	0,060989
128,934	0,055962
128,972	0,049738
129,01	0,048781
129,048	0,049921
129,086	0,045075
129,124	0,041529
129,162	0,035465
129,2	0,03271
129,238	0,0265
129,276	0,030285
129,314	0,032287
129,352	0,029484
129,39	0,028498
129,428	0,024218
129,466	0,021208
129,504	0,020985
129,542	0,013738
129,58	0,014465
129,618	0,011939
129,656	0,01065
129,694	0,012913
129,732	0,008995
129,77	0,005961
129,808	0,00886
129,846	0,003413
129,884	0,002854
129,922	-0,002255
129,96	-0,004399
129,998	-0,004491
130,036	-0,00461
130,074	-0,005157
130,112	-0,006922
130,15	-0,002365
130,188	-0,003694
130,226	-0,00243
130,264	0,000447
130,302	0,001256
130,34	-0,002853
130,378	-0,002428
130,416	0,003558
130,454	0,000792
130,492	0,004602
130,53	-0,003441
130,568	0,003415
130,606	0,002162
130,644	0,001746
130,682	-0,001119
130,72	-0,000399
130,758	-0,003258
130,796	-0,000531
130,834	-0,002265
130,872	0,004136
130,91	0,002297
130,948	0,002796
130,986	0,007302
131,024	0,006698
131,062	0,008887
131,1	0,006167
131,138	0,00199
131,176	0,005835
131,214	0,004348
131,252	-0,002146
131,29	-0,006825
131,328	-0,006926
131,366	-0,009585
131,404	-0,009941
131,442	-0,008653
131,48	-0,007741
131,518	-0,004592
131,556	-0,005959
131,594	-0,005701
131,632	-0,006181
131,67	-0,004323
131,708	-0,003949
131,746	-0,003599
131,784	0,000421
131,822	-0,005339
131,86	-0,007727
131,898	-0,003147
131,936	-0,002066
131,974	0,000826
132,012	-0,005863
132,05	-0,007586
132,088	-0,007198
132,126	-0,007354
132,164	-0,004856
132,202	-0,006497
132,24	-0,00806
132,278	-0,011184
132,316	-0,011214
132,354	-0,014692
132,392	-0,01219
132,43	-0,013707
132,468	-0,006881
132,506	-0,010362
132,544	-0,006307
132,582	-0,007164
132,62	0,000217
132,658	0,003057
132,696	0,004101
132,734	0,010143
132,772	0,00869
132,81	0,008472
132,848	0,011507
132,886	0,013309
132,924	0,010367
132,962	0,00986
133	0,011976
133,038	0,013554
133,076	0,015636
133,114	0,011354
133,152	0,006885
133,19	0,00877
133,228	0,006424
133,266	0,00776
133,304	0,012208
133,342	0,015441
133,38	0,01339
133,418	0,012389
133,456	0,013143
133,494	0,014124
133,532	0,014616
133,57	0,015854
133,608	0,016217
133,646	0,014293
133,684	0,013801
133,722	0,013613
133,76	0,010691
133,798	0,011135
133,836	0,010769
133,874	0,015503
133,912	0,018419
133,95	0,017585
133,988	0,017176
134,026	0,019021
134,064	0,020087
134,102	0,011875
134,14	0,016363
134,178	0,024573
134,216	0,034712
134,254	0,052154
134,292	0,061509
134,33	0,074566
134,368	0,088988
134,406	0,098695
134,444	0,110073
134,482	0,114269
134,52	0,119787
134,558	0,122189
134,596	0,118747
134,634	0,114411
134,672	0,111231
134,71	0,10786
134,748	0,103783
134,786	0,102313
134,824	0,098452
134,862	0,0922
134,9	0,088117
134,938	0,07957
134,976	0,075013
135,014	0,073964
135,052	0,071262
135,09	0,070322
135,128	0,066897
135,166	0,066445
135,204	0,067214
135,242	0,065393
135,28	0,062919
135,318	0,058753
135,356	0,056039
135,394	0,056404
135,432	0,049535
135,47	0,051072
135,508	0,045437
135,546	0,038753
135,584	0,041384
135,622	0,041401
135,66	0,035582
135,698	0,039849
135,736	0,038292
135,774	0,035921
135,812	0,029087
135,85	0,026886
135,888	0,02277
135,926	0,023774
135,964	0,021979
136,002	0,01909
136,04	0,024081
136,078	0,023907
136,116	0,019323
136,154	0,015755
136,192	0,014309
136,23	0,014488
136,268	0,016691
136,306	0,016787
136,344	0,014805
136,382	0,010364
136,42	0,009149
136,458	0,006624
136,496	0,006249
136,534	0,007656
136,572	0,006826
136,61	0,003611
136,648	0,007248
136,686	0,007406
136,724	0,006835
136,762	0,007959
136,8	0,007112
136,838	0,011843
136,876	0,008068
136,914	0,007746
136,952	0,006586
136,99	0,006885
137,028	0,002473
137,066	0,003982
137,104	0,003195
137,142	0,003534
137,18	0,003735
137,218	0,007785
137,256	0,006416
137,294	0,0089
137,332	0,00933
137,37	0,005168
137,408	0,001241
137,446	0,002881
137,484	0,002348
137,522	0,003575
137,56	0,002503
137,598	0,004441
137,636	0,001212
137,674	-0,000514
137,712	0,001563
137,75	0,002148
137,788	0,00042
137,826	0,001484
137,864	-0,003204
137,902	-0,002905
137,94	-0,003112
137,978	-0,001724
138,016	-0,000225
138,054	0,000835
138,092	0,004166
138,13	-0,002795
138,168	-0,002199
138,206	-0,000992
138,244	-0,004123
138,282	-0,003785
138,32	0,000708
138,358	-0,002338
138,396	-0,005029
138,434	-0,01039
138,472	-0,00954
138,51	-0,008602
138,548	-0,009617
138,586	-0,006519
138,624	-0,001499
138,662	0,001337
138,7	0,004723
138,738	0,019294
138,776	0,031455
138,814	0,048095
138,852	0,059738
138,89	0,066568
138,928	0,079135
138,966	0,08362
139,004	0,090394
139,042	0,092782
139,08	0,090386
139,118	0,095381
139,156	0,09183
139,194	0,091341
139,232	0,094737
139,27	0,092903
139,308	0,085719
139,346	0,078639
139,384	0,073395
139,422	0,070286
139,46	0,060757
139,498	0,05944
139,536	0,058966
139,574	0,058521
139,612	0,052415
139,65	0,051762
139,688	0,049544
139,726	0,045752
139,764	0,039443
139,802	0,039033
139,84	0,039512
139,878	0,039986
139,916	0,034632
139,954	0,033454
139,992	0,032083
140,03	0,030478
140,068	0,031118
140,106	0,029965
140,144	0,026037
140,182	0,026446
140,22	0,027874
140,258	0,036373
140,296	0,046799
140,334	0,056318
140,372	0,069754
140,41	0,080885
140,448	0,091126
140,486	0,095954
140,524	0,104557
140,562	0,113653
140,6	0,116788
140,638	0,11431
140,676	0,118895
140,714	0,11728
140,752	0,114187
140,79	0,111764
140,828	0,109627
140,866	0,103189
140,904	0,101722
140,942	0,10078
140,98	0,090997
141,018	0,088788
141,056	0,083374
141,094	0,083699
141,132	0,076188
141,17	0,072406
141,208	0,070837
141,246	0,070204
141,284	0,06391
141,322	0,058609
141,36	0,054667
141,398	0,052032
141,436	0,050717
141,474	0,048574
141,512	0,048867
141,55	0,049869
141,588	0,048216
141,626	0,041162
141,664	0,037181
141,702	0,035756
141,74	0,033038
141,778	0,027458
141,816	0,022612
141,854	0,022131
141,892	0,020388
141,93	0,016619
141,968	0,012126
142,006	0,015408
142,044	0,013009
142,082	0,008116
142,12	0,003972
142,158	0,004804
142,196	0,007214
142,234	0,006108
142,272	0,003369
142,31	0,002158
142,348	0,000008
142,386	0,00486
142,424	0,005875
142,462	0,006187
142,5	0,005847
142,538	0,007984
142,576	0,006749
142,614	0,003057
142,652	0,003687
142,69	-0,003747
142,728	-0,00541
142,766	-0,001223
142,804	-0,000761
142,842	0,000764
142,88	-0,001314
142,918	-0,003358
142,956	-0,004976
142,994	-0,002221
143,032	0,001342
143,07	-0,000048
143,108	0,002089
143,146	-0,00015
143,184	0,003162
143,222	0,003837
143,26	0,00112
143,298	0,004104
143,336	0,006247
143,374	0,006421
143,412	0,001075
143,45	0,000676
143,488	0,002629
143,526	0,002176
143,564	0,000263
143,602	0,002909
143,64	0,000547
143,678	-0,000534
143,716	-0,003634
143,754	0,000239
143,792	-0,002517
143,83	0,003918
143,868	0,006235
143,906	0,004404
143,944	0,00819
143,982	0,007841
144,02	0,007354
144,058	0,00749
144,096	0,008143
144,134	0,005872
144,172	0,003995
144,21	0,005327
144,248	0,003751
144,286	0,004122
144,324	0,00048
144,362	0,00008
144,4	-0,00018
144,438	0,003224
144,476	0,005711
144,514	0,005159
144,552	0,008592
144,59	0,010635
144,628	0,003481
144,666	0,002796
144,704	-0,000246
144,742	-0,000942
144,78	-0,00446
144,818	-0,002195
144,856	-0,001242
144,894	-0,001977
144,932	-0,003362
144,97	-0,004815
145,008	-0,003165
145,046	-0,003574
145,084	-0,007233
145,122	-0,006604
145,16	-0,002555
145,198	0,000496
145,236	-0,002188
145,274	-0,000884
145,312	-0,000045
145,35	-0,003088
145,388	-0,007935
145,426	0,000655
145,464	0,004767
145,502	0,003417
145,54	-0,001441
145,578	-0,001203
145,616	-0,000382
145,654	-0,000353
145,692	-0,004213
145,73	-0,006381
145,768	-0,00297
145,806	0,00398
145,844	0,003016
145,882	0,002031
145,92	0,001366
145,958	0,005077
145,996	0,001089
146,034	-0,000982
146,072	-0,001878
146,11	-0,00409
146,148	-0,001324
146,186	0,001919
146,224	0,001045
146,262	-0,00324
146,3	-0,007653
146,338	-0,004013
146,376	0,007032
146,414	0,020236
146,452	0,034951
146,49	0,044652
146,528	0,05546
146,566	0,066712
146,604	0,076176
146,642	0,08314
146,68	0,088515
146,718	0,092904
146,756	0,094319
146,794	0,095497
146,832	0,092435
146,87	0,088016
146,908	0,084971
146,946	0,077668
146,984	0,081341
147,022	0,072916
147,06	0,068173
147,098	0,061012
147,136	0,056439
147,174	0,055961
147,212	0,057863
147,25	0,051483
147,288	0,048497
147,326	0,044612
147,364	0,044907
147,402	0,042524
147,44	0,045414
147,478	0,041871
147,516	0,039144
147,554	0,042085
147,592	0,041894
147,63	0,041332
147,668	0,043703
147,706	0,043441
147,744	0,041205
147,782	0,0378
147,82	0,038699
147,858	0,038837
147,896	0,038482
147,934	0,035555
147,972	0,034214
148,01	0,033105
148,048	0,029286
148,086	0,028558
148,124	0,026604
148,162	0,025394
148,2	0,022571
148,238	0,023544
148,276	0,021988
148,314	0,025898
148,352	0,027111
148,39	0,026635
148,428	0,025093
148,466	0,015444
148,504	0,013331
148,542	0,014417
148,58	0,009986
148,618	0,007734
148,656	0,006139
148,694	0,010155
148,732	0,005583
148,77	0,010034
148,808	0,01318
148,846	0,01761
148,884	0,019861
148,922	0,019968
148,96	0,020463
148,998	0,017362
149,036	0,017607
149,074	0,015459
149,112	0,014224
149,15	0,010379
149,188	0,010237
149,226	0,00865
149,264	0,008094
149,302	0,009402
149,34	0,011311
149,378	0,01392
149,416	0,01442
149,454	0,015194
149,492	0,018281
149,53	0,016354
149,568	0,018484
149,606	0,016648
149,644	0,011328
149,682	0,010252
149,72	0,004222
149,758	0,004585
149,796	0,003192
149,834	0,003649
149,872	0,002971
149,91	-0,001193
149,948	-0,003128
149,986	-0,002873
150,024	-0,001138
150,062	0,002031
150,1	-0,000134
150,138	0,000143
150,176	-0,001854
150,214	-0,005796
150,252	-0,005688
150,29	-0,007822
150,328	-0,007906
150,366	-0,0096
150,404	-0,010194
150,442	-0,014738
150,48	-0,011823
150,518	-0,014071
150,556	-0,015125
150,594	-0,013164
150,632	-0,007086
150,67	-0,011532
150,708	-0,009339
150,746	-0,010042
150,784	-0,004138
150,822	-0,002448
150,86	-0,00561
150,898	-0,005065
150,936	-0,002195
150,974	0,000698
151,012	0,002324
151,05	0,001401
151,088	-0,002174
151,126	-0,000211
151,164	0,000364
151,202	0,002574
151,24	0,005793
151,278	0,011482
151,316	0,012217
151,354	0,009389
151,392	0,008776
151,43	0,008906
151,468	0,010062
151,506	0,005811
151,544	0,005848
151,582	0,003658
151,62	0,002954
151,658	0,001305
151,696	0,003501
151,734	0,003432
151,772	0,004758
151,81	0,005056
151,848	0,00151
151,886	0,001178
151,924	0,00167
151,962	0,003113
152	0,003304
152,038	0,003817
152,076	0,002827
152,114	0,000931
152,152	0,001144
152,19	-0,00071
152,228	0,005056
152,266	0,014203
152,304	0,025129
152,342	0,039025
152,38	0,051158
152,418	0,059241
152,456	0,068941
152,494	0,079234
152,532	0,087223
152,57	0,091122
152,608	0,097701
152,646	0,103704
152,684	0,110795
152,722	0,111837
152,76	0,111478
152,798	0,109211
152,836	0,105296
152,874	0,103356
152,912	0,099851
152,95	0,093546
152,988	0,092011
153,026	0,09511
153,064	0,087796
153,102	0,084679
153,14	0,082308
153,178	0,074209
153,216	0,06976
153,254	0,067852
153,292	0,067098
153,33	0,065727
153,368	0,061253
153,406	0,06076
153,444	0,061377
153,482	0,059435
153,52	0,060082
153,558	0,054483
153,596	0,049223
153,634	0,048404
153,672	0,045253
153,71	0,042834
153,748	0,037749
153,786	0,039455
153,824	0,035334
153,862	0,036678
153,9	0,034031
153,938	0,032237
153,976	0,02931
154,014	0,0281
154,052	0,025928
154,09	0,027186
154,128	0,027812
154,166	0,027365
154,204	0,027597
154,242	0,026895
154,28	0,02576
154,318	0,026858
154,356	0,022648
154,394	0,01725
154,432	0,019174
154,47	0,018444
154,508	0,010684
154,546	0,014196
154,584	0,016007
154,622	0,011983
154,66	0,010075
154,698	0,011964
154,736	0,007668
154,774	0,015543
154,812	0,013003
154,85	0,011984
154,888	0,012619
154,926	0,01059
154,964	0,006827
155,002	0,005645
155,04	0,004563
155,078	0,007234
155,116	0,007914
155,154	0,005928
155,192	0,007378
155,23	0,008957
155,268	0,006154
155,306	0,004143
155,344	0,005103
155,382	0,000976
155,42	0,007662
155,458	0,006731
155,496	0,007853
155,534	0,010535
155,572	0,00684
155,61	0,009944
155,648	0,003412
155,686	0,003828
155,724	-0,000654
155,762	-0,004847
155,8	-0,004054
155,838	-0,002115
155,876	0,003149
155,914	0,003291
155,952	0,004283
155,99	0,00191
156,028	0,003942
156,066	0,005888
156,104	0,006542
156,142	0,004502
156,18	0,004979
156,218	0,00367
156,256	0,009024
156,294	0,008637
156,332	0,009467
156,37	0,006958
156,408	0,004538
156,446	0,003007
156,484	0,003562
156,522	0,007478
156,56	0,008411
156,598	0,005113
156,636	0,004549
156,674	-0,00074
156,712	-0,0001
156,75	0,003686
156,788	0,000043
156,826	-0,004397
156,864	-0,003254
156,902	-0,001878
156,94	0,000911
156,978	-0,000149
157,016	0,003267
157,054	0,000687
157,092	0,001827
157,13	0,001568
157,168	-0,000257
157,206	-0,003451
157,244	-0,006214
157,282	-0,003732
157,32	-0,001866
157,358	-0,001188
157,396	0,001017
157,434	0,001023
157,472	0,007288
157,51	0,005358
157,548	0,003772
157,586	0,008515
157,624	0,009397
157,662	0,006402
157,7	0,005155
157,738	0,004132
157,776	0,003565
157,814	-0,000768
157,852	0,003062
157,89	0,002506
157,928	-0,000666
157,966	-0,001173
158,004	-0,005514
158,042	-0,003515
158,08	-0,003464
158,118	-0,005027
158,156	0,00071
158,194	0,000791
158,232	0,001632
158,27	0,001057
158,308	-0,002729
158,346	-0,00278
158,384	-0,001987
158,422	-0,007438
158,46	-0,004305
158,498	-0,001898
158,536	0,007333
158,574	0,02617
158,612	0,03422
158,65	0,04813
158,688	0,063275
158,726	0,077399
158,764	0,089861
158,802	0,099241
158,84	0,103615
158,878	0,106366
158,916	0,110634
158,954	0,113296
158,992	0,110263
159,03	0,10967
159,068	0,115127
159,106	0,114131
159,144	0,117136
159,182	0,117043
159,22	0,106883
159,258	0,098138
159,296	0,099433
159,334	0,097785
159,372	0,092197
159,41	0,090238
159,448	0,087807
159,486	0,086483
159,524	0,081642
159,562	0,07771
159,6	0,073775
159,638	0,069502
159,676	0,06986
159,714	0,065044
159,752	0,060376
159,79	0,05918
159,828	0,055325
159,866	0,053981
159,904	0,055674
159,942	0,054349
159,98	0,051824
160,018	0,044688
160,056	0,042194
160,094	0,040268
160,132	0,036423
160,17	0,033929
160,208	0,036031
160,246	0,035385
160,284	0,036627
160,322	0,033154
160,36	0,031644
160,398	0,033403
160,436	0,031585
160,474	0,026329
160,512	0,021363
160,55	0,021418
160,588	0,020237
160,626	0,020765
160,664	0,020794
160,702	0,021777
160,74	0,016925
160,778	0,017551
160,816	0,016842
160,854	0,016463
160,892	0,015469
160,93	0,014713
160,968	0,011497
161,006	0,011973
161,044	0,014694
161,082	0,016398
161,12	0,016579
161,158	0,020689
161,196	0,013886
161,234	0,017278
161,272	0,018315
161,31	0,014417
161,348	0,010393
161,386	0,01165
161,424	0,010136
161,462	0,007222
161,5	0,006081
161,538	0,003826
161,576	0,004737
161,614	0,004388
161,652	-0,000276
161,69	-0,001631
161,728	0,000502
161,766	-0,000263
161,804	-0,000568
161,842	0,004487
161,88	0,004445
161,918	0,005835
161,956	0,0078
161,994	0,011191
162,032	0,006235
162,07	0,004645
162,108	0,004549
162,146	0,001542
162,184	-0,002716
162,222	0,000227
162,26	0,004301
162,298	0,004407
162,336	0,002458
162,374	0,000454
162,412	-0,002893
162,45	-0,002038
162,488	-0,009146
162,526	-0,009023
162,564	-0,002021
162,602	0,002018
162,64	0,001701
162,678	0,004108
162,716	-0,000972
162,754	0,001511
162,792	0,005146
162,83	0,0034
162,868	0,002646
162,906	0,002103
162,944	0,000027
162,982	0,002342
163,02	0,005766
163,058	0,004246
163,096	0,003132
163,134	0,000927
163,172	-0,002122
163,21	-0,004638
163,248	-0,001455
163,286	0,000302
163,324	-0,004166
163,362	-0,005876
163,4	-0,003372
163,438	0,002279
163,476	0,002961
163,514	0,001915
163,552	0,000259
163,59	-0,003817
163,628	-0,001023
163,666	-0,002098
163,704	-0,001943
163,742	-0,007052
163,78	-0,006683
163,818	-0,003758
163,856	0,002306
163,894	-0,000513
163,932	-0,002689
163,97	-0,007339
164,008	-0,004193
164,046	-0,002315
164,084	0,002342
164,122	0,000956
164,16	0,001951
164,198	-0,000692
164,236	-0,002361
164,274	-0,004392
164,312	-0,004671
164,35	-0,004045
164,388	-0,005827
164,426	-0,005215
164,464	-0,006529
164,502	-0,003957
164,54	-0,006393
164,578	-0,006738
164,616	0,000067
164,654	0,011008
164,692	0,021054
164,73	0,033033
164,768	0,048394
164,806	0,059492
164,844	0,066507
164,882	0,075976
164,92	0,081162
164,958	0,08589
164,996	0,08797
165,034	0,085867
165,072	0,085241
165,11	0,082886
165,148	0,079439
165,186	0,078184
165,224	0,079216
165,262	0,078987
165,3	0,075927
165,338	0,072857
165,376	0,071427
165,414	0,065101
165,452	0,05637
165,49	0,054925
165,528	0,052504
165,566	0,053118
165,604	0,050408
165,642	0,047417
165,68	0,051685
165,718	0,04767
165,756	0,044627
165,794	0,041015
165,832	0,042503
165,87	0,040715
165,908	0,041372
165,946	0,038693
165,984	0,035865
166,022	0,031673
166,06	0,030131
166,098	0,032095
166,136	0,029119
166,174	0,028862
166,212	0,025559
166,25	0,024753
166,288	0,02196
166,326	0,025842
166,364	0,022044
166,402	0,022548
166,44	0,021183
166,478	0,025767
166,516	0,02427
166,554	0,023721
166,592	0,0232
166,63	0,020227
166,668	0,018389
166,706	0,018588
166,744	0,017246
166,782	0,016274
166,82	0,019047
166,858	0,018802
166,896	0,014541
166,934	0,017141
166,972	0,016064
167,01	0,016068
167,048	0,011807
167,086	0,013649
167,124	0,013112
167,162	0,011981
167,2	0,015037
167,238	0,016676
167,276	0,011277
167,314	0,010138
167,352	0,010856
167,39	0,007884
167,428	0,009081
167,466	0,002802
167,504	0,004009
167,542	0,008325
167,58	0,011312
167,618	0,007716
167,656	0,009033
167,694	0,011331
167,732	0,011842
167,77	0,008331
167,808	0,007742
167,846	0,011017
167,884	0,008436
167,922	0,003005
167,96	0,002423
167,998	0,001677
168,036	0,001067
168,074	-0,00087
168,112	-0,000819
168,15	-0,003583
168,188	-0,004217
168,226	-0,001423
168,264	-0,005603
168,302	-0,005611
168,34	-0,000722
168,378	0,000879
168,416	0,0014
168,454	0,002195
168,492	0,00452
168,53	0,001867
168,568	-0,00375
168,606	-0,001718
168,644	-0,001739
168,682	0,000051
168,72	0,002027
168,758	0,003336
168,796	0,000722
168,834	0,00125
168,872	0,000544
168,91	-0,001461
168,948	-0,005442
168,986	0,000227
169,024	-0,001526
169,062	-0,004058
169,1	-0,003591
169,138	-0,001258
169,176	0,000207
169,214	-0,004619
169,252	-0,005983
169,29	-0,000696
169,328	0,001908
169,366	0,005388
169,404	0,003185
169,442	0,007504
169,48	0,012539
169,518	0,012041
169,556	0,01019
169,594	0,009979
169,632	0,006579
169,67	0,005291
169,708	0,007197
169,746	0,0083
169,784	0,006883
169,822	0,007579
169,86	0,007335
169,898	0,002665
169,936	0,004593
169,974	0,008746
170,012	0,008541
170,05	0,007691
170,088	0,010024
170,126	0,009413
170,164	0,00554
170,202	0,007575
170,24	0,004854
170,278	0,002952
170,316	0,004898
170,354	0,004794
170,392	0,009536
170,43	0,010988
170,468	0,010263
170,506	0,007805
170,544	0,010809
170,582	0,014682
170,62	0,009549
170,658	0,004614
170,696	0,011771
170,734	0,025697
170,772	0,041166
170,81	0,055355
170,848	0,067452
170,886	0,081061
170,924	0,087505
170,962	0,091878
171	0,096124
171,038	0,094885
171,076	0,094966
171,114	0,092829
171,152	0,096301
171,19	0,095524
171,228	0,098193
171,266	0,095511
171,304	0,089015
171,342	0,085638
171,38	0,086913
171,418	0,082524
171,456	0,079444
171,494	0,079583
171,532	0,076252
171,57	0,073704
171,608	0,070699
171,646	0,06966
171,684	0,066457
171,722	0,060633
171,76	0,054156
171,798	0,054864
171,836	0,052207
171,874	0,047319
171,912	0,044721
171,95	0,040482
171,988	0,03992
172,026	0,038747
172,064	0,033344
172,102	0,032916
172,14	0,029982
172,178	0,028549
172,216	0,02726
172,254	0,025264
172,292	0,026198
172,33	0,027077
172,368	0,021649
172,406	0,024904
172,444	0,022479
172,482	0,017141
172,52	0,016757
172,558	0,012632
172,596	0,013455
172,634	0,013978
172,672	0,011224
172,71	0,009957
172,748	0,011362
172,786	0,012163
172,824	0,012463
172,862	0,011731
172,9	0,012621
172,938	0,012862
172,976	0,011531
173,014	0,010337
173,052	0,008085
173,09	0,009835
173,128	0,010436
173,166	0,013313
173,204	0,012781
173,242	0,010873
173,28	0,011944
173,318	0,014387
173,356	0,013157
173,394	0,012094
173,432	0,010145
173,47	0,010832
173,508	0,010777
173,546	0,00875
173,584	0,006676
173,622	0,003944
173,66	0,007873
173,698	0,006415
173,736	0,004138
173,774	-0,003691
173,812	-0,004171
173,85	-0,010723
173,888	-0,011793
173,926	-0,013687
173,964	-0,010145
174,002	-0,003618
174,04	-0,003958
174,078	-0,005386
174,116	-0,005034
174,154	0,000639
174,192	-0,001038
174,23	0,005775
174,268	0,007995
174,306	0,010815
174,344	0,002858
174,382	0,005496
174,42	0,005017
174,458	0,003742
174,496	-0,001702
174,534	0,001646
174,572	0,003261
174,61	0,007434
174,648	0,005606
174,686	0,014426
174,724	0,014445
174,762	0,016265
174,8	0,017642
174,838	0,01453
174,876	0,014575
174,914	0,011318
174,952	0,011318
174,99	0,011327
175,028	0,010449
175,066	0,001328
175,104	-0,002428
175,142	-0,002776
175,18	-0,003197
175,218	-0,001952
175,256	0,001426
175,294	0,001339
175,332	0,003614
175,37	0,003171
175,408	0,007225
175,446	0,006808
175,484	-0,000002
175,522	0,000226
175,56	0,00208
175,598	-0,001195
175,636	-0,000031
175,674	-0,000362
175,712	-0,001101
175,75	-0,000113
175,788	-0,000105
175,826	-0,003391
175,864	-0,004719
175,902	-0,008836
175,94	-0,009679
175,978	-0,005878
176,016	-0,003821
176,054	-0,001622
176,092	0,002004
176,13	0,005915
176,168	0,002613
176,206	0,004169
176,244	0,005536
176,282	0,006678
176,32	0,007775
176,358	0,00724
176,396	0,007775
176,434	0,010713
176,472	0,010395
176,51	0,009516
176,548	0,006796
176,586	0,009451
176,624	0,01
176,662	0,011015
176,7	0,010139
176,738	0,011767
176,776	0,01526
176,814	0,014779
176,852	0,019632
176,89	0,032842
176,928	0,048759
176,966	0,06015
177,004	0,066963
177,042	0,074409
177,08	0,082375
177,118	0,084971
177,156	0,08961
177,194	0,093182
177,232	0,095243
177,27	0,092121
177,308	0,09417
177,346	0,093726
177,384	0,089701
177,422	0,083056
177,46	0,079838
177,498	0,072407
177,536	0,068055
177,574	0,06874
177,612	0,063367
177,65	0,059885
177,688	0,061497
177,726	0,058484
177,764	0,061173
177,802	0,054625
177,84	0,049276
177,878	0,044088
177,916	0,041245
177,954	0,041038
177,992	0,040311
178,03	0,039853
178,068	0,038161
178,106	0,031234
178,144	0,027022
178,182	0,025883
178,22	0,02439
178,258	0,027851
178,296	0,026646
178,334	0,023088
178,372	0,020351
178,41	0,021819
178,448	0,022828
178,486	0,019105
178,524	0,013325
178,562	0,013657
178,6	0,023541
178,638	0,023291
178,676	0,023987
178,714	0,02387
178,752	0,02488
178,79	0,025165
178,828	0,024366
178,866	0,028114
178,904	0,026362
178,942	0,027385
178,98	0,022474
179,018	0,022805
179,056	0,019945
179,094	0,016713
179,132	0,016419
179,17	0,014069
179,208	0,017542
179,246	0,016299
179,284	0,014867
179,322	0,015618
179,36	0,015763
179,398	0,017404
179,436	0,012168
179,474	0,0104
179,512	0,006686
179,55	0,00618
179,588	0,008336
179,626	0,008161
179,664	0,010184
179,702	0,011068
179,74	0,010326
179,778	0,003568
179,816	0,006688
179,854	0,003274
179,892	0,006756
179,93	0,001858
179,968	0,003764
180,006	0,002924
180,044	0,006475
180,082	0,006176
180,12	0,00516
180,158	-0,001394
180,196	0,000311
180,234	0,000684
180,272	0,00009
180,31	0,003293
180,348	0,00525
180,386	0,005763
180,424	0,003226
180,462	0,00874
180,5	0,007871
180,538	0,009134
180,576	0,006605
180,614	0,007522
180,652	0,004979
180,69	0,00932
180,728	0,010504
180,766	0,007842
180,804	0,003778
180,842	-0,002391
180,88	-0,002479
180,918	-0,005414
180,956	-0,007957
180,994	-0,006669
181,032	0,000614
181,07	0,000777
181,108	0,000824
181,146	-0,002178
181,184	-0,002008
181,222	-0,004364
181,26	-0,00407
181,298	-0,006257
181,336	-0,008099
181,374	-0,003662
181,412	-0,00517
181,45	-0,006914
181,488	-0,007339
181,526	-0,007709
181,564	-0,004722
181,602	-0,008547
181,64	-0,005942
181,678	-0,010986
181,716	-0,006768
181,754	-0,009516
181,792	-0,009471
181,83	-0,005872
181,868	-0,004999
181,906	-0,005204
181,944	-0,000986
181,982	0,001713
182,02	0,001768
182,058	0,002465
182,096	0,000097
182,134	-0,000586
182,172	0,001364
182,21	0,005149
182,248	0,004713
182,286	0,004169
182,324	0,002563
182,362	0,004097
182,4	0,002899
182,438	-0,001329
182,476	0,003572
182,514	-0,00267
182,552	0,002293
182,59	0,003442
182,628	0,005037
182,666	0,009838
182,704	0,013897
182,742	0,008682
182,78	0,010687
182,818	0,007993
182,856	0,012639
182,894	0,01671
182,932	0,025921
182,97	0,037653
183,008	0,052304
183,046	0,067014
183,084	0,07789
183,122	0,082814
183,16	0,085936
183,198	0,089708
183,236	0,092425
183,274	0,093437
183,312	0,09866
183,35	0,102021
183,388	0,105369
183,426	0,107457
183,464	0,104612
183,502	0,09803
183,54	0,101334
183,578	0,09443
183,616	0,093717
183,654	0,089527
183,692	0,084398
183,73	0,086332
183,768	0,084955
183,806	0,082296
183,844	0,075724
183,882	0,071815
183,92	0,064696
183,958	0,06089
183,996	0,056143
184,034	0,053399
184,072	0,049674
184,11	0,0509
184,148	0,04511
184,186	0,043098
184,224	0,041853
184,262	0,041382
184,3	0,036132
184,338	0,035194
184,376	0,037544
184,414	0,034217
184,452	0,033964
184,49	0,034311
184,528	0,038141
184,566	0,035339
184,604	0,030375
184,642	0,025486
184,68	0,027536
