0,038	0
0,076	0,002741
0,114	0,003487
0,152	0,003446
0,19	0,004019
0,228	0,000437
0,266	-0,001028
0,304	-0,003133
0,342	-0,00074
0,38	-0,000865
0,418	-0,001812
0,456	-0,005112
0,494	-0,008737
0,532	-0,006591
0,57	-0,001595
0,608	-0,000332
0,646	0,000985
0,684	0,002499
0,722	0,001838
0,76	0,005066
0,798	0,001301
0,836	-0,000022
0,874	0,001284
0,912	0,001872
0,95	0,002321
0,988	0,003365
1,026	0,001141
1,064	0,002719
1,102	-0,001201
1,14	0,00004
1,178	0,001587
1,216	0,005013
1,254	0,006692
1,292	0,002702
1,33	0,001652
1,368	0,002226
1,406	0,001094
1,444	-0,00028
1,482	-0,001245
1,52	-0,003198
1,558	-0,004951
1,596	-0,007444
1,634	-0,00611
1,672	-0,006706
1,71	-0,005583
1,748	-0,006808
1,786	-0,003191
1,824	-0,003316
1,862	-0,001695
1,9	-0,001384
1,938	-0,002568
1,976	-0,003104
2,014	-0,003873
2,052	-0,005039
2,09	-0,00556
2,128	-0,008108
2,166	-0,005131
2,204	-0,002585
2,242	0,000828
2,28	0,001636
2,318	0,001514
2,356	0,001745
2,394	0,000016
2,432	-0,001696
2,47	-0,000638
2,508	-0,00465
2,546	-0,000484
2,584	0,00846
2,622	0,019725
2,66	0,031833
2,698	0,044745
2,736	0,060883
2,774	0,075648
2,812	0,086509
2,85	0,097873
2,888	0,102899
2,926	0,109227
2,964	0,114531
3,002	0,115149
3,04	0,121103
3,078	0,124716
3,116	0,126033
3,154	0,122373
3,192	0,118482
3,23	0,118498
3,268	0,113295
3,306	0,106846
3,344	0,103002
3,382	0,094551
3,42	0,097914
3,458	0,097737
3,496	0,096932
3,534	0,093096
3,572	0,086903
3,61	0,088449
3,648	0,086659
3,686	0,086772
3,724	0,083591
3,762	0,07994
3,8	0,075385
3,838	0,072593
3,876	0,070084
3,914	0,069803
3,952	0,06891
3,99	0,070227
4,028	0,070863
4,066	0,067548
4,104	0,061884
4,142	0,061967
4,18	0,060654
4,218	0,065421
4,256	0,066805
4,294	0,06252
4,332	0,058053
4,37	0,055227
4,408	0,051249
4,446	0,05432
4,484	0,055021
4,522	0,056987
4,56	0,054157
4,598	0,056793
4,636	0,051539
4,674	0,053091
4,712	0,053607
4,75	0,047267
4,788	0,044327
4,826	0,045276
4,864	0,043954
4,902	0,044182
4,94	0,039232
4,978	0,037481
5,016	0,035819
5,054	0,038329
5,092	0,03604
5,13	0,035778
5,168	0,034476
5,206	0,032563
5,244	0,032489
5,282	0,032322
5,32	0,030207
5,358	0,031561
5,396	0,031037
5,434	0,028619
5,472	0,02582
5,51	0,021898
5,548	0,021908
5,586	0,019525
5,624	0,019703
5,662	0,021151
5,7	0,025487
5,738	0,021403
5,776	0,015439
5,814	0,012402
5,852	0,012092
5,89	0,01044
5,928	0,006102
5,966	0,006977
6,004	0,003475
6,042	0,003426
6,08	-0,003311
6,118	-0,0014
6,156	0,001725
6,194	0,00224
6,232	-0,002761
6,27	-0,001242
6,308	-0,003073
6,346	-0,001832
6,384	-0,001301
6,422	0,000118
6,46	0,001357
6,498	0,004682
6,536	0,005766
6,574	0,004537
6,612	0,002969
6,65	0,00005
6,688	-0,001494
6,726	0,000089
6,764	0,002934
6,802	0,002397
6,84	0,004046
6,878	0,001297
6,916	0,004271
6,954	0,005466
6,992	0,00524
7,03	0,00837
7,068	0,006132
7,106	0,006831
7,144	0,005325
7,182	0,004798
7,22	0,004367
7,258	0,002486
7,296	0,004806
7,334	0,003367
7,372	0,003661
7,41	0,001324
7,448	0,000991
7,486	-0,001593
7,524	-0,003842
7,562	-0,002351
7,6	-0,003116
7,638	-0,003049
7,676	-0,002905
7,714	-0,001519
7,752	-0,005323
7,79	-0,007915
7,828	-0,01114
7,866	-0,012642
7,904	-0,009962
7,942	-0,006822
7,98	-0,00402
8,018	-0,001654
8,056	-0,004613
8,094	-0,007877
8,132	-0,005872
8,17	-0,004315
8,208	-0,004158
8,246	-0,00685
8,284	-0,008524
8,322	-0,005613
8,36	-0,002751
8,398	-0,005057
8,436	-0,008106
8,474	-0,005569
8,512	-0,002712
8,55	-0,002369
8,588	-0,003694
8,626	-0,001523
8,664	0,001282
8,702	0,00204
8,74	-0,003467
8,778	-0,003069
8,816	-0,001891
8,854	-0,002172
8,892	0,00101
8,93	-0,000288
8,968	-0,002525
9,006	-0,003533
9,044	-0,000848
9,082	-0,002565
9,12	-0,003812
9,158	-0,002356
9,196	-0,001802
9,234	0,001761
9,272	0,003493
9,31	0,00057
9,348	0,000378
9,386	-0,000691
9,424	0,000753
9,462	0,003199
9,5	0,001426
9,538	0,002033
9,576	0,002549
9,614	0,001854
9,652	0,010456
9,69	0,023102
9,728	0,034977
9,766	0,048786
9,804	0,063015
9,842	0,080113
9,88	0,090368
9,918	0,102628
9,956	0,108257
9,994	0,114265
10,032	0,115181
10,07	0,117236
10,108	0,120698
10,146	0,124087
10,184	0,126027
10,222	0,127589
10,26	0,123888
10,298	0,116347
10,336	0,114543
10,374	0,112795
10,412	0,107384
10,45	0,103375
10,488	0,100783
10,526	0,099312
10,564	0,096604
10,602	0,093232
10,64	0,092301
10,678	0,092513
10,716	0,091817
10,754	0,092173
10,792	0,087522
10,83	0,086149
10,868	0,079862
10,906	0,081104
10,944	0,077492
10,982	0,077238
11,02	0,075535
11,058	0,074594
11,096	0,07423
11,134	0,072632
11,172	0,070272
11,21	0,06769
11,248	0,063589
11,286	0,064156
11,324	0,063329
11,362	0,058874
11,4	0,056624
11,438	0,054498
11,476	0,053914
11,514	0,053376
11,552	0,052818
11,59	0,046475
11,628	0,042663
11,666	0,038623
11,704	0,035738
11,742	0,03154
11,78	0,032644
11,818	0,032626
11,856	0,034465
11,894	0,032272
11,932	0,027049
11,97	0,032047
12,008	0,027267
12,046	0,024648
12,084	0,024537
12,122	0,022166
12,16	0,022408
12,198	0,022807
12,236	0,024671
12,274	0,024145
12,312	0,025897
12,35	0,025847
12,388	0,026639
12,426	0,027376
12,464	0,027078
12,502	0,026955
12,54	0,025602
12,578	0,022829
12,616	0,023201
12,654	0,023828
12,692	0,02166
12,73	0,020725
12,768	0,017954
12,806	0,015674
12,844	0,009199
12,882	0,007436
12,92	0,008915
12,958	0,005103
12,996	0,004036
13,034	0,002486
13,072	0,000434
13,11	-0,000182
13,148	-0,00104
13,186	0,000262
13,224	0,003859
13,262	0,005677
13,3	0,003522
13,338	-0,000952
13,376	0,001142
13,414	0,000801
13,452	0,000691
13,49	-0,001941
13,528	-0,002566
13,566	-0,005316
13,604	-0,001947
13,642	-0,005483
13,68	-0,003938
13,718	-0,006071
13,756	-0,003555
13,794	-0,001739
13,832	-0,00649
13,87	-0,002746
13,908	-0,000271
13,946	-0,000028
13,984	0,001441
14,022	0,001156
14,06	-0,000321
14,098	-0,006993
14,136	-0,010986
14,174	-0,010903
14,212	-0,006831
14,25	-0,007062
14,288	-0,005249
14,326	-0,005958
14,364	-0,006447
14,402	-0,009687
14,44	-0,011396
14,478	-0,010042
14,516	-0,00929
14,554	-0,006519
14,592	-0,007224
14,63	-0,005914
14,668	-0,004847
14,706	0,000865
14,744	0,002537
14,782	0,002718
14,82	-0,000402
14,858	-0,000791
14,896	-0,000104
14,934	-0,003221
14,972	0,000313
15,01	-0,000707
15,048	-0,001269
15,086	-0,002574
15,124	-0,003925
15,162	-0,006239
15,2	-0,005479
15,238	-0,004857
15,276	-0,004873
15,314	-0,006297
15,352	-0,010491
15,39	-0,008551
15,428	-0,008825
15,466	-0,006533
15,504	-0,006516
15,542	-0,005797
15,58	-0,003669
15,618	-0,003378
15,656	-0,001607
15,694	-0,000991
15,732	-0,000819
15,77	-0,002358
15,808	-0,003973
15,846	-0,002487
15,884	-0,003512
15,922	-0,004183
15,96	-0,003058
15,998	-0,003198
16,036	0,001011
16,074	0,009652
16,112	0,019316
16,15	0,030607
16,188	0,045993
16,226	0,060774
16,264	0,076353
16,302	0,083198
16,34	0,092049
16,378	0,099447
16,416	0,102838
16,454	0,10566
16,492	0,111387
16,53	0,11422
16,568	0,113826
16,606	0,11585
16,644	0,113905
16,682	0,114589
16,72	0,111687
16,758	0,111631
16,796	0,109361
16,834	0,104998
16,872	0,098798
16,91	0,095857
16,948	0,089687
16,986	0,087652
17,024	0,089613
17,062	0,085165
17,1	0,085178
17,138	0,083639
17,176	0,084241
17,214	0,081733
17,252	0,075554
17,29	0,071695
17,328	0,077859
17,366	0,07907
17,404	0,074154
17,442	0,07253
17,48	0,073166
17,518	0,070944
17,556	0,06786
17,594	0,066872
17,632	0,064757
17,67	0,064257
17,708	0,060261
17,746	0,056852
17,784	0,056113
17,822	0,053684
17,86	0,053234
17,898	0,053074
17,936	0,050293
17,974	0,04555
18,012	0,045419
18,05	0,043077
18,088	0,041713
18,126	0,041159
18,164	0,041484
18,202	0,041081
18,24	0,041993
18,278	0,041973
18,316	0,040191
18,354	0,038091
18,392	0,035835
18,43	0,038962
18,468	0,038694
18,506	0,038364
18,544	0,03487
18,582	0,033796
18,62	0,035193
18,658	0,034372
18,696	0,032173
18,734	0,032135
18,772	0,030328
18,81	0,02693
18,848	0,022333
18,886	0,020905
18,924	0,019663
18,962	0,020816
19	0,014951
19,038	0,016647
19,076	0,015232
19,114	0,015027
19,152	0,01309
19,19	0,013912
19,228	0,012058
19,266	0,014449
19,304	0,010856
19,342	0,009848
19,38	0,008143
19,418	0,010092
19,456	0,012233
19,494	0,007983
19,532	0,006178
19,57	0,007327
19,608	0,006437
19,646	0,003711
19,684	0,009147
19,722	0,009237
19,76	0,012063
19,798	0,009119
19,836	0,010878
19,874	0,007622
19,912	0,005772
19,95	0,003343
19,988	0,007637
20,026	0,008336
20,064	0,006424
20,102	0,006672
20,14	0,010419
20,178	0,011514
20,216	0,013043
20,254	0,009272
20,292	0,006668
20,33	0,004103
20,368	-0,00032
20,406	-0,002523
20,444	-0,001846
20,482	-0,00562
20,52	-0,008647
20,558	-0,00549
20,596	-0,003704
20,634	-0,006188
20,672	-0,004172
20,71	-0,005792
20,748	-0,006048
20,786	-0,010798
20,824	-0,011368
20,862	-0,009094
20,9	-0,006015
20,938	-0,000311
20,976	-0,00514
21,014	-0,005979
21,052	-0,008637
21,09	-0,008767
21,128	-0,008462
21,166	-0,01163
21,204	-0,010687
21,242	-0,010427
21,28	-0,009495
21,318	-0,008936
21,356	-0,005993
21,394	-0,00647
21,432	-0,002363
21,47	-0,002812
21,508	-0,003138
21,546	-0,004924
21,584	-0,00262
21,622	-0,002074
21,66	-0,002936
21,698	0,001065
21,736	-0,005355
21,774	-0,007359
21,812	-0,009487
21,85	-0,011198
21,888	-0,006684
21,926	-0,007632
21,964	-0,007641
22,002	-0,002804
22,04	-0,004991
22,078	-0,006161
22,116	-0,009933
22,154	-0,009918
22,192	-0,010214
22,23	-0,006542
22,268	-0,005269
22,306	-0,005521
22,344	-0,007922
22,382	-0,009707
22,42	-0,008941
22,458	-0,008526
22,496	-0,004319
22,534	-0,002988
22,572	-0,002474
22,61	0,000767
22,648	-0,003002
22,686	-0,007132
22,724	-0,006593
22,762	-0,003231
22,8	-0,00518
22,838	-0,008336
22,876	-0,008769
22,914	-0,00428
22,952	-0,00221
22,99	0,005613
23,028	0,015213
23,066	0,024339
23,104	0,033393
23,142	0,04406
23,18	0,058374
23,218	0,068102
23,256	0,077229
23,294	0,088117
23,332	0,093531
23,37	0,098874
23,408	0,101693
23,446	0,104624
23,484	0,103656
23,522	0,104553
23,56	0,108727
23,598	0,108785
23,636	0,106486
23,674	0,109116
23,712	0,109889
23,75	0,108234
23,788	0,101988
23,826	0,101298
23,864	0,099582
23,902	0,097121
23,94	0,096726
23,978	0,092571
24,016	0,091403
24,054	0,087922
24,092	0,084575
24,13	0,085444
24,168	0,083225
24,206	0,078768
24,244	0,076086
24,282	0,070245
24,32	0,072883
24,358	0,072393
24,396	0,072574
24,434	0,069574
24,472	0,071252
24,51	0,070387
24,548	0,071781
24,586	0,06805
24,624	0,061334
24,662	0,056569
24,7	0,05547
24,738	0,051461
24,776	0,051355
24,814	0,051692
24,852	0,049239
24,89	0,043266
24,928	0,047007
24,966	0,045163
25,004	0,043798
25,042	0,041618
25,08	0,042816
25,118	0,046385
25,156	0,048081
25,194	0,047958
25,232	0,043964
25,27	0,045866
25,308	0,045704
25,346	0,043258
25,384	0,038181
25,422	0,038393
25,46	0,037566
25,498	0,034723
25,536	0,03
25,574	0,030024
25,612	0,030302
25,65	0,028249
25,688	0,027454
25,726	0,027304
25,764	0,024665
25,802	0,025189
25,84	0,02523
25,878	0,025291
25,916	0,024173
25,954	0,02224
25,992	0,022675
26,03	0,021042
26,068	0,01661
26,106	0,015035
26,144	0,020159
26,182	0,015597
26,22	0,016749
26,258	0,018261
26,296	0,013621
26,334	0,014419
26,372	0,014668
26,41	0,020144
26,448	0,015215
26,486	0,017758
26,524	0,011251
26,562	0,005055
26,6	0,00224
26,638	0,000421
26,676	0,000361
26,714	0,001194
26,752	0,001675
26,79	-0,000041
26,828	0,000064
26,866	0,002314
26,904	0,003376
26,942	0,004653
26,98	0,000325
27,018	-0,002659
27,056	-0,001303
27,094	-0,001507
27,132	0,000069
27,17	-0,002353
27,208	-0,004806
27,246	-0,006135
27,284	-0,002618
27,322	-0,004727
27,36	-0,002479
27,398	0,000612
27,436	-0,001645
27,474	-0,004367
27,512	-0,004495
27,55	-0,005399
27,588	-0,004494
27,626	-0,004334
27,664	-0,003647
27,702	-0,0043
27,74	-0,006999
27,778	-0,006419
27,816	-0,005217
27,854	-0,006481
27,892	-0,005289
27,93	-0,006512
27,968	-0,00639
28,006	-0,004055
28,044	-0,005485
28,082	-0,004491
28,12	-0,006355
28,158	-0,006506
28,196	-0,0066
28,234	-0,005755
28,272	-0,002934
28,31	-0,005337
28,348	-0,003841
28,386	-0,004254
28,424	-0,003367
28,462	-0,003655
28,5	-0,00235
28,538	-0,002456
28,576	-0,004513
28,614	-0,002156
28,652	0,00223
28,69	-0,000836
28,728	-0,000837
28,766	-0,00077
28,804	0,000617
28,842	0,009393
28,88	0,018464
28,918	0,025622
28,956	0,040863
28,994	0,053498
29,032	0,066444
29,07	0,077128
29,108	0,08914
29,146	0,098892
29,184	0,104775
29,222	0,112285
29,26	0,116361
29,298	0,115702
29,336	0,116795
29,374	0,116241
29,412	0,117105
29,45	0,110893
29,488	0,11086
29,526	0,112574
29,564	0,111741
29,602	0,103964
29,64	0,098164
29,678	0,095944
29,716	0,095321
29,754	0,087715
29,792	0,082686
29,83	0,080631
29,868	0,080303
29,906	0,076409
29,944	0,073981
29,982	0,073447
30,02	0,069224
30,058	0,069836
30,096	0,067139
30,134	0,066857
30,172	0,061736
30,21	0,059342
30,248	0,057677
30,286	0,055093
30,324	0,056958
30,362	0,05661
30,4	0,055905
30,438	0,055904
30,476	0,056432
30,514	0,056505
30,552	0,05441
30,59	0,055258
30,628	0,04765
30,666	0,048349
30,704	0,04383
30,742	0,040353
30,78	0,038526
30,818	0,037805
30,856	0,041998
30,894	0,041475
30,932	0,042675
30,97	0,041777
31,008	0,04272
31,046	0,038659
31,084	0,035718
31,122	0,035124
31,16	0,033106
31,198	0,034065
31,236	0,036174
31,274	0,035339
31,312	0,035433
31,35	0,03561
31,388	0,031016
31,426	0,026834
31,464	0,026413
31,502	0,028033
31,54	0,02927
31,578	0,027119
31,616	0,025387
31,654	0,021996
31,692	0,021912
31,73	0,020061
31,768	0,018901
31,806	0,019994
31,844	0,014164
31,882	0,014707
31,92	0,012694
31,958	0,012752
31,996	0,013482
32,034	0,012572
32,072	0,015898
32,11	0,012976
32,148	0,012826
32,186	0,007203
32,224	0,007174
32,262	0,004329
32,3	0,003901
32,338	0,005804
32,376	0,009117
32,414	0,005199
32,452	0,00126
32,49	-0,001763
32,528	-0,000673
32,566	-0,001355
32,604	-0,006589
32,642	-0,00545
32,68	-0,009706
32,718	-0,007601
32,756	-0,009266
32,794	-0,006991
32,832	-0,005534
32,87	-0,006121
32,908	-0,002432
32,946	-0,001174
32,984	-0,001931
33,022	0,0001
33,06	-0,002013
33,098	-0,003785
33,136	-0,002967
33,174	-0,001316
33,212	0,001759
33,25	0,001186
33,288	-0,000729
33,326	0,003323
33,364	0,004657
33,402	0,002742
33,44	-0,000135
33,478	-0,000973
33,516	-0,002171
33,554	-0,003982
33,592	-0,000999
33,63	-0,001555
33,668	-0,004099
33,706	-0,000408
33,744	-0,001225
33,782	-0,003567
33,82	-0,001336
33,858	-0,000893
33,896	0,002853
33,934	0,000185
33,972	-0,001695
34,01	-0,002239
34,048	-0,003626
34,086	-0,000127
34,124	0,004622
34,162	0,002311
34,2	0,002094
34,238	-0,000965
34,276	-0,003326
34,314	-0,003368
34,352	-0,002544
34,39	-0,004585
34,428	-0,004782
34,466	-0,002972
34,504	-0,003057
34,542	-0,00103
34,58	0,001332
34,618	-0,001832
34,656	-0,002667
34,694	-0,003473
34,732	-0,002411
34,77	-0,005816
34,808	-0,006277
34,846	-0,010844
34,884	-0,009573
34,922	-0,010335
34,96	-0,005494
34,998	-0,003934
35,036	-0,003405
35,074	-0,001352
35,112	-0,000836
35,15	0,00316
35,188	0,004646
35,226	0,003575
35,264	0,001762
35,302	0,001499
35,34	0,004162
35,378	0,002476
35,416	0,007714
35,454	0,012442
35,492	0,019873
35,53	0,033139
35,568	0,044195
35,606	0,054535
35,644	0,065867
35,682	0,082206
35,72	0,089504
35,758	0,096256
35,796	0,100169
35,834	0,109039
35,872	0,116185
35,91	0,118677
35,948	0,118421
35,986	0,11939
36,024	0,124655
36,062	0,127863
36,1	0,128888
36,138	0,131499
36,176	0,133512
36,214	0,132118
36,252	0,13039
36,29	0,130666
36,328	0,125601
36,366	0,122638
36,404	0,120247
36,442	0,116312
36,48	0,121653
36,518	0,118235
36,556	0,116261
36,594	0,111135
36,632	0,112836
36,67	0,10704
36,708	0,104473
36,746	0,100073
36,784	0,094687
36,822	0,090338
36,86	0,083294
36,898	0,080861
36,936	0,081292
36,974	0,079797
37,012	0,076337
37,05	0,0739
37,088	0,072522
37,126	0,072926
37,164	0,072307
37,202	0,069731
37,24	0,065904
37,278	0,060511
37,316	0,06321
37,354	0,060566
37,392	0,05753
37,43	0,057515
37,468	0,060053
37,506	0,056849
37,544	0,052131
37,582	0,053535
37,62	0,05421
37,658	0,050672
37,696	0,051072
37,734	0,047411
37,772	0,045641
37,81	0,044429
37,848	0,047233
37,886	0,045461
37,924	0,043189
37,962	0,041776
38	0,039471
38,038	0,0394
38,076	0,037988
38,114	0,039956
38,152	0,03649
38,19	0,036012
38,228	0,037699
38,266	0,036496
38,304	0,034384
38,342	0,030584
38,38	0,029981
38,418	0,024282
38,456	0,023594
38,494	0,020648
38,532	0,021361
38,57	0,01823
38,608	0,015189
38,646	0,020465
38,684	0,015523
38,722	0,017504
38,76	0,019563
38,798	0,014561
38,836	0,012678
38,874	0,011597
38,912	0,009782
38,95	0,009296
38,988	0,01049
39,026	0,01042
39,064	0,006163
39,102	0,00495
39,14	0,000717
39,178	0,003209
39,216	0,003521
39,254	-0,000383
39,292	0,000706
39,33	0,000795
39,368	-0,001826
39,406	-0,001185
39,444	-0,006652
39,482	-0,006468
39,52	-0,012307
39,558	-0,010108
39,596	-0,006923
39,634	-0,004756
39,672	-0,001328
39,71	-0,001482
39,748	-0,001398
39,786	-0,002261
39,824	-0,008123
39,862	-0,009493
39,9	-0,01267
39,938	-0,007181
39,976	-0,009155
40,014	-0,009199
40,052	-0,005742
40,09	-0,008617
40,128	-0,010887
40,166	-0,013394
40,204	-0,01536
40,242	-0,013449
40,28	-0,012446
40,318	-0,011937
40,356	-0,009457
40,394	-0,006141
40,432	-0,002235
40,47	-0,003242
40,508	-0,000753
40,546	-0,002356
40,584	0,003925
40,622	0,005089
40,66	0,002116
40,698	0,003188
40,736	0,00289
40,774	0,005114
40,812	-0,000326
40,85	-0,005226
40,888	-0,005915
40,926	-0,006087
40,964	-0,004755
41,002	-0,00333
41,04	-0,004485
41,078	-0,004262
41,116	-0,003383
41,154	-0,005467
41,192	-0,00262
41,23	-0,005578
41,268	-0,010423
41,306	-0,009318
41,344	-0,012656
41,382	-0,010827
41,42	-0,012169
41,458	-0,007511
41,496	-0,004599
41,534	-0,006922
41,572	-0,005532
41,61	-0,009765
41,648	-0,013853
41,686	-0,010565
41,724	-0,013023
41,762	-0,013514
41,8	-0,009754
41,838	-0,007769
41,876	-0,00223
41,914	0,003364
41,952	0,003654
41,99	0,006504
42,028	0,00778
42,066	0,005287
42,104	0,005135
42,142	0,006758
42,18	0,002883
42,218	0,002389
42,256	0,004583
42,294	0,011738
42,332	0,021927
42,37	0,032004
42,408	0,045525
42,446	0,055354
42,484	0,067599
42,522	0,079376
42,56	0,088831
42,598	0,094914
42,636	0,103788
42,674	0,10418
42,712	0,105495
42,75	0,107141
42,788	0,10713
42,826	0,104669
42,864	0,102973
42,902	0,100511
42,94	0,100158
42,978	0,095742
43,016	0,091995
43,054	0,089282
43,092	0,088987
43,13	0,088165
43,168	0,087337
43,206	0,085375
43,244	0,084303
43,282	0,08278
43,32	0,078253
43,358	0,082418
43,396	0,082221
43,434	0,07852
43,472	0,075628
43,51	0,071628
43,548	0,068917
43,586	0,065284
43,624	0,065995
43,662	0,065676
43,7	0,065206
43,738	0,062835
43,776	0,059909
43,814	0,061045
43,852	0,059842
43,89	0,05912
43,928	0,059066
43,966	0,060749
44,004	0,063333
44,042	0,073708
44,08	0,082736
44,118	0,09393
44,156	0,101482
44,194	0,110379
44,232	0,114844
44,27	0,112038
44,308	0,117843
44,346	0,119585
44,384	0,115866
44,422	0,115808
44,46	0,110325
44,498	0,110686
44,536	0,112378
44,574	0,114679
44,612	0,111505
44,65	0,108733
44,688	0,108122
44,726	0,105053
44,764	0,101669
44,802	0,103135
44,84	0,097061
44,878	0,093236
44,916	0,095243
44,954	0,091907
44,992	0,088094
45,03	0,082346
45,068	0,081725
45,106	0,077004
45,144	0,074306
45,182	0,072182
45,22	0,06836
45,258	0,066527
45,296	0,061638
45,334	0,058276
45,372	0,058527
45,41	0,056382
45,448	0,052912
45,486	0,048207
45,524	0,04492
45,562	0,042098
45,6	0,04193
45,638	0,037823
45,676	0,0388
45,714	0,034615
45,752	0,034449
45,79	0,031658
45,828	0,028531
45,866	0,027427
45,904	0,018722
45,942	0,020474
45,98	0,024736
46,018	0,021816
46,056	0,020564
46,094	0,019552
46,132	0,017237
46,17	0,018318
46,208	0,016184
46,246	0,014979
46,284	0,012049
46,322	0,011797
46,36	0,009692
46,398	0,008965
46,436	0,007622
46,474	0,008473
46,512	0,010003
46,55	0,00895
46,588	0,009243
46,626	0,006867
46,664	0,005714
46,702	-0,001263
46,74	-0,004648
46,778	-0,004636
46,816	-0,003777
46,854	-0,003778
46,892	-0,008842
46,93	-0,009831
46,968	-0,009983
47,006	-0,012778
47,044	-0,016251
47,082	-0,016534
47,12	-0,016681
47,158	-0,015205
47,196	-0,011387
47,234	-0,014145
47,272	-0,012107
47,31	-0,013214
47,348	-0,010126
47,386	-0,010526
47,424	-0,012774
47,462	-0,013253
47,5	-0,008182
47,538	-0,010098
47,576	-0,010292
47,614	-0,008592
47,652	-0,003061
47,69	-0,006389
47,728	-0,005701
47,766	-0,00884
47,804	-0,013625
47,842	-0,013834
47,88	-0,017359
47,918	-0,016053
47,956	-0,015803
47,994	-0,015481
48,032	-0,014415
48,07	-0,013846
48,108	-0,011364
48,146	-0,00498
48,184	-0,005343
48,222	-0,005438
48,26	-0,00351
48,298	-0,000758
48,336	0,000349
48,374	-0,000962
48,412	-0,000792
48,45	-0,002198
48,488	-0,001577
48,526	0,000032
48,564	-0,001821
48,602	-0,003632
48,64	-0,004923
48,678	-0,004926
48,716	-0,006881
48,754	-0,007749
48,792	-0,008774
48,83	-0,01147
48,868	-0,010502
48,906	-0,011486
48,944	-0,011008
48,982	-0,011607
49,02	-0,011338
49,058	-0,011416
49,096	-0,009811
49,134	-0,009627
49,172	-0,008547
49,21	-0,01115
49,248	-0,008279
49,286	-0,009034
49,324	-0,008791
49,362	-0,009486
49,4	-0,010586
49,438	-0,010532
49,476	-0,014056
49,514	-0,011723
49,552	-0,013037
49,59	-0,011336
49,628	-0,00692
49,666	-0,007645
49,704	-0,010594
49,742	-0,009013
49,78	-0,006037
49,818	-0,009415
49,856	-0,012372
49,894	-0,006887
49,932	-0,005245
49,97	-0,00754
50,008	-0,005422
50,046	-0,009745
50,084	-0,002914
50,122	0,00504
50,16	0,011882
50,198	0,022641
50,236	0,038472
50,274	0,048341
50,312	0,059132
50,35	0,063047
50,388	0,075848
50,426	0,083845
50,464	0,092384
50,502	0,100025
50,54	0,095994
50,578	0,094352
50,616	0,099001
50,654	0,101261
50,692	0,096262
50,73	0,097483
50,768	0,093882
50,806	0,089792
50,844	0,083622
50,882	0,080476
50,92	0,08366
50,958	0,07936
50,996	0,076519
51,034	0,077096
51,072	0,073871
51,11	0,075584
51,148	0,073028
51,186	0,068282
51,224	0,064908
51,262	0,061373
51,3	0,063639
51,338	0,058514
51,376	0,052501
51,414	0,04764
51,452	0,048757
51,49	0,049586
51,528	0,050552
51,566	0,048229
51,604	0,043133
51,642	0,046536
51,68	0,047472
51,718	0,046203
51,756	0,045649
51,794	0,047033
51,832	0,041437
51,87	0,040375
51,908	0,040691
51,946	0,040798
51,984	0,040676
52,022	0,035181
52,06	0,037658
52,098	0,037987
52,136	0,035891
52,174	0,036591
52,212	0,03766
52,25	0,036552
52,288	0,038125
52,326	0,038513
52,364	0,036626
52,402	0,036528
52,44	0,036664
52,478	0,037591
52,516	0,036634
52,554	0,034873
52,592	0,031582
52,63	0,026159
52,668	0,025131
52,706	0,023632
52,744	0,017249
52,782	0,015233
52,82	0,016653
52,858	0,013973
52,896	0,012442
52,934	0,012788
52,972	0,013282
53,01	0,014765
53,048	0,015719
53,086	0,014786
53,124	0,010945
53,162	0,009008
53,2	0,008324
53,238	0,00825
53,276	0,009222
53,314	0,011812
53,352	0,013323
53,39	0,016365
53,428	0,014004
53,466	0,01701
53,504	0,013125
53,542	0,014011
53,58	0,014282
53,618	0,013024
53,656	0,013777
53,694	0,014264
53,732	0,012386
53,77	0,013057
53,808	0,008864
53,846	0,004776
53,884	0,007377
53,922	0,004254
53,96	0,004659
53,998	0,003911
54,036	0,001467
54,074	0,002981
54,112	0
54,15	-0,000216
54,188	0,002879
54,226	0,002227
54,264	0,001045
54,302	0,000017
54,34	-0,00062
54,378	-0,001463
54,416	0,003104
54,454	0,000404
54,492	0,002632
54,53	-0,000178
54,568	-0,000995
54,606	0,000651
54,644	0,000957
54,682	0,000205
54,72	-0,00207
54,758	-0,00292
54,796	-0,003555
54,834	-0,003802
54,872	-0,004959
54,91	0,000751
54,948	-0,002885
54,986	-0,004008
55,024	-0,003585
55,062	0,00086
55,1	-0,000232
55,138	0,002418
55,176	0,001991
55,214	0,000141
55,252	0,001195
55,29	0,002238
55,328	0,002194
55,366	0,002812
55,404	0,001237
55,442	0,000805
55,48	-0,002713
55,518	-0,004104
55,556	-0,001361
55,594	-0,003421
55,632	-0,002038
55,67	-0,00345
55,708	-0,002223
55,746	-0,003538
55,784	-0,003351
55,822	-0,002183
55,86	-0,003706
55,898	-0,006378
55,936	-0,002358
55,974	-0,002919
56,012	-0,002742
56,05	-0,004491
56,088	-0,006914
56,126	-0,007952
56,164	-0,008864
56,202	-0,007673
56,24	-0,004475
56,278	-0,008034
56,316	-0,004935
56,354	-0,010367
56,392	-0,0086
56,43	-0,009516
56,468	-0,009792
56,506	-0,010242
56,544	-0,00992
56,582	-0,009012
56,62	-0,004319
56,658	-0,006073
56,696	-0,004778
56,734	-0,004048
56,772	-0,006925
56,81	-0,005314
56,848	-0,004868
56,886	-0,002515
56,924	-0,002591
56,962	0,00215
57	0,001982
57,038	0,003175
57,076	0,003756
57,114	0,007739
57,152	0,009
57,19	0,00551
57,228	0,008236
57,266	0,008508
57,304	0,011471
57,342	0,010796
57,38	0,01053
57,418	0,009408
57,456	0,012084
57,494	0,015189
57,532	0,012995
57,57	0,016577
57,608	0,014178
57,646	0,012914
57,684	0,011392
57,722	0,006722
57,76	0,008633
57,798	0,010936
57,836	0,01177
57,874	0,014542
57,912	0,011898
57,95	0,011079
57,988	0,008564
58,026	0,00818
58,064	0,006512
58,102	0,003127
58,14	0,003654
58,178	0,002793
58,216	0,003723
58,254	0,010434
58,292	0,01823
58,33	0,031937
58,368	0,045362
58,406	0,056706
58,444	0,067087
58,482	0,077705
58,52	0,086177
58,558	0,094126
58,596	0,097939
58,634	0,101757
58,672	0,108463
58,71	0,111192
58,748	0,112367
58,786	0,112094
58,824	0,109587
58,862	0,105283
58,9	0,103194
58,938	0,102505
58,976	0,097633
59,014	0,097473
59,052	0,095383
59,09	0,093983
59,128	0,089178
59,166	0,087602
59,204	0,083466
59,242	0,082496
59,28	0,078592
59,318	0,075308
59,356	0,077005
59,394	0,07182
59,432	0,069109
59,47	0,067245
59,508	0,063354
59,546	0,06421
59,584	0,066814
59,622	0,064494
59,66	0,061249
59,698	0,058111
59,736	0,055539
59,774	0,055333
59,812	0,0518
59,85	0,052102
59,888	0,050617
59,926	0,046133
59,964	0,040367
60,002	0,041804
60,04	0,041977
60,078	0,044962
60,116	0,046905
60,154	0,044731
60,192	0,040944
60,23	0,039513
60,268	0,037915
60,306	0,039115
60,344	0,039533
60,382	0,039637
60,42	0,038827
60,458	0,03493
60,496	0,0345
60,534	0,036505
60,572	0,03337
60,61	0,032323
60,648	0,033118
60,686	0,036951
60,724	0,036421
60,762	0,036774
60,8	0,03564
60,838	0,031649
60,876	0,032013
60,914	0,030226
60,952	0,029739
60,99	0,02927
61,028	0,028025
61,066	0,025136
61,104	0,024626
61,142	0,021129
61,18	0,021912
61,218	0,020093
61,256	0,022064
61,294	0,022322
61,332	0,017894
61,37	0,01288
61,408	0,008575
61,446	0,009915
61,484	0,009206
61,522	0,009975
61,56	0,010084
61,598	0,007341
61,636	0,009232
61,674	0,004059
61,712	0,004109
61,75	0,003272
61,788	0,005626
61,826	0,008741
61,864	0,010283
61,902	0,006761
61,94	0,007804
61,978	0,006186
62,016	0,002841
62,054	0,00355
62,092	0,003588
62,13	-0,000368
62,168	0,000481
62,206	0,001815
62,244	0,006077
62,282	0,015123
62,32	0,020833
62,358	0,030113
62,396	0,03854
62,434	0,050444
62,472	0,063458
62,51	0,072937
62,548	0,083727
62,586	0,08847
62,624	0,091368
62,662	0,096604
62,7	0,09814
62,738	0,096829
62,776	0,097508
62,814	0,095918
62,852	0,093629
62,89	0,08985
62,928	0,090361
62,966	0,08547
63,004	0,085706
63,042	0,083857
63,08	0,085699
63,118	0,08046
63,156	0,077136
63,194	0,075238
63,232	0,074948
63,27	0,072776
63,308	0,07124
63,346	0,066962
63,384	0,06765
63,422	0,061462
63,46	0,057674
63,498	0,058823
63,536	0,057253
63,574	0,05702
63,612	0,054628
63,65	0,053392
63,688	0,050812
63,726	0,043419
63,764	0,035953
63,802	0,036419
63,84	0,03605
63,878	0,033921
63,916	0,032369
63,954	0,031726
63,992	0,033549
64,03	0,029859
64,068	0,028568
64,106	0,02948
64,144	0,02761
64,182	0,02949
64,22	0,032116
64,258	0,025821
64,296	0,022909
64,334	0,024679
64,372	0,020784
64,41	0,022114
64,448	0,021927
64,486	0,023699
64,524	0,023182
64,562	0,019858
64,6	0,018284
64,638	0,014729
64,676	0,016234
64,714	0,015331
64,752	0,012058
64,79	0,009716
64,828	0,012004
64,866	0,008316
64,904	0,007723
64,942	0,006851
64,98	0,005324
65,018	0,003578
65,056	0,002999
65,094	0,002581
65,132	0,000645
65,17	-0,000304
65,208	-0,00316
65,246	-0,003471
65,284	-0,00156
65,322	-0,002904
65,36	-0,002537
65,398	-0,002258
65,436	-0,001731
65,474	-0,003465
65,512	-0,002888
65,55	-0,00099
65,588	-0,003153
65,626	-0,00347
65,664	-0,001723
65,702	-0,006589
65,74	-0,002811
65,778	0,002866
65,816	0,008391
65,854	0,022658
65,892	0,034764
65,93	0,046148
65,968	0,057315
66,006	0,068891
66,044	0,076131
66,082	0,081172
66,12	0,083966
66,158	0,086673
66,196	0,089628
66,234	0,090906
66,272	0,088748
66,31	0,08633
66,348	0,086118
66,386	0,083798
66,424	0,082482
66,462	0,077852
66,5	0,078441
66,538	0,077272
66,576	0,075023
66,614	0,076883
66,652	0,077519
66,69	0,07224
66,728	0,069814
66,766	0,070882
66,804	0,069139
66,842	0,06431
66,88	0,063602
66,918	0,062378
66,956	0,058408
66,994	0,054103
67,032	0,050924
67,07	0,050665
67,108	0,045449
67,146	0,043882
67,184	0,046467
67,222	0,054
67,26	0,058247
67,298	0,06678
67,336	0,077836
67,374	0,080371
67,412	0,085866
67,45	0,093547
67,488	0,096626
67,526	0,098208
67,564	0,100814
67,602	0,100984
67,64	0,104844
67,678	0,100666
67,716	0,100602
67,754	0,098291
67,792	0,09708
67,83	0,092525
67,868	0,092687
67,906	0,089917
67,944	0,090964
67,982	0,085747
68,02	0,08202
68,058	0,081522
68,096	0,081597
68,134	0,076004
68,172	0,074664
68,21	0,07237
68,248	0,065193
68,286	0,061565
68,324	0,058512
68,362	0,057709
68,4	0,060974
68,438	0,058919
68,476	0,053262
68,514	0,053204
68,552	0,049728
68,59	0,047964
68,628	0,048118
68,666	0,050303
68,704	0,04641
68,742	0,042115
68,78	0,041528
68,818	0,037225
68,856	0,036858
68,894	0,030581
68,932	0,026311
68,97	0,023719
69,008	0,02482
69,046	0,021919
69,084	0,022198
69,122	0,01895
69,16	0,02246
69,198	0,018982
69,236	0,018966
69,274	0,012584
69,312	0,010487
69,35	0,006953
69,388	0,007745
69,426	0,010156
69,464	0,007766
69,502	0,007285
69,54	0,007713
69,578	0,007256
69,616	0,011691
69,654	0,010058
69,692	0,01193
69,73	0,008179
69,768	0,005649
69,806	0,004451
69,844	0,005681
69,882	0,00088
69,92	-0,000853
69,958	-0,003064
69,996	-0,002963
70,034	-0,003863
70,072	-0,00393
70,11	0,0004
70,148	-0,002335
70,186	-0,002006
70,224	-0,004227
70,262	-0,008776
70,3	-0,006173
70,338	-0,003063
70,376	-0,001925
70,414	-0,005709
70,452	-0,005597
70,49	-0,008204
70,528	-0,009717
70,566	-0,009201
70,604	-0,008394
70,642	-0,010378
70,68	-0,00781
70,718	-0,010203
70,756	-0,011903
70,794	-0,012072
70,832	-0,008732
70,87	-0,009424
70,908	-0,009832
70,946	-0,007174
70,984	-0,007103
71,022	-0,00571
71,06	-0,008566
71,098	-0,008684
71,136	-0,00793
71,174	-0,00961
71,212	-0,010404
71,25	-0,010201
71,288	-0,009326
71,326	-0,005796
71,364	-0,00441
71,402	-0,004964
71,44	-0,007981
71,478	-0,009714
71,516	-0,0107
71,554	-0,010531
71,592	-0,011182
71,63	-0,013054
71,668	-0,014053
71,706	-0,012546
71,744	-0,010355
71,782	-0,010725
71,82	-0,01198
71,858	-0,013
71,896	-0,011459
71,934	-0,009253
71,972	-0,011299
72,01	-0,009045
72,048	-0,010522
72,086	-0,010876
72,124	-0,008304
72,162	-0,006823
72,2	-0,005815
72,238	-0,010287
72,276	-0,008962
72,314	-0,006191
72,352	-0,007256
72,39	-0,004026
72,428	-0,002116
72,466	-0,003634
72,504	-0,004577
72,542	-0,005966
72,58	-0,010816
72,618	-0,009803
72,656	-0,010555
72,694	-0,005062
72,732	-0,000201
72,77	-0,001347
72,808	-0,003926
72,846	-0,008996
72,884	-0,006731
72,922	-0,006764
72,96	-0,006907
72,998	-0,002573
73,036	-0,00351
73,074	-0,003697
73,112	-0,006588
73,15	-0,011504
73,188	-0,01009
73,226	-0,007955
73,264	-0,003756
73,302	0,003951
73,34	0,012495
73,378	0,027998
73,416	0,038415
73,454	0,047181
73,492	0,060908
73,53	0,070396
73,568	0,076699
73,606	0,082492
73,644	0,086659
73,682	0,090519
73,72	0,094342
73,758	0,098185
73,796	0,09697
73,834	0,09571
73,872	0,090648
73,91	0,086912
73,948	0,083947
73,986	0,083422
74,024	0,079181
74,062	0,075633
74,1	0,077084
74,138	0,07453
74,176	0,072432
74,214	0,068739
74,252	0,067227
74,29	0,066042
74,328	0,064748
74,366	0,061554
74,404	0,062205
74,442	0,057778
74,48	0,052864
74,518	0,052032
74,556	0,050752
74,594	0,049702
74,632	0,050648
74,67	0,051277
74,708	0,048634
74,746	0,044483
74,784	0,04494
74,822	0,045873
74,86	0,049444
74,898	0,048963
74,936	0,047146
74,974	0,046636
75,012	0,043594
75,05	0,04398
75,088	0,042062
75,126	0,037522
75,164	0,035195
75,202	0,033217
75,24	0,031966
75,278	0,031811
75,316	0,032675
75,354	0,031041
75,392	0,033413
75,43	0,035108
75,468	0,032574
75,506	0,030424
75,544	0,025746
75,582	0,025163
75,62	0,022767
75,658	0,023085
75,696	0,019739
75,734	0,021407
75,772	0,020164
75,81	0,015685
75,848	0,01406
75,886	0,014137
75,924	0,012222
75,962	0,010604
76	0,011734
76,038	0,009485
76,076	0,008216
76,114	0,007219
76,152	0,010435
76,19	0,013969
76,228	0,008268
76,266	0,01065
76,304	0,012789
76,342	0,014189
76,38	0,016508
76,418	0,015664
76,456	0,016948
76,494	0,014272
76,532	0,009843
76,57	0,005764
76,608	0,003125
76,646	0,00037
76,684	0,000736
76,722	-0,001756
76,76	-0,000334
76,798	0,000252
76,836	0,004086
76,874	0,003207
76,912	0,003057
76,95	0,003076
76,988	0,003394
77,026	0,005592
77,064	0,003954
77,102	0,000174
77,14	-0,001833
77,178	-0,006579
77,216	-0,010041
77,254	-0,006922
77,292	-0,005885
77,33	-0,008431
77,368	-0,008965
77,406	-0,010988
77,444	-0,009496
77,482	-0,005033
77,52	-0,003421
77,558	-0,002639
77,596	-0,004242
77,634	-0,002788
77,672	-0,001922
77,71	-0,0056
77,748	-0,007565
77,786	-0,00411
77,824	-0,00313
77,862	-0,004913
77,9	-0,007727
77,938	-0,007443
77,976	-0,005804
78,014	-0,005565
78,052	-0,004512
78,09	-0,005035
78,128	-0,004834
78,166	0,001349
78,204	0,001182
78,242	-0,001338
78,28	-0,007125
78,318	-0,007709
78,356	-0,004865
78,394	-0,003301
78,432	-0,005165
78,47	-0,00613
78,508	-0,004644
78,546	-0,0069
78,584	-0,005435
78,622	-0,006116
78,66	-0,005934
78,698	-0,001567
78,736	-0,003648
78,774	-0,001819
78,812	-0,00303
78,85	-0,005552
78,888	-0,002657
78,926	-0,000236
78,964	0,000692
79,002	0,004513
79,04	0,001747
79,078	0,00736
79,116	0,007674
79,154	0,009662
79,192	0,013038
79,23	0,011881
79,268	0,010001
79,306	0,009729
79,344	0,011782
79,382	0,014601
79,42	0,021477
79,458	0,033145
79,496	0,039398
79,534	0,049063
79,572	0,059178
79,61	0,071596
79,648	0,077146
79,686	0,078663
79,724	0,083241
79,762	0,087045
79,8	0,091696
79,838	0,088823
79,876	0,089323
79,914	0,089306
79,952	0,091676
79,99	0,089728
80,028	0,087625
80,066	0,084955
80,104	0,083194
80,142	0,079145
80,18	0,077126
80,218	0,075351
80,256	0,07665
80,294	0,072262
80,332	0,070459
80,37	0,065326
80,408	0,066274
80,446	0,066459
80,484	0,065402
80,522	0,060994
80,56	0,062047
80,598	0,068339
80,636	0,066978
80,674	0,065799
80,712	0,064717
80,75	0,064654
80,788	0,061566
80,826	0,060782
80,864	0,055771
80,902	0,051293
80,94	0,050903
80,978	0,053017
81,016	0,051729
81,054	0,046741
81,092	0,043499
81,13	0,045738
81,168	0,044885
81,206	0,046283
81,244	0,043239
81,282	0,042328
81,32	0,040025
81,358	0,036685
81,396	0,033864
81,434	0,033133
81,472	0,030375
81,51	0,027651
81,548	0,027219
81,586	0,028743
81,624	0,028725
81,662	0,029628
81,7	0,029911
81,738	0,031276
81,776	0,025746
81,814	0,022289
81,852	0,023796
81,89	0,021903
81,928	0,020507
81,966	0,017919
82,004	0,020298
82,042	0,01856
82,08	0,018313
82,118	0,021276
82,156	0,020233
82,194	0,019019
82,232	0,015252
82,27	0,016473
82,308	0,016767
82,346	0,015858
82,384	0,014179
82,422	0,010049
82,46	0,007957
82,498	0,005143
82,536	0,004366
82,574	0,004843
82,612	0,003068
82,65	0,002295
82,688	0,004392
82,726	0,003713
82,764	0,00936
82,802	0,007018
82,84	0,010193
82,878	0,008002
82,916	0,005816
82,954	0,004241
82,992	0,000046
83,03	-0,002807
83,068	-0,003394
83,106	-0,004908
83,144	-0,00553
83,182	-0,007396
83,22	-0,006492
83,258	-0,006539
83,296	-0,008085
83,334	-0,00697
83,372	-0,00629
83,41	-0,002998
83,448	0,000644
83,486	-0,000101
83,524	0,001626
83,562	0,001109
83,6	0,000056
83,638	-0,001108
83,676	-0,001048
83,714	-0,004599
83,752	-0,009825
83,79	-0,007123
83,828	-0,005844
83,866	-0,009
83,904	-0,009366
83,942	-0,01073
83,98	-0,007011
84,018	-0,005866
84,056	-0,005863
84,094	-0,004878
84,132	-0,001918
84,17	-0,001026
84,208	-0,001462
84,246	-0,002777
84,284	-0,00488
84,322	-0,008962
84,36	-0,005728
84,398	-0,005558
84,436	-0,007268
84,474	-0,008982
84,512	-0,006553
84,55	-0,005674
84,588	-0,00287
84,626	-0,004341
84,664	0,001389
84,702	0,001396
84,74	0,005138
84,778	0,004714
84,816	-0,000156
84,854	0,000375
84,892	-0,00016
84,93	0,002077
84,968	0,003282
85,006	0,001971
85,044	0,004839
85,082	0,002575
85,12	0,000164
85,158	0,001342
85,196	0,002723
85,234	0,001884
85,272	0,00187
85,31	0,001706
85,348	0,00397
85,386	0,002914
85,424	0,006714
85,462	0,012595
85,5	0,018918
85,538	0,02694
85,576	0,03748
85,614	0,046717
85,652	0,059318
85,69	0,068488
85,728	0,075977
85,766	0,082078
85,804	0,087307
85,842	0,087704
85,88	0,084875
85,918	0,087207
85,956	0,084871
85,994	0,083885
86,032	0,082465
86,07	0,082242
86,108	0,079341
86,146	0,076003
86,184	0,074134
86,222	0,073644
86,26	0,073579
86,298	0,071198
86,336	0,073399
86,374	0,074114
86,412	0,073712
86,45	0,067993
86,488	0,063098
86,526	0,063605
86,564	0,063527
86,602	0,061301
86,64	0,059849
86,678	0,055873
86,716	0,055974
86,754	0,051839
86,792	0,044418
86,83	0,039495
86,868	0,041148
86,906	0,037239
86,944	0,037283
86,982	0,038824
87,02	0,039823
87,058	0,04221
87,096	0,037351
87,134	0,034547
87,172	0,032338
87,21	0,034066
87,248	0,032763
87,286	0,034567
87,324	0,035549
87,362	0,03174
87,4	0,033356
87,438	0,040407
87,476	0,052569
87,514	0,060078
87,552	0,067841
87,59	0,078646
87,628	0,083686
87,666	0,088227
87,704	0,088795
87,742	0,089131
87,78	0,091999
87,818	0,093343
87,856	0,088826
87,894	0,088945
87,932	0,090905
87,97	0,092008
88,008	0,095891
88,046	0,097532
88,084	0,095534
88,122	0,093401
88,16	0,08782
88,198	0,084228
88,236	0,086246
88,274	0,085181
88,312	0,080427
88,35	0,078074
88,388	0,076221
88,426	0,072363
88,464	0,071155
88,502	0,068841
88,54	0,069024
88,578	0,065677
88,616	0,065236
88,654	0,067041
88,692	0,060233
88,73	0,056994
88,768	0,054467
88,806	0,051605
88,844	0,045133
88,882	0,03623
88,92	0,036078
88,958	0,031325
88,996	0,029861
89,034	0,031612
89,072	0,029923
89,11	0,029205
89,148	0,027277
89,186	0,025004
89,224	0,022562
89,262	0,023731
89,3	0,023002
89,338	0,019178
89,376	0,022253
89,414	0,021043
89,452	0,017325
89,49	0,01647
89,528	0,011802
89,566	0,013363
89,604	0,015799
89,642	0,011914
89,68	0,011528
89,718	0,00922
89,756	0,007119
89,794	0,011429
89,832	0,00881
89,87	0,006196
89,908	0,003694
89,946	0,002379
89,984	0,00303
90,022	0,00428
90,06	0,003379
90,098	0,002815
90,136	-0,001148
90,174	0,001358
90,212	-0,000585
90,25	-0,002575
90,288	-0,002859
90,326	-0,002708
90,364	-0,003595
90,402	-0,004296
90,44	-0,006087
90,478	-0,00742
90,516	-0,012126
90,554	-0,010698
90,592	-0,013445
90,63	-0,017478
90,668	-0,013253
90,706	-0,017828
90,744	-0,019059
90,782	-0,020138
90,82	-0,019023
90,858	-0,018605
90,896	-0,016413
90,934	-0,013848
90,972	-0,013549
91,01	-0,01091
91,048	-0,015652
91,086	-0,011865
91,124	-0,01051
91,162	-0,010514
91,2	-0,00989
91,238	-0,005174
91,276	-0,010432
91,314	-0,01433
91,352	-0,011825
91,39	-0,014307
91,428	-0,013547
91,466	-0,007349
91,504	-0,007889
91,542	-0,003868
91,58	0,005531
91,618	0,014362
91,656	0,025977
91,694	0,034655
91,732	0,044818
91,77	0,055877
91,808	0,061272
91,846	0,062139
91,884	0,066933
91,922	0,071776
91,96	0,07345
91,998	0,074766
92,036	0,076222
92,074	0,074755
92,112	0,075623
92,15	0,070175
92,188	0,070788
92,226	0,071659
92,264	0,066208
92,302	0,065986
92,34	0,063948
92,378	0,060346
92,416	0,056893
92,454	0,054554
92,492	0,050647
92,53	0,050648
92,568	0,051501
92,606	0,048182
92,644	0,047229
92,682	0,048397
92,72	0,047888
92,758	0,050477
92,796	0,047647
92,834	0,041993
92,872	0,045316
92,91	0,048137
92,948	0,045384
92,986	0,046003
93,024	0,03898
93,062	0,037733
93,1	0,036211
93,138	0,038292
93,176	0,03764
93,214	0,034335
93,252	0,031333
93,29	0,0303
93,328	0,03723
93,366	0,039315
93,404	0,035996
93,442	0,034256
93,48	0,035876
93,518	0,038393
93,556	0,038043
93,594	0,032428
93,632	0,028898
93,67	0,028702
93,708	0,02316
93,746	0,020021
93,784	0,016038
93,822	0,016134
93,86	0,011942
93,898	0,007085
93,936	0,007628
93,974	0,007471
94,012	0,006792
94,05	0,003289
94,088	0,00205
94,126	0,003739
94,164	0,005907
94,202	0,007475
94,24	0,004994
94,278	0,004156
94,316	0,003294
94,354	0,002414
94,392	0,001847
94,43	0,002432
94,468	0,003307
94,506	0,003868
94,544	-0,000498
94,582	-0,001208
94,62	-0,002286
94,658	-0,002608
94,696	0,001751
94,734	0,000868
94,772	-0,003354
94,81	-0,001783
94,848	-0,003472
94,886	-0,00147
94,924	-0,001974
94,962	-0,00177
95	0,003023
95,038	0,007612
95,076	0,001801
95,114	0,002947
95,152	0,007961
95,19	0,015125
95,228	0,020843
95,266	0,03159
95,304	0,042387
95,342	0,047774
95,38	0,056246
95,418	0,065606
95,456	0,068856
95,494	0,081344
95,532	0,086072
95,57	0,085929
95,608	0,084314
95,646	0,086709
95,684	0,082576
95,722	0,082833
95,76	0,083328
95,798	0,079511
95,836	0,08003
95,874	0,078181
95,912	0,078879
95,95	0,07373
95,988	0,069189
96,026	0,065043
96,064	0,065176
96,102	0,059222
96,14	0,059471
96,178	0,061072
96,216	0,056613
96,254	0,053646
96,292	0,050579
96,33	0,048654
96,368	0,05402
96,406	0,05045
96,444	0,046549
96,482	0,045215
96,52	0,037544
96,558	0,04088
96,596	0,039024
96,634	0,03782
96,672	0,038997
96,71	0,038973
96,748	0,039065
96,786	0,036859
96,824	0,038821
96,862	0,041505
96,9	0,039443
96,938	0,038514
96,976	0,039584
97,014	0,038134
97,052	0,038324
97,09	0,037146
97,128	0,035114
97,166	0,032933
97,204	0,028845
97,242	0,026907
97,28	0,026753
97,318	0,024008
97,356	0,021012
97,394	0,022765
97,432	0,024774
97,47	0,024656
97,508	0,022165
97,546	0,022105
97,584	0,019997
97,622	0,023484
97,66	0,031538
97,698	0,042037
97,736	0,056789
97,774	0,06381
97,812	0,075001
97,85	0,085732
97,888	0,090282
97,926	0,094129
97,964	0,095247
98,002	0,092805
98,04	0,094744
98,078	0,094483
98,116	0,090584
98,154	0,086672
98,192	0,086904
98,23	0,085482
98,268	0,08507
98,306	0,082186
98,344	0,078973
98,382	0,076926
98,42	0,074857
98,458	0,073162
98,496	0,073206
98,534	0,071283
98,572	0,069937
98,61	0,06709
98,648	0,063666
98,686	0,06235
98,724	0,060526
98,762	0,053898
98,8	0,050154
98,838	0,050283
98,876	0,047749
98,914	0,043234
98,952	0,039605
98,99	0,040764
99,028	0,040248
99,066	0,036977
99,104	0,036085
99,142	0,036392
99,18	0,031895
99,218	0,033983
99,256	0,031294
99,294	0,030887
99,332	0,030732
99,37	0,030293
99,408	0,029185
99,446	0,023425
99,484	0,022284
99,522	0,019669
99,56	0,014961
99,598	0,012128
99,636	0,008667
99,674	0,003887
99,712	0,005563
99,75	0,00528
99,788	0,003443
99,826	0,002989
99,864	0,002218
99,902	-0,000394
99,94	-0,001906
99,978	-0,003049
100,016	-0,006351
100,054	-0,006403
100,092	-0,007356
100,13	-0,007135
100,168	-0,006821
100,206	-0,007469
100,244	-0,007486
100,282	-0,009502
100,32	-0,009501
100,358	-0,009419
100,396	-0,013118
100,434	-0,017044
100,472	-0,015661
100,51	-0,014609
100,548	-0,011288
100,586	-0,012091
100,624	-0,012789
100,662	-0,011634
100,7	-0,010594
100,738	-0,005894
100,776	-0,008818
100,814	-0,009061
100,852	-0,008188
100,89	-0,013352
100,928	-0,011009
100,966	-0,010626
101,004	-0,012359
101,042	-0,012855
101,08	-0,014373
101,118	-0,012285
101,156	-0,014645
101,194	-0,015137
101,232	-0,017025
101,27	-0,018796
101,308	-0,022258
101,346	-0,023826
101,384	-0,022495
101,422	-0,020328
101,46	-0,023277
101,498	-0,021911
101,536	-0,021778
101,574	-0,02038
101,612	-0,017826
101,65	-0,0165
101,688	-0,016589
101,726	-0,011292
101,764	-0,011745
101,802	-0,012594
101,84	-0,015907
101,878	-0,014122
101,916	-0,013912
101,954	-0,010565
101,992	-0,009237
102,03	-0,014824
102,068	-0,012618
102,106	-0,009482
102,144	-0,009302
102,182	-0,008523
102,22	-0,009623
102,258	-0,008275
102,296	-0,006256
102,334	-0,005205
102,372	-0,005638
102,41	-0,006174
102,448	-0,008263
102,486	-0,007007
102,524	-0,008184
102,562	-0,008833
102,6	-0,01193
102,638	-0,010266
102,676	-0,006413
102,714	-0,005168
102,752	-0,006707
102,79	-0,004774
102,828	-0,002345
102,866	-0,001266
102,904	-0,000112
102,942	-0,001736
102,98	0,002451
103,018	0,002317
103,056	0,000812
103,094	0,000725
103,132	0,000736
103,17	-0,003543
103,208	-0,000821
103,246	-0,002008
103,284	-0,003531
103,322	-0,00204
103,36	-0,000773
103,398	-0,003719
103,436	-0,005613
103,474	-0,006124
103,512	-0,004977
103,55	-0,002004
103,588	-0,003776
103,626	-0,007259
103,664	-0,007271
103,702	-0,004805
103,74	-0,007176
103,778	-0,000804
103,816	0,00991
103,854	0,024445
103,892	0,030923
103,93	0,039103
103,968	0,049148
104,006	0,055549
104,044	0,063209
104,082	0,065245
104,12	0,069569
104,158	0,075336
104,196	0,074375
104,234	0,076901
104,272	0,07907
104,31	0,079171
104,348	0,076932
104,386	0,077775
104,424	0,071871
104,462	0,069679
104,5	0,069988
104,538	0,065292
104,576	0,066553
104,614	0,070515
104,652	0,070102
104,69	0,071313
104,728	0,068444
104,766	0,063969
104,804	0,058789
104,842	0,058619
104,88	0,052611
104,918	0,053635
104,956	0,052551
104,994	0,049149
105,032	0,047827
105,07	0,052848
105,108	0,054215
105,146	0,053871
105,184	0,05679
105,222	0,053674
105,26	0,049273
105,298	0,04809
105,336	0,046945
105,374	0,047545
105,412	0,042049
105,45	0,040702
105,488	0,033996
105,526	0,03193
105,564	0,028397
105,602	0,023136
105,64	0,026037
105,678	0,024271
105,716	0,024243
105,754	0,019712
105,792	0,015562
105,83	0,016527
105,868	0,015559
105,906	0,016703
105,944	0,01954
105,982	0,017376
106,02	0,019873
106,058	0,015205
106,096	0,014537
106,134	0,01719
106,172	0,018131
106,21	0,022398
106,248	0,018905
106,286	0,019328
106,324	0,022767
106,362	0,020245
106,4	0,019416
106,438	0,020377
106,476	0,014403
106,514	0,016309
106,552	0,011531
106,59	0,013227
106,628	0,010186
106,666	0,00767
106,704	0,012052
106,742	0,007834
106,78	0,010354
106,818	0,008099
106,856	0,006274
106,894	0,006804
106,932	0,003869
106,97	0,005701
107,008	0,005954
107,046	0,004329
107,084	0,003715
107,122	0,002
107,16	-0,00148
107,198	0,00013
107,236	0,003449
107,274	0,002544
107,312	0,006
107,35	0,006347
107,388	0,008678
107,426	0,009177
107,464	0,013456
107,502	0,013634
107,54	0,010244
107,578	0,012783
107,616	0,010496
107,654	0,008255
107,692	0,005086
107,73	0,001717
107,768	0,001822
107,806	0,005719
107,844	0,00843
107,882	0,005385
107,92	0,004573
107,958	0,006934
107,996	0,004814
108,034	0,001544
108,072	0,003753
108,11	0,000194
108,148	-0,001253
108,186	-0,000207
108,224	-0,004618
108,262	-0,005461
108,3	-0,00682
108,338	-0,00775
108,376	-0,00809
108,414	-0,007948
108,452	-0,007519
108,49	-0,001493
108,528	0,000842
108,566	0,000689
108,604	-0,000843
108,642	-0,000319
108,68	-0,001523
108,718	0,001383
108,756	0,001413
108,794	-0,000945
108,832	0,000435
108,87	-0,000119
108,908	0,003777
108,946	-0,000974
108,984	-0,000263
109,022	-0,003083
109,06	0,000028
109,098	-0,000571
109,136	0,000106
109,174	-0,002219
109,212	-0,002633
109,25	-0,003176
109,288	-0,005594
109,326	-0,006709
109,364	-0,006686
109,402	-0,001545
109,44	-0,005154
109,478	-0,007028
109,516	-0,004092
109,554	-0,00026
109,592	-0,00027
109,63	-0,004549
109,668	-0,004918
109,706	-0,003083
109,744	0,000178
109,782	0,001692
109,82	0,004227
109,858	0,013853
109,896	0,023623
109,934	0,036199
109,972	0,043249
110,01	0,051628
110,048	0,063516
110,086	0,071597
110,124	0,077386
110,162	0,081106
110,2	0,080243
110,238	0,077707
110,276	0,0809
110,314	0,07845
110,352	0,07632
110,39	0,072959
110,428	0,069501
110,466	0,068598
110,504	0,066885
110,542	0,063298
110,58	0,06177
110,618	0,060113
110,656	0,059897
110,694	0,053529
110,732	0,054866
110,77	0,053626
110,808	0,055767
110,846	0,053469
110,884	0,050654
110,922	0,048044
110,96	0,049508
110,998	0,053138
111,036	0,046503
111,074	0,041529
111,112	0,042588
111,15	0,037725
111,188	0,036459
111,226	0,037486
111,264	0,037937
111,302	0,036304
111,34	0,04168
111,378	0,043952
111,416	0,040839
111,454	0,039702
111,492	0,034283
111,53	0,027329
111,568	0,026861
111,606	0,02458
111,644	0,022753
111,682	0,027445
111,72	0,026452
111,758	0,025172
111,796	0,024288
111,834	0,019882
111,872	0,020086
111,91	0,019912
111,948	0,018678
111,986	0,020074
112,024	0,020946
112,062	0,022703
112,1	0,025366
112,138	0,023724
112,176	0,022137
112,214	0,021745
112,252	0,025728
112,29	0,025295
112,328	0,028093
112,366	0,024604
112,404	0,023197
112,442	0,024093
112,48	0,020798
112,518	0,018264
112,556	0,017372
112,594	0,017001
112,632	0,017249
112,67	0,016693
112,708	0,017599
112,746	0,017373
112,784	0,014675
112,822	0,012182
112,86	0,007795
112,898	0,006537
112,936	0,004092
112,974	0,004845
113,012	0,008017
113,05	0,009129
113,088	0,006075
113,126	0,002267
113,164	-0,000166
113,202	0,005628
113,24	0,01275
113,278	0,026743
113,316	0,039052
113,354	0,049453
113,392	0,056503
113,43	0,066775
113,468	0,073206
113,506	0,079827
113,544	0,085006
113,582	0,087164
113,62	0,090533
113,658	0,090112
113,696	0,087922
113,734	0,087293
113,772	0,086813
113,81	0,085945
113,848	0,079851
113,886	0,080101
113,924	0,079554
113,962	0,077377
114	0,074136
114,038	0,0699
114,076	0,063074
114,114	0,063745
114,152	0,062524
114,19	0,060876
114,228	0,059904
114,266	0,052471
114,304	0,054068
114,342	0,056124
114,38	0,055709
114,418	0,050564
114,456	0,047499
114,494	0,045465
114,532	0,0464
114,57	0,042605
114,608	0,043848
114,646	0,044817
114,684	0,044757
114,722	0,047154
114,76	0,042634
114,798	0,041565
114,836	0,039478
114,874	0,03598
114,912	0,035531
114,95	0,032532
114,988	0,030843
115,026	0,029953
115,064	0,027956
115,102	0,02442
115,14	0,025422
115,178	0,022144
115,216	0,022276
115,254	0,018792
115,292	0,017671
115,33	0,017254
115,368	0,018044
115,406	0,02001
115,444	0,020321
115,482	0,018924
115,52	0,019418
115,558	0,017259
115,596	0,014445
115,634	0,011313
115,672	0,012597
115,71	0,00921
115,748	0,007542
115,786	0,013343
115,824	0,010677
115,862	0,007945
115,9	0,011583
115,938	0,019607
115,976	0,0247
116,014	0,033461
116,052	0,039282
116,09	0,047449
116,128	0,052387
116,166	0,058347
116,204	0,061518
116,242	0,064771
116,28	0,071555
116,318	0,073601
116,356	0,070475
116,394	0,071813
116,432	0,071454
116,47	0,067824
116,508	0,065514
116,546	0,064242
116,584	0,067115
116,622	0,068831
116,66	0,064269
116,698	0,058814
116,736	0,05517
116,774	0,058972
116,812	0,053257
116,85	0,042213
116,888	0,041358
116,926	0,044133
116,964	0,040577
117,002	0,035682
117,04	0,03206
117,078	0,03424
117,116	0,034441
117,154	0,033113
117,192	0,032955
117,23	0,032182
117,268	0,031295
117,306	0,030487
117,344	0,030929
117,382	0,032522
117,42	0,029304
117,458	0,026172
117,496	0,026672
117,534	0,027014
117,572	0,021296
117,61	0,017
117,648	0,016366
117,686	0,013286
117,724	0,015752
117,762	0,013319
117,8	0,011181
117,838	0,012168
117,876	0,012578
117,914	0,009521
117,952	0,013076
117,99	0,008164
118,028	0,003301
118,066	-0,002476
118,104	0,002743
118,142	0,002108
118,18	0,003291
118,218	0,003614
118,256	0,000357
118,294	-0,00253
118,332	-0,004139
118,37	-0,001127
118,408	-0,00554
118,446	-0,004798
118,484	-0,001426
118,522	-0,004647
118,56	-0,004954
118,598	-0,006641
118,636	-0,009418
118,674	-0,008682
118,712	-0,005998
118,75	-0,002383
118,788	-0,001794
118,826	-0,00496
118,864	-0,006405
118,902	-0,003536
118,94	-0,002648
118,978	-0,001129
119,016	0,00222
119,054	-0,000639
119,092	-0,003471
119,13	-0,005419
119,168	-0,006568
119,206	-0,008197
119,244	-0,010454
119,282	-0,009755
119,32	-0,013098
119,358	-0,007728
119,396	-0,011349
119,434	-0,009945
119,472	-0,012644
119,51	-0,013047
119,548	-0,011491
119,586	-0,009683
119,624	-0,011435
119,662	-0,008034
119,7	-0,004705
119,738	-0,006405
119,776	-0,008675
119,814	-0,008848
119,852	-0,006543
119,89	-0,003043
119,928	-0,002614
119,966	-0,001186
120,004	-0,00042
120,042	0,000196
120,08	0,005843
120,118	0,007291
120,156	0,008468
120,194	0,003292
120,232	0,00242
120,27	0,006832
120,308	0,008339
120,346	0,005256
120,384	0,003768
120,422	-0,000536
120,46	0,000344
120,498	-0,000683
120,536	-0,003
120,574	-0,006387
120,612	-0,00595
120,65	-0,00612
120,688	-0,010001
120,726	-0,004894
120,764	-0,0051
120,802	-0,003097
120,84	-0,001729
120,878	-0,000198
120,916	-0,003942
120,954	-0,0055
120,992	-0,007492
121,03	-0,007369
121,068	-0,007799
121,106	-0,005179
121,144	-0,009478
121,182	-0,010289
121,22	-0,005955
121,258	-0,005711
121,296	-0,008456
121,334	-0,007386
121,372	-0,005411
121,41	-0,006036
121,448	-0,002925
121,486	-0,003652
121,524	-0,00525
121,562	-0,005954
121,6	-0,008694
121,638	-0,005662
121,676	-0,007855
121,714	-0,007495
121,752	-0,006814
121,79	-0,002397
121,828	-0,002412
121,866	-0,004649
121,904	-0,002651
121,942	0,003085
121,98	0,007055
122,018	0,011007
122,056	0,017842
122,094	0,027874
122,132	0,039917
122,17	0,047421
122,208	0,055571
122,246	0,060661
122,284	0,070525
122,322	0,079529
122,36	0,083988
122,398	0,084047
122,436	0,083187
122,474	0,080173
122,512	0,085063
122,55	0,081007
122,588	0,081899
122,626	0,079288
122,664	0,078765
122,702	0,069697
122,74	0,067775
122,778	0,066027
122,816	0,067784
122,854	0,071166
122,892	0,069162
122,93	0,068908
122,968	0,064352
123,006	0,067095
123,044	0,068738
123,082	0,063718
123,12	0,0623
123,158	0,058464
123,196	0,058492
123,234	0,057942
123,272	0,055402
123,31	0,054586
123,348	0,047179
123,386	0,047037
123,424	0,046866
123,462	0,046967
123,5	0,041536
123,538	0,038381
123,576	0,031239
123,614	0,033121
123,652	0,0305
123,69	0,031415
123,728	0,031538
123,766	0,029728
123,804	0,028116
123,842	0,030331
123,88	0,027928
123,918	0,029078
123,956	0,026374
123,994	0,02693
124,032	0,028033
124,07	0,024999
124,108	0,028072
124,146	0,028
124,184	0,028003
124,222	0,028474
124,26	0,029622
124,298	0,028535
124,336	0,026062
124,374	0,025931
124,412	0,022331
124,45	0,017655
124,488	0,014416
124,526	0,01405
124,564	0,010187
124,602	0,006099
124,64	0,005999
124,678	0,008199
124,716	0,007875
124,754	0,009294
124,792	0,010416
124,83	0,012975
124,868	0,01487
124,906	0,015638
124,944	0,013674
124,982	0,014267
125,02	0,013206
125,058	0,00794
125,096	0,010323
125,134	0,008669
125,172	0,00716
125,21	0,006647
125,248	0,006387
125,286	0,006695
125,324	0,00887
125,362	0,006865
125,4	-0,000166
125,438	-0,002377
125,476	-0,001692
125,514	-0,002778
125,552	-0,002899
125,59	-0,001173
125,628	-0,004814
125,666	-0,005122
125,704	-0,004229
125,742	-0,005011
125,78	-0,007296
125,818	-0,005142
125,856	-0,005114
125,894	-0,003191
125,932	-0,003412
125,97	-0,005297
126,008	-0,006117
126,046	-0,004549
126,084	-0,004721
126,122	-0,008778
126,16	-0,009019
126,198	-0,007198
126,236	-0,006808
126,274	-0,007952
126,312	-0,003492
126,35	-0,006447
126,388	-0,006925
126,426	-0,004889
126,464	-0,001701
126,502	-0,005724
126,54	-0,008143
126,578	-0,00795
126,616	-0,007926
126,654	-0,008164
126,692	-0,007626
126,73	-0,006448
126,768	-0,004215
126,806	0,000353
126,844	0,003874
126,882	0,00022
126,92	0,000142
126,958	0,003608
126,996	0,002764
127,034	0,003376
127,072	0,004375
127,11	0,002946
127,148	0,006171
127,186	0,000905
127,224	0,003528
127,262	0,003732
127,3	0,002808
127,338	0,002937
127,376	0,006338
127,414	0,000277
127,452	-0,001858
127,49	0,000313
127,528	0,001305
127,566	0,006357
127,604	0,005402
127,642	0,009249
127,68	0,010222
127,718	0,008172
127,756	0,009007
127,794	0,012052
127,832	0,011481
127,87	0,011781
127,908	0,013093
127,946	0,008332
127,984	0,008498
128,022	0,008882
128,06	0,007742
128,098	0,016299
128,136	0,028434
128,174	0,037553
128,212	0,044292
128,25	0,052107
128,288	0,061986
128,326	0,069704
128,364	0,076395
128,402	0,079718
128,44	0,081887
128,478	0,083048
128,516	0,081904
128,554	0,085712
128,592	0,090924
128,63	0,086802
128,668	0,079642
128,706	0,081163
128,744	0,07926
128,782	0,075756
128,82	0,074852
128,858	0,074869
128,896	0,073188
128,934	0,069747
128,972	0,067077
129,01	0,066218
129,048	0,063457
129,086	0,060881
129,124	0,064382
129,162	0,058839
129,2	0,055952
129,238	0,056732
129,276	0,049348
129,314	0,043585
129,352	0,045035
129,39	0,04459
129,428	0,036068
129,466	0,032055
129,504	0,036045
129,542	0,033233
129,58	0,028543
129,618	0,033783
129,656	0,031068
129,694	0,031735
129,732	0,031331
129,77	0,02664
129,808	0,02848
129,846	0,026238
129,884	0,022478
129,922	0,02057
129,96	0,023471
129,998	0,025727
130,036	0,028681
130,074	0,024958
130,112	0,025713
130,15	0,023683
130,188	0,023908
130,226	0,019509
130,264	0,01894
130,302	0,018611
130,34	0,024269
130,378	0,021031
130,416	0,015458
130,454	0,017354
130,492	0,022219
130,53	0,022242
130,568	0,022459
130,606	0,022488
130,644	0,022479
130,682	0,021559
130,72	0,015279
130,758	0,011961
130,796	0,009836
130,834	0,006433
130,872	0,01049
130,91	0,00873
130,948	0,008402
130,986	0,008793
131,024	0,012123
131,062	0,013866
131,1	0,00993
131,138	0,008166
131,176	0,00517
131,214	0,007616
131,252	0,005027
131,29	0,003447
131,328	0,003462
131,366	0,002407
131,404	0,003732
131,442	0,001739
131,48	0,002874
131,518	0,004802
131,556	0,003485
131,594	0,006175
131,632	0,003459
131,67	0,005457
131,708	0,000019
131,746	0,001986
131,784	0,002003
131,822	0,001805
131,86	-0,002646
131,898	0,000329
131,936	0,00037
131,974	-0,002886
132,012	-0,001882
132,05	-0,004456
132,088	-0,007719
132,126	-0,007946
132,164	-0,007347
132,202	-0,007113
132,24	-0,003919
132,278	-0,003053
132,316	-0,003011
132,354	-0,006334
132,392	-0,002354
132,43	-0,001485
132,468	-0,003837
132,506	0,000945
132,544	0,001312
132,582	0,001807
132,62	0,001421
132,658	-0,001214
132,696	-0,001511
132,734	0,002463
132,772	-0,001471
132,81	0,001767
132,848	0,002187
132,886	0,004485
132,924	0,001447
132,962	-0,00384
133	-0,007021
133,038	-0,005594
133,076	-0,003157
133,114	-0,004092
133,152	-0,004077
133,19	-0,005794
133,228	-0,00538
133,266	-0,005597
133,304	-0,008154
133,342	-0,002932
133,38	-0,000871
133,418	0,00425
133,456	0,004648
133,494	0,007751
133,532	0,004131
133,57	0,003024
133,608	0,00365
133,646	-0,000796
133,684	0,000283
133,722	-0,003202
133,76	-0,002028
133,798	-0,004951
133,836	-0,005761
133,874	-0,00482
133,912	-0,009935
133,95	-0,006641
133,988	-0,003948
134,026	-0,001049
134,064	-0,003902
134,102	-0,006126
134,14	-0,005953
134,178	0,001664
134,216	0,009401
134,254	0,020406
134,292	0,028948
134,33	0,033577
134,368	0,044356
134,406	0,052243
134,444	0,060671
134,482	0,066373
134,52	0,067939
134,558	0,069368
134,596	0,071565
134,634	0,073576
134,672	0,073198
134,71	0,076188
134,748	0,078499
134,786	0,079603
134,824	0,081765
134,862	0,076986
134,9	0,080031
134,938	0,074394
134,976	0,07291
135,014	0,072632
135,052	0,070292
135,09	0,071479
135,128	0,072177
135,166	0,070119
135,204	0,067891
135,242	0,064647
135,28	0,061321
135,318	0,059925
135,356	0,059479
135,394	0,060532
135,432	0,053762
135,47	0,056277
135,508	0,055369
135,546	0,05433
135,584	0,057411
135,622	0,056325
135,66	0,053958
135,698	0,053592
135,736	0,046469
135,774	0,046691
135,812	0,043763
135,85	0,043639
135,888	0,043186
135,926	0,035579
135,964	0,03393
136,002	0,034804
136,04	0,034119
136,078	0,033672
136,116	0,032777
136,154	0,030214
136,192	0,03233
136,23	0,036615
136,268	0,034812
136,306	0,036442
136,344	0,036146
136,382	0,031373
136,42	0,032601
136,458	0,028853
136,496	0,028048
136,534	0,0275
136,572	0,025754
136,61	0,026075
136,648	0,023105
136,686	0,025475
136,724	0,023729
136,762	0,024933
136,8	0,027814
136,838	0,028192
136,876	0,028843
136,914	0,027809
136,952	0,029001
136,99	0,027971
137,028	0,028759
137,066	0,025368
137,104	0,022684
137,142	0,019598
137,18	0,017836
137,218	0,016019
137,256	0,014285
137,294	0,010516
137,332	0,0138
137,37	0,011172
137,408	0,007758
137,446	0,008902
137,484	0,009023
137,522	0,007311
137,56	0,001914
137,598	0,001786
137,636	0,003744
137,674	0,001229
137,712	-0,002402
137,75	-0,002157
137,788	-0,002157
137,826	0,000107
137,864	-0,002254
137,902	-0,001943
137,94	-0,002819
137,978	-0,005676
138,016	-0,008535
138,054	-0,007644
138,092	-0,004875
138,13	-0,007889
138,168	-0,007184
138,206	-0,005621
138,244	-0,002935
138,282	-0,00132
138,32	-0,005407
138,358	-0,003062
138,396	0,001032
138,434	-0,001718
138,472	-0,00267
138,51	-0,006838
138,548	-0,006674
138,586	-0,005807
138,624	-0,005356
138,662	-0,004719
138,7	-0,003169
138,738	0,002081
138,776	0,010573
138,814	0,01651
138,852	0,027337
138,89	0,041151
138,928	0,054673
138,966	0,060295
139,004	0,06615
139,042	0,066716
139,08	0,072094
139,118	0,073148
139,156	0,074099
139,194	0,072308
139,232	0,073258
139,27	0,074
139,308	0,070679
139,346	0,064111
139,384	0,065525
139,422	0,065294
139,46	0,063051
139,498	0,065628
139,536	0,064412
139,574	0,063121
139,612	0,064482
139,65	0,062672
139,688	0,064188
139,726	0,064097
139,764	0,063148
139,802	0,061072
139,84	0,054643
139,878	0,05086
139,916	0,049917
139,954	0,052863
139,992	0,047875
140,03	0,048944
140,068	0,047359
140,106	0,045403
140,144	0,045262
140,182	0,042795
140,22	0,045418
140,258	0,047656
140,296	0,052582
140,334	0,063925
140,372	0,068308
140,41	0,074419
140,448	0,087273
140,486	0,093378
140,524	0,099031
140,562	0,103421
140,6	0,106763
140,638	0,105578
140,676	0,102833
140,714	0,108415
140,752	0,105424
140,79	0,106906
140,828	0,104831
140,866	0,10276
140,904	0,100577
140,942	0,100959
140,98	0,102692
141,018	0,097638
141,056	0,093396
141,094	0,089708
141,132	0,089728
141,17	0,086086
141,208	0,081655
141,246	0,080999
141,284	0,077623
141,322	0,079964
141,36	0,079595
141,398	0,081982
141,436	0,08138
141,474	0,076343
141,512	0,071856
141,55	0,06755
141,588	0,06601
141,626	0,067384
141,664	0,063734
141,702	0,059259
141,74	0,057128
141,778	0,053414
141,816	0,051554
141,854	0,050771
141,892	0,045576
141,93	0,041768
141,968	0,038365
142,006	0,036546
142,044	0,037383
142,082	0,031146
142,12	0,0269
142,158	0,024134
142,196	0,024699
142,234	0,026008
142,272	0,021976
142,31	0,020471
142,348	0,01742
142,386	0,016737
142,424	0,011837
142,462	0,014532
142,5	0,012784
142,538	0,008454
142,576	0,00632
142,614	0,006866
142,652	0,008366
142,69	0,006392
142,728	0,010359
142,766	0,010836
142,804	0,009287
142,842	0,010441
142,88	0,014066
142,918	0,014956
142,956	0,014968
142,994	0,013567
143,032	0,010028
143,07	0,010072
143,108	0,009515
143,146	0,003692
143,184	0,001102
143,222	0,00303
143,26	-0,001925
143,298	-0,002681
143,336	-0,003519
143,374	-0,005573
143,412	-0,000291
143,45	-0,002164
143,488	0,00121
143,526	0,001793
143,564	0,00058
143,602	-0,000445
143,64	-0,001196
143,678	-0,002815
143,716	-0,001583
143,754	0,003103
143,792	-0,002719
143,83	-0,006411
143,868	-0,007064
143,906	-0,009231
143,944	-0,0093
143,982	-0,012074
144,02	-0,011773
144,058	-0,008986
144,096	-0,005349
144,134	-0,004696
144,172	-0,003514
144,21	-0,005306
144,248	-0,005748
144,286	-0,008488
144,324	-0,009487
144,362	-0,008986
144,4	-0,007071
144,438	-0,009895
144,476	-0,006961
144,514	-0,004822
144,552	-0,003399
144,59	-0,0035
144,628	-0,004803
144,666	-0,004727
144,704	-0,007981
144,742	-0,010856
144,78	-0,013188
144,818	-0,011411
144,856	-0,009648
144,894	-0,007725
144,932	-0,008965
144,97	-0,00823
145,008	-0,005802
145,046	-0,010073
145,084	-0,005385
145,122	-0,006339
145,16	-0,007239
145,198	-0,010787
145,236	-0,006899
145,274	-0,015943
145,312	-0,011058
145,35	-0,010817
145,388	-0,009106
145,426	-0,003376
145,464	-0,003141
145,502	-0,003486
145,54	-0,00098
145,578	-0,006121
145,616	-0,006885
145,654	-0,006365
145,692	-0,00824
145,73	-0,006829
145,768	-0,0041
145,806	-0,006201
145,844	-0,00205
145,882	0,001303
145,92	0,00247
145,958	-0,001403
145,996	0,002982
146,034	-0,002923
146,072	-0,003796
146,11	-0,0015
146,148	0,00236
146,186	0,002761
146,224	-0,000404
146,262	0,000284
146,3	0,002046
146,338	0,003353
146,376	0,004804
146,414	0,012897
146,452	0,021557
146,49	0,033623
146,528	0,041515
146,566	0,052242
146,604	0,059317
146,642	0,064605
146,68	0,071056
146,718	0,07024
146,756	0,069992
146,794	0,071267
146,832	0,069634
146,87	0,065119
146,908	0,065565
146,946	0,064712
146,984	0,066309
147,022	0,06329
147,06	0,06533
147,098	0,062793
147,136	0,060939
147,174	0,061883
147,212	0,063438
147,25	0,062148
147,288	0,059969
147,326	0,062526
147,364	0,059295
147,402	0,054982
147,44	0,056475
147,478	0,053071
147,516	0,052966
147,554	0,054182
147,592	0,053013
147,63	0,057585
147,668	0,055843
147,706	0,05488
147,744	0,055734
147,782	0,050796
147,82	0,052656
147,858	0,051613
147,896	0,049691
147,934	0,048989
147,972	0,049411
148,01	0,047115
148,048	0,048104
148,086	0,047924
148,124	0,04354
148,162	0,044152
148,2	0,039424
148,238	0,034981
148,276	0,032424
148,314	0,033784
148,352	0,029909
148,39	0,028172
148,428	0,024204
148,466	0,024101
148,504	0,025013
148,542	0,022164
148,58	0,020736
148,618	0,024545
148,656	0,021448
148,694	0,017868
148,732	0,017246
148,77	0,015601
148,808	0,015346
148,846	0,015479
148,884	0,016342
148,922	0,020813
148,96	0,017726
148,998	0,015729
149,036	0,012694
149,074	0,01154
149,112	0,010634
149,15	0,012109
149,188	0,011094
149,226	0,009137
149,264	0,011978
149,302	0,007818
149,34	0,009836
149,378	0,009285
149,416	0,011123
149,454	0,011836
149,492	0,01185
149,53	0,009591
149,568	0,012598
149,606	0,011008
149,644	0,011946
149,682	0,008024
149,72	0,008755
149,758	0,011411
149,796	0,009054
149,834	0,008058
149,872	0,004209
149,91	0,004504
149,948	0,00327
149,986	-0,003393
150,024	-0,009748
150,062	-0,010929
150,1	-0,010394
150,138	-0,009254
150,176	-0,010137
150,214	-0,007945
150,252	-0,009012
150,29	-0,01183
150,328	-0,007695
150,366	-0,003148
150,404	-0,003608
150,442	-0,005517
150,48	-0,002925
150,518	-0,000662
150,556	-0,001676
150,594	-0,003931
150,632	-0,007978
150,67	-0,009913
150,708	-0,01045
150,746	-0,008817
150,784	-0,004803
150,822	-0,006961
150,86	-0,010455
150,898	-0,013939
150,936	-0,013576
150,974	-0,015704
151,012	-0,014989
151,05	-0,015529
151,088	-0,01149
151,126	-0,005434
151,164	-0,007296
151,202	-0,005183
151,24	-0,001434
151,278	-0,00113
151,316	-0,001312
151,354	-0,001959
151,392	0,000035
151,43	0,002253
151,468	-0,00115
151,506	-0,00097
151,544	-0,001978
151,582	-0,003077
151,62	-0,005026
151,658	-0,00655
151,696	-0,004818
151,734	-0,005196
151,772	-0,003883
151,81	-0,005858
151,848	-0,002779
151,886	-0,002461
151,924	-0,000989
151,962	-0,002661
152	-0,001292
152,038	-0,002218
152,076	0,002504
152,114	0,000665
152,152	0,000704
152,19	0,000754
152,228	0,00343
152,266	0,00691
152,304	0,016349
152,342	0,026142
152,38	0,033611
152,418	0,040704
152,456	0,052779
152,494	0,062373
152,532	0,064265
152,57	0,070128
152,608	0,077196
152,646	0,078479
152,684	0,083716
152,722	0,084613
152,76	0,084295
152,798	0,082256
152,836	0,082245
152,874	0,082604
152,912	0,080407
152,95	0,080977
152,988	0,079137
153,026	0,074467
153,064	0,07513
153,102	0,073008
153,14	0,073163
153,178	0,071987
153,216	0,069712
153,254	0,06968
153,292	0,069839
153,33	0,071641
153,368	0,065638
153,406	0,06514
153,444	0,061992
153,482	0,06082
153,52	0,05884
153,558	0,055596
153,596	0,054642
153,634	0,051297
153,672	0,048112
153,71	0,051198
153,748	0,048038
153,786	0,046617
153,824	0,047048
153,862	0,049671
153,9	0,046545
153,938	0,045984
153,976	0,042837
154,014	0,040465
154,052	0,042372
154,09	0,041325
154,128	0,040398
154,166	0,038675
154,204	0,042846
154,242	0,041768
154,28	0,039802
154,318	0,039602
154,356	0,039434
154,394	0,037863
154,432	0,03364
154,47	0,03151
154,508	0,030164
154,546	0,028273
154,584	0,027957
154,622	0,025607
154,66	0,024076
154,698	0,021023
154,736	0,017837
154,774	0,021927
154,812	0,022692
154,85	0,021471
154,888	0,022297
154,926	0,019984
154,964	0,018979
155,002	0,019147
155,04	0,017824
155,078	0,017752
155,116	0,020742
155,154	0,019504
155,192	0,01721
155,23	0,017013
155,268	0,016241
155,306	0,012927
155,344	0,01231
155,382	0,013571
155,42	0,011596
155,458	0,009667
155,496	0,008738
155,534	0,00929
155,572	0,008289
155,61	0,008727
155,648	0,006628
155,686	0,008463
155,724	0,007234
155,762	0,00577
155,8	0,007069
155,838	0,005102
155,876	0,004213
155,914	0,005993
155,952	0,006501
155,99	0,009502
156,028	0,008424
156,066	0,012119
156,104	0,012327
156,142	0,006639
156,18	0,004349
156,218	-0,000498
156,256	-0,001323
156,294	-0,002765
156,332	0,000361
156,37	0,003438
156,408	0,006186
156,446	0,003596
156,484	0,001433
156,522	-0,006816
156,56	-0,007047
156,598	-0,007968
156,636	-0,005504
156,674	-0,00467
156,712	-0,002701
156,75	-0,004211
156,788	-0,005583
156,826	-0,0063
156,864	-0,004112
156,902	-0,007099
156,94	-0,008329
156,978	-0,006627
157,016	-0,000778
157,054	-0,005787
157,092	-0,009417
157,13	-0,007272
157,168	-0,010971
157,206	-0,009598
157,244	-0,008599
157,282	-0,009332
157,32	-0,007348
157,358	-0,00614
157,396	-0,006709
157,434	-0,00138
157,472	0,000984
157,51	0,000477
157,548	0,001459
157,586	0,000871
157,624	0,001962
157,662	0,005511
157,7	0,002168
157,738	0,001094
157,776	-0,000667
157,814	0,002126
157,852	0,001485
157,89	0,003897
157,928	0,003593
157,966	0,006162
158,004	0,004376
158,042	0,002676
158,08	0,004209
158,118	0,003291
158,156	0,004158
158,194	0,003698
158,232	0,002139
158,27	0,002355
158,308	0,003503
158,346	0,006494
158,384	0,006183
158,422	0,004389
158,46	0,004645
158,498	0,008745
158,536	0,013409
158,574	0,023725
158,612	0,034548
158,65	0,04501
158,688	0,052432
158,726	0,058531
158,764	0,064603
158,802	0,074242
158,84	0,083902
158,878	0,086358
158,916	0,092284
158,954	0,094092
158,992	0,095659
159,03	0,094874
159,068	0,093635
159,106	0,088436
159,144	0,087539
159,182	0,085549
159,22	0,090061
159,258	0,089504
159,296	0,087256
159,334	0,084264
159,372	0,080241
159,41	0,082228
159,448	0,082388
159,486	0,079298
159,524	0,077043
159,562	0,074343
159,6	0,070081
159,638	0,069664
159,676	0,068544
159,714	0,066488
159,752	0,066819
159,79	0,069846
159,828	0,065665
159,866	0,065311
159,904	0,064955
159,942	0,059643
159,98	0,059484
160,018	0,058098
160,056	0,060953
160,094	0,061162
160,132	0,061921
160,17	0,060923
160,208	0,060743
160,246	0,055686
160,284	0,048678
160,322	0,04627
160,36	0,042354
160,398	0,044059
160,436	0,039005
160,474	0,039929
160,512	0,035834
160,55	0,03647
160,588	0,034338
160,626	0,031946
160,664	0,03286
160,702	0,034661
160,74	0,032903
160,778	0,032017
160,816	0,029114
160,854	0,031393
160,892	0,032005
160,93	0,027844
160,968	0,022589
161,006	0,023578
161,044	0,024018
161,082	0,025493
161,12	0,025916
161,158	0,025218
161,196	0,020912
161,234	0,019066
161,272	0,019596
161,31	0,022258
161,348	0,021044
161,386	0,015923
161,424	0,018973
161,462	0,016983
161,5	0,0167
161,538	0,011609
161,576	0,007935
161,614	0,011126
161,652	0,008091
161,69	0,005237
161,728	0,003958
161,766	0,00422
161,804	0,005703
161,842	0,008136
161,88	0,007454
161,918	0,007563
161,956	0,008333
161,994	0,006697
162,032	0,011587
162,07	0,008163
162,108	0,009033
162,146	0,007547
162,184	0,008961
162,222	0,009118
162,26	0,007644
162,298	0,003346
162,336	-0,000689
162,374	-0,002258
162,412	-0,001903
162,45	-0,000362
162,488	-0,00214
162,526	-0,004424
162,564	-0,002454
162,602	-0,002274
162,64	0,001276
162,678	-0,000136
162,716	-0,001458
162,754	0,003804
162,792	-0,000985
162,83	-0,004212
162,868	-0,000763
162,906	-0,000662
162,944	-0,004225
162,982	-0,003837
163,02	-0,003966
163,058	-0,00482
163,096	-0,005507
163,134	-0,006233
163,172	-0,006637
163,21	-0,004643
163,248	-0,004453
163,286	-0,003094
163,324	-0,003375
163,362	-0,00021
163,4	0,005629
163,438	0,008995
163,476	0,005814
163,514	0,005751
163,552	0,003466
163,59	0,002847
163,628	0,000469
163,666	-0,001522
163,704	0,000243
163,742	-0,008043
163,78	-0,00765
163,818	-0,011525
163,856	-0,011152
163,894	-0,01124
163,932	-0,01188
163,97	-0,012432
164,008	-0,010055
164,046	-0,008704
164,084	-0,01107
164,122	-0,014369
164,16	-0,012114
164,198	-0,010878
164,236	-0,00989
164,274	-0,014197
164,312	-0,01691
164,35	-0,016211
164,388	-0,014301
164,426	-0,011633
164,464	-0,007259
164,502	-0,00633
164,54	-0,005676
164,578	-0,004237
164,616	-0,000706
164,654	0,004257
164,692	0,011123
164,73	0,017823
164,768	0,023062
164,806	0,03214
164,844	0,045658
164,882	0,051248
164,92	0,057909
164,958	0,064552
164,996	0,062093
165,034	0,067497
165,072	0,069245
165,11	0,070913
165,148	0,067451
165,186	0,068535
165,224	0,069826
165,262	0,068217
165,3	0,067521
165,338	0,063838
165,376	0,062326
165,414	0,063151
165,452	0,062954
165,49	0,060766
165,528	0,060551
165,566	0,057679
165,604	0,059247
165,642	0,057308
165,68	0,059404
165,718	0,059774
165,756	0,060101
165,794	0,064192
165,832	0,061443
165,87	0,058036
165,908	0,052515
165,946	0,052006
165,984	0,049668
166,022	0,048952
166,06	0,048436
166,098	0,047722
166,136	0,045751
166,174	0,045644
166,212	0,046052
166,25	0,045434
166,288	0,042397
166,326	0,043761
166,364	0,043447
166,402	0,043924
166,44	0,045297
166,478	0,04312
166,516	0,041566
166,554	0,04023
166,592	0,039917
166,63	0,034466
166,668	0,033949
166,706	0,03486
166,744	0,031268
166,782	0,030901
166,82	0,033929
166,858	0,0333
166,896	0,032421
166,934	0,028371
166,972	0,029199
167,01	0,026139
167,048	0,028388
167,086	0,028138
167,124	0,026166
167,162	0,027606
167,2	0,025879
167,238	0,021226
167,276	0,021282
167,314	0,021294
167,352	0,018955
167,39	0,02022
167,428	0,02445
167,466	0,021812
167,504	0,021201
167,542	0,020283
167,58	0,021656
167,618	0,024027
167,656	0,020604
167,694	0,015768
167,732	0,014697
167,77	0,014102
167,808	0,014276
167,846	0,018212
167,884	0,015955
167,922	0,008104
167,96	0,006436
167,998	0,007196
168,036	0,003909
168,074	0,005075
168,112	0,005487
168,15	0,004556
168,188	0,004735
168,226	0,004823
168,264	0,001718
168,302	0,002266
168,34	0,00128
168,378	-0,000435
168,416	0,001444
168,454	0,00186
168,492	0,001493
168,53	0,001432
168,568	0,003127
168,606	0,00226
168,644	0,000229
168,682	0,002814
168,72	-0,002118
168,758	0,000892
168,796	-0,000205
168,834	-0,003563
168,872	-0,001285
168,91	0,001045
168,948	-0,001978
168,986	-0,001869
169,024	-0,002231
169,062	-0,004299
169,1	-0,000391
169,138	-0,00247
169,176	-0,003019
169,214	-0,003086
169,252	-0,007443
169,29	-0,007656
169,328	-0,004014
169,366	-0,004042
169,404	-0,006209
169,442	-0,003585
169,48	-0,000007
169,518	0,004966
169,556	0,005915
169,594	0,003832
169,632	0,004053
169,67	0,00311
169,708	0,0056
169,746	0,007075
169,784	0,007048
169,822	0,004274
169,86	0,00458
169,898	-0,001295
169,936	-0,00217
169,974	0,000375
170,012	0,002072
170,05	0,008131
170,088	0,006833
170,126	0,006191
170,164	0,004707
170,202	0,007648
170,24	0,007143
170,278	0,006372
170,316	0,008939
170,354	0,008241
170,392	0,009541
170,43	0,009422
170,468	0,011984
170,506	0,014596
170,544	0,011339
170,582	0,010337
170,62	0,008368
170,658	0,01266
170,696	0,013989
170,734	0,019437
170,772	0,028179
170,81	0,034219
170,848	0,042425
170,886	0,051095
170,924	0,05828
170,962	0,059288
171	0,062963
171,038	0,071565
171,076	0,073684
171,114	0,076347
171,152	0,077413
171,19	0,074075
171,228	0,072644
171,266	0,07623
171,304	0,078299
171,342	0,077961
171,38	0,072856
171,418	0,070444
171,456	0,068087
171,494	0,071633
171,532	0,068719
171,57	0,06661
171,608	0,069089
171,646	0,068008
171,684	0,066571
171,722	0,06502
171,76	0,064163
171,798	0,062429
171,836	0,060936
171,874	0,059761
171,912	0,059516
171,95	0,060158
171,988	0,057191
172,026	0,056548
172,064	0,056319
172,102	0,054249
172,14	0,052585
172,178	0,051068
172,216	0,052088
172,254	0,051166
172,292	0,053401
172,33	0,049739
172,368	0,04747
172,406	0,048165
172,444	0,044138
172,482	0,04627
172,52	0,043918
172,558	0,039784
172,596	0,041044
172,634	0,037176
172,672	0,038701
172,71	0,038184
172,748	0,035196
172,786	0,034377
172,824	0,032768
172,862	0,02972
172,9	0,026508
172,938	0,026231
172,976	0,023561
173,014	0,026739
173,052	0,025063
173,09	0,023525
173,128	0,024387
173,166	0,024457
173,204	0,022497
173,242	0,021196
173,28	0,021517
173,318	0,027015
173,356	0,026225
173,394	0,025686
173,432	0,022647
173,47	0,02184
173,508	0,021305
173,546	0,017233
173,584	0,015516
173,622	0,024008
173,66	0,021868
173,698	0,017464
173,736	0,013464
173,774	0,012255
173,812	0,010255
173,85	0,007909
173,888	0,006062
173,926	0,004332
173,964	0,004742
174,002	0,00414
174,04	0,005935
174,078	0,006729
174,116	0,005804
174,154	0,004591
174,192	0,000933
174,23	0,002064
174,268	-0,002041
174,306	-0,005882
174,344	-0,00609
174,382	-0,007118
174,42	-0,005291
174,458	-0,011875
174,496	-0,007991
174,534	-0,009452
174,572	-0,008635
174,61	-0,010966
174,648	-0,00901
174,686	-0,006023
174,724	-0,005482
174,762	-0,00403
174,8	-0,003027
174,838	-0,004617
174,876	-0,005114
174,914	-0,001286
174,952	0,000959
174,99	0,001772
175,028	0,001879
175,066	-0,000105
175,104	0,002132
175,142	0,001127
175,18	0,001648
175,218	0,00012
175,256	-0,002982
175,294	0,001034
175,332	-0,001995
175,37	-0,00075
175,408	-0,000779
175,446	-0,000356
175,484	0,000674
175,522	-0,000199
175,56	0,002113
175,598	0,008381
175,636	0,007628
175,674	0,006417
175,712	0,005073
175,75	0,002888
175,788	-0,000954
175,826	0,000945
175,864	-0,002534
175,902	-0,001599
175,94	-0,005034
175,978	-0,003032
176,016	-0,003765
176,054	-0,003931
176,092	-0,003384
176,13	-0,000078
176,168	-0,002933
176,206	-0,005519
176,244	-0,001912
176,282	0,001455
176,32	-0,002138
176,358	-0,000575
176,396	0,001883
176,434	0,005323
176,472	0,004321
176,51	0,004529
176,548	-0,000721
176,586	0,001468
176,624	0,001964
176,662	0,003653
176,7	0,004943
176,738	0,00004
176,776	0,002394
176,814	0,00508
176,852	0,011904
176,89	0,019741
176,928	0,022128
176,966	0,035899
177,004	0,03903
177,042	0,049007
177,08	0,053226
177,118	0,062287
177,156	0,066896
177,194	0,069029
177,232	0,072977
177,27	0,076372
177,308	0,078165
177,346	0,075604
177,384	0,073854
177,422	0,070715
177,46	0,072293
177,498	0,069557
177,536	0,064572
177,574	0,064984
177,612	0,064665
177,65	0,064103
177,688	0,061041
177,726	0,058692
177,764	0,054514
177,802	0,051905
177,84	0,048355
177,878	0,049836
177,916	0,051429
177,954	0,050453
177,992	0,051644
178,03	0,049851
178,068	0,048249
178,106	0,04523
178,144	0,042128
178,182	0,042222
178,22	0,038009
178,258	0,039726
178,296	0,040605
178,334	0,037888
178,372	0,036125
178,41	0,038357
178,448	0,031314
178,486	0,032805
178,524	0,030956
178,562	0,031362
178,6	0,031821
178,638	0,031474
178,676	0,026348
178,714	0,024832
178,752	0,025149
178,79	0,024747
178,828	0,02387
178,866	0,027079
178,904	0,023809
178,942	0,024851
178,98	0,027593
179,018	0,031316
179,056	0,030644
179,094	0,02778
179,132	0,026854
179,17	0,027292
179,208	0,026983
179,246	0,028402
179,284	0,028896
179,322	0,026869
179,36	0,022025
179,398	0,017209
179,436	0,022267
179,474	0,020015
179,512	0,020833
179,55	0,018974
179,588	0,015548
179,626	0,015751
179,664	0,014441
179,702	0,012309
179,74	0,013839
179,778	0,018037
179,816	0,018791
179,854	0,023314
179,892	0,016825
179,93	0,016504
179,968	0,014555
180,006	0,00952
180,044	0,010222
180,082	0,008049
180,12	0,009381
180,158	0,007857
180,196	0,008061
180,234	0,007484
180,272	0,005305
180,31	0,006838
180,348	0,007126
180,386	0,004346
180,424	0,003582
180,462	0,008208
180,5	0,006443
180,538	0,004304
180,576	0,005574
180,614	0,00787
180,652	0,006639
180,69	0,007288
180,728	0,010098
180,766	0,010686
180,804	0,005718
180,842	0,003533
180,88	0,002825
180,918	0,000282
180,956	-0,004737
180,994	-0,002627
181,032	-0,002114
181,07	-0,003879
181,108	-0,006317
181,146	-0,005528
181,184	-0,00519
181,222	-0,011173
181,26	-0,008156
181,298	-0,005917
181,336	-0,005828
181,374	-0,001869
181,412	-0,002582
181,45	-0,003981
181,488	-0,004263
181,526	-0,002
181,564	-0,000033
181,602	-0,000119
181,64	0,00044
181,678	0,006171
181,716	0,004682
181,754	0,004197
181,792	0,002493
181,83	0,003158
181,868	0,004934
181,906	0,00679
181,944	0,004674
181,982	0,004627
182,02	0,005091
182,058	0,003627
182,096	0,007318
182,134	0,006534
182,172	0,00765
182,21	0,008891
182,248	0,004027
182,286	-0,001495
182,324	-0,004606
182,362	-0,002041
182,4	0,000336
182,438	0,000209
182,476	0,000237
182,514	0,000936
182,552	-0,001369
182,59	0,000714
182,628	0,002513
182,666	0,000691
182,704	0,001124
182,742	0,002218
182,78	0,000113
182,818	-0,000413
182,856	0,000429
182,894	0,005299
182,932	0,014653
182,97	0,020355
183,008	0,032268
183,046	0,043714
183,084	0,054826
183,122	0,062829
183,16	0,066081
183,198	0,06715
183,236	0,06961
183,274	0,074252
183,312	0,073149
183,35	0,079007
183,388	0,08217
183,426	0,081416
183,464	0,084964
183,502	0,08549
183,54	0,083213
183,578	0,083567
183,616	0,08163
183,654	0,08003
183,692	0,076776
183,73	0,078072
183,768	0,076369
183,806	0,072425
183,844	0,075687
183,882	0,069752
183,92	0,067559
183,958	0,065809
183,996	0,062788
184,034	0,061381
184,072	0,059734
184,11	0,060064
184,148	0,06312
184,186	0,059542
184,224	0,058262
184,262	0,05321
184,3	0,051437
184,338	0,050991
184,376	0,044936
184,414	0,044267
184,452	0,0428
184,49	0,044603
184,528	0,045909
184,566	0,045293
184,604	0,047194
184,642	0,047256
184,68	0,049538
