0,038	0,006714
0,076	0,004498
0,114	0,003647
0,152	0,00153
0,19	0,000861
0,228	-0,00183
0,266	-0,004102
0,304	-0,002845
0,342	-0,001646
0,38	-0,005966
0,418	-0,005334
0,456	-0,004074
0,494	-0,005599
0,532	-0,002571
0,57	-0,002148
0,608	-0,001989
0,646	-0,000025
0,684	0,001568
0,722	-0,016518
0,76	-0,012438
0,798	-0,012011
0,836	-0,010359
0,874	-0,009842
0,912	-0,009901
0,95	-0,008131
0,988	-0,006953
1,026	-0,005497
1,064	-0,002591
1,102	-0,002866
1,14	-0,001682
1,178	-0,001764
1,216	-0,002774
1,254	0,000437
1,292	0,00414
1,33	0,001839
1,368	0,001786
1,406	-0,000669
1,444	-0,001052
1,482	-0,002806
1,52	-0,00578
1,558	-0,004034
1,596	-0,003301
1,634	-0,002673
1,672	-0,004118
1,71	-0,00184
1,748	-0,000053
1,786	-0,000788
1,824	-0,000439
1,862	-0,00204
1,9	-0,001965
1,938	-0,002292
1,976	-0,003113
2,014	-0,002352
2,052	-0,002561
2,09	-0,002596
2,128	-0,002322
2,166	-0,000943
2,204	-0,001657
2,242	0,000654
2,28	0,003355
2,318	0,004219
2,356	0,005395
2,394	0,003288
2,432	0,005586
2,47	0,001718
2,508	-0,00005
2,546	-0,000078
2,584	0,010253
2,622	0,021504
2,66	0,03246
2,698	0,043822
2,736	0,050713
2,774	0,057813
2,812	0,067692
2,85	0,07295
2,888	0,078045
2,926	0,085285
2,964	0,090149
3,002	0,092022
3,04	0,093947
3,078	0,092534
3,116	0,089902
3,154	0,088422
3,192	0,085654
3,23	0,079945
3,268	0,07779
3,306	0,074299
3,344	0,070639
3,382	0,069934
3,42	0,06573
3,458	0,062211
3,496	0,059424
3,534	0,055083
3,572	0,054875
3,61	0,055359
3,648	0,053685
3,686	0,052056
3,724	0,048593
3,762	0,047643
3,8	0,04694
3,838	0,043061
3,876	0,041522
3,914	0,03817
3,952	0,03707
3,99	0,035019
4,028	0,033119
4,066	0,032446
4,104	0,034012
4,142	0,032008
4,18	0,030147
4,218	0,029748
4,256	0,031786
4,294	0,03213
4,332	0,033679
4,37	0,030561
4,408	0,029448
4,446	0,029874
4,484	0,026152
4,522	0,030368
4,56	0,028315
4,598	0,025312
4,636	0,024254
4,674	0,020647
4,712	0,02125
4,75	0,018897
4,788	0,018537
4,826	0,015502
4,864	0,015554
4,902	0,017253
4,94	0,01934
4,978	0,014042
5,016	0,013475
5,054	0,010956
5,092	0,010692
5,13	0,010137
5,168	0,008075
5,206	0,009375
5,244	0,006264
5,282	0,007904
5,32	0,007824
5,358	0,007137
5,396	0,007493
5,434	0,005091
5,472	0,000775
5,51	0,002532
5,548	0,000891
5,586	0,000628
5,624	0,000488
5,662	0,000775
5,7	-0,000537
5,738	0,000327
5,776	0,000881
5,814	-0,001715
5,852	-0,000568
5,89	0,006572
5,928	0,004502
5,966	0,004743
6,004	0,004657
6,042	0,002752
6,08	0,001506
6,118	0,00064
6,156	0,001561
6,194	0,000502
6,232	0,000163
6,27	0,000188
6,308	0,002105
6,346	-0,002112
6,384	-0,002487
6,422	-0,005872
6,46	-0,004133
6,498	-0,005811
6,536	-0,006246
6,574	-0,003285
6,612	-0,003874
6,65	-0,002223
6,688	-0,000352
6,726	-0,002172
6,764	-0,00142
6,802	-0,000498
6,84	0,000768
6,878	0,002075
6,916	0,003987
6,954	0,002972
6,992	0,004997
7,03	0,0073
7,068	0,006606
7,106	0,007594
7,144	0,007401
7,182	0,005864
7,22	0,005865
7,258	0,006774
7,296	0,006352
7,334	0,007153
7,372	0,009784
7,41	0,008051
7,448	0,00695
7,486	0,005638
7,524	0,005171
7,562	0,003687
7,6	0,001078
7,638	0,002436
7,676	0,002014
7,714	0,00069
7,752	0,001521
7,79	0,00062
7,828	-0,000284
7,866	0,000443
7,904	0,002971
7,942	0,004904
7,98	0,003568
8,018	0,003446
8,056	0,000534
8,094	0,000255
8,132	-0,00164
8,17	-0,000578
8,208	0,00134
8,246	0,000898
8,284	-0,001985
8,322	0,000314
8,36	-0,001883
8,398	-0,004002
8,436	-0,003851
8,474	-0,004844
8,512	-0,007074
8,55	-0,002065
8,588	-0,002842
8,626	-0,001252
8,664	-0,004864
8,702	-0,005825
8,74	-0,002876
8,778	-0,002418
8,816	-0,00292
8,854	-0,004585
8,892	-0,002833
8,93	-0,002101
8,968	0,002537
9,006	0,003609
9,044	0,002014
9,082	0,002469
9,12	0,002
9,158	0,002282
9,196	0,001422
9,234	0,000724
9,272	0,00147
9,31	0,002552
9,348	0,002394
9,386	0,003097
9,424	0,002787
9,462	0,003976
9,5	0,001444
9,538	0,002966
9,576	0,001283
9,614	0,002975
9,652	0,010416
9,69	0,02151
9,728	0,029965
9,766	0,04079
9,804	0,046931
9,842	0,056786
9,88	0,060562
9,918	0,069772
9,956	0,07289
9,994	0,071906
10,032	0,075327
10,07	0,07911
10,108	0,082823
10,146	0,079788
10,184	0,084915
10,222	0,08264
10,26	0,081581
10,298	0,083912
10,336	0,082234
10,374	0,078345
10,412	0,07513
10,45	0,071977
10,488	0,068262
10,526	0,064289
10,564	0,062521
10,602	0,058637
10,64	0,058382
10,678	0,058583
10,716	0,061671
10,754	0,06197
10,792	0,057622
10,83	0,057638
10,868	0,054206
10,906	0,051653
10,944	0,049705
10,982	0,048013
11,02	0,046162
11,058	0,043893
11,096	0,041974
11,134	0,040143
11,172	0,037643
11,21	0,034384
11,248	0,032097
11,286	0,030163
11,324	0,029426
11,362	0,030216
11,4	0,028734
11,438	0,027879
11,476	0,025569
11,514	0,023125
11,552	0,022539
11,59	0,021194
11,628	0,017854
11,666	0,019763
11,704	0,019407
11,742	0,020496
11,78	0,018715
11,818	0,018948
11,856	0,019945
11,894	0,018664
11,932	0,018204
11,97	0,018259
12,008	0,017428
12,046	0,01483
12,084	0,011878
12,122	0,011015
12,16	0,014629
12,198	0,013741
12,236	0,011137
12,274	0,011457
12,312	0,008045
12,35	0,003846
12,388	0,001215
12,426	0,002343
12,464	0,002652
12,502	0,001299
12,54	-0,000399
12,578	0,000492
12,616	0,001724
12,654	0,004308
12,692	0,004404
12,73	0,001948
12,768	0,000822
12,806	0,000387
12,844	0,002981
12,882	0,001773
12,92	0,000858
12,958	-0,000632
12,996	0,000394
13,034	0,000927
13,072	0,002532
13,11	-0,00055
13,148	-0,000873
13,186	-0,000141
13,224	0,000522
13,262	-0,000721
13,3	-0,002019
13,338	-0,002791
13,376	-0,003164
13,414	-0,004395
13,452	-0,005682
13,49	-0,004553
13,528	-0,00241
13,566	-0,001025
13,604	-0,000796
13,642	-0,00313
13,68	-0,003392
13,718	-0,004199
13,756	-0,000364
13,794	-0,000451
13,832	-0,003087
13,87	-0,001836
13,908	-0,00353
13,946	-0,003428
13,984	-0,003556
14,022	-0,006139
14,06	-0,005037
14,098	-0,00401
14,136	-0,004194
14,174	-0,005047
14,212	-0,004852
14,25	-0,003992
14,288	-0,002866
14,326	-0,006263
14,364	-0,004423
14,402	-0,004097
14,44	-0,007954
14,478	-0,00423
14,516	-0,006019
14,554	-0,006482
14,592	-0,006543
14,63	-0,008174
14,668	-0,006399
14,706	-0,005107
14,744	-0,000746
14,782	-0,003964
14,82	-0,002183
14,858	-0,003204
14,896	-0,004892
14,934	-0,00507
14,972	-0,003088
15,01	-0,001013
15,048	-0,000141
15,086	0,000103
15,124	-0,000333
15,162	-0,000797
15,2	-0,000498
15,238	-0,002091
15,276	-0,001899
15,314	-0,003956
15,352	-0,004442
15,39	-0,004414
15,428	-0,004786
15,466	-0,004043
15,504	-0,003041
15,542	0,00062
15,58	0,003749
15,618	0,002173
15,656	0,002288
15,694	0,002148
15,732	0,000844
15,77	0,000895
15,808	0,003474
15,846	0,004296
15,884	0,00383
15,922	0,005649
15,96	0,003395
15,998	0,00502
16,036	0,009355
16,074	0,01486
16,112	0,023779
16,15	0,028066
16,188	0,040741
16,226	0,048302
16,264	0,058092
16,302	0,063016
16,34	0,068635
16,378	0,074456
16,416	0,077875
16,454	0,07955
16,492	0,080074
16,53	0,082212
16,568	0,081421
16,606	0,079237
16,644	0,078883
16,682	0,080671
16,72	0,074029
16,758	0,071269
16,796	0,071642
16,834	0,070008
16,872	0,068369
16,91	0,06287
16,948	0,059606
16,986	0,0601
17,024	0,058066
17,062	0,054645
17,1	0,049533
17,138	0,048745
17,176	0,045773
17,214	0,044518
17,252	0,042818
17,29	0,042947
17,328	0,042229
17,366	0,039603
17,404	0,038512
17,442	0,040098
17,48	0,037721
17,518	0,038245
17,556	0,034907
17,594	0,030318
17,632	0,030836
17,67	0,032345
17,708	0,027913
17,746	0,028476
17,784	0,02264
17,822	0,024071
17,86	0,021607
17,898	0,020896
17,936	0,022798
17,974	0,020971
18,012	0,021329
18,05	0,021542
18,088	0,020641
18,126	0,019979
18,164	0,019635
18,202	0,020958
18,24	0,019927
18,278	0,018399
18,316	0,015423
18,354	0,013405
18,392	0,014131
18,43	0,017002
18,468	0,016506
18,506	0,013178
18,544	0,010238
18,582	0,009652
18,62	0,007406
18,658	0,00913
18,696	0,011184
18,734	0,01156
18,772	0,009393
18,81	0,008367
18,848	0,0068
18,886	0,00644
18,924	0,004267
18,962	0,003787
19	0,003052
19,038	0,002894
19,076	0,002553
19,114	0,00264
19,152	0,000894
19,19	0,000193
19,228	0,001476
19,266	-0,000234
19,304	-0,004298
19,342	-0,002611
19,38	-0,000343
19,418	0,001368
19,456	0,002911
19,494	0,000507
19,532	0,002157
19,57	0,00394
19,608	0,005001
19,646	0,004019
19,684	0,000888
19,722	0,000036
19,76	0,000994
19,798	-0,000936
19,836	-0,000202
19,874	0,002616
19,912	-0,000668
19,95	-0,000803
19,988	-0,002508
20,026	-0,003319
20,064	-0,004841
20,102	-0,004998
20,14	-0,004354
20,178	-0,003419
20,216	-0,004733
20,254	-0,003344
20,292	-0,001004
20,33	-0,001193
20,368	-0,001075
20,406	-0,003313
20,444	-0,005556
20,482	-0,005646
20,52	-0,004535
20,558	-0,003675
20,596	-0,002816
20,634	-0,002497
20,672	-0,000385
20,71	-0,005589
20,748	-0,005386
20,786	-0,003947
20,824	-0,001316
20,862	0,000764
20,9	-0,000933
20,938	-0,002384
20,976	-0,002095
21,014	-0,003149
21,052	-0,003069
21,09	-0,004131
21,128	-0,005434
21,166	-0,004898
21,204	-0,007873
21,242	-0,007837
21,28	-0,010476
21,318	-0,008788
21,356	-0,007022
21,394	-0,004146
21,432	-0,003189
21,47	-0,004824
21,508	-0,003892
21,546	-0,005343
21,584	-0,004885
21,622	-0,002893
21,66	-0,001798
21,698	-0,000071
21,736	0,000466
21,774	0,003106
21,812	0,004691
21,85	0,005902
21,888	0,00513
21,926	0,006518
21,964	0,006519
22,002	0,007167
22,04	0,004547
22,078	0,006157
22,116	0,004959
22,154	0,005908
22,192	0,009386
22,23	0,00651
22,268	0,005986
22,306	0,004228
22,344	0,003161
22,382	0,001496
22,42	-0,002378
22,458	-0,002184
22,496	-0,000715
22,534	-0,002416
22,572	-0,003018
22,61	-0,001035
22,648	-0,00227
22,686	0,000066
22,724	0,001298
22,762	0,000863
22,8	-0,000658
22,838	-0,001783
22,876	-0,0012
22,914	0,000799
22,952	-0,000007
22,99	0,002934
23,028	0,011238
23,066	0,02122
23,104	0,030457
23,142	0,043179
23,18	0,048572
23,218	0,057021
23,256	0,064821
23,294	0,076646
23,332	0,080119
23,37	0,082081
23,408	0,08103
23,446	0,077946
23,484	0,07774
23,522	0,076486
23,56	0,076541
23,598	0,073787
23,636	0,076326
23,674	0,074915
23,712	0,074129
23,75	0,071385
23,788	0,069202
23,826	0,06878
23,864	0,066757
23,902	0,06869
23,94	0,063716
23,978	0,062826
24,016	0,059158
24,054	0,057046
24,092	0,0553
24,13	0,050127
24,168	0,047356
24,206	0,044685
24,244	0,043315
24,282	0,040003
24,32	0,038689
24,358	0,035297
24,396	0,030857
24,434	0,032251
24,472	0,030475
24,51	0,027079
24,548	0,027661
24,586	0,02827
24,624	0,028567
24,662	0,023324
24,7	0,022884
24,738	0,018665
24,776	0,019739
24,814	0,015811
24,852	0,01386
24,89	0,013125
24,928	0,014361
24,966	0,015345
25,004	0,017794
25,042	0,01425
25,08	0,008925
25,118	0,009756
25,156	0,012165
25,194	0,010933
25,232	0,012513
25,27	0,014032
25,308	0,011977
25,346	0,010529
25,384	0,004931
25,422	0,003188
25,46	0,001912
25,498	0,004418
25,536	0,00071
25,574	-0,000473
25,612	0,000518
25,65	-0,00005
25,688	-0,001607
25,726	0,002176
25,764	0,005607
25,802	0,006231
25,84	0,005449
25,878	0,002205
25,916	0,00229
25,954	0,002027
25,992	0,005123
26,03	-0,000107
26,068	-0,000494
26,106	-0,000185
26,144	0,002252
26,182	0,002765
26,22	0,00164
26,258	0,002514
26,296	0,003784
26,334	0,000979
26,372	0,000379
26,41	0,003028
26,448	0,002915
26,486	0,002993
26,524	0,004357
26,562	0,003476
26,6	0,003132
26,638	0,002309
26,676	0,003857
26,714	0,001285
26,752	0,003062
26,79	0,001532
26,828	-0,000769
26,866	-0,002487
26,904	-0,003721
26,942	-0,007491
26,98	-0,003169
27,018	-0,001796
27,056	0,000745
27,094	-0,002802
27,132	-0,006059
27,17	-0,004374
27,208	-0,006197
27,246	-0,002147
27,284	-0,001468
27,322	-0,000934
27,36	-0,000227
27,398	0,00096
27,436	0,003383
27,474	0,002083
27,512	0,001227
27,55	-0,001783
27,588	-0,000904
27,626	0,002523
27,664	0,003606
27,702	0,001907
27,74	0,000382
27,778	0,002533
27,816	0,001675
27,854	-0,000078
27,892	0,001251
27,93	-0,001634
27,968	-0,000106
28,006	0,000283
28,044	0,001292
28,082	0,001851
28,12	0,000563
28,158	0,001503
28,196	0,000374
28,234	-0,000616
28,272	-0,002083
28,31	-0,003105
28,348	-0,001609
28,386	-0,004091
28,424	-0,005487
28,462	-0,006273
28,5	-0,008407
28,538	-0,007911
28,576	-0,006292
28,614	-0,003701
28,652	-0,005193
28,69	-0,004589
28,728	-0,002885
28,766	-0,003556
28,804	-0,004088
28,842	0,006166
28,88	0,014977
28,918	0,024614
28,956	0,031477
28,994	0,038405
29,032	0,045893
29,07	0,053
29,108	0,057723
29,146	0,065154
29,184	0,067272
29,222	0,069297
29,26	0,07095
29,298	0,072164
29,336	0,072592
29,374	0,071696
29,412	0,072023
29,45	0,0688
29,488	0,068637
29,526	0,069572
29,564	0,068795
29,602	0,063769
29,64	0,060716
29,678	0,062255
29,716	0,058512
29,754	0,055422
29,792	0,052364
29,83	0,050517
29,868	0,046967
29,906	0,047123
29,944	0,04785
29,982	0,047194
30,02	0,046403
30,058	0,042668
30,096	0,039796
30,134	0,03645
30,172	0,038506
30,21	0,037467
30,248	0,034496
30,286	0,036102
30,324	0,034395
30,362	0,033704
30,4	0,036691
30,438	0,035233
30,476	0,036061
30,514	0,034469
30,552	0,028669
30,59	0,026919
30,628	0,022385
30,666	0,023077
30,704	0,021158
30,742	0,022025
30,78	0,019446
30,818	0,01854
30,856	0,016355
30,894	0,019626
30,932	0,022971
30,97	0,022487
31,008	0,019464
31,046	0,019122
31,084	0,018038
31,122	0,018961
31,16	0,018164
31,198	0,019579
31,236	0,022151
31,274	0,018951
31,312	0,017784
31,35	0,016988
31,388	0,019589
31,426	0,017088
31,464	0,015274
31,502	0,01295
31,54	0,011541
31,578	0,011865
31,616	0,008731
31,654	0,007304
31,692	0,004332
31,73	0,002407
31,768	0,001226
31,806	0,002013
31,844	0,000837
31,882	-0,001664
31,92	0,000398
31,958	-0,001366
31,996	-0,001823
32,034	0,001514
32,072	0,003718
32,11	0,005624
32,148	0,007955
32,186	0,003711
32,224	0,00805
32,262	0,006058
32,3	0,005377
32,338	0,00616
32,376	0,005789
32,414	0,002647
32,452	0,001687
32,49	0,003042
32,528	0,001202
32,566	-0,000874
32,604	-0,001667
32,642	-0,001651
32,68	-0,001431
32,718	-0,002859
32,756	0,001069
32,794	0,004063
32,832	0,004471
32,87	0,003833
32,908	0,005794
32,946	0,004458
32,984	0,004152
33,022	0,001236
33,06	0,000846
33,098	0,001324
33,136	0,003701
33,174	0,003856
33,212	0,002224
33,25	0,00511
33,288	0,003975
33,326	0,001576
33,364	-0,001068
33,402	-0,000194
33,44	-0,001564
33,478	-0,002173
33,516	-0,004298
33,554	-0,007514
33,592	-0,00732
33,63	-0,006539
33,668	-0,005275
33,706	-0,003777
33,744	-0,005558
33,782	-0,004388
33,82	-0,00352
33,858	-0,003289
33,896	-0,00151
33,934	-0,000989
33,972	-0,000326
34,01	0,000538
34,048	0,000553
34,086	0,00054
34,124	-0,000259
34,162	-0,002344
34,2	-0,003122
34,238	-0,002268
34,276	0,002436
34,314	0,004059
34,352	0,001644
34,39	0,000462
34,428	0,003015
34,466	0,004124
34,504	0,007301
34,542	0,009138
34,58	0,009907
34,618	0,010383
34,656	0,009474
34,694	0,006101
34,732	0,005098
34,77	0,003386
34,808	0,003929
34,846	0,005999
34,884	0,005642
34,922	0,008833
34,96	0,008175
34,998	0,008061
35,036	0,007591
35,074	0,005511
35,112	0,00719
35,15	0,004556
35,188	0,007389
35,226	0,004561
35,264	0,004433
35,302	0,001785
35,34	0,001594
35,378	0,004241
35,416	0,004017
35,454	0,011011
35,492	0,01634
35,53	0,024747
35,568	0,03324
35,606	0,043505
35,644	0,052264
35,682	0,057736
35,72	0,065499
35,758	0,072313
35,796	0,075072
35,834	0,076851
35,872	0,078879
35,91	0,080094
35,948	0,08365
35,986	0,081334
36,024	0,087823
36,062	0,090186
36,1	0,095034
36,138	0,096502
36,176	0,099673
36,214	0,09797
36,252	0,0955
36,29	0,096685
36,328	0,091426
36,366	0,085799
36,404	0,085049
36,442	0,082435
36,48	0,081376
36,518	0,077823
36,556	0,076794
36,594	0,073821
36,632	0,074757
36,67	0,072732
36,708	0,073729
36,746	0,071713
36,784	0,067282
36,822	0,065313
36,86	0,061772
36,898	0,05926
36,936	0,053466
36,974	0,050349
37,012	0,050805
37,05	0,04777
37,088	0,045616
37,126	0,042662
37,164	0,042482
37,202	0,03866
37,24	0,039293
37,278	0,038182
37,316	0,037369
37,354	0,03816
37,392	0,03591
37,43	0,034834
37,468	0,032992
37,506	0,02789
37,544	0,027547
37,582	0,028052
37,62	0,025827
37,658	0,024564
37,696	0,019224
37,734	0,017544
37,772	0,018426
37,81	0,018381
37,848	0,01863
37,886	0,018864
37,924	0,018243
37,962	0,012255
38	0,010166
38,038	0,011427
38,076	0,010421
38,114	0,011632
38,152	0,014241
38,19	0,012578
38,228	0,013305
38,266	0,015126
38,304	0,01681
38,342	0,013603
38,38	0,010829
38,418	0,006894
38,456	0,00259
38,494	0,003477
38,532	0,004202
38,57	0,00653
38,608	0,005295
38,646	0,002766
38,684	0,00441
38,722	0,004444
38,76	0,004032
38,798	0,000629
38,836	0,000201
38,874	-0,003977
38,912	-0,004837
38,95	-0,005527
38,988	-0,004257
39,026	-0,004916
39,064	-0,00519
39,102	-0,005897
39,14	-0,004764
39,178	-0,003166
39,216	-0,004903
39,254	-0,002761
39,292	-0,001129
39,33	0,00071
39,368	0,0012
39,406	0,001671
39,444	-0,001432
39,482	-0,001568
39,52	-0,002718
39,558	-0,004242
39,596	-0,002982
39,634	-0,003609
39,672	-0,006642
39,71	-0,004917
39,748	-0,006034
39,786	-0,004755
39,824	-0,001959
39,862	-0,002493
39,9	-0,004809
39,938	-0,004611
39,976	-0,005477
40,014	-0,006117
40,052	-0,007808
40,09	-0,00718
40,128	-0,004931
40,166	-0,004272
40,204	-0,003532
40,242	-0,002809
40,28	0,000412
40,318	-0,001492
40,356	-0,001344
40,394	-0,000943
40,432	0,000219
40,47	-0,000716
40,508	-0,000532
40,546	-0,002829
40,584	-0,000371
40,622	-0,00181
40,66	-0,002429
40,698	-0,000797
40,736	0,000996
40,774	0,002708
40,812	0,002437
40,85	0,004444
40,888	0,004074
40,926	0,004035
40,964	0,004315
41,002	0,000766
41,04	0,002399
41,078	0,002229
41,116	0,003592
41,154	0,003408
41,192	0,003906
41,23	0,001819
41,268	-0,001811
41,306	-0,004829
41,344	-0,003974
41,382	-0,002943
41,42	-0,002957
41,458	-0,000509
41,496	-0,002119
41,534	-0,00384
41,572	-0,003989
41,61	-0,005955
41,648	-0,008315
41,686	-0,002761
41,724	-0,005559
41,762	-0,00477
41,8	-0,003997
41,838	-0,004775
41,876	-0,005467
41,914	-0,004553
41,952	-0,00282
41,99	0,000017
42,028	-0,000127
42,066	-0,001627
42,104	-0,003955
42,142	-0,007096
42,18	-0,006887
42,218	-0,005745
42,256	-0,002504
42,294	0,002389
42,332	0,00959
42,37	0,019435
42,408	0,028208
42,446	0,038625
42,484	0,046886
42,522	0,056276
42,56	0,059614
42,598	0,065742
42,636	0,068219
42,674	0,070717
42,712	0,073231
42,75	0,074816
42,788	0,074
42,826	0,071623
42,864	0,072199
42,902	0,06767
42,94	0,066767
42,978	0,0647
43,016	0,062359
43,054	0,064209
43,092	0,062489
43,13	0,060304
43,168	0,057777
43,206	0,056508
43,244	0,057616
43,282	0,055537
43,32	0,052148
43,358	0,051456
43,396	0,049174
43,434	0,048278
43,472	0,044326
43,51	0,041276
43,548	0,039917
43,586	0,040302
43,624	0,040669
43,662	0,040938
43,7	0,036956
43,738	0,035253
43,776	0,033334
43,814	0,029604
43,852	0,028967
43,89	0,028747
43,928	0,027924
43,966	0,028064
44,004	0,037764
44,042	0,042194
44,08	0,050937
44,118	0,055904
44,156	0,059807
44,194	0,063257
44,232	0,066503
44,27	0,066358
44,308	0,066198
44,346	0,065813
44,384	0,067
44,422	0,066868
44,46	0,064829
44,498	0,065165
44,536	0,06626
44,574	0,06803
44,612	0,065373
44,65	0,062916
44,688	0,058522
44,726	0,056904
44,764	0,054235
44,802	0,054476
44,84	0,051367
44,878	0,047547
44,916	0,046998
44,954	0,045151
44,992	0,040406
45,03	0,038777
45,068	0,036236
45,106	0,032266
45,144	0,030905
45,182	0,029462
45,22	0,030151
45,258	0,027648
45,296	0,025861
45,334	0,025443
45,372	0,023684
45,41	0,01941
45,448	0,018695
45,486	0,014356
45,524	0,013389
45,562	0,010619
45,6	0,011011
45,638	0,008402
45,676	0,008384
45,714	0,011375
45,752	0,011203
45,79	0,012163
45,828	0,009472
45,866	0,004402
45,904	0,002944
45,942	0,003287
45,98	0,00312
46,018	0,00262
46,056	-0,00071
46,094	-0,002963
46,132	-0,003472
46,17	-0,007354
46,208	-0,009763
46,246	-0,008055
46,284	-0,005367
46,322	-0,005586
46,36	-0,007869
46,398	-0,006057
46,436	-0,00568
46,474	-0,003246
46,512	-0,001717
46,55	0,001968
46,588	0,003593
46,626	-0,000848
46,664	-0,001211
46,702	0,00018
46,74	-0,000611
46,778	-0,002142
46,816	-0,002784
46,854	-0,00444
46,892	-0,005395
46,93	-0,006323
46,968	-0,005712
47,006	-0,007771
47,044	-0,006475
47,082	-0,005958
47,12	-0,004802
47,158	-0,007747
47,196	-0,007316
47,234	-0,004264
47,272	-0,003928
47,31	-0,007862
47,348	-0,005166
47,386	-0,002986
47,424	-0,00398
47,462	-0,004344
47,5	-0,003757
47,538	-0,004143
47,576	-0,001259
47,614	-0,001593
47,652	-0,000513
47,69	-0,00359
47,728	-0,0004
47,766	-0,001344
47,804	-0,003653
47,842	-0,004469
47,88	-0,000179
47,918	-0,001297
47,956	-0,000095
47,994	0,00225
48,032	0,002963
48,07	0,006797
48,108	0,00689
48,146	0,009178
48,184	0,011087
48,222	0,009585
48,26	0,006892
48,298	0,007086
48,336	0,006226
48,374	0,003935
48,412	0,003038
48,45	0,001489
48,488	0,002369
48,526	-0,002445
48,564	-0,00241
48,602	-0,00271
48,64	-0,000273
48,678	0,001459
48,716	0,001102
48,754	-0,000943
48,792	-0,0009
48,83	-0,000502
48,868	-0,002141
48,906	-0,003959
48,944	-0,002392
48,982	-0,001901
49,02	-0,002473
49,058	-0,00022
49,096	0,001357
49,134	0,004097
49,172	0,00547
49,21	0,004116
49,248	0,001495
49,286	0,003863
49,324	0,002469
49,362	0,001367
49,4	0,002879
49,438	0,001293
49,476	0,001538
49,514	0,000068
49,552	0,000498
49,59	-0,001815
49,628	-0,003938
49,666	-0,00431
49,704	-0,000858
49,742	-0,001706
49,78	0,001655
49,818	0,003883
49,856	0,004308
49,894	0,002078
49,932	0,000622
49,97	0,002919
50,008	0,004955
50,046	0,007637
50,084	0,009862
50,122	0,016026
50,16	0,021911
50,198	0,029724
50,236	0,037706
50,274	0,041773
50,312	0,047
50,35	0,05431
50,388	0,05985
50,426	0,065996
50,464	0,065519
50,502	0,068881
50,54	0,06774
50,578	0,066151
50,616	0,070968
50,654	0,068183
50,692	0,064368
50,73	0,063109
50,768	0,060773
50,806	0,059921
50,844	0,057491
50,882	0,055826
50,92	0,055917
50,958	0,053189
50,996	0,051623
51,034	0,048126
51,072	0,046657
51,11	0,047946
51,148	0,045561
51,186	0,043157
51,224	0,043541
51,262	0,040492
51,3	0,037233
51,338	0,034063
51,376	0,032346
51,414	0,029414
51,452	0,026727
51,49	0,026145
51,528	0,029033
51,566	0,029007
51,604	0,01966
51,642	0,01831
51,68	0,01918
51,718	0,017782
51,756	0,01705
51,794	0,01808
51,832	0,019533
51,87	0,019866
51,908	0,020396
51,946	0,018543
51,984	0,019596
52,022	0,019298
52,06	0,02129
52,098	0,024101
52,136	0,024829
52,174	0,025728
52,212	0,023795
52,25	0,019083
52,288	0,017552
52,326	0,016711
52,364	0,016012
52,402	0,014653
52,44	0,011844
52,478	0,014089
52,516	0,012664
52,554	0,014202
52,592	0,00943
52,63	0,004045
52,668	0,004797
52,706	0,008123
52,744	0,005674
52,782	0,009139
52,82	0,009091
52,858	0,006913
52,896	0,005563
52,934	0,00408
52,972	0,005981
53,01	0,00357
53,048	0,002891
53,086	0,002055
53,124	0,004794
53,162	0,004159
53,2	0,002972
53,238	0,003955
53,276	0,005014
53,314	0,003291
53,352	0,004696
53,39	0,006018
53,428	0,00624
53,466	0,005895
53,504	0,003144
53,542	0,003309
53,58	0,00675
53,618	0,005502
53,656	0,001837
53,694	0,002414
53,732	0,002893
53,77	0,000802
53,808	0,000331
53,846	0,000778
53,884	-0,000773
53,922	-0,00092
53,96	-0,001832
53,998	-0,00126
54,036	-0,002047
54,074	-0,002706
54,112	-0,003472
54,15	-0,003119
54,188	-0,005164
54,226	-0,005053
54,264	-0,002641
54,302	-0,005489
54,34	-0,007252
54,378	-0,006094
54,416	-0,007308
54,454	-0,007725
54,492	-0,006056
54,53	-0,004302
54,568	-0,002996
54,606	0,001177
54,644	0,001588
54,682	0,005971
54,72	0,006424
54,758	0,008289
54,796	0,006005
54,834	0,005256
54,872	0,003791
54,91	0,003719
54,948	0,004198
54,986	0,004306
55,024	0,005365
55,062	0,005174
55,1	0,002652
55,138	0,001356
55,176	0,000817
55,214	0,0006
55,252	0,002295
55,29	0,003406
55,328	0,003257
55,366	0,002583
55,404	0,003116
55,442	0,001881
55,48	-0,000257
55,518	0,002832
55,556	0,00163
55,594	0,001684
55,632	0,003816
55,67	0,002515
55,708	0,001186
55,746	-0,000861
55,784	-0,002157
55,822	-0,000149
55,86	-0,000037
55,898	0,000626
55,936	0,001702
55,974	-0,001258
56,012	0,003055
56,05	0,002689
56,088	0,001265
56,126	0,001478
56,164	0,002007
56,202	0,0057
56,24	0,004516
56,278	0,002154
56,316	0,00068
56,354	0,003318
56,392	0,002476
56,43	0,00113
56,468	0,00362
56,506	0,005385
56,544	0,003039
56,582	0,000639
56,62	0,001445
56,658	0,001739
56,696	-0,002335
56,734	-0,005042
56,772	-0,004753
56,81	-0,006013
56,848	-0,00496
56,886	-0,003162
56,924	-0,005261
56,962	-0,003126
57	-0,003817
57,038	-0,002946
57,076	-0,000432
57,114	0,001706
57,152	0,003835
57,19	0,003611
57,228	0,004825
57,266	0,005407
57,304	0,007027
57,342	0,007944
57,38	0,008971
57,418	0,010222
57,456	0,006922
57,494	0,008541
57,532	0,011844
57,57	0,01094
57,608	0,012325
57,646	0,009615
57,684	0,009937
57,722	0,009299
57,76	0,007345
57,798	0,003906
57,836	0,005627
57,874	0,006623
57,912	0,00841
57,95	0,009025
57,988	0,01119
58,026	0,009206
58,064	0,008569
58,102	0,007437
58,14	0,006331
58,178	0,00342
58,216	0,007836
58,254	0,011451
58,292	0,019013
58,33	0,025105
58,368	0,038801
58,406	0,045192
58,444	0,051355
58,482	0,054809
58,52	0,061717
58,558	0,066917
58,596	0,070097
58,634	0,071731
58,672	0,073393
58,71	0,073553
58,748	0,073037
58,786	0,067569
58,824	0,067085
58,862	0,066559
58,9	0,064211
58,938	0,062531
58,976	0,061358
59,014	0,059432
59,052	0,055841
59,09	0,056303
59,128	0,053426
59,166	0,052654
59,204	0,05206
59,242	0,050351
59,28	0,049199
59,318	0,049376
59,356	0,046439
59,394	0,043963
59,432	0,041046
59,47	0,041414
59,508	0,039503
59,546	0,038138
59,584	0,037401
59,622	0,033746
59,66	0,033152
59,698	0,031484
59,736	0,029189
59,774	0,02676
59,812	0,025614
59,85	0,024964
59,888	0,02064
59,926	0,022528
59,964	0,025636
60,002	0,025324
60,04	0,020828
60,078	0,021679
60,116	0,024824
60,154	0,024825
60,192	0,024432
60,23	0,02289
60,268	0,022874
60,306	0,021647
60,344	0,01786
60,382	0,013908
60,42	0,015843
60,458	0,013249
60,496	0,008599
60,534	0,009049
60,572	0,008872
60,61	0,006873
60,648	0,005587
60,686	0,004672
60,724	0,004198
60,762	0,003224
60,8	0,00136
60,838	0,003779
60,876	0,006802
60,914	0,005957
60,952	0,004463
60,99	0,004163
61,028	0,005023
61,066	0,005416
61,104	0,006508
61,142	0,008955
61,18	0,007984
61,218	0,007687
61,256	0,00795
61,294	0,005614
61,332	0,005584
61,37	0,00319
61,408	0,004083
61,446	0,001516
61,484	0,000709
61,522	-0,001717
61,56	-0,002415
61,598	-0,00259
61,636	-0,004583
61,674	-0,005877
61,712	-0,009062
61,75	-0,010045
61,788	-0,009073
61,826	-0,006136
61,864	-0,018455
61,902	-0,015285
61,94	-0,010274
61,978	-0,008555
62,016	-0,004832
62,054	-0,004838
62,092	-0,002936
62,13	-0,002801
62,168	-0,002523
62,206	-0,002303
62,244	-0,000262
62,282	0,007814
62,32	0,011442
62,358	0,017393
62,396	0,027617
62,434	0,036896
62,472	0,046219
62,51	0,05279
62,548	0,060393
62,586	0,063882
62,624	0,069497
62,662	0,071644
62,7	0,071657
62,738	0,071299
62,776	0,070978
62,814	0,071779
62,852	0,072548
62,89	0,072682
62,928	0,067229
62,966	0,065129
63,004	0,062359
63,042	0,060647
63,08	0,059726
63,118	0,055618
63,156	0,054806
63,194	0,055193
63,232	0,05579
63,27	0,052018
63,308	0,050521
63,346	0,048812
63,384	0,048936
63,422	0,049617
63,46	0,049492
63,498	0,047044
63,536	0,042931
63,574	0,04272
63,612	0,038974
63,65	0,033173
63,688	0,030649
63,726	0,029221
63,764	0,03119
63,802	0,028985
63,84	0,024938
63,878	0,02404
63,916	0,021905
63,954	0,020841
63,992	0,019794
64,03	0,017448
64,068	0,019136
64,106	0,019228
64,144	0,020663
64,182	0,016745
64,22	0,013506
64,258	0,015284
64,296	0,01261
64,334	0,014856
64,372	0,016502
64,41	0,013979
64,448	0,012683
64,486	0,009734
64,524	0,008475
64,562	0,004509
64,6	0,003674
64,638	0,002242
64,676	0,004424
64,714	0,002606
64,752	0,001498
64,79	0,004428
64,828	0,003666
64,866	0,003649
64,904	0,00416
64,942	0,005805
64,98	0,0052
65,018	0,007232
65,056	0,00293
65,094	0,000634
65,132	-0,000001
65,17	-0,002189
65,208	-0,001641
65,246	0,001959
65,284	-0,000217
65,322	0,00135
65,36	0,000866
65,398	0,00214
65,436	0,004127
65,474	0,003385
65,512	0,00471
65,55	0,003065
65,588	-0,001868
65,626	-0,001567
65,664	-0,002617
65,702	-0,002644
65,74	-0,003705
65,778	0,003868
65,816	0,013038
65,854	0,021342
65,892	0,028708
65,93	0,039106
65,968	0,049518
66,006	0,0564
66,044	0,059134
66,082	0,066088
66,12	0,068879
66,158	0,070629
66,196	0,068149
66,234	0,07074
66,272	0,069042
66,31	0,067907
66,348	0,065264
66,386	0,065446
66,424	0,06057
66,462	0,056364
66,5	0,05376
66,538	0,050036
66,576	0,045292
66,614	0,046318
66,652	0,043624
66,69	0,044156
66,728	0,044382
66,766	0,043873
66,804	0,043545
66,842	0,044152
66,88	0,044132
66,918	0,042762
66,956	0,041195
66,994	0,040382
67,032	0,039886
67,07	0,036502
67,108	0,033045
67,146	0,02861
67,184	0,030809
67,222	0,035654
67,26	0,044834
67,298	0,048147
67,336	0,051857
67,374	0,057911
67,412	0,062837
67,45	0,065385
67,488	0,068111
67,526	0,069801
67,564	0,073961
67,602	0,073203
67,64	0,072098
67,678	0,071621
67,716	0,074688
67,754	0,07044
67,792	0,064033
67,83	0,061138
67,868	0,057472
67,906	0,052599
67,944	0,052156
67,982	0,049865
68,02	0,044989
68,058	0,041785
68,096	0,045746
68,134	0,043861
68,172	0,045497
68,21	0,045058
68,248	0,042593
68,286	0,041823
68,324	0,03593
68,362	0,035739
68,4	0,035668
68,438	0,03559
68,476	0,037499
68,514	0,035647
68,552	0,031928
68,59	0,026812
68,628	0,026698
68,666	0,025356
68,704	0,020602
68,742	0,017005
68,78	0,016909
68,818	0,016012
68,856	0,014817
68,894	0,012385
68,932	0,011631
68,97	0,010396
69,008	0,01268
69,046	0,009791
69,084	0,010232
69,122	0,00917
69,16	0,008604
69,198	0,007668
69,236	0,005558
69,274	0,006822
69,312	0,008276
69,35	0,007247
69,388	0,00522
69,426	0,00402
69,464	0,003809
69,502	0,005027
69,54	0,004348
69,578	0,005445
69,616	0,004492
69,654	0,001977
69,692	-0,002084
69,73	-0,00612
69,768	-0,00518
69,806	-0,002948
69,844	-0,003074
69,882	-0,004755
69,92	-0,001679
69,958	-0,001483
69,996	-0,003195
70,034	-0,005354
70,072	-0,003227
70,11	-0,0023
70,148	-0,003585
70,186	-0,004877
70,224	-0,00504
70,262	-0,004272
70,3	-0,005214
70,338	-0,006484
70,376	-0,005021
70,414	-0,00426
70,452	-0,003206
70,49	-0,00213
70,528	-0,004398
70,566	-0,005335
70,604	-0,006739
70,642	-0,00526
70,68	-0,0034
70,718	-0,002055
70,756	-0,002404
70,794	-0,002935
70,832	-0,002874
70,87	-0,001625
70,908	-0,001841
70,946	-0,002612
70,984	-0,001924
71,022	-0,002037
71,06	-0,000363
71,098	0,003704
71,136	0,001578
71,174	0,003853
71,212	0,005882
71,25	0,003296
71,288	0,001964
71,326	0,001981
71,364	0,000541
71,402	-0,002679
71,44	-0,002251
71,478	-0,002609
71,516	-0,005543
71,554	-0,008587
71,592	-0,00834
71,63	-0,010279
71,668	-0,00982
71,706	-0,011928
71,744	-0,009239
71,782	-0,005951
71,82	-0,002785
71,858	-0,000857
71,896	-0,005097
71,934	-0,006937
71,972	-0,006221
72,01	-0,004882
72,048	-0,007029
72,086	-0,005995
72,124	-0,003606
72,162	-0,006869
72,2	-0,006588
72,238	-0,005568
72,276	-0,003896
72,314	-0,003181
72,352	-0,004845
72,39	0,00037
72,428	-0,002017
72,466	-0,003214
72,504	-0,003471
72,542	-0,006037
72,58	-0,005006
72,618	-0,0047
72,656	-0,004686
72,694	-0,001872
72,732	0,001451
72,77	0,000788
72,808	-0,001241
72,846	-0,002193
72,884	-0,001857
72,922	0,000032
72,96	-0,002978
72,998	-0,003906
73,036	-0,00152
73,074	-0,004032
73,112	-0,003489
73,15	-0,00329
73,188	-0,004124
73,226	-0,00277
73,264	0,000223
73,302	0,009737
73,34	0,018028
73,378	0,027469
73,416	0,038302
73,454	0,049585
73,492	0,057438
73,53	0,061787
73,568	0,067035
73,606	0,070331
73,644	0,071967
73,682	0,071298
73,72	0,068854
73,758	0,068032
73,796	0,067494
73,834	0,065198
73,872	0,061183
73,91	0,057957
73,948	0,057238
73,986	0,055766
74,024	0,052432
74,062	0,051227
74,1	0,051384
74,138	0,049706
74,176	0,046466
74,214	0,047061
74,252	0,046011
74,29	0,044793
74,328	0,041313
74,366	0,03941
74,404	0,038592
74,442	0,036283
74,48	0,033447
74,518	0,031454
74,556	0,029099
74,594	0,030563
74,632	0,03098
74,67	0,029517
74,708	0,030342
74,746	0,028288
74,784	0,027564
74,822	0,024136
74,86	0,02422
74,898	0,021461
74,936	0,020728
74,974	0,020699
75,012	0,020057
75,05	0,017579
75,088	0,017654
75,126	0,016659
75,164	0,016013
75,202	0,013444
75,24	0,013842
75,278	0,013287
75,316	0,013317
75,354	0,013564
75,392	0,011559
75,43	0,011228
75,468	0,011355
75,506	0,012745
75,544	0,011861
75,582	0,00914
75,62	0,006488
75,658	0,006463
75,696	0,00941
75,734	0,009106
75,772	0,006732
75,81	0,006135
75,848	0,004535
75,886	0,008385
75,924	0,006868
75,962	0,005183
76	0,00389
76,038	0,001419
76,076	0,004388
76,114	0,003458
76,152	0,004519
76,19	0,005284
76,228	0,009297
76,266	0,005526
76,304	0,005387
76,342	0,006487
76,38	0,004507
76,418	0,008324
76,456	0,008373
76,494	0,012502
76,532	0,014054
76,57	0,011929
76,608	0,010965
76,646	0,005622
76,684	0,001817
76,722	0,00264
76,76	0,001644
76,798	-0,003153
76,836	-0,00655
76,874	-0,007366
76,912	-0,005677
76,95	-0,005404
76,988	-0,003604
77,026	-0,000584
77,064	0,003888
77,102	0,003462
77,14	0,005169
77,178	0,003291
77,216	0,000344
77,254	-0,002428
77,292	-0,000323
77,33	-0,002984
77,368	-0,004548
77,406	-0,006798
77,444	-0,005232
77,482	-0,003026
77,52	-0,001438
77,558	-0,003016
77,596	0,000087
77,634	0,00184
77,672	0,001366
77,71	-0,003786
77,748	-0,004177
77,786	-0,003858
77,824	-0,003173
77,862	-0,003032
77,9	-0,002716
77,938	-0,000709
77,976	-0,001378
78,014	0,003848
78,052	0,004027
78,09	0,002727
78,128	0,000068
78,166	0,000321
78,204	0,001256
78,242	0,000135
78,28	0,000197
78,318	0,000216
78,356	0,001664
78,394	-0,000897
78,432	-0,001231
78,47	0,000103
78,508	0,00228
78,546	0,002096
78,584	-0,000265
78,622	-0,001722
78,66	-0,0019
78,698	-0,000705
78,736	-0,000106
78,774	0,003416
78,812	0,001146
78,85	-0,00068
78,888	0,001367
78,926	0,000182
78,964	0,002225
79,002	0,005168
79,04	0,004636
79,078	0,0066
79,116	0,008145
79,154	0,003076
79,192	0,003816
79,23	0,002211
79,268	-0,000756
79,306	0,00017
79,344	0,00316
79,382	0,006486
79,42	0,015683
79,458	0,021305
79,496	0,027252
79,534	0,037733
79,572	0,043397
79,61	0,048446
79,648	0,05232
79,686	0,059442
79,724	0,063696
79,762	0,067446
79,8	0,065178
79,838	0,063303
79,876	0,061753
79,914	0,059716
79,952	0,060921
79,99	0,060454
80,028	0,061582
80,066	0,060475
80,104	0,059426
80,142	0,059183
80,18	0,057604
80,218	0,053191
80,256	0,049447
80,294	0,046883
80,332	0,04334
80,37	0,041162
80,408	0,041672
80,446	0,038231
80,484	0,036182
80,522	0,034442
80,56	0,034912
80,598	0,035208
80,636	0,035178
80,674	0,03306
80,712	0,034633
80,75	0,036418
80,788	0,036779
80,826	0,029207
80,864	0,024177
80,902	0,026137
80,94	0,024202
80,978	0,027925
81,016	0,027273
81,054	0,022152
81,092	0,021683
81,13	0,019559
81,168	0,026015
81,206	0,024071
81,244	0,026233
81,282	0,024909
81,32	0,023768
81,358	0,023885
81,396	0,022691
81,434	0,022452
81,472	0,02025
81,51	0,019088
81,548	0,020655
81,586	0,014265
81,624	0,012209
81,662	0,011251
81,7	0,011251
81,738	0,009999
81,776	0,007756
81,814	0,007401
81,852	0,005904
81,89	0,008473
81,928	0,005227
81,966	0,004399
82,004	0,002465
82,042	-0,000027
82,08	-0,002669
82,118	0,000643
82,156	-0,000079
82,194	0,000076
82,232	0,003486
82,27	0,00187
82,308	-0,001555
82,346	0,001465
82,384	0,002233
82,422	0,000871
82,46	0,004003
82,498	0,001668
82,536	0,001908
82,574	0,003883
82,612	0,004106
82,65	0,001635
82,688	0,001111
82,726	-0,000592
82,764	-0,003394
82,802	-0,003374
82,84	-0,000522
82,878	-0,000167
82,916	-0,0021
82,954	-0,002765
82,992	-0,002859
83,03	-0,006487
83,068	-0,007834
83,106	-0,009384
83,144	-0,009235
83,182	-0,008259
83,22	-0,00887
83,258	-0,005452
83,296	-0,008592
83,334	-0,010434
83,372	-0,009869
83,41	-0,009134
83,448	-0,009513
83,486	-0,006131
83,524	-0,006192
83,562	-0,002324
83,6	-0,000827
83,638	0
83,676	-0,000178
83,714	0,000912
83,752	0,002829
83,79	0,001627
83,828	0,001643
83,866	-0,00091
83,904	-0,003671
83,942	-0,00553
83,98	-0,003871
84,018	-0,002429
84,056	-0,001167
84,094	0,001286
84,132	-0,000467
84,17	-0,00136
84,208	-0,000506
84,246	-0,000036
84,284	0,000064
84,322	-0,000319
84,36	-0,001952
84,398	0,00102
84,436	0,001128
84,474	0,002138
84,512	-0,004174
84,55	-0,009561
84,588	-0,007367
84,626	-0,001763
84,664	-0,001677
84,702	0,00119
84,74	-0,000408
84,778	0,000439
84,816	0,001963
84,854	0,001222
84,892	-0,001216
84,93	-0,001964
84,968	0,001828
85,006	0,002155
85,044	0,003111
85,082	0,003691
85,12	0,003914
85,158	0,002225
85,196	0,002004
85,234	-0,000277
85,272	0,002154
85,31	0,002382
85,348	0,002266
85,386	0,002717
85,424	0,002876
85,462	0,005979
85,5	0,01233
85,538	0,019527
85,576	0,02792
85,614	0,033981
85,652	0,040352
85,69	0,046895
85,728	0,050704
85,766	0,056064
85,804	0,058623
85,842	0,059265
85,88	0,057916
85,918	0,059499
85,956	0,057986
85,994	0,060649
86,032	0,057016
86,07	0,05581
86,108	0,05877
86,146	0,054217
86,184	0,052968
86,222	0,050408
86,26	0,049957
86,298	0,046531
86,336	0,043159
86,374	0,038573
86,412	0,039183
86,45	0,035555
86,488	0,035027
86,526	0,034861
86,564	0,03248
86,602	0,030243
86,64	0,029605
86,678	0,030923
86,716	0,027838
86,754	0,025104
86,792	0,023023
86,83	0,02027
86,868	0,016956
86,906	0,020688
86,944	0,020903
86,982	0,01942
87,02	0,018599
87,058	0,021248
87,096	0,019351
87,134	0,017601
87,172	0,016516
87,21	0,015751
87,248	0,018173
87,286	0,016527
87,324	0,015561
87,362	0,017089
87,4	0,017851
87,438	0,020631
87,476	0,025264
87,514	0,033227
87,552	0,040712
87,59	0,049196
87,628	0,052886
87,666	0,056605
87,704	0,057248
87,742	0,059749
87,78	0,062307
87,818	0,066661
87,856	0,063925
87,894	0,05778
87,932	0,055413
87,97	0,053747
88,008	0,051004
88,046	0,051096
88,084	0,049853
88,122	0,046822
88,16	0,044591
88,198	0,044306
88,236	0,043591
88,274	0,04179
88,312	0,038778
88,35	0,034679
88,388	0,033532
88,426	0,033087
88,464	0,030855
88,502	0,032601
88,54	0,030224
88,578	0,02904
88,616	0,025496
88,654	0,021161
88,692	0,018093
88,73	0,017148
88,768	0,018855
88,806	0,0187
88,844	0,015313
88,882	0,014511
88,92	0,012641
88,958	0,01528
88,996	0,01573
89,034	0,013123
89,072	0,011948
89,11	0,012051
89,148	0,010274
89,186	0,010726
89,224	0,00853
89,262	0,011124
89,3	0,012352
89,338	0,008805
89,376	0,005973
89,414	0,006758
89,452	0,010545
89,49	0,0118
89,528	0,010922
89,566	0,009477
89,604	0,006277
89,642	0,003586
89,68	0,000437
89,718	-0,000428
89,756	-0,002154
89,794	-0,003572
89,832	-0,003706
89,87	-0,003783
89,908	-0,002386
89,946	-0,003495
89,984	-0,002942
90,022	-0,003497
90,06	-0,002036
90,098	-0,003624
90,136	-0,001149
90,174	-0,001355
90,212	-0,004715
90,25	-0,005426
90,288	-0,007196
90,326	-0,010072
90,364	-0,012205
90,402	-0,012207
90,44	-0,010751
90,478	-0,009874
90,516	-0,013988
90,554	-0,01566
90,592	-0,014552
90,63	-0,011182
90,668	-0,009338
90,706	-0,011048
90,744	-0,009115
90,782	-0,010493
90,82	-0,010039
90,858	-0,008921
90,896	-0,008335
90,934	-0,010391
90,972	-0,011138
91,01	-0,012506
91,048	-0,008997
91,086	-0,001133
91,124	0,002867
91,162	0,003575
91,2	0,005158
91,238	0,006784
91,276	0,006645
91,314	0,005582
91,352	0,006503
91,39	0,005908
91,428	0,00586
91,466	0,004279
91,504	0,00251
91,542	0,004149
91,58	0,009193
91,618	0,01697
91,656	0,026286
91,694	0,033985
91,732	0,043149
91,77	0,051533
91,808	0,057692
91,846	0,058844
91,884	0,06136
91,922	0,062746
91,96	0,063965
91,998	0,065087
92,036	0,06717
92,074	0,065662
92,112	0,06371
92,15	0,061978
92,188	0,06373
92,226	0,062936
92,264	0,058859
92,302	0,057942
92,34	0,057291
92,378	0,051156
92,416	0,049439
92,454	0,045001
92,492	0,045278
92,53	0,043982
92,568	0,046045
92,606	0,04152
92,644	0,03905
92,682	0,032581
92,72	0,028909
92,758	0,029186
92,796	0,02485
92,834	0,021135
92,872	0,022915
92,91	0,021453
92,948	0,019706
92,986	0,023524
93,024	0,023432
93,062	0,023727
93,1	0,022844
93,138	0,023797
93,176	0,022012
93,214	0,019589
93,252	0,018631
93,29	0,024278
93,328	0,02529
93,366	0,023459
93,404	0,020182
93,442	0,019966
93,48	0,021877
93,518	0,019929
93,556	0,022173
93,594	0,021407
93,632	0,022591
93,67	0,023712
93,708	0,01906
93,746	0,017363
93,784	0,01901
93,822	0,016447
93,86	0,014744
93,898	0,014559
93,936	0,016028
93,974	0,019504
94,012	0,015138
94,05	0,014509
94,088	0,012225
94,126	0,01346
94,164	0,013726
94,202	0,010166
94,24	0,008827
94,278	0,00676
94,316	0,006176
94,354	0,003172
94,392	0,001101
94,43	0,000394
94,468	-0,000047
94,506	0,001012
94,544	0,000056
94,582	-0,002973
94,62	-0,005372
94,658	-0,005709
94,696	-0,003121
94,734	0,000761
94,772	-0,003517
94,81	-0,002653
94,848	-0,003687
94,886	-0,001313
94,924	0,00103
94,962	0,000902
95	0,000994
95,038	0,002665
95,076	0,003746
95,114	0,005106
95,152	0,009007
95,19	0,013608
95,228	0,024223
95,266	0,030941
95,304	0,037013
95,342	0,04169
95,38	0,048562
95,418	0,052995
95,456	0,052962
95,494	0,056748
95,532	0,062383
95,57	0,065338
95,608	0,064893
95,646	0,069289
95,684	0,068134
95,722	0,063015
95,76	0,059601
95,798	0,059362
95,836	0,059127
95,874	0,056444
95,912	0,054548
95,95	0,054344
95,988	0,05282
96,026	0,050339
96,064	0,047838
96,102	0,045498
96,14	0,042977
96,178	0,042977
96,216	0,03863
96,254	0,034807
96,292	0,03142
96,33	0,033697
96,368	0,033366
96,406	0,031915
96,444	0,034028
96,482	0,030703
96,52	0,030129
96,558	0,02961
96,596	0,028688
96,634	0,027018
96,672	0,026953
96,71	0,028899
96,748	0,024252
96,786	0,025306
96,824	0,025909
96,862	0,022645
96,9	0,022079
96,938	0,021881
96,976	0,020861
97,014	0,01843
97,052	0,019685
97,09	0,016372
97,128	0,019525
97,166	0,020776
97,204	0,020589
97,242	0,023838
97,28	0,019819
97,318	0,02012
97,356	0,017739
97,394	0,017266
97,432	0,019052
97,47	0,017041
97,508	0,01524
97,546	0,012615
97,584	0,010122
97,622	0,012317
97,66	0,020253
97,698	0,027543
97,736	0,03978
97,774	0,046582
97,812	0,054226
97,85	0,056615
97,888	0,057625
97,926	0,057879
97,964	0,059579
98,002	0,060262
98,04	0,061599
98,078	0,062485
98,116	0,06386
98,154	0,062348
98,192	0,061922
98,23	0,059513
98,268	0,055645
98,306	0,052467
98,344	0,052114
98,382	0,052709
98,42	0,050753
98,458	0,052004
98,496	0,048349
98,534	0,046259
98,572	0,045334
98,61	0,045823
98,648	0,042718
98,686	0,040374
98,724	0,039287
98,762	0,035427
98,8	0,033181
98,838	0,028586
98,876	0,025912
98,914	0,023845
98,952	0,02313
98,99	0,021699
99,028	0,018777
99,066	0,018527
99,104	0,013896
99,142	0,017029
99,18	0,015067
99,218	0,012072
99,256	0,014946
99,294	0,01551
99,332	0,014071
99,37	0,014023
99,408	0,013649
99,446	0,012286
99,484	0,01029
99,522	0,007142
99,56	0,005515
99,598	0,003182
99,636	0,00382
99,674	0,000391
99,712	0,001757
99,75	0,000376
99,788	0,00099
99,826	0,00057
99,864	-0,001734
99,902	-0,003981
99,94	-0,007214
99,978	-0,008522
100,016	-0,011469
100,054	-0,012899
100,092	-0,010097
100,13	-0,012246
100,168	-0,011292
100,206	-0,012221
100,244	-0,011558
100,282	-0,011336
100,32	-0,011976
100,358	-0,009862
100,396	-0,01007
100,434	-0,009316
100,472	-0,011019
100,51	-0,009474
100,548	-0,010438
100,586	-0,009641
100,624	-0,010641
100,662	-0,010962
100,7	-0,009817
100,738	-0,010359
100,776	-0,007903
100,814	-0,005642
100,852	-0,004403
100,89	-0,004646
100,928	-0,004262
100,966	-0,006261
101,004	-0,006471
101,042	-0,005699
101,08	-0,005342
101,118	-0,004103
101,156	-0,005131
101,194	-0,00209
101,232	-0,003491
101,27	-0,000623
101,308	0,000964
101,346	-0,004193
101,384	-0,009255
101,422	-0,004466
101,46	-0,00234
101,498	-0,002462
101,536	-0,000353
101,574	-0,000576
101,612	-0,000553
101,65	-0,003914
101,688	-0,002471
101,726	-0,002559
101,764	-0,004011
101,802	-0,005908
101,84	-0,007082
101,878	-0,008114
101,916	-0,005474
101,954	-0,005218
101,992	-0,004524
102,03	-0,005196
102,068	-0,005911
102,106	-0,001004
102,144	0,000485
102,182	0,002065
102,22	-0,000298
102,258	-0,001867
102,296	-0,002186
102,334	-0,002656
102,372	-0,000924
102,41	-0,00367
102,448	-0,005239
102,486	-0,003048
102,524	-0,004493
102,562	-0,004098
102,6	-0,00077
102,638	-0,000539
102,676	-0,000362
102,714	-0,000048
102,752	-0,000524
102,79	-0,002667
102,828	-0,005642
102,866	-0,00688
102,904	-0,00769
102,942	-0,006042
102,98	-0,006203
103,018	-0,006625
103,056	-0,004887
103,094	-0,007816
103,132	-0,007593
103,17	-0,003069
103,208	-0,000984
103,246	0,001509
103,284	-0,002674
103,322	-0,003039
103,36	-0,000469
103,398	0,001688
103,436	-0,002003
103,474	-0,006136
103,512	-0,005587
103,55	-0,004694
103,588	-0,003887
103,626	-0,005997
103,664	-0,006759
103,702	-0,002914
103,74	0,002953
103,778	0,008656
103,816	0,017441
103,854	0,023907
103,892	0,030383
103,93	0,034936
103,968	0,041249
104,006	0,045575
104,044	0,053127
104,082	0,056268
104,12	0,059205
104,158	0,056411
104,196	0,059121
104,234	0,061058
104,272	0,060697
104,31	0,057514
104,348	0,060084
104,386	0,061076
104,424	0,056662
104,462	0,054307
104,5	0,053977
104,538	0,054493
104,576	0,053046
104,614	0,051349
104,652	0,050365
104,69	0,052138
104,728	0,052831
104,766	0,050514
104,804	0,049339
104,842	0,045196
104,88	0,046283
104,918	0,043647
104,956	0,040042
104,994	0,038444
105,032	0,039842
105,07	0,036172
105,108	0,033644
105,146	0,032614
105,184	0,034712
105,222	0,033463
105,26	0,03087
105,298	0,030429
105,336	0,026018
105,374	0,02467
105,412	0,024801
105,45	0,023531
105,488	0,021747
105,526	0,016498
105,564	0,015055
105,602	0,013356
105,64	0,013933
105,678	0,010223
105,716	0,00568
105,754	0,005973
105,792	0,007877
105,83	0,00674
105,868	0,006767
105,906	0,007667
105,944	0,007218
105,982	0,006432
106,02	0,007396
106,058	0,00382
106,096	0,006434
106,134	0,007819
106,172	0,008411
106,21	0,010144
106,248	0,010151
106,286	0,012965
106,324	0,008892
106,362	0,00832
106,4	0,004512
106,438	0,005389
106,476	0,005311
106,514	0,002791
106,552	0,003642
106,59	0,00273
106,628	0,001698
106,666	0,002138
106,704	0,000071
106,742	-0,001356
106,78	0,000555
106,818	0,000578
106,856	0,000006
106,894	-0,001613
106,932	0,000416
106,97	0,00049
107,008	0,000376
107,046	-0,002018
107,084	-0,001277
107,122	0,000356
107,16	-0,001003
107,198	0,000317
107,236	0,002567
107,274	0,006599
107,312	0,00649
107,35	0,005851
107,388	0,00178
107,426	0,002788
107,464	0,004225
107,502	0,006523
107,54	0,009536
107,578	0,012312
107,616	0,012126
107,654	0,013635
107,692	0,010834
107,73	0,00534
107,768	0,003096
107,806	0,001562
107,844	0,004027
107,882	0,000357
107,92	0,00133
107,958	0,00412
107,996	0,002653
108,034	-0,000163
108,072	0,000416
108,11	-0,000249
108,148	-0,003923
108,186	-0,001059
108,224	-0,001214
108,262	0,003872
108,3	0,001501
108,338	0,001066
108,376	0,001132
108,414	0,000598
108,452	-0,00039
108,49	-0,001612
108,528	-0,000358
108,566	0,000688
108,604	0,0029
108,642	0,001937
108,68	-0,002808
108,718	-0,003079
108,756	-0,002781
108,794	-0,001182
108,832	-0,002705
108,87	-0,003116
108,908	-0,002609
108,946	-0,003879
108,984	-0,002469
109,022	-0,00207
109,06	-0,001495
109,098	0,00066
109,136	-0,002203
109,174	-0,002809
109,212	-0,004866
109,25	-0,003649
109,288	-0,001795
109,326	0,002338
109,364	0,005125
109,402	0,003932
109,44	0,00231
109,478	-0,000549
109,516	-0,000363
109,554	-0,003943
109,592	-0,00228
109,63	-0,001494
109,668	0,001291
109,706	0,002774
109,744	-0,000517
109,782	-0,001295
109,82	0,003149
109,858	0,014096
109,896	0,019839
109,934	0,026264
109,972	0,03344
110,01	0,035598
110,048	0,038916
110,086	0,046801
110,124	0,049961
110,162	0,055681
110,2	0,058434
110,238	0,055633
110,276	0,056277
110,314	0,054644
110,352	0,054727
110,39	0,050641
110,428	0,051469
110,466	0,046888
110,504	0,045688
110,542	0,039981
110,58	0,037756
110,618	0,03476
110,656	0,033023
110,694	0,032697
110,732	0,032939
110,77	0,029952
110,808	0,029885
110,846	0,029
110,884	0,027577
110,922	0,024874
110,96	0,028929
110,998	0,025489
111,036	0,025789
111,074	0,023681
111,112	0,021428
111,15	0,018686
111,188	0,016047
111,226	0,016592
111,264	0,015521
111,302	0,017363
111,34	0,016163
111,378	0,017065
111,416	0,013234
111,454	0,013995
111,492	0,010556
111,53	0,007804
111,568	0,004138
111,606	0,005314
111,644	0,008509
111,682	0,007638
111,72	0,006735
111,758	0,003768
111,796	0,006816
111,834	0,008739
111,872	0,009223
111,91	0,007034
111,948	0,006285
111,986	0,00622
112,024	0,002785
112,062	0,006691
112,1	0,005067
112,138	0,00594
112,176	0,006613
112,214	0,004669
112,252	0,00634
112,29	0,00485
112,328	0,006616
112,366	0,007194
112,404	0,005586
112,442	0,006512
112,48	0,004588
112,518	0,001542
112,556	0,00168
112,594	0,002657
112,632	0,004789
112,67	0,0052
112,708	0,006957
112,746	0,007709
112,784	0,007999
112,822	0,005916
112,86	0,00229
112,898	-0,000769
112,936	-0,002893
112,974	-0,00032
113,012	0,003788
113,05	0,002748
113,088	0,000079
113,126	0,000865
113,164	0,001876
113,202	0,006126
113,24	0,010285
113,278	0,019957
113,316	0,023618
113,354	0,030384
113,392	0,035934
113,43	0,04131
113,468	0,046078
113,506	0,048822
113,544	0,052657
113,582	0,054859
113,62	0,058108
113,658	0,058994
113,696	0,058246
113,734	0,057301
113,772	0,053051
113,81	0,051097
113,848	0,046982
113,886	0,044773
113,924	0,043585
113,962	0,042923
114	0,04311
114,038	0,04026
114,076	0,039605
114,114	0,038782
114,152	0,034084
114,19	0,034299
114,228	0,030597
114,266	0,028037
114,304	0,028361
114,342	0,030473
114,38	0,029127
114,418	0,02695
114,456	0,027083
114,494	0,029037
114,532	0,025163
114,57	0,022366
114,608	0,020326
114,646	0,018128
114,684	0,016445
114,722	0,015418
114,76	0,014015
114,798	0,014051
114,836	0,015464
114,874	0,011139
114,912	0,011066
114,95	0,006713
114,988	0,006244
115,026	0,007838
115,064	0,00482
115,102	0,00832
115,14	0,006093
115,178	0,006694
115,216	0,00696
115,254	0,01101
115,292	0,00781
115,33	0,005067
115,368	0,005979
115,406	0,005673
115,444	0,006018
115,482	0,003628
115,52	0,005245
115,558	0,002292
115,596	0,001554
115,634	0,004772
115,672	0,004161
115,71	0,005778
115,748	0,002317
115,786	-0,000412
115,824	-0,001844
115,862	-0,001613
115,9	0,005903
115,938	0,01165
115,976	0,018611
116,014	0,023903
116,052	0,029241
116,09	0,037019
116,128	0,035975
116,166	0,041511
116,204	0,040183
116,242	0,045207
116,28	0,049127
116,318	0,046557
116,356	0,048617
116,394	0,045195
116,432	0,041201
116,47	0,041712
116,508	0,038535
116,546	0,038063
116,584	0,033471
116,622	0,0304
116,66	0,032366
116,698	0,031916
116,736	0,030018
116,774	0,029868
116,812	0,028633
116,85	0,023598
116,888	0,023478
116,926	0,01955
116,964	0,017906
117,002	0,015387
117,04	0,011776
117,078	0,008274
117,116	0,007309
117,154	0,007287
117,192	0,007359
117,23	0,006815
117,268	0,003142
117,306	0,002459
117,344	0,000241
117,382	-0,001676
117,42	-0,000719
117,458	-0,001253
117,496	-0,000947
117,534	0,001436
117,572	0,002221
117,61	0,001172
117,648	-0,002591
117,686	-0,000398
117,724	-0,001381
117,762	-0,001398
117,8	0,001043
117,838	0,001275
117,876	0,001989
117,914	0,000986
117,952	0,000644
117,99	-0,001183
118,028	-0,000226
118,066	-0,005498
118,104	-0,003141
118,142	-0,003979
118,18	-0,004312
118,218	-0,004966
118,256	-0,004355
118,294	-0,005833
118,332	-0,005717
118,37	-0,00576
118,408	-0,00529
118,446	-0,007127
118,484	-0,005277
118,522	-0,006667
118,56	-0,005834
118,598	-0,007518
118,636	-0,008323
118,674	-0,007009
118,712	-0,003666
118,75	-0,004803
118,788	-0,005902
118,826	-0,003354
118,864	-0,002189
118,902	0,001725
118,94	0,001236
118,978	-0,001602
119,016	-0,002907
119,054	-0,001786
119,092	0,001392
119,13	0,000054
119,168	0,001521
119,206	-0,001653
119,244	-0,003281
119,282	-0,005851
119,32	-0,005252
119,358	-0,007422
119,396	-0,007053
119,434	-0,00449
119,472	-0,005778
119,51	-0,005144
119,548	-0,005384
119,586	-0,005414
119,624	-0,004389
119,662	-0,002069
119,7	-0,000633
119,738	-0,000767
119,776	0,000031
119,814	0,002995
119,852	0,000259
119,89	-0,000959
119,928	-0,005811
119,966	-0,004871
120,004	-0,004681
120,042	-0,003015
120,08	-0,004084
120,118	-0,001131
120,156	0,001052
120,194	0,000359
120,232	0,003204
120,27	0,000588
120,308	0,005893
120,346	0,005126
120,384	0,003806
120,422	0,00119
120,46	-0,000865
120,498	-0,00353
120,536	-0,001756
120,574	-0,003301
120,612	-0,005076
120,65	-0,004243
120,688	-0,004137
120,726	-0,00491
120,764	-0,008509
120,802	-0,006471
120,84	-0,004433
120,878	-0,003328
120,916	-0,002297
120,954	0,000354
120,992	-0,000559
121,03	0,00188
121,068	-0,000842
121,106	-0,001209
121,144	0,000793
121,182	-0,000707
121,22	-0,001325
121,258	-0,003409
121,296	0,002125
121,334	0,000271
121,372	-0,004241
121,41	-0,003801
121,448	-0,002349
121,486	-0,002018
121,524	-0,00089
121,562	0,001835
121,6	0,000179
121,638	0,000504
121,676	-0,00024
121,714	-0,000468
121,752	-0,003124
121,79	-0,003814
121,828	-0,001849
121,866	-0,001567
121,904	-0,004083
121,942	-0,002224
121,98	-0,000675
122,018	0,006375
122,056	0,01269
122,094	0,020316
122,132	0,029121
122,17	0,035624
122,208	0,041628
122,246	0,045015
122,284	0,048483
122,322	0,054593
122,36	0,0591
122,398	0,060495
122,436	0,063063
122,474	0,062433
122,512	0,064165
122,55	0,066214
122,588	0,0645
122,626	0,062289
122,664	0,061354
122,702	0,061802
122,74	0,058806
122,778	0,055769
122,816	0,050962
122,854	0,051438
122,892	0,049868
122,93	0,047962
122,968	0,043531
123,006	0,046003
123,044	0,047538
123,082	0,04839
123,12	0,046616
123,158	0,044872
123,196	0,046381
123,234	0,043886
123,272	0,040605
123,31	0,038968
123,348	0,034007
123,386	0,031869
123,424	0,027994
123,462	0,027177
123,5	0,023923
123,538	0,024608
123,576	0,026065
123,614	0,023948
123,652	0,020182
123,69	0,019689
123,728	0,017267
123,766	0,016295
123,804	0,015117
123,842	0,015784
123,88	0,01629
123,918	0,016806
123,956	0,015358
123,994	0,014489
124,032	0,015691
124,07	0,015236
124,108	0,015892
124,146	0,01414
124,184	0,013487
124,222	0,013557
124,26	0,014365
124,298	0,013302
124,336	0,011484
124,374	0,009935
124,412	0,00823
124,45	0,006021
124,488	0,00424
124,526	0,00619
124,564	0,0056
124,602	0,005439
124,64	0,003281
124,678	0,0042
124,716	0,007754
124,754	0,007957
124,792	0,008106
124,83	0,008774
124,868	0,008468
124,906	0,006652
124,944	0,006956
124,982	0,003306
125,02	0,002423
125,058	-0,000476
125,096	0,001184
125,134	0,004094
125,172	0,004112
125,21	0,003469
125,248	0,00355
125,286	0,001992
125,324	0,001139
125,362	-0,000724
125,4	0,001634
125,438	0,002944
125,476	0,000535
125,514	-0,000021
125,552	0,000208
125,59	-0,002009
125,628	-0,006291
125,666	-0,004502
125,704	-0,004909
125,742	-0,005115
125,78	-0,005062
125,818	-0,006526
125,856	-0,009854
125,894	-0,006612
125,932	-0,004498
125,97	-0,007361
126,008	-0,005375
126,046	-0,004261
126,084	-0,003448
126,122	-0,004951
126,16	-0,004709
126,198	-0,001989
126,236	0,002314
126,274	0,000496
126,312	0,00311
126,35	0,003934
126,388	0,005631
126,426	0,005647
126,464	0,003472
126,502	0,002491
126,54	0,003299
126,578	0,004319
126,616	0,004147
126,654	0,001576
126,692	-0,00049
126,73	0,002572
126,768	0,004703
126,806	0,002857
126,844	0,004217
126,882	0,006112
126,92	0,002086
126,958	0,003809
126,996	0,005957
127,034	0,009209
127,072	0,00786
127,11	0,005907
127,148	0,004585
127,186	0,00138
127,224	0,004017
127,262	0,005595
127,3	0,004649
127,338	0,003074
127,376	0,002676
127,414	-0,000476
127,452	0,000412
127,49	0,00177
127,528	0,004693
127,566	0,005848
127,604	0,005349
127,642	0,003812
127,68	0,006648
127,718	0,00542
127,756	0,005918
127,794	0,003269
127,832	0,004198
127,87	0,000111
127,908	0,002535
127,946	0,004878
127,984	0,004889
128,022	0,00632
128,06	0,009633
128,098	0,014881
128,136	0,021732
128,174	0,029204
128,212	0,03261
128,25	0,042511
128,288	0,045335
128,326	0,053811
128,364	0,058665
128,402	0,061035
128,44	0,06588
128,478	0,072445
128,516	0,075428
128,554	0,079603
128,592	0,081835
128,63	0,078775
128,668	0,074781
128,706	0,071241
128,744	0,067841
128,782	0,065828
128,82	0,063267
128,858	0,059728
128,896	0,057448
128,934	0,058624
128,972	0,055098
129,01	0,054895
129,048	0,055932
129,086	0,055594
129,124	0,054066
129,162	0,049105
129,2	0,048234
129,238	0,045091
129,276	0,042331
129,314	0,038614
129,352	0,038304
129,39	0,038411
129,428	0,035091
129,466	0,031623
129,504	0,03034
129,542	0,030114
129,58	0,028407
129,618	0,025238
129,656	0,022556
129,694	0,024142
129,732	0,026293
129,77	0,026934
129,808	0,026701
129,846	0,024805
129,884	0,022566
129,922	0,023577
129,96	0,020637
129,998	0,020647
130,036	0,016077
130,074	0,015207
130,112	0,012313
130,15	0,014621
130,188	0,015396
130,226	0,012025
130,264	0,016058
130,302	0,014353
130,34	0,013878
130,378	0,010985
130,416	0,01268
130,454	0,013419
130,492	0,015767
130,53	0,014742
130,568	0,01332
130,606	0,015381
130,644	0,015948
130,682	0,015319
130,72	0,013036
130,758	0,012522
130,796	0,012323
130,834	0,012089
130,872	0,01084
130,91	0,011572
130,948	0,010706
130,986	0,01026
131,024	0,007814
131,062	0,007469
131,1	0,010648
131,138	0,012478
131,176	0,011597
131,214	0,011992
131,252	0,015506
131,29	0,014062
131,328	0,01226
131,366	0,010542
131,404	0,010715
131,442	0,008811
131,48	0,003733
131,518	0,003143
131,556	0,005989
131,594	0,002186
131,632	0,002704
131,67	0,005491
131,708	0,006381
131,746	0,005424
131,784	0,007482
131,822	0,005961
131,86	0,009236
131,898	0,010405
131,936	0,005353
131,974	0,005805
132,012	0,003522
132,05	0,000935
132,088	-0,00349
132,126	-0,005225
132,164	-0,00319
132,202	-0,006917
132,24	-0,006901
132,278	-0,006212
132,316	-0,000052
132,354	0,000577
132,392	0,003831
132,43	-0,001036
132,468	-0,003507
132,506	-0,001651
132,544	0,000839
132,582	0,000811
132,62	0,001223
132,658	0,000128
132,696	0,001386
132,734	0,000476
132,772	-0,001903
132,81	-0,001848
132,848	-0,002491
132,886	0,00003
132,924	0,002225
132,962	0,000307
133	0,001351
133,038	0,002787
133,076	0,001644
133,114	0,000847
133,152	0,000103
133,19	0,001979
133,228	0,00176
133,266	0,000695
133,304	0,000852
133,342	0,00291
133,38	0,003778
133,418	0,008862
133,456	0,009095
133,494	0,006763
133,532	0,006574
133,57	0,008438
133,608	0,009848
133,646	0,008675
133,684	0,00635
133,722	0,007712
133,76	0,007393
133,798	0,007647
133,836	0,005893
133,874	0,004633
133,912	0,005612
133,95	0,007689
133,988	0,005992
134,026	0,00764
134,064	0,006757
134,102	0,009169
134,14	0,011781
134,178	0,013525
134,216	0,019147
134,254	0,024834
134,292	0,031987
134,33	0,038523
134,368	0,045624
134,406	0,049913
134,444	0,05661
134,482	0,061501
134,52	0,063443
134,558	0,065521
134,596	0,064198
134,634	0,063759
134,672	0,062179
134,71	0,060311
134,748	0,057499
134,786	0,058127
134,824	0,055835
134,862	0,058253
134,9	0,058804
134,938	0,055837
134,976	0,053946
135,014	0,048863
135,052	0,046624
135,09	0,045991
135,128	0,042889
135,166	0,040556
135,204	0,045005
135,242	0,040716
135,28	0,03801
135,318	0,038487
135,356	0,040195
135,394	0,039497
135,432	0,041544
135,47	0,032959
135,508	0,03058
135,546	0,029916
135,584	0,0295
135,622	0,028539
135,66	0,028347
135,698	0,026778
135,736	0,024347
135,774	0,023266
135,812	0,020108
135,85	0,019592
135,888	0,021593
135,926	0,016159
135,964	0,020231
136,002	0,01684
136,04	0,013735
136,078	0,014373
136,116	0,012532
136,154	0,013977
136,192	0,013363
136,23	0,015069
136,268	0,013125
136,306	0,012467
136,344	0,008895
136,382	0,008105
136,42	0,009108
136,458	0,009764
136,496	0,008031
136,534	0,005396
136,572	0,007067
136,61	0,006606
136,648	0,005034
136,686	0,00676
136,724	0,006308
136,762	0,004942
136,8	0,006089
136,838	0,002926
136,876	0,001622
136,914	0,003117
136,952	0,002583
136,99	0,001961
137,028	-0,000934
137,066	-0,001216
137,104	0,000668
137,142	0,000839
137,18	-0,002836
137,218	-0,005161
137,256	-0,003844
137,294	-0,001946
137,332	0,000903
137,37	-0,001447
137,408	-0,002492
137,446	-0,002596
137,484	-0,000098
137,522	-0,001572
137,56	0,003957
137,598	0,001808
137,636	0,00336
137,674	0,004188
137,712	0,00554
137,75	0,006762
137,788	0,005302
137,826	0,006115
137,864	0,004924
137,902	0,005021
137,94	0,005392
137,978	0,005097
138,016	0,002332
138,054	0,004262
138,092	0,002973
138,13	0,001547
138,168	0,002918
138,206	0,000421
138,244	-0,000457
138,282	-0,004631
138,32	-0,009054
138,358	-0,00581
138,396	-0,004606
138,434	-0,006829
138,472	-0,0057
138,51	-0,006577
138,548	-0,002694
138,586	-0,000405
138,624	-0,001028
138,662	0,000768
138,7	0,007194
138,738	0,007649
138,776	0,012025
138,814	0,020821
138,852	0,025816
138,89	0,030338
138,928	0,036814
138,966	0,040967
139,004	0,046576
139,042	0,048319
139,08	0,048835
139,118	0,047204
139,156	0,047692
139,194	0,045992
139,232	0,048019
139,27	0,051394
139,308	0,050065
139,346	0,048316
139,384	0,04293
139,422	0,04134
139,46	0,03834
139,498	0,035863
139,536	0,03729
139,574	0,036083
139,612	0,035605
139,65	0,034088
139,688	0,034339
139,726	0,033565
139,764	0,034619
139,802	0,02958
139,84	0,02776
139,878	0,026819
139,916	0,028159
139,954	0,030914
139,992	0,028738
140,03	0,028208
140,068	0,02547
140,106	0,021375
140,144	0,020477
140,182	0,02077
140,22	0,016833
140,258	0,020999
140,296	0,024686
140,334	0,03225
140,372	0,038517
140,41	0,042722
140,448	0,044845
140,486	0,053886
140,524	0,054845
140,562	0,054183
140,6	0,05984
140,638	0,064432
140,676	0,067062
140,714	0,0652
140,752	0,066997
140,79	0,068815
140,828	0,069146
140,866	0,06576
140,904	0,062581
140,942	0,058868
140,98	0,056267
141,018	0,053877
141,056	0,048658
141,094	0,046782
141,132	0,044102
141,17	0,040757
141,208	0,034745
141,246	0,033664
141,284	0,037279
141,322	0,036938
141,36	0,036551
141,398	0,036399
141,436	0,038129
141,474	0,03792
141,512	0,036841
141,55	0,035358
141,588	0,032439
141,626	0,03
141,664	0,028915
141,702	0,025642
141,74	0,02292
141,778	0,021935
141,816	0,02137
141,854	0,019626
141,892	0,016956
141,93	0,018484
141,968	0,013778
142,006	0,012968
142,044	0,009974
142,082	0,006203
142,12	0,000763
142,158	0,003
142,196	0,003071
142,234	0,004893
142,272	0,002244
142,31	0,004387
142,348	0,007237
142,386	0,007405
142,424	0,005123
142,462	0,006029
142,5	0,001328
142,538	-0,001446
142,576	0,001247
142,614	0,00096
142,652	-0,000023
142,69	0,000844
142,728	0,001655
142,766	0,002381
142,804	0,001593
142,842	-0,001142
142,88	-0,000224
142,918	-0,000568
142,956	0,001631
142,994	0,002769
143,032	0,006245
143,07	0,002799
143,108	-0,001984
143,146	-0,004464
143,184	-0,00419
143,222	-0,004063
143,26	-0,004191
143,298	-0,004014
143,336	-0,005124
143,374	-0,002809
143,412	-0,00513
143,45	-0,008818
143,488	-0,008866
143,526	-0,010162
143,564	-0,011275
143,602	-0,012559
143,64	-0,011175
143,678	-0,008332
143,716	-0,008549
143,754	-0,006048
143,792	-0,006366
143,83	-0,006766
143,868	-0,007331
143,906	-0,007846
143,944	-0,010294
143,982	-0,007581
144,02	-0,005718
144,058	-0,006107
144,096	-0,003852
144,134	-0,001385
144,172	0,000508
144,21	0,003192
144,248	0,004836
144,286	0,006137
144,324	0,007905
144,362	0,004171
144,4	0,005393
144,438	0,003702
144,476	0,003881
144,514	0,004055
144,552	0,004977
144,59	0,005343
144,628	0,003123
144,666	0,000836
144,704	0,000423
144,742	0,002223
144,78	0,005619
144,818	0,005668
144,856	0,004644
144,894	0,008154
144,932	0,007633
144,97	0,004292
145,008	0,003571
145,046	0,001385
145,084	0,000628
145,122	0,000393
145,16	-0,000782
145,198	-0,001742
145,236	-0,000162
145,274	-0,000165
145,312	0,001923
145,35	0,002011
145,388	-0,001399
145,426	0,001925
145,464	0,00346
145,502	0,00323
145,54	0,006637
145,578	0,002996
145,616	0,004336
145,654	0,002902
145,692	0,002291
145,73	0,001839
145,768	0,002983
145,806	0,001434
145,844	0,001056
145,882	0,002546
145,92	0,003551
145,958	0,003536
145,996	0,004854
146,034	0,002927
146,072	-0,000224
146,11	0,000197
146,148	0,005086
146,186	0,00125
146,224	-0,000976
146,262	-0,001302
146,3	0,001974
146,338	0,001479
146,376	0,00731
146,414	0,015642
146,452	0,019284
146,49	0,024712
146,528	0,031479
146,566	0,039355
146,604	0,04224
146,642	0,049313
146,68	0,051062
146,718	0,049581
146,756	0,049114
146,794	0,048629
146,832	0,045198
146,87	0,046179
146,908	0,046421
146,946	0,044443
146,984	0,044691
147,022	0,046218
147,06	0,04171
147,098	0,037314
147,136	0,038822
147,174	0,034584
147,212	0,032632
147,25	0,032573
147,288	0,034173
147,326	0,029921
147,364	0,028666
147,402	0,029324
147,44	0,031332
147,478	0,031433
147,516	0,032978
147,554	0,034303
147,592	0,034736
147,63	0,036226
147,668	0,033536
147,706	0,03518
147,744	0,031248
147,782	0,026762
147,82	0,028054
147,858	0,025439
147,896	0,021902
147,934	0,019253
147,972	0,013042
148,01	0,01508
148,048	0,015302
148,086	0,01175
148,124	0,009471
148,162	0,008906
148,2	0,005601
148,238	0,004139
148,276	0,008549
148,314	0,007806
148,352	0,00634
148,39	0,005457
148,428	0,006238
148,466	0,004754
148,504	0,006739
148,542	0,007578
148,58	0,009454
148,618	0,007698
148,656	0,005346
148,694	0,00198
148,732	-0,000146
148,77	0,002156
148,808	0,005338
148,846	0,006318
148,884	0,003634
148,922	0,003963
148,96	0,004936
148,998	0,004978
149,036	0,005425
149,074	0,003991
149,112	0,005341
149,15	0,004182
149,188	0,005478
149,226	0,007204
149,264	0,003667
149,302	0,000633
149,34	-0,000755
149,378	0,002856
149,416	0,005934
149,454	0,005547
149,492	0,004936
149,53	0,003809
149,568	0,002491
149,606	0,001962
149,644	0,00312
149,682	0,004074
149,72	0,001837
149,758	0,000828
149,796	0,000458
149,834	0,003687
149,872	0,003432
149,91	0,000016
149,948	0,001484
149,986	0,000491
150,024	0,002371
150,062	0,004518
150,1	0,003154
150,138	0,001526
150,176	-0,000371
150,214	-0,001061
150,252	-0,002728
150,29	-0,002893
150,328	-0,005639
150,366	-0,006079
150,404	-0,007586
150,442	-0,007463
150,48	-0,00566
150,518	-0,002842
150,556	-0,005905
150,594	-0,0092
150,632	-0,007665
150,67	-0,007384
150,708	-0,007387
150,746	-0,005302
150,784	-0,004855
150,822	-0,003778
150,86	-0,005782
150,898	-0,005931
150,936	-0,006724
150,974	-0,007914
151,012	-0,008863
151,05	-0,0061
151,088	-0,006197
151,126	-0,005201
151,164	-0,004533
151,202	-0,005898
151,24	-0,003197
151,278	-0,000408
151,316	-0,000164
151,354	0,00368
151,392	-0,001052
151,43	-0,004709
151,468	-0,006048
151,506	-0,002853
151,544	-0,004328
151,582	-0,001053
151,62	-0,002698
151,658	0,001243
151,696	-0,003379
151,734	-0,001807
151,772	-0,00025
151,81	0,000295
151,848	0,001524
151,886	0,000083
151,924	0,001093
151,962	0,004329
152	0,006022
152,038	0,005007
152,076	0,007563
152,114	0,001447
152,152	-0,00251
152,19	-0,003775
152,228	-0,001949
152,266	0,003149
152,304	0,008763
152,342	0,017569
152,38	0,023013
152,418	0,031152
152,456	0,03633
152,494	0,044109
152,532	0,049271
152,57	0,054125
152,608	0,055244
152,646	0,058324
152,684	0,05945
152,722	0,057674
152,76	0,05783
152,798	0,060208
152,836	0,062232
152,874	0,064057
152,912	0,061759
152,95	0,057666
152,988	0,057528
153,026	0,05861
153,064	0,058461
153,102	0,055673
153,14	0,052414
153,178	0,051152
153,216	0,04968
153,254	0,048991
153,292	0,049714
153,33	0,042632
153,368	0,040782
153,406	0,033621
153,444	0,035425
153,482	0,036397
153,52	0,036873
153,558	0,036411
153,596	0,031783
153,634	0,033348
153,672	0,030159
153,71	0,031815
153,748	0,029944
153,786	0,02997
153,824	0,028847
153,862	0,028062
153,9	0,026268
153,938	0,026502
153,976	0,023165
154,014	0,02274
154,052	0,021385
154,09	0,022124
154,128	0,020971
154,166	0,022164
154,204	0,020051
154,242	0,018866
154,28	0,016162
154,318	0,016488
154,356	0,017083
154,394	0,013745
154,432	0,009868
154,47	0,008218
154,508	0,008127
154,546	0,006512
154,584	0,005924
154,622	0,004231
154,66	0,006205
154,698	0,00697
154,736	0,006882
154,774	0,004757
154,812	0,003807
154,85	0,007263
154,888	0,003828
154,926	0,00222
154,964	0,000843
155,002	0,000129
155,04	0,000399
155,078	-0,000999
155,116	-0,001867
155,154	-0,002583
155,192	-0,002411
155,23	-0,000167
155,268	-0,001501
155,306	-0,001271
155,344	0,002069
155,382	0,00274
155,42	0,000434
155,458	0,001914
155,496	0,003429
155,534	0,004587
155,572	0,005646
155,61	0,008239
155,648	0,004714
155,686	0,000697
155,724	0,000806
155,762	0,000233
155,8	0,00257
155,838	0,002218
155,876	0,002977
155,914	0,004944
155,952	0,004474
155,99	0,002847
156,028	0,003933
156,066	-0,001034
156,104	0,000291
156,142	0,002583
156,18	0,003669
156,218	0,004331
156,256	0,002591
156,294	0,003203
156,332	0,003233
156,37	0,004306
156,408	0,003813
156,446	0,004504
156,484	0,004216
156,522	0,001023
156,56	0,001628
156,598	0,001809
156,636	-0,001319
156,674	-0,001847
156,712	0,00193
156,75	-0,000658
156,788	-0,003834
156,826	-0,002527
156,864	-0,001129
156,902	-0,004338
156,94	-0,004867
156,978	-0,005566
157,016	-0,0023
157,054	-0,001338
157,092	-0,001234
157,13	0,000068
157,168	-0,003993
157,206	-0,005473
157,244	-0,00644
157,282	-0,002439
157,32	-0,002693
157,358	-0,003125
157,396	-0,004136
157,434	-0,000414
157,472	0,003881
157,51	0,004199
157,548	0,005769
157,586	0,003926
157,624	0,00476
157,662	0,006324
157,7	0,006817
157,738	0,005756
157,776	0,009817
157,814	0,009507
157,852	0,010743
157,89	0,011732
157,928	0,006623
157,966	0,0036
158,004	0,004793
158,042	0,00761
158,08	0,00631
158,118	0,007397
158,156	0,007589
158,194	0,002584
158,232	0,00314
158,27	0,00648
158,308	0,009013
158,346	0,00422
158,384	0,000978
158,422	0,002562
158,46	0,00249
158,498	0,003107
158,536	0,007935
158,574	0,014048
158,612	0,023234
158,65	0,031182
158,688	0,044525
158,726	0,050883
158,764	0,054954
158,802	0,058424
158,84	0,061925
158,878	0,069861
158,916	0,073513
158,954	0,074815
158,992	0,078485
159,03	0,079228
159,068	0,079368
159,106	0,082361
159,144	0,082592
159,182	0,0767
159,22	0,076953
159,258	0,073856
159,296	0,07096
159,334	0,068469
159,372	0,068615
159,41	0,068545
159,448	0,065087
159,486	0,064861
159,524	0,062998
159,562	0,063231
159,6	0,061509
159,638	0,059078
159,676	0,056205
159,714	0,054067
159,752	0,052249
159,79	0,051084
159,828	0,049926
159,866	0,046908
159,904	0,042925
159,942	0,043559
159,98	0,040777
160,018	0,037758
160,056	0,035547
160,094	0,036832
160,132	0,038173
160,17	0,036438
160,208	0,035897
160,246	0,037828
160,284	0,035043
160,322	0,028589
160,36	0,023695
160,398	0,021626
160,436	0,021608
160,474	0,016015
160,512	0,01289
160,55	0,01181
160,588	0,008451
160,626	0,012061
160,664	0,012061
160,702	0,014288
160,74	0,016255
160,778	0,015522
160,816	0,011548
160,854	0,011539
160,892	0,009841
160,93	0,009375
160,968	0,007873
161,006	0,008718
161,044	0,006105
161,082	0,006938
161,12	0,004698
161,158	0,007036
161,196	0,006802
161,234	0,00935
161,272	0,010801
161,31	0,010295
161,348	0,011799
161,386	0,011007
161,424	0,00965
161,462	0,009735
161,5	0,009446
161,538	0,007278
161,576	0,002268
161,614	0,004308
161,652	0,002414
161,69	0,003039
161,728	0,005379
161,766	0,006135
161,804	0,001477
161,842	-0,003706
161,88	-0,0035
161,918	0,000361
161,956	-0,001961
161,994	-0,001816
162,032	-0,00249
162,07	-0,003702
162,108	-0,003347
162,146	-0,001879
162,184	0,001421
162,222	-0,000164
162,26	-0,002832
162,298	-0,002816
162,336	-0,002251
162,374	-0,000705
162,412	-0,000119
162,45	-0,001425
162,488	-0,004779
162,526	-0,007583
162,564	-0,004577
162,602	-0,004027
162,64	-0,000729
162,678	0,000297
162,716	0,002362
162,754	0,000834
162,792	-0,000509
162,83	0,001219
162,868	0,002426
162,906	0,002388
162,944	0,000023
162,982	-0,000245
163,02	-0,002369
163,058	-0,004115
163,096	-0,002291
163,134	-0,001488
163,172	0,000482
163,21	-0,000654
163,248	0,001195
163,286	0,003263
163,324	0,004124
163,362	0,00384
163,4	0,002754
163,438	0,002341
163,476	0,001768
163,514	-0,002102
163,552	-0,000693
163,59	-0,00004
163,628	-0,001872
163,666	-0,003981
163,704	-0,004833
163,742	-0,004257
163,78	-0,002071
163,818	-0,004012
163,856	-0,003661
163,894	-0,003717
163,932	-0,004395
163,97	-0,006627
164,008	-0,00655
164,046	-0,005666
164,084	-0,004304
164,122	-0,003368
164,16	-0,005579
164,198	-0,00568
164,236	-0,007695
164,274	-0,006674
164,312	-0,012961
164,35	-0,008883
164,388	-0,00788
164,426	-0,006628
164,464	-0,004737
164,502	0,00096
164,54	0,002674
164,578	0,003979
164,616	0,00943
164,654	0,015035
164,692	0,018692
164,73	0,022761
164,768	0,029004
164,806	0,035454
164,844	0,039372
164,882	0,043798
164,92	0,047537
164,958	0,052151
164,996	0,050344
165,034	0,048578
165,072	0,049744
165,11	0,049956
165,148	0,054352
165,186	0,050957
165,224	0,050337
165,262	0,047666
165,3	0,04576
165,338	0,044343
165,376	0,042942
165,414	0,04107
165,452	0,043013
165,49	0,043234
165,528	0,040868
165,566	0,038292
165,604	0,034623
165,642	0,035127
165,68	0,034104
165,718	0,032493
165,756	0,034698
165,794	0,032135
165,832	0,033405
165,87	0,030403
165,908	0,032426
165,946	0,031495
165,984	0,036105
166,022	0,036009
166,06	0,033665
166,098	0,033471
166,136	0,031285
166,174	0,02832
166,212	0,029694
166,25	0,029192
166,288	0,027042
166,326	0,02914
166,364	0,027298
166,402	0,022534
166,44	0,025227
166,478	0,023735
166,516	0,022842
166,554	0,022689
166,592	0,020048
166,63	0,019124
166,668	0,01817
166,706	0,0184
166,744	0,01724
166,782	0,01391
166,82	0,0144
166,858	0,015487
166,896	0,015663
166,934	0,011938
166,972	0,013263
167,01	0,014406
167,048	0,010747
167,086	0,012554
167,124	0,011623
167,162	0,010988
167,2	0,009087
167,238	0,009381
167,276	0,007899
167,314	0,008668
167,352	0,007478
167,39	0,009121
167,428	0,006488
167,466	0,009308
167,504	0,007266
167,542	0,005501
167,58	0,004014
167,618	0,002951
167,656	0,006349
167,694	0,003152
167,732	0,002221
167,77	0,005583
167,808	0,00632
167,846	0,004204
167,884	0,006877
167,922	0,006465
167,96	0,005721
167,998	0,005956
168,036	0,008983
168,074	0,006746
168,112	0,006617
168,15	0,007364
168,188	0,005172
168,226	0,006863
168,264	0,007334
168,302	0,00453
168,34	0,0021
168,378	0,000994
168,416	0,001272
168,454	-0,000095
168,492	0,002288
168,53	0,000359
168,568	0,003341
168,606	0,002049
168,644	0,003061
168,682	0,003815
168,72	0,002572
168,758	0,00107
168,796	0,000089
168,834	-0,002008
168,872	-0,001122
168,91	-0,00008
168,948	0,000415
168,986	-0,001088
169,024	-0,004672
169,062	-0,005824
169,1	-0,005399
169,138	-0,007869
169,176	-0,006942
169,214	-0,003973
169,252	-0,001297
169,29	-0,001136
169,328	-0,000785
169,366	-0,003615
169,404	-0,004196
169,442	-0,002772
169,48	-0,00312
169,518	-0,000103
169,556	0,001352
169,594	0,001606
169,632	0,003817
169,67	-0,000577
169,708	0,003009
169,746	0,004445
169,784	0,006231
169,822	0,005497
169,86	0,006065
169,898	0,003887
169,936	0,004079
169,974	0,00701
170,012	0,007417
170,05	0,006117
170,088	0,007037
170,126	0,004515
170,164	0,002924
170,202	0,003311
170,24	0,003445
170,278	0,002645
170,316	0,004462
170,354	0,002245
170,392	0,003954
170,43	-0,000339
170,468	-0,00069
170,506	-0,002329
170,544	-0,000337
170,582	0,00127
170,62	0,003528
170,658	0,003127
170,696	0,006241
170,734	0,010955
170,772	0,018211
170,81	0,0218
170,848	0,025359
170,886	0,031414
170,924	0,038175
170,962	0,042957
171	0,049148
171,038	0,055929
171,076	0,059415
171,114	0,06032
171,152	0,062625
171,19	0,060272
171,228	0,062881
171,266	0,062718
171,304	0,061036
171,342	0,055479
171,38	0,054564
171,418	0,056136
171,456	0,049442
171,494	0,049527
171,532	0,047369
171,57	0,046699
171,608	0,045225
171,646	0,04527
171,684	0,040751
171,722	0,041082
171,76	0,039807
171,798	0,03507
171,836	0,035221
171,874	0,033992
171,912	0,030599
171,95	0,028905
171,988	0,026293
172,026	0,023695
172,064	0,023631
172,102	0,024403
172,14	0,024701
172,178	0,020631
172,216	0,021958
172,254	0,021501
172,292	0,02054
172,33	0,018769
172,368	0,019375
172,406	0,018696
172,444	0,018213
172,482	0,01557
172,52	0,014721
172,558	0,016233
172,596	0,015773
172,634	0,013491
172,672	0,015267
172,71	0,014112
172,748	0,012269
172,786	0,012863
172,824	0,010678
172,862	0,014427
172,9	0,011855
172,938	0,008215
172,976	0,002527
173,014	0,00115
173,052	0,000823
173,09	-0,000523
173,128	0,000678
173,166	-0,000369
173,204	0,002919
173,242	0,002971
173,28	0,004113
173,318	0,00461
173,356	0,006367
173,394	0,00568
173,432	0,007181
173,47	0,008801
173,508	0,004908
173,546	0,006221
173,584	0,004785
173,622	0,004747
173,66	0,004271
173,698	0,003773
173,736	0,004609
173,774	0,001958
173,812	0,001011
173,85	0,002065
173,888	0,002212
173,926	0,001464
173,964	-0,000221
174,002	0,000222
174,04	0,001797
174,078	-0,000086
174,116	-0,000577
174,154	0,001344
174,192	0,000426
174,23	0,002091
174,268	-0,000245
174,306	0,002183
174,344	-0,000825
174,382	-0,00074
174,42	-0,001286
174,458	0,000119
174,496	-0,003296
174,534	-0,001941
174,572	-0,002491
174,61	-0,002245
174,648	0,000205
174,686	-0,002198
174,724	-0,004556
174,762	-0,002567
174,8	-0,00589
174,838	-0,005086
174,876	-0,004161
174,914	-0,004444
174,952	-0,002675
174,99	-0,001148
175,028	-0,000061
175,066	-0,002202
175,104	-0,000616
175,142	-0,001226
175,18	0,000318
175,218	-0,001932
175,256	0,000484
175,294	0,002012
175,332	0,005471
175,37	0,007132
175,408	0,00619
175,446	0,006972
175,484	0,006465
175,522	0,00489
175,56	0,004129
175,598	0,002488
175,636	0,003033
175,674	0,004314
175,712	0,00252
175,75	0,004973
175,788	0,002499
175,826	0,0056
175,864	0,006138
175,902	0,004502
175,94	0,002765
175,978	0,00104
176,016	0,000733
176,054	0,001311
176,092	-0,00107
176,13	-0,000707
176,168	0,003532
176,206	0,003648
176,244	0,004429
176,282	0,003965
176,32	0,006546
176,358	0,006403
176,396	0,005366
176,434	0,003445
176,472	0,00244
176,51	0,002483
176,548	0,002523
176,586	0,001639
176,624	0,000472
176,662	-0,000199
176,7	-0,000606
176,738	-0,005313
176,776	-0,002651
176,814	0,001011
176,852	0,012838
176,89	0,015203
176,928	0,022263
176,966	0,028597
177,004	0,035445
177,042	0,039662
177,08	0,042088
177,118	0,044825
177,156	0,050641
177,194	0,050454
177,232	0,053508
177,27	0,051327
177,308	0,054332
177,346	0,05619
177,384	0,055545
177,422	0,057247
177,46	0,055354
177,498	0,05063
177,536	0,050266
177,574	0,04613
177,612	0,041052
177,65	0,036509
177,688	0,035466
177,726	0,033581
177,764	0,031193
177,802	0,031253
177,84	0,028292
177,878	0,028411
177,916	0,025054
177,954	0,020861
177,992	0,020444
178,03	0,018686
178,068	0,016932
178,106	0,014794
178,144	0,018408
178,182	0,017657
178,22	0,019895
178,258	0,019025
178,296	0,015678
178,334	0,017128
178,372	0,018664
178,41	0,020223
178,448	0,020977
178,486	0,022327
178,524	0,020285
178,562	0,018883
178,6	0,020826
178,638	0,01806
178,676	0,018389
178,714	0,018466
178,752	0,019012
178,79	0,016208
178,828	0,015534
178,866	0,013566
178,904	0,012226
178,942	0,013298
178,98	0,009282
179,018	0,008623
179,056	0,009774
179,094	0,009852
179,132	0,009719
179,17	0,007812
179,208	0,008126
179,246	0,006878
179,284	0,006474
179,322	0,005314
179,36	0,003768
179,398	0,003313
179,436	0,001529
179,474	-0,002033
179,512	-0,000028
179,55	0,000228
179,588	-0,000769
179,626	-0,002804
179,664	-0,0022
179,702	-0,002902
179,74	-0,000946
179,778	-0,000231
179,816	0,000083
179,854	0,001326
179,892	0,002177
179,93	0,000998
179,968	0,004696
180,006	0,001215
180,044	-0,002919
180,082	-0,003707
180,12	-0,003379
180,158	-0,001638
180,196	0,001902
180,234	0,000371
180,272	0,001057
180,31	0,003481
180,348	-0,000769
180,386	-0,001311
180,424	-0,000143
180,462	0,00069
180,5	-0,000454
180,538	0,000455
180,576	0,000394
180,614	0,00011
180,652	-0,003519
180,69	-0,001169
180,728	0,001032
180,766	0,00301
180,804	0,001202
180,842	0,002047
180,88	0,00154
180,918	0,004191
180,956	0,004302
180,994	0,003233
181,032	0,001333
181,07	0,001713
181,108	-0,000934
181,146	0,000479
181,184	-0,001994
181,222	-0,000775
181,26	-0,00195
181,298	-0,000909
181,336	-0,00378
181,374	-0,00283
181,412	-0,001835
181,45	0,002752
181,488	-0,000688
181,526	0,00023
181,564	-0,001579
181,602	-0,000236
181,64	-0,004276
181,678	-0,001714
181,716	-0,000213
181,754	-0,003001
181,792	-0,001938
181,83	-0,001817
181,868	-0,002478
181,906	-0,00169
181,944	-0,001021
181,982	-0,001908
182,02	-0,002034
182,058	-0,000801
182,096	-0,000828
182,134	-0,002533
182,172	-0,002263
182,21	-0,002454
182,248	-0,001762
182,286	-0,003167
182,324	-0,00475
182,362	-0,003455
182,4	-0,003828
182,438	-0,005682
182,476	-0,002168
182,514	0,000171
182,552	-0,000316
182,59	-0,001729
182,628	0,000045
182,666	-0,000816
182,704	0,00093
182,742	0,002828
182,78	0,003974
182,818	0,006206
182,856	0,006746
182,894	0,012729
182,932	0,015689
182,97	0,021621
183,008	0,030062
183,046	0,035061
183,084	0,041948
183,122	0,048052
183,16	0,050816
183,198	0,05155
183,236	0,053145
183,274	0,055599
183,312	0,055342
183,35	0,055675
183,388	0,059185
183,426	0,061463
183,464	0,063407
183,502	0,068542
183,54	0,067129
183,578	0,06665
183,616	0,066651
183,654	0,062157
183,692	0,064163
183,73	0,058887
183,768	0,058385
183,806	0,056751
183,844	0,059905
183,882	0,056798
183,92	0,057555
183,958	0,054028
183,996	0,054684
184,034	0,049701
184,072	0,045141
184,11	0,04166
184,148	0,042353
184,186	0,038234
184,224	0,038593
184,262	0,035665
184,3	0,035395
184,338	0,030039
184,376	0,029176
184,414	0,03008
184,452	0,024959
184,49	0,02576
184,528	0,022903
184,566	0,028907
184,604	0,0307
184,642	0,03072
184,68	0,031422
