	 cell2
0,038	0,011399
0,076	0,007843
0,114	0,00613
0,152	0,005615
0,19	0,00424
0,228	0,003289
0,266	0,006394
0,304	0,006259
0,342	0,009469
0,38	0,00871
0,418	0,00704
0,456	0,008455
0,494	0,007491
0,532	0,00603
0,57	0,00577
0,608	0,007687
0,646	0,005339
0,684	0,006667
0,722	0,008193
0,76	0,009031
0,798	0,013423
0,836	0,016729
0,874	0,015101
0,912	0,014418
0,95	0,011622
0,988	0,014668
1,026	0,013015
1,064	0,007994
1,102	0,004928
1,14	0,008604
1,178	0,011029
1,216	0,010763
1,254	0,010589
1,292	0,008167
1,33	0,007823
1,368	0,010527
1,406	0,012954
1,444	0,009938
1,482	0,00981
1,52	0,012835
1,558	0,010597
1,596	0,008744
1,634	0,006307
1,672	0,009793
1,71	0,009215
1,748	0,008074
1,786	0,009974
1,824	0,007896
1,862	0,010825
1,9	0,01154
1,938	0,007152
1,976	0,005226
2,014	0,004247
2,052	0,002062
2,09	0,003668
2,128	0,002248
2,166	0,003917
2,204	0,001361
2,242	0,000717
2,28	0,000988
2,318	0,001024
2,356	-0,001318
2,394	-0,003542
2,432	-0,001777
2,47	0,001105
2,508	-0,000731
2,546	0,000834
2,584	0,010241
2,622	0,026903
2,66	0,038992
2,698	0,053083
2,736	0,070443
2,774	0,088044
2,812	0,103993
2,85	0,114448
2,888	0,125337
2,926	0,134208
2,964	0,13814
3,002	0,141016
3,04	0,144393
3,078	0,147427
3,116	0,147519
3,154	0,144462
3,192	0,142545
3,23	0,138679
3,268	0,136712
3,306	0,133183
3,344	0,127745
3,382	0,125185
3,42	0,123821
3,458	0,11814
3,496	0,116136
3,534	0,11495
3,572	0,107897
3,61	0,104662
3,648	0,104309
3,686	0,100123
3,724	0,099313
3,762	0,098024
3,8	0,09231
3,838	0,084872
3,876	0,083407
3,914	0,076361
3,952	0,077166
3,99	0,075034
4,028	0,073267
4,066	0,072183
4,104	0,072043
4,142	0,07093
4,18	0,068443
4,218	0,066904
4,256	0,064255
4,294	0,065333
4,332	0,063948
4,37	0,067638
4,408	0,064669
4,446	0,063302
4,484	0,061219
4,522	0,058786
4,56	0,058049
4,598	0,054974
4,636	0,05418
4,674	0,053951
4,712	0,052242
4,75	0,04964
4,788	0,046111
4,826	0,044375
4,864	0,041796
4,902	0,041039
4,94	0,037564
4,978	0,036584
5,016	0,035107
5,054	0,035594
5,092	0,03405
5,13	0,028978
5,168	0,032604
5,206	0,031806
5,244	0,029804
5,282	0,029952
5,32	0,029706
5,358	0,029618
5,396	0,027245
5,434	0,024423
5,472	0,027017
5,51	0,026201
5,548	0,022236
5,586	0,018276
5,624	0,015177
5,662	0,015825
5,7	0,010851
5,738	0,007138
5,776	0,003052
5,814	-0,000812
5,852	0,003163
5,89	0,00576
5,928	0,004625
5,966	0,003132
6,004	0,00158
6,042	0,002396
6,08	0,000029
6,118	0,001735
6,156	-0,000786
6,194	-0,003549
6,232	-0,002301
6,27	-0,002169
6,308	0,000725
6,346	-0,002417
6,384	-0,0029
6,422	-0,005956
6,46	-0,010485
6,498	-0,009281
6,536	-0,010805
6,574	-0,012413
6,612	-0,008461
6,65	-0,006105
6,688	-0,000713
6,726	0,000039
6,764	0,000073
6,802	0,000602
6,84	0,000684
6,878	0,005325
6,916	0,004168
6,954	0,003423
6,992	0,005862
7,03	0,009895
7,068	0,007895
7,106	0,006071
7,144	0,009274
7,182	0,008577
7,22	0,008205
7,258	0,00763
7,296	0,007929
7,334	0,007054
7,372	0,006533
7,41	0,001654
7,448	0,000477
7,486	-0,001718
7,524	-0,000818
7,562	-0,000299
7,6	0,001427
7,638	0,003626
7,676	0,004657
7,714	0,002303
7,752	0,000941
7,79	0,001639
7,828	0,00352
7,866	0,000251
7,904	0,000744
7,942	0,000885
7,98	-0,004162
8,018	-0,007423
8,056	-0,004874
8,094	-0,005219
8,132	-0,00325
8,17	-0,005352
8,208	-0,004212
8,246	-0,003287
8,284	-0,004494
8,322	-0,002137
8,36	-0,000113
8,398	0,000634
8,436	0,001757
8,474	-0,00171
8,512	-0,003789
8,55	-0,00305
8,588	-0,001312
8,626	0,001347
8,664	0,001813
8,702	-0,00087
8,74	-0,006023
8,778	-0,011361
8,816	-0,009031
8,854	-0,00994
8,892	-0,010288
8,93	-0,005208
8,968	-0,003365
9,006	-0,003631
9,044	-0,00216
9,082	-0,001018
9,12	-0,001201
9,158	0,001008
9,196	0,004095
9,234	0,005428
9,272	0,004541
9,31	0,004874
9,348	0,00421
9,386	0,004437
9,424	0,006027
9,462	0,007547
9,5	0,004902
9,538	0,004158
9,576	0,004749
9,614	0,008404
9,652	0,019373
9,69	0,029375
9,728	0,045651
9,766	0,060477
9,804	0,075538
9,842	0,09433
9,88	0,110426
9,918	0,122858
9,956	0,129717
9,994	0,134165
10,032	0,14235
10,07	0,148516
10,108	0,152052
10,146	0,152981
10,184	0,151749
10,222	0,151021
10,26	0,149901
10,298	0,14477
10,336	0,143112
10,374	0,138636
10,412	0,134457
10,45	0,134541
10,488	0,131795
10,526	0,126609
10,564	0,123994
10,602	0,121402
10,64	0,115863
10,678	0,109799
10,716	0,108322
10,754	0,107773
10,792	0,105888
10,83	0,100455
10,868	0,097731
10,906	0,094329
10,944	0,094338
10,982	0,095355
11,02	0,090889
11,058	0,084849
11,096	0,083342
11,134	0,080042
11,172	0,076163
11,21	0,074628
11,248	0,075607
11,286	0,073215
11,324	0,067792
11,362	0,063637
11,4	0,061444
11,438	0,06011
11,476	0,056373
11,514	0,053711
11,552	0,052418
11,59	0,05135
11,628	0,049366
11,666	0,048539
11,704	0,049579
11,742	0,046993
11,78	0,042892
11,818	0,039068
11,856	0,037229
11,894	0,037705
11,932	0,037369
11,97	0,035359
12,008	0,03402
12,046	0,034959
12,084	0,035719
12,122	0,035312
12,16	0,033404
12,198	0,032072
12,236	0,036328
12,274	0,034207
12,312	0,035006
12,35	0,028176
12,388	0,029598
12,426	0,025925
12,464	0,026438
12,502	0,023761
12,54	0,021502
12,578	0,019353
12,616	0,016928
12,654	0,013995
12,692	0,013316
12,73	0,012557
12,768	0,009653
12,806	0,008916
12,844	0,007368
12,882	0,005915
12,92	0,010619
12,958	0,011031
12,996	0,008128
13,034	0,008269
13,072	0,005762
13,11	0,005521
13,148	0,003885
13,186	0,004748
13,224	0,003361
13,262	0,000732
13,3	0,002384
13,338	-0,0001
13,376	0,000204
13,414	0,000587
13,452	0,000941
13,49	0,003646
13,528	0,005461
13,566	0,005163
13,604	0,008849
13,642	0,005882
13,68	0,003139
13,718	0,004049
13,756	0,005527
13,794	-0,000956
13,832	-0,003078
13,87	-0,004572
13,908	-0,001029
13,946	-0,00113
13,984	0,001121
14,022	-0,001707
14,06	-0,006747
14,098	-0,009398
14,136	-0,010734
14,174	-0,009934
14,212	-0,006416
14,25	-0,010254
14,288	-0,010201
14,326	-0,010774
14,364	-0,006814
14,402	-0,007048
14,44	-0,006184
14,478	-0,004082
14,516	-0,004007
14,554	-0,006611
14,592	-0,002618
14,63	-0,002413
14,668	-0,004344
14,706	-0,006997
14,744	-0,008438
14,782	-0,007633
14,82	-0,004158
14,858	-0,004436
14,896	-0,004801
14,934	-0,003857
14,972	-0,002632
15,01	-0,004286
15,048	-0,006893
15,086	-0,009524
15,124	-0,010261
15,162	-0,007471
15,2	-0,006546
15,238	-0,012582
15,276	-0,01092
15,314	-0,010743
15,352	-0,00921
15,39	-0,005259
15,428	-0,004534
15,466	-0,009223
15,504	-0,008219
15,542	-0,006871
15,58	-0,00375
15,618	-0,002956
15,656	-0,002076
15,694	-0,001555
15,732	0,003184
15,77	0,00214
15,808	0,003661
15,846	0,0024
15,884	0,006143
15,922	0,007246
15,96	0,007129
15,998	0,005468
16,036	0,008397
16,074	0,017532
16,112	0,028971
16,15	0,042651
16,188	0,057563
16,226	0,075856
16,264	0,093865
16,302	0,107399
16,34	0,118385
16,378	0,127166
16,416	0,135563
16,454	0,137909
16,492	0,147382
16,53	0,148258
16,568	0,149818
16,606	0,148667
16,644	0,14421
16,682	0,142943
16,72	0,138676
16,758	0,136987
16,796	0,133722
16,834	0,126739
16,872	0,124294
16,91	0,120642
16,948	0,117386
16,986	0,109877
17,024	0,107721
17,062	0,107825
17,1	0,106375
17,138	0,104509
17,176	0,104467
17,214	0,104342
17,252	0,095373
17,29	0,093596
17,328	0,093965
17,366	0,091961
17,404	0,091948
17,442	0,084562
17,48	0,082022
17,518	0,088126
17,556	0,084115
17,594	0,082006
17,632	0,079588
17,67	0,078268
17,708	0,073511
17,746	0,068806
17,784	0,062983
17,822	0,058843
17,86	0,058841
17,898	0,058026
17,936	0,056485
17,974	0,056468
18,012	0,052353
18,05	0,052328
18,088	0,050138
18,126	0,050936
18,164	0,052854
18,202	0,052899
18,24	0,053082
18,278	0,05179
18,316	0,047147
18,354	0,048082
18,392	0,04378
18,43	0,044884
18,468	0,042156
18,506	0,03992
18,544	0,038282
18,582	0,034722
18,62	0,031925
18,658	0,026433
18,696	0,028487
18,734	0,026648
18,772	0,028263
18,81	0,026217
18,848	0,022639
18,886	0,019154
18,924	0,020994
18,962	0,01861
19	0,018635
19,038	0,018785
19,076	0,013379
19,114	0,012449
19,152	0,009231
19,19	0,010594
19,228	0,009326
19,266	0,005935
19,304	0,002891
19,342	0,004975
19,38	0,007857
19,418	0,007093
19,456	0,004558
19,494	0,010461
19,532	0,008617
19,57	0,010692
19,608	0,012953
19,646	0,014984
19,684	0,012574
19,722	0,014515
19,76	0,00979
19,798	0,006327
19,836	0,012129
19,874	0,010269
19,912	0,011811
19,95	0,013447
19,988	0,008215
20,026	0,006421
20,064	0,002554
20,102	0,004193
20,14	0,004471
20,178	0,001664
20,216	-0,000528
20,254	-0,001634
20,292	-0,003889
20,33	-0,009906
20,368	-0,006939
20,406	-0,004613
20,444	-0,006359
20,482	-0,00717
20,52	-0,010267
20,558	-0,007881
20,596	-0,008242
20,634	-0,008715
20,672	-0,008037
20,71	-0,009861
20,748	-0,010543
20,786	-0,011628
20,824	-0,007235
20,862	-0,007724
20,9	-0,006491
20,938	-0,005999
20,976	-0,010162
21,014	-0,008127
21,052	-0,007842
21,09	-0,008142
21,128	-0,005366
21,166	-0,00293
21,204	-0,000297
21,242	0,000911
21,28	0,000546
21,318	0,002593
21,356	0,000609
21,394	0,001456
21,432	0,000356
21,47	0,000969
21,508	0,00189
21,546	-0,000649
21,584	-0,002581
21,622	-0,003335
21,66	-0,005189
21,698	-0,003899
21,736	-0,00517
21,774	-0,007059
21,812	-0,006659
21,85	-0,003734
21,888	-0,002148
21,926	0,001033
21,964	-0,00278
22,002	-0,000879
22,04	-0,003965
22,078	-0,006008
22,116	-0,006271
22,154	-0,002496
22,192	-0,005488
22,23	-0,002667
22,268	-0,002822
22,306	-0,003165
22,344	-0,006374
22,382	-0,005467
22,42	-0,00488
22,458	-0,002331
22,496	-0,000527
22,534	-0,000212
22,572	0,001438
22,61	-0,00361
22,648	-0,002867
22,686	-0,005373
22,724	-0,004462
22,762	-0,007709
22,8	-0,003287
22,838	-0,006831
22,876	-0,00717
22,914	-0,004225
22,952	0,000031
22,99	0,009209
23,028	0,023095
23,066	0,03476
23,104	0,049588
23,142	0,064608
23,18	0,080075
23,218	0,090084
23,256	0,10286
23,294	0,119824
23,332	0,130972
23,37	0,137307
23,408	0,141644
23,446	0,142043
23,484	0,140298
23,522	0,139793
23,56	0,13647
23,598	0,13592
23,636	0,131586
23,674	0,128546
23,712	0,126575
23,75	0,124467
23,788	0,121273
23,826	0,118493
23,864	0,118438
23,902	0,115435
23,94	0,112568
23,978	0,110886
24,016	0,110523
24,054	0,109061
24,092	0,10246
24,13	0,098995
24,168	0,095451
24,206	0,092915
24,244	0,094179
24,282	0,089877
24,32	0,086713
24,358	0,082783
24,396	0,080022
24,434	0,078083
24,472	0,074193
24,51	0,071609
24,548	0,067578
24,586	0,06259
24,624	0,0626
24,662	0,063587
24,7	0,066113
24,738	0,062364
24,776	0,060434
24,814	0,056699
24,852	0,049859
24,89	0,048629
24,928	0,047955
24,966	0,0492
25,004	0,044149
25,042	0,042989
25,08	0,041788
25,118	0,04216
25,156	0,04315
25,194	0,040614
25,232	0,039588
25,27	0,039323
25,308	0,03716
25,346	0,035954
25,384	0,034179
25,422	0,035001
25,46	0,030863
25,498	0,030503
25,536	0,028018
25,574	0,027218
25,612	0,0245
25,65	0,02417
25,688	0,022621
25,726	0,024263
25,764	0,017593
25,802	0,013481
25,84	0,010807
25,878	0,013603
25,916	0,015877
25,954	0,01855
25,992	0,015693
26,03	0,012866
26,068	0,013068
26,106	0,012778
26,144	0,014212
26,182	0,015721
26,22	0,017583
26,258	0,016021
26,296	0,010804
26,334	0,012615
26,372	0,015507
26,41	0,01563
26,448	0,014721
26,486	0,012723
26,524	0,008966
26,562	0,005979
26,6	0,00427
26,638	0,00362
26,676	0,004909
26,714	0,005735
26,752	0,003882
26,79	0,000777
26,828	0,001078
26,866	-0,001303
26,904	-0,002044
26,942	-0,002875
26,98	-0,002093
27,018	-0,001956
27,056	-0,002835
27,094	-0,006345
27,132	-0,004595
27,17	-0,004866
27,208	0,000724
27,246	-0,000088
27,284	-0,000165
27,322	0,000417
27,36	0,00014
27,398	0,002389
27,436	0,001318
27,474	0,00117
27,512	-0,000148
27,55	-0,000935
27,588	-0,003169
27,626	0,001377
27,664	-0,001518
27,702	-0,000754
27,74	0,001397
27,778	-0,000324
27,816	0,000509
27,854	-0,000078
27,892	-0,001642
27,93	-0,00426
27,968	-0,006345
28,006	-0,004149
28,044	-0,004808
28,082	-0,004922
28,12	-0,007728
28,158	-0,005401
28,196	-0,006382
28,234	-0,008016
28,272	-0,005631
28,31	-0,01011
28,348	-0,008871
28,386	-0,007411
28,424	-0,007804
28,462	-0,006919
28,5	-0,006385
28,538	-0,005362
28,576	-0,006711
28,614	-0,003899
28,652	-0,003914
28,69	-0,005543
28,728	-0,006519
28,766	-0,007874
28,804	0,000627
28,842	0,011499
28,88	0,026576
28,918	0,041966
28,956	0,055325
28,994	0,071097
29,032	0,081799
29,07	0,095127
29,108	0,108726
29,146	0,117236
29,184	0,122797
29,222	0,128109
29,26	0,129997
29,298	0,132949
29,336	0,133318
29,374	0,135255
29,412	0,131607
29,45	0,128949
29,488	0,128963
29,526	0,127481
29,564	0,125196
29,602	0,122344
29,64	0,117556
29,678	0,11385
29,716	0,11363
29,754	0,107015
29,792	0,103406
29,83	0,101117
29,868	0,093467
29,906	0,089735
29,944	0,08524
29,982	0,083823
30,02	0,083249
30,058	0,075158
30,096	0,075408
30,134	0,07157
30,172	0,073386
30,21	0,069717
30,248	0,06996
30,286	0,071199
30,324	0,068956
30,362	0,065543
30,4	0,067173
30,438	0,063541
30,476	0,058733
30,514	0,057985
30,552	0,058544
30,59	0,059403
30,628	0,053764
30,666	0,048074
30,704	0,046205
30,742	0,046863
30,78	0,048195
30,818	0,050036
30,856	0,048093
30,894	0,0482
30,932	0,046092
30,97	0,044741
31,008	0,043283
31,046	0,040417
31,084	0,038341
31,122	0,03638
31,16	0,035249
31,198	0,035345
31,236	0,034789
31,274	0,030175
31,312	0,029242
31,35	0,031997
31,388	0,032028
31,426	0,027066
31,464	0,027888
31,502	0,029456
31,54	0,026334
31,578	0,021738
31,616	0,021781
31,654	0,020492
31,692	0,019232
31,73	0,017428
31,768	0,016402
31,806	0,015487
31,844	0,011649
31,882	0,011099
31,92	0,008846
31,958	0,013018
31,996	0,011176
32,034	0,008685
32,072	0,007994
32,11	0,006898
32,148	0,009457
32,186	0,00732
32,224	0,005523
32,262	0,005333
32,3	0,007691
32,338	0,006194
32,376	0,006459
32,414	0,007168
32,452	0,006106
32,49	0,003285
32,528	0,003487
32,566	0,001283
32,604	-0,003835
32,642	-0,006023
32,68	-0,004084
32,718	-0,003537
32,756	-0,004721
32,794	-0,001603
32,832	-0,001532
32,87	-0,002916
32,908	-0,002489
32,946	-0,003091
32,984	-0,000463
33,022	0,002117
33,06	0,001642
33,098	-0,001119
33,136	0,001228
33,174	0,001288
33,212	-0,000742
33,25	-0,000515
33,288	-0,001191
33,326	0,000111
33,364	-0,001904
33,402	-0,001169
33,44	0,000189
33,478	-0,003342
33,516	-0,005224
33,554	-0,003068
33,592	-0,004477
33,63	-0,003875
33,668	-0,004969
33,706	-0,006057
33,744	-0,001389
33,782	-0,001016
33,82	0,000961
33,858	0,000174
33,896	0,003191
33,934	0,002434
33,972	-0,000031
34,01	-0,001088
34,048	-0,002147
34,086	-0,000138
34,124	0,000318
34,162	0,002558
34,2	-0,000499
34,238	-0,001553
34,276	-0,001425
34,314	-0,00339
34,352	-0,004745
34,39	-0,005304
34,428	-0,003055
34,466	-0,00355
34,504	-0,002309
34,542	-0,001876
34,58	-0,00114
34,618	-0,004448
34,656	-0,004661
34,694	-0,007051
34,732	-0,005626
34,77	-0,00495
34,808	-0,006997
34,846	-0,008853
34,884	-0,005025
34,922	-0,004899
34,96	-0,00177
34,998	-0,004623
35,036	-0,005482
35,074	-0,00606
35,112	-0,00763
35,15	-0,001987
35,188	0,001248
35,226	-0,005992
35,264	-0,00328
35,302	-0,005175
35,34	-0,004314
35,378	-0,007351
35,416	-0,001845
35,454	0,00426
35,492	0,016849
35,53	0,031567
35,568	0,042503
35,606	0,057274
35,644	0,075272
35,682	0,088431
35,72	0,099742
35,758	0,113697
35,796	0,12095
35,834	0,127321
35,872	0,132714
35,91	0,131597
35,948	0,132065
35,986	0,138218
36,024	0,145637
36,062	0,155238
36,1	0,16345
36,138	0,165399
36,176	0,169239
36,214	0,170811
36,252	0,17296
36,29	0,17136
36,328	0,169754
36,366	0,166174
36,404	0,162483
36,442	0,163667
36,48	0,162641
36,518	0,160918
36,556	0,159401
36,594	0,154809
36,632	0,153475
36,67	0,147804
36,708	0,142624
36,746	0,137997
36,784	0,131076
36,822	0,127564
36,86	0,127076
36,898	0,118707
36,936	0,114785
36,974	0,112773
37,012	0,115346
37,05	0,106802
37,088	0,102834
37,126	0,099652
37,164	0,099186
37,202	0,095362
37,24	0,093134
37,278	0,08957
37,316	0,08756
37,354	0,082107
37,392	0,08065
37,43	0,079101
37,468	0,078069
37,506	0,074708
37,544	0,072468
37,582	0,070076
37,62	0,06736
37,658	0,066147
37,696	0,06549
37,734	0,060521
37,772	0,056162
37,81	0,056098
37,848	0,051321
37,886	0,048059
37,924	0,048017
37,962	0,049315
38	0,047239
38,038	0,047936
38,076	0,04673
38,114	0,04561
38,152	0,045963
38,19	0,045283
38,228	0,045582
38,266	0,042678
38,304	0,03948
38,342	0,038461
38,38	0,039057
38,418	0,034542
38,456	0,032067
38,494	0,030024
38,532	0,024349
38,57	0,020216
38,608	0,020045
38,646	0,018149
38,684	0,015322
38,722	0,01534
38,76	0,017481
38,798	0,016575
38,836	0,017137
38,874	0,015718
38,912	0,014309
38,95	0,017721
38,988	0,013085
39,026	0,009999
39,064	0,007663
39,102	0,006732
39,14	0,003518
39,178	0,002984
39,216	0,001283
39,254	0,002011
39,292	-0,000388
39,33	-0,000893
39,368	-0,00197
39,406	0,000271
39,444	-0,001151
39,482	0,001825
39,52	-0,000298
39,558	-0,001253
39,596	0,000608
39,634	-0,000587
39,672	-0,003684
39,71	-0,001107
39,748	-0,002478
39,786	-0,006332
39,824	-0,005774
39,862	-0,00636
39,9	-0,005749
39,938	-0,006243
39,976	-0,006377
40,014	-0,006504
40,052	-0,008675
40,09	-0,012442
40,128	-0,012452
40,166	-0,010039
40,204	-0,016227
40,242	-0,016975
40,28	-0,01464
40,318	-0,013367
40,356	-0,014693
40,394	-0,010482
40,432	-0,012663
40,47	-0,010581
40,508	-0,009386
40,546	-0,005148
40,584	-0,003889
40,622	-0,005883
40,66	-0,009252
40,698	-0,005604
40,736	-0,005436
40,774	0,00242
40,812	0,000908
40,85	0,001766
40,888	0,00355
40,926	0,002512
40,964	0,002823
41,002	0,002872
41,04	0,003441
41,078	0,000943
41,116	-0,001044
41,154	-0,003742
41,192	-0,001807
41,23	0,000763
41,268	0,001935
41,306	-0,002489
41,344	-0,005486
41,382	-0,000743
41,42	-0,001367
41,458	-0,00215
41,496	-0,003408
41,534	-0,004123
41,572	-0,004933
41,61	-0,004639
41,648	-0,003426
41,686	-0,001994
41,724	-0,00379
41,762	-0,006478
41,8	-0,006636
41,838	-0,005788
41,876	-0,004839
41,914	-0,003714
41,952	-0,001302
41,99	-0,00169
42,028	-0,006224
42,066	-0,005784
42,104	-0,005286
42,142	-0,00835
42,18	-0,008428
42,218	-0,01069
42,256	-0,005892
42,294	0,002176
42,332	0,014738
42,37	0,030176
42,408	0,046906
42,446	0,066295
42,484	0,081636
42,522	0,095607
42,56	0,108393
42,598	0,114395
42,636	0,118049
42,674	0,118467
42,712	0,120526
42,75	0,122253
42,788	0,11988
42,826	0,119076
42,864	0,119873
42,902	0,119854
42,94	0,117721
42,978	0,11523
43,016	0,112486
43,054	0,109585
43,092	0,105856
43,13	0,103628
43,168	0,103485
43,206	0,101196
43,244	0,099561
43,282	0,099015
43,32	0,092013
43,358	0,089259
43,396	0,086295
43,434	0,081963
43,472	0,081121
43,51	0,077
43,548	0,073898
43,586	0,071586
43,624	0,071668
43,662	0,069906
43,7	0,067412
43,738	0,063761
43,776	0,062387
43,814	0,065137
43,852	0,060555
43,89	0,057216
43,928	0,054507
43,966	0,056848
44,004	0,061925
44,042	0,074544
44,08	0,087584
44,118	0,102916
44,156	0,114224
44,194	0,123048
44,232	0,127075
44,27	0,132254
44,308	0,13829
44,346	0,143244
44,384	0,142572
44,422	0,137841
44,46	0,130045
44,498	0,129267
44,536	0,129273
44,574	0,130228
44,612	0,127289
44,65	0,126204
44,688	0,123168
44,726	0,118368
44,764	0,11783
44,802	0,116142
44,84	0,112756
44,878	0,109208
44,916	0,107212
44,954	0,101755
44,992	0,097237
45,03	0,092571
45,068	0,090573
45,106	0,090183
45,144	0,085608
45,182	0,082974
45,22	0,080119
45,258	0,083502
45,296	0,077173
45,334	0,072431
45,372	0,068769
45,41	0,063318
45,448	0,05885
45,486	0,053846
45,524	0,049691
45,562	0,045679
45,6	0,040578
45,638	0,041177
45,676	0,038632
45,714	0,038745
45,752	0,040825
45,79	0,033457
45,828	0,030533
45,866	0,026796
45,904	0,023895
45,942	0,026197
45,98	0,018473
46,018	0,020557
46,056	0,015811
46,094	0,015017
46,132	0,013946
46,17	0,00956
46,208	0,00832
46,246	0,007666
46,284	0,000371
46,322	0,001329
46,36	0,003964
46,398	0,004234
46,436	0,006404
46,474	0,004033
46,512	0,004173
46,55	0,000749
46,588	-0,001282
46,626	-0,002741
46,664	-0,004159
46,702	-0,00347
46,74	-0,004542
46,778	-0,005094
46,816	-0,006988
46,854	-0,006076
46,892	-0,004279
46,93	-0,007887
46,968	-0,003867
47,006	-0,003546
47,044	-0,00488
47,082	-0,010449
47,12	-0,009057
47,158	-0,01092
47,196	-0,011887
47,234	-0,016532
47,272	-0,016356
47,31	-0,020841
47,348	-0,020522
47,386	-0,021133
47,424	-0,016571
47,462	-0,014497
47,5	-0,014189
47,538	-0,014563
47,576	-0,01209
47,614	-0,007355
47,652	-0,010037
47,69	-0,009039
47,728	-0,011357
47,766	-0,011528
47,804	-0,013206
47,842	-0,014716
47,88	-0,016971
47,918	-0,013275
47,956	-0,010291
47,994	-0,010199
48,032	-0,009411
48,07	-0,010201
48,108	-0,008326
48,146	-0,009647
48,184	-0,011116
48,222	-0,008228
48,26	-0,012614
48,298	-0,010522
48,336	-0,009468
48,374	-0,011099
48,412	-0,012097
48,45	-0,009563
48,488	-0,008877
48,526	-0,005879
48,564	-0,007581
48,602	-0,004587
48,64	-0,009607
48,678	-0,006097
48,716	-0,007092
48,754	-0,008854
48,792	-0,00947
48,83	-0,011069
48,868	-0,009033
48,906	-0,008193
48,944	-0,009384
48,982	-0,007655
49,02	-0,008118
49,058	-0,004397
49,096	-0,001229
49,134	0,001926
49,172	0,003334
49,21	0,003492
49,248	-0,000162
49,286	-0,000776
49,324	-0,000114
49,362	-0,001871
49,4	-0,001115
49,438	-0,00076
49,476	-0,003268
49,514	-0,000993
49,552	-0,002499
49,59	-0,003155
49,628	-0,001619
49,666	-0,004481
49,704	-0,005717
49,742	-0,00894
49,78	-0,005257
49,818	-0,007791
49,856	-0,00692
49,894	-0,006366
49,932	-0,008315
49,97	-0,007158
50,008	-0,002836
50,046	-0,000622
50,084	0,008361
50,122	0,015928
50,16	0,027801
50,198	0,041049
50,236	0,055085
50,274	0,064788
50,312	0,073545
50,35	0,085258
50,388	0,093633
50,426	0,10139
50,464	0,107533
50,502	0,115136
50,54	0,116163
50,578	0,116435
50,616	0,113233
50,654	0,111
50,692	0,108919
50,73	0,107808
50,768	0,106754
50,806	0,107345
50,844	0,105002
50,882	0,10123
50,92	0,097769
50,958	0,092716
50,996	0,089595
51,034	0,091166
51,072	0,086786
51,11	0,086516
51,148	0,083505
51,186	0,079873
51,224	0,075476
51,262	0,069398
51,3	0,068219
51,338	0,063554
51,376	0,062747
51,414	0,062685
51,452	0,060741
51,49	0,059541
51,528	0,059253
51,566	0,051774
51,604	0,051435
51,642	0,047914
51,68	0,045653
51,718	0,043387
51,756	0,047163
51,794	0,043547
51,832	0,043806
51,87	0,048074
51,908	0,044667
51,946	0,0416
51,984	0,044611
52,022	0,044011
52,06	0,040667
52,098	0,039704
52,136	0,04156
52,174	0,037599
52,212	0,039272
52,25	0,038761
52,288	0,038192
52,326	0,035473
52,364	0,030924
52,402	0,031263
52,44	0,029194
52,478	0,029384
52,516	0,027095
52,554	0,02515
52,592	0,022343
52,63	0,022215
52,668	0,022102
52,706	0,0183
52,744	0,021472
52,782	0,020607
52,82	0,020188
52,858	0,016059
52,896	0,013362
52,934	0,01325
52,972	0,010136
53,01	0,006884
53,048	0,002181
53,086	-0,000277
53,124	-0,000821
53,162	-0,000278
53,2	-0,00278
53,238	-0,003259
53,276	0,003326
53,314	0,002786
53,352	0,003431
53,39	0,000818
53,428	0,006334
53,466	0,002566
53,504	0,004033
53,542	0,006789
53,58	0,006923
53,618	0,007328
53,656	0,009158
53,694	0,008974
53,732	0,004479
53,77	0,00195
53,808	0,002009
53,846	-0,000179
53,884	-0,000527
53,922	-0,000844
53,96	0,001165
53,998	0,004753
54,036	0,002219
54,074	-0,000743
54,112	-0,00406
54,15	-0,007073
54,188	-0,009637
54,226	-0,008181
54,264	-0,008096
54,302	-0,005446
54,34	-0,005169
54,378	-0,006154
54,416	-0,002032
54,454	-0,004339
54,492	-0,003813
54,53	-0,003696
54,568	-0,001117
54,606	-0,001554
54,644	0,000017
54,682	-0,003915
54,72	-0,001884
54,758	-0,00213
54,796	-0,003413
54,834	-0,003299
54,872	-0,004136
54,91	0,003817
54,948	0,001398
54,986	-0,001236
55,024	0,001167
55,062	0,002322
55,1	0,002795
55,138	0,004609
55,176	0,006881
55,214	0,008479
55,252	0,007008
55,29	0,006206
55,328	0,004451
55,366	0,002711
55,404	0,003646
55,442	0,000867
55,48	-0,001773
55,518	0,001073
55,556	-0,00173
55,594	0,003493
55,632	0,000897
55,67	0,000065
55,708	0,00014
55,746	0,004329
55,784	0,004392
55,822	0,003499
55,86	0,000859
55,898	-0,000114
55,936	0,002254
55,974	0,003318
56,012	0,001945
56,05	0,003527
56,088	0,001329
56,126	0,000217
56,164	-0,001047
56,202	0,004344
56,24	0,003336
56,278	0,002206
56,316	-0,000735
56,354	0,000705
56,392	-0,000055
56,43	0,000385
56,468	-0,000591
56,506	0,001989
56,544	0,004758
56,582	0,005271
56,62	-0,000208
56,658	-0,005118
56,696	-0,003721
56,734	-0,00324
56,772	-0,005584
56,81	-0,007146
56,848	-0,007509
56,886	-0,011759
56,924	-0,007341
56,962	-0,006073
57	-0,003182
57,038	-0,002526
57,076	-0,00125
57,114	-0,00254
57,152	-0,001617
57,19	-0,002192
57,228	-0,002394
57,266	0,002201
57,304	0,002445
57,342	0,008113
57,38	0,012626
57,418	0,013406
57,456	0,013764
57,494	0,013776
57,532	0,009966
57,57	0,007381
57,608	0,006771
57,646	0,00421
57,684	0,00372
57,722	0,005297
57,76	0,005201
57,798	0,006752
57,836	0,005774
57,874	0,001642
57,912	0,005304
57,95	0,008045
57,988	0,009212
58,026	0,011807
58,064	0,011589
58,102	0,012429
58,14	0,012326
58,178	0,013359
58,216	0,015637
58,254	0,026377
58,292	0,033105
58,33	0,048035
58,368	0,062681
58,406	0,07704
58,444	0,086966
58,482	0,096254
58,52	0,102182
58,558	0,109475
58,596	0,119615
58,634	0,124882
58,672	0,128845
58,71	0,131578
58,748	0,132631
58,786	0,13265
58,824	0,12989
58,862	0,127204
58,9	0,122709
58,938	0,120052
58,976	0,119173
59,014	0,115464
59,052	0,110727
59,09	0,107771
59,128	0,101937
59,166	0,097615
59,204	0,093484
59,242	0,091283
59,28	0,089663
59,318	0,088831
59,356	0,083795
59,394	0,080386
59,432	0,079337
59,47	0,074423
59,508	0,071167
59,546	0,067765
59,584	0,068945
59,622	0,068307
59,66	0,064696
59,698	0,061402
59,736	0,058374
59,774	0,059967
59,812	0,056532
59,85	0,058293
59,888	0,058843
59,926	0,056668
59,964	0,049051
60,002	0,043991
60,04	0,046486
60,078	0,043606
60,116	0,043603
60,154	0,042332
60,192	0,04335
60,23	0,042625
60,268	0,043034
60,306	0,043376
60,344	0,040131
60,382	0,037147
60,42	0,035186
60,458	0,032009
60,496	0,032364
60,534	0,033124
60,572	0,031596
60,61	0,03075
60,648	0,028148
60,686	0,026865
60,724	0,024361
60,762	0,02553
60,8	0,026365
60,838	0,026573
60,876	0,023544
60,914	0,024849
60,952	0,025948
60,99	0,028798
61,028	0,025415
61,066	0,0211
61,104	0,018627
61,142	0,017992
61,18	0,017734
61,218	0,017843
61,256	0,015707
61,294	0,013119
61,332	0,013021
61,37	0,012297
61,408	0,010705
61,446	0,008599
61,484	0,00737
61,522	0,007864
61,56	0,007889
61,598	0,00894
61,636	0,007945
61,674	0,006821
61,712	0,004838
61,75	0,00879
61,788	0,006125
61,826	0,006416
61,864	0,005463
61,902	0,004927
61,94	-0,000511
61,978	-0,002263
62,016	-0,008406
62,054	-0,006047
62,092	-0,003744
62,13	-0,004479
62,168	-0,00224
62,206	-0,001633
62,244	-0,000428
62,282	0,002072
62,32	0,015929
62,358	0,030303
62,396	0,047753
62,434	0,060406
62,472	0,074933
62,51	0,08731
62,548	0,09971
62,586	0,110478
62,624	0,119796
62,662	0,123967
62,7	0,122576
62,738	0,12058
62,776	0,123373
62,814	0,123738
62,852	0,122642
62,89	0,119938
62,928	0,120397
62,966	0,117183
63,004	0,113172
63,042	0,109553
63,08	0,103462
63,118	0,099966
63,156	0,096272
63,194	0,093615
63,232	0,087967
63,27	0,080694
63,308	0,074221
63,346	0,071413
63,384	0,071835
63,422	0,06619
63,46	0,063713
63,498	0,062215
63,536	0,062422
63,574	0,056649
63,612	0,053069
63,65	0,047808
63,688	0,043851
63,726	0,043672
63,764	0,042024
63,802	0,04201
63,84	0,043148
63,878	0,045889
63,916	0,044112
63,954	0,038194
63,992	0,037491
64,03	0,034611
64,068	0,036975
64,106	0,034885
64,144	0,0363
64,182	0,036525
64,22	0,03786
64,258	0,03202
64,296	0,029284
64,334	0,027568
64,372	0,030194
64,41	0,03297
64,448	0,030822
64,486	0,026193
64,524	0,022611
64,562	0,023942
64,6	0,026794
64,638	0,023161
64,676	0,020101
64,714	0,019716
64,752	0,021098
64,79	0,018296
64,828	0,01882
64,866	0,018901
64,904	0,016121
64,942	0,012863
64,98	0,011705
65,018	0,006245
65,056	0,003119
65,094	-0,000066
65,132	-0,000735
65,17	-0,00457
65,208	-0,006872
65,246	-0,004097
65,284	-0,000663
65,322	-0,002484
65,36	-0,002301
65,398	-0,00181
65,436	-0,002266
65,474	-0,003658
65,512	-0,002072
65,55	-0,002829
65,588	-0,00182
65,626	-0,003207
65,664	-0,001468
65,702	-0,004959
65,74	-0,005869
65,778	0,000373
65,816	0,012736
65,854	0,025156
65,892	0,037422
65,93	0,054224
65,968	0,068264
66,006	0,079113
66,044	0,09118
66,082	0,101796
66,12	0,109304
66,158	0,110927
66,196	0,111537
66,234	0,114674
66,272	0,113171
66,31	0,112297
66,348	0,111339
66,386	0,104538
66,424	0,107005
66,462	0,107005
66,5	0,104912
66,538	0,098317
66,576	0,096238
66,614	0,091614
66,652	0,0882
66,69	0,08654
66,728	0,08754
66,766	0,084759
66,804	0,084931
66,842	0,083024
66,88	0,081354
66,918	0,076963
66,956	0,075498
66,994	0,073138
67,032	0,074157
67,07	0,071792
67,108	0,067679
67,146	0,064232
67,184	0,070886
67,222	0,075198
67,26	0,082898
67,298	0,089884
67,336	0,097385
67,374	0,104457
67,412	0,114492
67,45	0,122657
67,488	0,126307
67,526	0,129786
67,564	0,133175
67,602	0,12774
67,64	0,131292
67,678	0,133029
67,716	0,12924
67,754	0,127114
67,792	0,124099
67,83	0,124273
67,868	0,121755
67,906	0,121686
67,944	0,118766
67,982	0,108401
68,02	0,107871
68,058	0,100644
68,096	0,097731
68,134	0,094367
68,172	0,086251
68,21	0,081697
68,248	0,08135
68,286	0,080261
68,324	0,074933
68,362	0,075253
68,4	0,071795
68,438	0,075055
68,476	0,073233
68,514	0,075372
68,552	0,071552
68,59	0,065569
68,628	0,061473
68,666	0,054801
68,704	0,052862
68,742	0,050982
68,78	0,046228
68,818	0,042768
68,856	0,044778
68,894	0,040055
68,932	0,037879
68,97	0,036377
69,008	0,030986
69,046	0,02947
69,084	0,026961
69,122	0,024584
69,16	0,024206
69,198	0,019458
69,236	0,018129
69,274	0,015783
69,312	0,01487
69,35	0,013916
69,388	0,010713
69,426	0,011628
69,464	0,010283
69,502	0,0082
69,54	0,0074
69,578	0,005742
69,616	0,00575
69,654	0,007983
69,692	0,005644
69,73	0,006426
69,768	0,003133
69,806	0,002885
69,844	0,003786
69,882	-0,000186
69,92	-0,004581
69,958	-0,00577
69,996	-0,007263
70,034	-0,001595
70,072	-0,001993
70,11	-0,000337
70,148	-0,003305
70,186	-0,00555
70,224	-0,003239
70,262	-0,007942
70,3	-0,0097
70,338	-0,007039
70,376	-0,007453
70,414	-0,007182
70,452	-0,010796
70,49	-0,012861
70,528	-0,013054
70,566	-0,009654
70,604	-0,008933
70,642	-0,010192
70,68	-0,010952
70,718	-0,010006
70,756	-0,011381
70,794	-0,013488
70,832	-0,013715
70,87	-0,012287
70,908	-0,015022
70,946	-0,013622
70,984	-0,011986
71,022	-0,012202
71,06	-0,012656
71,098	-0,010762
71,136	-0,008022
71,174	-0,007537
71,212	-0,009368
71,25	-0,00971
71,288	-0,010923
71,326	-0,011709
71,364	-0,011141
71,402	-0,009752
71,44	-0,009391
71,478	-0,007469
71,516	-0,008461
71,554	-0,012118
71,592	-0,013416
71,63	-0,015925
71,668	-0,012457
71,706	-0,009969
71,744	-0,009655
71,782	-0,009535
71,82	-0,011489
71,858	-0,011233
71,896	-0,011669
71,934	-0,009403
71,972	-0,006966
72,01	-0,007263
72,048	-0,005691
72,086	-0,006712
72,124	-0,006852
72,162	-0,007171
72,2	-0,007186
72,238	-0,005384
72,276	-0,007236
72,314	-0,007509
72,352	-0,007489
72,39	-0,006973
72,428	-0,00847
72,466	-0,008599
72,504	-0,007597
72,542	-0,007276
72,58	-0,007171
72,618	-0,006168
72,656	-0,00893
72,694	-0,004771
72,732	-0,006034
72,77	-0,006922
72,808	-0,005929
72,846	-0,007236
72,884	-0,005526
72,922	-0,005786
72,96	-0,009001
72,998	-0,012381
73,036	-0,012898
73,074	-0,011658
73,112	-0,008707
73,15	-0,008004
73,188	-0,009268
73,226	-0,007781
73,264	-0,001886
73,302	0,006137
73,34	0,021371
73,378	0,036566
73,416	0,048367
73,454	0,061383
73,492	0,07112
73,53	0,080694
73,568	0,089058
73,606	0,095249
73,644	0,100299
73,682	0,104561
73,72	0,105261
73,758	0,106782
73,796	0,10434
73,834	0,100402
73,872	0,101856
73,91	0,10145
73,948	0,09511
73,986	0,091155
74,024	0,091065
74,062	0,087944
74,1	0,086653
74,138	0,086825
74,176	0,082644
74,214	0,08134
74,252	0,078642
74,29	0,077952
74,328	0,073412
74,366	0,073292
74,404	0,071161
74,442	0,069203
74,48	0,06509
74,518	0,062768
74,556	0,060344
74,594	0,059728
74,632	0,057388
74,67	0,056532
74,708	0,056905
74,746	0,056303
74,784	0,054126
74,822	0,050442
74,86	0,047449
74,898	0,044417
74,936	0,044978
74,974	0,04269
75,012	0,03758
75,05	0,037906
75,088	0,037875
75,126	0,041181
75,164	0,039985
75,202	0,0389
75,24	0,036419
75,278	0,030842
75,316	0,026282
75,354	0,023686
75,392	0,02783
75,43	0,028555
75,468	0,028598
75,506	0,02383
75,544	0,022085
75,582	0,017779
75,62	0,016315
75,658	0,01756
75,696	0,017522
75,734	0,01964
75,772	0,01715
75,81	0,014835
75,848	0,014866
75,886	0,01694
75,924	0,014355
75,962	0,013063
76	0,013987
76,038	0,012416
76,076	0,010778
76,114	0,011438
76,152	0,014716
76,19	0,017001
76,228	0,015369
76,266	0,014025
76,304	0,015111
76,342	0,014346
76,38	0,013738
76,418	0,012857
76,456	0,011348
76,494	0,009888
76,532	0,005574
76,57	0,001245
76,608	-0,000795
76,646	-0,000838
76,684	-0,002677
76,722	-0,004987
76,76	-0,00534
76,798	-0,005855
76,836	-0,006042
76,874	-0,004777
76,912	-0,002821
76,95	-0,004226
76,988	-0,003821
77,026	-0,005799
77,064	-0,001122
77,102	-0,000996
77,14	-0,00137
77,178	-0,002672
77,216	-0,003923
77,254	-0,005034
77,292	-0,00327
77,33	-0,002141
77,368	-0,005168
77,406	-0,006832
77,444	-0,006803
77,482	-0,006187
77,52	-0,001242
77,558	-0,003154
77,596	-0,003218
77,634	-0,002269
77,672	-0,00396
77,71	-0,004666
77,748	-0,001635
77,786	-0,001813
77,824	-0,004445
77,862	-0,00573
77,9	-0,00682
77,938	-0,005444
77,976	-0,002124
78,014	-0,002065
78,052	-0,002143
78,09	-0,003263
78,128	0,001237
78,166	0,00218
78,204	-0,001263
78,242	-0,002432
78,28	-0,00429
78,318	-0,006924
78,356	-0,005369
78,394	-0,004869
78,432	-0,005704
78,47	-0,00898
78,508	-0,009133
78,546	-0,007005
78,584	-0,007314
78,622	-0,0083
78,66	-0,008563
78,698	-0,005194
78,736	-0,004171
78,774	-0,004939
78,812	-0,004408
78,85	-0,001825
78,888	-0,001975
78,926	-0,001655
78,964	0,003326
79,002	0,006551
79,04	0,00693
79,078	0,005464
79,116	0,006234
79,154	0,005967
79,192	0,005665
79,23	0,00363
79,268	0,000158
79,306	0,000298
79,344	0,004148
79,382	0,012519
79,42	0,024269
79,458	0,034017
79,496	0,045981
79,534	0,05761
79,572	0,06674
79,61	0,077675
79,648	0,087314
79,686	0,097894
79,724	0,103415
79,762	0,10831
79,8	0,114033
79,838	0,11191
79,876	0,109751
79,914	0,108648
79,952	0,110744
79,99	0,107116
80,028	0,108205
80,066	0,106377
80,104	0,107047
80,142	0,102492
80,18	0,097179
80,218	0,092529
80,256	0,089413
80,294	0,084926
80,332	0,078789
80,37	0,072163
80,408	0,069062
80,446	0,06769
80,484	0,064804
80,522	0,061748
80,56	0,059637
80,598	0,061668
80,636	0,061548
80,674	0,062177
80,712	0,060686
80,75	0,060956
80,788	0,061339
80,826	0,059181
80,864	0,057811
80,902	0,057354
80,94	0,05346
80,978	0,054381
81,016	0,0523
81,054	0,052702
81,092	0,05159
81,13	0,047983
81,168	0,051104
81,206	0,049967
81,244	0,04556
81,282	0,040001
81,32	0,039902
81,358	0,042928
81,396	0,042226
81,434	0,036421
81,472	0,037156
81,51	0,031762
81,548	0,028798
81,586	0,032036
81,624	0,029527
81,662	0,031253
81,7	0,029603
81,738	0,025053
81,776	0,024774
81,814	0,024149
81,852	0,019928
81,89	0,020436
81,928	0,017621
81,966	0,015417
82,004	0,014069
82,042	0,017798
82,08	0,016881
82,118	0,016448
82,156	0,016225
82,194	0,015197
82,232	0,018658
82,27	0,016617
82,308	0,013424
82,346	0,012934
82,384	0,012166
82,422	0,01277
82,46	0,011639
82,498	0,005317
82,536	0,008382
82,574	0,011725
82,612	0,009195
82,65	0,005971
82,688	0,007218
82,726	0,00138
82,764	0,00243
82,802	0,000601
82,84	0,004928
82,878	-0,0001
82,916	-0,002279
82,954	-0,004612
82,992	-0,005477
83,03	-0,007549
83,068	-0,008922
83,106	-0,00848
83,144	-0,007352
83,182	-0,007309
83,22	-0,007684
83,258	-0,00387
83,296	-0,002985
83,334	-0,002667
83,372	-0,003338
83,41	-0,000233
83,448	-0,003246
83,486	-0,004406
83,524	-0,005739
83,562	-0,006753
83,6	-0,005952
83,638	-0,006745
83,676	-0,007563
83,714	-0,011093
83,752	-0,008331
83,79	-0,007951
83,828	-0,006389
83,866	-0,00799
83,904	-0,00719
83,942	-0,007463
83,98	-0,005926
84,018	-0,006265
84,056	-0,003125
84,094	-0,00572
84,132	-0,009223
84,17	-0,008866
84,208	-0,006036
84,246	-0,008744
84,284	-0,008246
84,322	-0,007952
84,36	-0,004608
84,398	-0,004715
84,436	-0,001914
84,474	-0,004812
84,512	-0,002086
84,55	-0,003077
84,588	-0,004025
84,626	-0,00598
84,664	-0,00575
84,702	-0,003767
84,74	-0,003347
84,778	-0,000894
84,816	-0,000506
84,854	0,000929
84,892	0,004534
84,93	0,006186
84,968	0,007002
85,006	0,007331
85,044	0,005537
85,082	0,004173
85,12	0,004313
85,158	0,008146
85,196	0,006436
85,234	0,007277
85,272	0,003972
85,31	0,005888
85,348	0,004725
85,386	0,007165
85,424	0,010346
85,462	0,017685
85,5	0,021843
85,538	0,033383
85,576	0,042271
85,614	0,056529
85,652	0,068085
85,69	0,07923
85,728	0,086747
85,766	0,093504
85,804	0,100831
85,842	0,102629
85,88	0,105377
85,918	0,107611
85,956	0,100024
85,994	0,098705
86,032	0,097776
86,07	0,09832
86,108	0,093976
86,146	0,091742
86,184	0,090732
86,222	0,089173
86,26	0,085643
86,298	0,080741
86,336	0,080083
86,374	0,080845
86,412	0,08143
86,45	0,080458
86,488	0,07689
86,526	0,074513
86,564	0,072081
86,602	0,066574
86,64	0,065566
86,678	0,064005
86,716	0,063969
86,754	0,063318
86,792	0,057558
86,83	0,052218
86,868	0,053438
86,906	0,047089
86,944	0,05087
86,982	0,047265
87,02	0,042767
87,058	0,042957
87,096	0,041392
87,134	0,039105
87,172	0,036895
87,21	0,034336
87,248	0,035769
87,286	0,031681
87,324	0,025944
87,362	0,027148
87,4	0,033942
87,438	0,040875
87,476	0,053971
87,514	0,066627
87,552	0,077548
87,59	0,089908
87,628	0,099218
87,666	0,102614
87,704	0,104089
87,742	0,112373
87,78	0,11054
87,818	0,112063
87,856	0,110367
87,894	0,111274
87,932	0,112095
87,97	0,108773
88,008	0,108842
88,046	0,109891
88,084	0,107581
88,122	0,104661
88,16	0,101798
88,198	0,098955
88,236	0,099329
88,274	0,095424
88,312	0,089871
88,35	0,088243
88,388	0,08743
88,426	0,0812
88,464	0,078095
88,502	0,071438
88,54	0,070569
88,578	0,063773
88,616	0,064439
88,654	0,064542
88,692	0,059607
88,73	0,056986
88,768	0,052846
88,806	0,049918
88,844	0,045535
88,882	0,04518
88,92	0,042683
88,958	0,038314
88,996	0,036748
89,034	0,037199
89,072	0,036051
89,11	0,029196
89,148	0,028647
89,186	0,02556
89,224	0,024663
89,262	0,025121
89,3	0,019421
89,338	0,013122
89,376	0,015723
89,414	0,011704
89,452	0,008835
89,49	0,009974
89,528	0,009339
89,566	0,007799
89,604	0,005052
89,642	0,005137
89,68	-0,000739
89,718	-0,005586
89,756	-0,008706
89,794	-0,006725
89,832	-0,002507
89,87	-0,002045
89,908	-0,002231
89,946	0,000165
89,984	0,000869
90,022	0,000438
90,06	-0,005628
90,098	-0,003751
90,136	-0,004899
90,174	-0,003853
90,212	-0,002004
90,25	-0,008494
90,288	-0,007823
90,326	-0,009034
90,364	-0,010976
90,402	-0,015004
90,44	-0,017384
90,478	-0,013265
90,516	-0,011348
90,554	-0,01187
90,592	-0,007316
90,63	-0,008021
90,668	-0,012678
90,706	-0,014386
90,744	-0,015457
90,782	-0,013993
90,82	-0,014763
90,858	-0,017128
90,896	-0,016535
90,934	-0,013803
90,972	-0,008319
91,01	-0,005364
91,048	-0,004814
91,086	-0,00083
91,124	-0,002848
91,162	-0,00353
91,2	-0,001971
91,238	-0,003833
91,276	-0,00641
91,314	-0,010463
91,352	-0,008383
91,39	-0,007028
91,428	-0,006224
91,466	-0,006761
91,504	-0,00483
91,542	0,004022
91,58	0,013311
91,618	0,028258
91,656	0,04005
91,694	0,051776
91,732	0,059808
91,77	0,067015
91,808	0,076756
91,846	0,086624
91,884	0,096284
91,922	0,097452
91,96	0,103231
91,998	0,107215
92,036	0,110853
92,074	0,108273
92,112	0,107777
92,15	0,106817
92,188	0,100322
92,226	0,09762
92,264	0,091449
92,302	0,090315
92,34	0,084712
92,378	0,077798
92,416	0,077662
92,454	0,072154
92,492	0,070733
92,53	0,065874
92,568	0,068376
92,606	0,065986
92,644	0,064123
92,682	0,061971
92,72	0,060358
92,758	0,058775
92,796	0,056643
92,834	0,055357
92,872	0,05644
92,91	0,057452
92,948	0,053507
92,986	0,050457
93,024	0,04815
93,062	0,04646
93,1	0,043816
93,138	0,042939
93,176	0,038781
93,214	0,038004
93,252	0,036274
93,29	0,036569
93,328	0,036666
93,366	0,033883
93,404	0,035132
93,442	0,036955
93,48	0,040192
93,518	0,040477
93,556	0,036547
93,594	0,03377
93,632	0,029382
93,67	0,025694
93,708	0,023266
93,746	0,022143
93,784	0,018291
93,822	0,019377
93,86	0,014123
93,898	0,010501
93,936	0,010265
93,974	0,009653
94,012	0,010759
94,05	0,006867
94,088	0,006443
94,126	0,007329
94,164	0,008513
94,202	0,003165
94,24	0,00268
94,278	0,006798
94,316	0,00446
94,354	0,00361
94,392	0,007594
94,43	0,009484
94,468	0,007348
94,506	0,000578
94,544	0,003151
94,582	0,003354
94,62	-0,000388
94,658	-0,00218
94,696	-0,001365
94,734	-0,003449
94,772	-0,003657
94,81	0,000188
94,848	0,002079
94,886	0,003546
94,924	-0,001175
94,962	-0,002838
95	-0,001185
95,038	-0,000126
95,076	0,002165
95,114	0,000315
95,152	0,004938
95,19	0,012367
95,228	0,021965
95,266	0,034767
95,304	0,048136
95,342	0,057229
95,38	0,066274
95,418	0,074966
95,456	0,084827
95,494	0,093206
95,532	0,10067
95,57	0,099134
95,608	0,104593
95,646	0,111099
95,684	0,111692
95,722	0,109473
95,76	0,104978
95,798	0,102198
95,836	0,099326
95,874	0,095178
95,912	0,093206
95,95	0,092826
95,988	0,089803
96,026	0,091368
96,064	0,08985
96,102	0,084841
96,14	0,081322
96,178	0,078251
96,216	0,071382
96,254	0,071643
96,292	0,072068
96,33	0,068822
96,368	0,062643
96,406	0,061126
96,444	0,05794
96,482	0,052277
96,52	0,051191
96,558	0,051856
96,596	0,051522
96,634	0,045823
96,672	0,041104
96,71	0,040223
96,748	0,038974
96,786	0,037835
96,824	0,036683
96,862	0,037244
96,9	0,035572
96,938	0,036533
96,976	0,037173
97,014	0,036454
97,052	0,039824
97,09	0,041467
97,128	0,041106
97,166	0,039504
97,204	0,037655
97,242	0,03456
97,28	0,037633
97,318	0,033187
97,356	0,029767
97,394	0,024485
97,432	0,023084
97,47	0,021613
97,508	0,021646
97,546	0,022612
97,584	0,025656
97,622	0,02776
97,66	0,035084
97,698	0,046887
97,736	0,056871
97,774	0,069886
97,812	0,084521
97,85	0,094008
97,888	0,099301
97,926	0,102713
97,964	0,106925
98,002	0,114569
98,04	0,112535
98,078	0,118509
98,116	0,116371
98,154	0,120028
98,192	0,119935
98,23	0,120217
98,268	0,118279
98,306	0,116475
98,344	0,114272
98,382	0,112933
98,42	0,110609
98,458	0,104077
98,496	0,098036
98,534	0,093386
98,572	0,09097
98,61	0,085883
98,648	0,08085
98,686	0,077922
98,724	0,075305
98,762	0,071919
98,8	0,068311
98,838	0,067703
98,876	0,065073
98,914	0,060923
98,952	0,058233
98,99	0,055528
99,028	0,052506
99,066	0,048303
99,104	0,045478
99,142	0,043744
99,18	0,044651
99,218	0,041263
99,256	0,041569
99,294	0,043813
99,332	0,041592
99,37	0,037511
99,408	0,033425
99,446	0,031069
99,484	0,028365
99,522	0,022567
99,56	0,018851
99,598	0,017266
99,636	0,013119
99,674	0,005448
99,712	0,005916
99,75	0,001224
99,788	0,003573
99,826	0,004124
99,864	0,002788
99,902	0,00504
99,94	-0,00217
99,978	-0,001195
100,016	-0,000881
100,054	-0,001016
100,092	-0,004728
100,13	-0,005584
100,168	-0,006658
100,206	-0,008427
100,244	-0,010557
100,282	-0,009601
100,32	-0,013209
100,358	-0,01476
100,396	-0,014439
100,434	-0,01749
100,472	-0,018614
100,51	-0,021483
100,548	-0,017716
100,586	-0,019656
100,624	-0,017371
100,662	-0,016215
100,7	-0,015694
100,738	-0,018335
100,776	-0,019249
100,814	-0,016516
100,852	-0,017019
100,89	-0,018089
100,928	-0,024856
100,966	-0,021819
101,004	-0,021444
101,042	-0,020414
101,08	-0,019408
101,118	-0,021131
101,156	-0,019757
101,194	-0,021343
101,232	-0,02068
101,27	-0,020771
101,308	-0,023848
101,346	-0,024483
101,384	-0,025041
101,422	-0,025588
101,46	-0,025293
101,498	-0,02005
101,536	-0,020371
101,574	-0,022153
101,612	-0,018312
101,65	-0,017285
101,688	-0,015802
101,726	-0,014681
101,764	-0,011811
101,802	-0,013771
101,84	-0,015199
101,878	-0,014973
101,916	-0,014966
101,954	-0,013715
101,992	-0,014768
102,03	-0,012922
102,068	-0,010949
102,106	-0,006701
102,144	-0,008839
102,182	-0,006939
102,22	-0,00541
102,258	-0,007211
102,296	-0,002543
102,334	0,001063
102,372	0,00113
102,41	-0,000886
102,448	-0,002772
102,486	-0,00423
102,524	-0,008475
102,562	-0,009766
102,6	-0,01026
102,638	-0,007701
102,676	-0,004373
102,714	-0,004769
102,752	-0,007404
102,79	-0,006621
102,828	-0,008336
102,866	-0,006047
102,904	-0,003639
102,942	-0,002413
102,98	-0,00142
103,018	0,000283
103,056	0,00124
103,094	0,000088
103,132	-0,001162
103,17	-0,001372
103,208	-0,001256
103,246	-0,002949
103,284	-0,001766
103,322	-0,001618
103,36	-0,003654
103,398	-0,002749
103,436	-0,002985
103,474	-0,00919
103,512	-0,009335
103,55	-0,00254
103,588	-0,001806
103,626	-0,006892
103,664	-0,005952
103,702	-0,006166
103,74	-0,003597
103,778	0,011754
103,816	0,026837
103,854	0,038544
103,892	0,054569
103,93	0,064864
103,968	0,072763
104,006	0,080927
104,044	0,088239
104,082	0,090084
104,12	0,094248
104,158	0,102793
104,196	0,103838
104,234	0,104557
104,272	0,105059
104,31	0,102917
104,348	0,102279
104,386	0,102781
104,424	0,099515
104,462	0,097141
104,5	0,091705
104,538	0,08684
104,576	0,08989
104,614	0,090978
104,652	0,088193
104,69	0,088572
104,728	0,087501
104,766	0,082712
104,804	0,079558
104,842	0,077329
104,88	0,078598
104,918	0,07778
104,956	0,076093
104,994	0,071326
105,032	0,074565
105,07	0,068465
105,108	0,069312
105,146	0,063378
105,184	0,065646
105,222	0,060456
105,26	0,054987
105,298	0,053303
105,336	0,049125
105,374	0,046689
105,412	0,045585
105,45	0,041782
105,488	0,038904
105,526	0,036845
105,564	0,033483
105,602	0,029417
105,64	0,028895
105,678	0,02927
105,716	0,027278
105,754	0,020862
105,792	0,019622
105,83	0,019297
105,868	0,019832
105,906	0,018028
105,944	0,022915
105,982	0,019941
106,02	0,021342
106,058	0,019715
106,096	0,016601
106,134	0,015045
106,172	0,015095
106,21	0,01455
106,248	0,016782
106,286	0,013432
106,324	0,01082
106,362	0,006622
106,4	0,007166
106,438	0,007591
106,476	0,007437
106,514	0,007608
106,552	0,006561
106,59	0,005093
106,628	-0,000196
106,666	-0,002646
106,704	0,0039
106,742	0,002839
106,78	0,005015
106,818	0,001673
106,856	0,001747
106,894	-0,001564
106,932	0,00068
106,97	0,000185
107,008	-0,001077
107,046	0,002219
107,084	0,001683
107,122	0,001994
107,16	0,003808
107,198	0,002904
107,236	0,001354
107,274	-0,00159
107,312	0,005085
107,35	0,00633
107,388	0,003826
107,426	0,008133
107,464	0,01288
107,502	0,012846
107,54	0,013249
107,578	0,009783
107,616	0,011201
107,654	0,009055
107,692	0,006637
107,73	0,010854
107,768	0,011559
107,806	0,013914
107,844	0,009006
107,882	0,004083
107,92	-0,000312
107,958	-0,002609
107,996	-0,002901
108,034	-0,003304
108,072	-0,002882
108,11	-0,001074
108,148	-0,00433
108,186	-0,004595
108,224	0,000837
108,262	0,001547
108,3	0,003923
108,338	0,000329
108,376	-0,000323
108,414	0,001192
108,452	0,000259
108,49	-0,000979
108,528	0,002197
108,566	0,000654
108,604	-0,0012
108,642	0,003879
108,68	0,001171
108,718	0,005331
108,756	0,006157
108,794	0,004006
108,832	0,004436
108,87	0,004214
108,908	0,003286
108,946	0,000755
108,984	-0,000579
109,022	0,000849
109,06	-0,002849
109,098	-0,006008
109,136	-0,002225
109,174	-0,000213
109,212	0,001139
109,25	-0,002086
109,288	-0,001043
109,326	-0,000173
109,364	-0,003369
109,402	0,000385
109,44	0,001457
109,478	0,004449
109,516	0,002362
109,554	0,003973
109,592	0,009072
109,63	0,008786
109,668	0,00952
109,706	0,011798
109,744	0,011378
109,782	0,01184
109,82	0,015723
109,858	0,022702
109,896	0,02967
109,934	0,040657
109,972	0,049919
110,01	0,061894
110,048	0,069073
110,086	0,079375
110,124	0,083555
110,162	0,086428
110,2	0,091982
110,238	0,091153
110,276	0,092729
110,314	0,090002
110,352	0,093179
110,39	0,088714
110,428	0,087761
110,466	0,085469
110,504	0,08255
110,542	0,080837
110,58	0,07759
110,618	0,073184
110,656	0,071257
110,694	0,065953
110,732	0,063715
110,77	0,065035
110,808	0,060698
110,846	0,059368
110,884	0,055578
110,922	0,051097
110,96	0,050507
110,998	0,051955
111,036	0,054071
111,074	0,052488
111,112	0,04962
111,15	0,044881
111,188	0,042733
111,226	0,042728
111,264	0,040841
111,302	0,043743
111,34	0,041304
111,378	0,040845
111,416	0,037667
111,454	0,036596
111,492	0,032213
111,53	0,032722
111,568	0,030188
111,606	0,026798
111,644	0,026089
111,682	0,023458
111,72	0,022192
111,758	0,01781
111,796	0,017462
111,834	0,013946
111,872	0,015282
111,91	0,017411
111,948	0,015356
111,986	0,018818
112,024	0,019155
112,062	0,021851
112,1	0,021551
112,138	0,016837
112,176	0,017714
112,214	0,017788
112,252	0,017564
112,29	0,016124
112,328	0,016303
112,366	0,0176
112,404	0,014288
112,442	0,014402
112,48	0,014281
112,518	0,014288
112,556	0,01216
112,594	0,013799
112,632	0,010047
112,67	0,007675
112,708	0,009835
112,746	0,011564
112,784	0,005752
112,822	0,002334
112,86	0,001115
112,898	-0,00118
112,936	-0,001578
112,974	-0,00797
113,012	-0,002212
113,05	-0,003663
113,088	-0,002882
113,126	-0,001481
113,164	-0,002092
113,202	0,002715
113,24	0,013293
113,278	0,023931
113,316	0,03746
113,354	0,051239
113,392	0,060826
113,43	0,071285
113,468	0,084023
113,506	0,09291
113,544	0,100965
113,582	0,102485
113,62	0,104713
113,658	0,104035
113,696	0,107768
113,734	0,10576
113,772	0,102973
113,81	0,100773
113,848	0,100614
113,886	0,096725
113,924	0,095869
113,962	0,096394
114	0,0935
114,038	0,090516
114,076	0,087292
114,114	0,081566
114,152	0,080902
114,19	0,078959
114,228	0,074935
114,266	0,06833
114,304	0,071553
114,342	0,071163
114,38	0,066925
114,418	0,068297
114,456	0,06412
114,494	0,061199
114,532	0,061304
114,57	0,057633
114,608	0,051001
114,646	0,048461
114,684	0,046302
114,722	0,046393
114,76	0,043144
114,798	0,044367
114,836	0,038675
114,874	0,040775
114,912	0,038973
114,95	0,037805
114,988	0,032328
115,026	0,034234
115,064	0,03286
115,102	0,031134
115,14	0,030722
115,178	0,027484
115,216	0,029687
115,254	0,03242
115,292	0,02787
115,33	0,028075
115,368	0,026904
115,406	0,026415
115,444	0,023221
115,482	0,021543
115,52	0,022084
115,558	0,023445
115,596	0,018026
115,634	0,019388
115,672	0,017672
115,71	0,014693
115,748	0,01126
115,786	0,012388
115,824	0,012465
115,862	0,011718
115,9	0,016979
115,938	0,023759
115,976	0,034441
116,014	0,044787
116,052	0,058281
116,09	0,067744
116,128	0,074198
116,166	0,08292
116,204	0,088342
116,242	0,093811
116,28	0,095104
116,318	0,096413
116,356	0,097044
116,394	0,094612
116,432	0,091035
116,47	0,088431
116,508	0,084399
116,546	0,079026
116,584	0,076859
116,622	0,075006
116,66	0,071024
116,698	0,070493
116,736	0,070319
116,774	0,071454
116,812	0,066871
116,85	0,062924
116,888	0,063172
116,926	0,055105
116,964	0,055869
117,002	0,05418
117,04	0,047545
117,078	0,048647
117,116	0,046341
117,154	0,043234
117,192	0,041104
117,23	0,040691
117,268	0,039948
117,306	0,038825
117,344	0,035538
117,382	0,033213
117,42	0,03264
117,458	0,025944
117,496	0,025354
117,534	0,023361
117,572	0,017824
117,61	0,014704
117,648	0,014535
117,686	0,013211
117,724	0,014159
117,762	0,012493
117,8	0,011263
117,838	0,010607
117,876	0,009699
117,914	0,007957
117,952	0,009068
117,99	0,003597
118,028	0,004957
118,066	0,001296
118,104	-0,000487
118,142	-0,005371
118,18	-0,003814
118,218	-0,007782
118,256	-0,008267
118,294	-0,006187
118,332	-0,00453
118,37	-0,005027
118,408	-0,010121
118,446	-0,006345
118,484	-0,005303
118,522	-0,007587
118,56	-0,006205
118,598	-0,005293
118,636	-0,001106
118,674	0,000854
118,712	0,000649
118,75	0,000944
118,788	-0,002016
118,826	-0,00512
118,864	-0,006531
118,902	-0,001961
118,94	-0,001309
118,978	-0,003265
119,016	-0,003118
119,054	-0,007454
119,092	-0,011348
119,13	-0,009223
119,168	-0,010329
119,206	-0,011604
119,244	-0,014359
119,282	-0,016896
119,32	-0,015144
119,358	-0,011869
119,396	-0,01108
119,434	-0,010798
119,472	-0,008638
119,51	-0,007494
119,548	-0,008155
119,586	-0,008978
119,624	-0,004581
119,662	-0,00143
119,7	0,001222
119,738	0,000995
119,776	0,000203
119,814	-0,001056
119,852	0,000941
119,89	-0,000534
119,928	-0,001348
119,966	0,000963
120,004	-0,000096
120,042	-0,00003
120,08	0,003006
120,118	0,003884
120,156	0,001254
120,194	-0,001756
120,232	-0,003365
120,27	-0,002202
120,308	0,001257
120,346	0,002209
120,384	0,001245
120,422	0,000524
120,46	0,000269
120,498	-0,001268
120,536	0,000597
120,574	0,001353
120,612	-0,00053
120,65	-0,001797
120,688	-0,003684
120,726	-0,001448
120,764	0,001132
120,802	-0,000364
120,84	-0,000173
120,878	-0,00079
120,916	-0,006175
120,954	-0,008938
120,992	-0,010231
121,03	-0,006589
121,068	-0,006343
121,106	-0,00487
121,144	-0,005236
121,182	-0,005287
121,22	-0,003029
121,258	-0,002633
121,296	0,000644
121,334	0,000534
121,372	-0,003142
121,41	-0,007236
121,448	-0,003899
121,486	-0,001917
121,524	-0,004675
121,562	-0,0045
121,6	-0,004547
121,638	-0,00575
121,676	-0,002453
121,714	-0,000131
121,752	-0,002671
121,79	-0,002697
121,828	-0,001995
121,866	-0,006208
121,904	-0,003348
121,942	-0,0041
121,98	0,000111
122,018	0,004266
122,056	0,016596
122,094	0,023522
122,132	0,033387
122,17	0,039948
122,208	0,055573
122,246	0,066959
122,284	0,073313
122,322	0,083844
122,36	0,091006
122,398	0,096841
122,436	0,098006
122,474	0,096815
122,512	0,092481
122,55	0,092478
122,588	0,094924
122,626	0,089106
122,664	0,085382
122,702	0,081928
122,74	0,08211
122,778	0,075822
122,816	0,073495
122,854	0,073041
122,892	0,07587
122,93	0,06982
122,968	0,069587
123,006	0,068697
123,044	0,06932
123,082	0,065345
123,12	0,064172
123,158	0,063859
123,196	0,057696
123,234	0,052218
123,272	0,051917
123,31	0,049559
123,348	0,045875
123,386	0,042016
123,424	0,046144
123,462	0,043332
123,5	0,04491
123,538	0,039229
123,576	0,03442
123,614	0,033964
123,652	0,033318
123,69	0,031054
123,728	0,03466
123,766	0,029948
123,804	0,027297
123,842	0,025647
123,88	0,024661
123,918	0,021951
123,956	0,022313
123,994	0,017952
124,032	0,017323
124,07	0,018865
124,108	0,019549
124,146	0,019956
124,184	0,018396
124,222	0,017215
124,26	0,017106
124,298	0,013652
124,336	0,015779
124,374	0,009675
124,412	0,008522
124,45	0,003934
124,488	0,001218
124,526	0,002166
124,564	0,004578
124,602	0,002395
124,64	0,002867
124,678	0,000821
124,716	-0,003027
124,754	-0,000882
124,792	0,003024
124,83	0,003344
124,868	0,005089
124,906	0,001229
124,944	0,002712
124,982	0,001294
125,02	-0,00155
125,058	-0,002481
125,096	-0,005086
125,134	-0,003103
125,172	-0,001974
125,21	-0,001927
125,248	-0,001306
125,286	0,000656
125,324	0,001339
125,362	-0,001538
125,4	-0,00487
125,438	-0,005041
125,476	-0,005425
125,514	-0,008105
125,552	-0,007741
125,59	-0,006922
125,628	-0,007188
125,666	-0,00454
125,704	-0,002677
125,742	0,00077
125,78	0,001882
125,818	0,000084
125,856	0,00127
125,894	-0,001458
125,932	-0,005082
125,97	-0,007869
126,008	-0,007725
126,046	-0,010615
126,084	-0,011859
126,122	-0,01556
126,16	-0,016481
126,198	-0,013834
126,236	-0,010361
126,274	-0,009483
126,312	-0,006495
126,35	-0,005152
126,388	-0,005889
126,426	-0,009012
126,464	-0,006487
126,502	-0,006915
126,54	-0,011599
126,578	-0,010483
126,616	-0,00857
126,654	-0,006218
126,692	-0,005483
126,73	-0,009335
126,768	-0,008464
126,806	-0,003132
126,844	-0,00109
126,882	-0,001009
126,92	-0,000131
126,958	0,001625
126,996	0,00422
127,034	-0,002131
127,072	0,000853
127,11	0,003744
127,148	0,005123
127,186	0,004202
127,224	0,006281
127,262	0,007867
127,3	0,008712
127,338	0,010434
127,376	0,014255
127,414	0,009722
127,452	0,010795
127,49	0,010714
127,528	0,009673
127,566	0,008116
127,604	0,009938
127,642	0,008986
127,68	0,013185
127,718	0,012042
127,756	0,011777
127,794	0,011687
127,832	0,011572
127,87	0,010774
127,908	0,011013
127,946	0,015206
127,984	0,010346
128,022	0,01087
128,06	0,010983
128,098	0,017227
128,136	0,02451
128,174	0,033703
128,212	0,043152
128,25	0,052593
128,288	0,069654
128,326	0,077158
128,364	0,087087
128,402	0,096867
128,44	0,101384
128,478	0,101706
128,516	0,109336
128,554	0,11063
128,592	0,106734
128,63	0,106667
128,668	0,107503
128,706	0,102673
128,744	0,099011
128,782	0,09416
128,82	0,091038
128,858	0,089785
128,896	0,086486
128,934	0,084921
128,972	0,083907
129,01	0,079479
129,048	0,07626
129,086	0,074814
129,124	0,070857
129,162	0,071015
129,2	0,071485
129,238	0,071767
129,276	0,067018
129,314	0,060874
129,352	0,05977
129,39	0,056697
129,428	0,052652
129,466	0,046187
129,504	0,048889
129,542	0,048341
129,58	0,045431
129,618	0,044551
129,656	0,042754
129,694	0,045287
129,732	0,043104
129,77	0,039225
129,808	0,038635
129,846	0,035791
129,884	0,030805
129,922	0,024303
129,96	0,023119
129,998	0,025395
130,036	0,021758
130,074	0,022555
130,112	0,020285
130,15	0,017687
130,188	0,01223
130,226	0,01207
130,264	0,012433
130,302	0,011908
130,34	0,014391
130,378	0,010565
130,416	0,012572
130,454	0,017487
130,492	0,019254
130,53	0,017098
130,568	0,014224
130,606	0,013562
130,644	0,01215
130,682	0,014129
130,72	0,008977
130,758	0,010161
130,796	0,006869
130,834	0,005636
130,872	0,007102
130,91	0,006747
130,948	0,003514
130,986	0,003549
131,024	0,005247
131,062	0,006358
131,1	0,0066
131,138	0,004536
131,176	0,008235
131,214	0,007445
131,252	0,006284
131,29	0,00504
131,328	0,005041
131,366	0,006022
131,404	0,002951
131,442	0,002503
131,48	0,000563
131,518	0,002207
131,556	0,000412
131,594	0,000375
131,632	-0,002324
131,67	-0,002722
131,708	-0,004393
131,746	-0,006837
131,784	-0,007678
131,822	-0,007027
131,86	-0,007443
131,898	-0,003633
131,936	-0,001812
131,974	-0,000765
132,012	-0,004692
132,05	-0,003902
132,088	-0,004035
132,126	-0,001585
132,164	-0,002274
132,202	-0,005124
132,24	-0,005585
132,278	-0,005663
132,316	-0,003558
132,354	-0,006573
132,392	-0,003598
132,43	0,000484
132,468	-0,00057
132,506	-0,000924
132,544	-0,003177
132,582	0,001913
132,62	0,000973
132,658	0,003079
132,696	0,00341
132,734	0,003534
132,772	0,004098
132,81	0,003369
132,848	0,00267
132,886	0,005192
132,924	0,006744
132,962	0,00843
133	0,005816
133,038	0,006533
133,076	0,006917
133,114	0,006309
133,152	0,006592
133,19	0,007883
133,228	0,002681
133,266	0,003509
133,304	0,001117
133,342	0,000415
133,38	0,003482
133,418	0,004158
133,456	0,005442
133,494	0,008553
133,532	0,011138
133,57	0,013286
133,608	0,011378
133,646	0,011847
133,684	0,011856
133,722	0,010437
133,76	0,006896
133,798	0,006009
133,836	0,002137
133,874	0,00175
133,912	0,006017
133,95	0,008781
133,988	0,008096
134,026	0,008749
134,064	0,007638
134,102	0,006888
134,14	0,001747
134,178	0,008253
134,216	0,012211
134,254	0,023495
134,292	0,032567
134,33	0,04185
134,368	0,053736
134,406	0,067885
134,444	0,081043
134,482	0,091719
134,52	0,091344
134,558	0,094128
134,596	0,094837
134,634	0,097636
134,672	0,097306
134,71	0,097975
134,748	0,10129
134,786	0,098131
134,824	0,100818
134,862	0,097967
134,9	0,094558
134,938	0,09334
134,976	0,094762
135,014	0,091139
135,052	0,085928
135,09	0,085519
135,128	0,083457
135,166	0,077653
135,204	0,073384
135,242	0,069228
135,28	0,063399
135,318	0,063855
135,356	0,063337
135,394	0,057369
135,432	0,0603
135,47	0,055205
135,508	0,05687
135,546	0,051829
135,584	0,054624
135,622	0,05332
135,66	0,05188
135,698	0,051097
135,736	0,051797
135,774	0,050971
135,812	0,05026
135,85	0,045953
135,888	0,043796
135,926	0,038517
135,964	0,035499
136,002	0,029897
136,04	0,031619
136,078	0,033796
136,116	0,030074
136,154	0,032753
136,192	0,03
136,23	0,032269
136,268	0,033856
136,306	0,028333
136,344	0,02875
136,382	0,027593
136,42	0,026732
136,458	0,022159
136,496	0,021162
136,534	0,019552
136,572	0,021888
136,61	0,018908
136,648	0,015263
136,686	0,016676
136,724	0,014146
136,762	0,013459
136,8	0,012434
136,838	0,00925
136,876	0,009443
136,914	0,01093
136,952	0,014258
136,99	0,013901
137,028	0,01089
137,066	0,008216
137,104	0,01175
137,142	0,009512
137,18	0,005783
137,218	0,007186
137,256	0,007406
137,294	0,003642
137,332	0,002077
137,37	-0,003201
137,408	-0,004465
137,446	-0,006903
137,484	-0,001741
137,522	0,000112
137,56	-0,002921
137,598	-0,000553
137,636	-0,00223
137,674	-0,004618
137,712	-0,005455
137,75	-0,010563
137,788	-0,010135
137,826	-0,009797
137,864	-0,009095
137,902	-0,005222
137,94	-0,004121
137,978	-0,00327
138,016	-0,001475
138,054	-0,000716
138,092	-0,005556
138,13	-0,005112
138,168	-0,006969
138,206	-0,005765
138,244	-0,004953
138,282	-0,003748
138,32	-0,00691
138,358	-0,005248
138,396	-0,005163
138,434	0,001504
138,472	0,002033
138,51	0,000178
138,548	0,002095
138,586	0,001828
138,624	0,000419
138,662	0,00375
138,7	0,00609
138,738	0,009102
138,776	0,017976
138,814	0,027889
138,852	0,039492
138,89	0,053213
138,928	0,064099
138,966	0,074626
139,004	0,0827
139,042	0,084753
139,08	0,090069
139,118	0,090448
139,156	0,094322
139,194	0,087637
139,232	0,089034
139,27	0,086332
139,308	0,08649
139,346	0,078271
139,384	0,074137
139,422	0,071002
139,46	0,067921
139,498	0,063384
139,536	0,066064
139,574	0,066519
139,612	0,068292
139,65	0,068165
139,688	0,067126
139,726	0,064115
139,764	0,061573
139,802	0,059423
139,84	0,056653
139,878	0,059409
139,916	0,05743
139,954	0,057739
139,992	0,055064
140,03	0,051473
140,068	0,053603
140,106	0,049001
140,144	0,051345
140,182	0,050134
140,22	0,052795
140,258	0,053729
140,296	0,063041
140,334	0,074196
140,372	0,081885
140,41	0,093522
140,448	0,109039
140,486	0,120175
140,524	0,128069
140,562	0,135164
140,6	0,137272
140,638	0,137805
140,676	0,141242
140,714	0,141377
140,752	0,140826
140,79	0,135438
140,828	0,135194
140,866	0,131058
140,904	0,132514
140,942	0,130509
140,98	0,129791
141,018	0,126315
141,056	0,121769
141,094	0,11954
141,132	0,115395
141,17	0,113822
141,208	0,106842
141,246	0,105306
141,284	0,104288
141,322	0,102314
141,36	0,102642
141,398	0,101548
141,436	0,096327
141,474	0,090369
141,512	0,085542
141,55	0,08481
141,588	0,079314
141,626	0,077075
141,664	0,069726
141,702	0,068686
141,74	0,06521
141,778	0,063073
141,816	0,062716
141,854	0,063834
141,892	0,058274
141,93	0,054803
141,968	0,04801
142,006	0,043714
142,044	0,040625
142,082	0,036834
142,12	0,034691
142,158	0,032739
142,196	0,025331
142,234	0,026202
142,272	0,021876
142,31	0,021156
142,348	0,019051
142,386	0,016189
142,424	0,007474
142,462	0,01099
142,5	0,009567
142,538	0,010706
142,576	0,008406
142,614	0,006767
142,652	0,004108
142,69	0,001739
142,728	0,000044
142,766	-0,001686
142,804	-0,003018
142,842	-0,001477
142,88	-0,000853
142,918	0,004254
142,956	0,006878
142,994	0,007604
143,032	0,007352
143,07	0,004615
143,108	0,006193
143,146	0,003513
143,184	0,003409
143,222	0,002091
143,26	-0,002444
143,298	-0,006827
143,336	-0,004216
143,374	-0,004081
143,412	-0,003027
143,45	-0,004996
143,488	-0,005844
143,526	-0,006039
143,564	-0,007152
143,602	-0,006809
143,64	-0,004826
143,678	-0,002893
143,716	-0,001003
143,754	0,001012
143,792	0,00221
143,83	0,002678
143,868	0,001784
143,906	0,001762
143,944	0,001868
143,982	0,003159
144,02	0,003757
144,058	0,002479
144,096	-0,001058
144,134	0,00075
144,172	-0,001294
144,21	0,001333
144,248	0,00041
144,286	0,001872
144,324	-0,001838
144,362	-0,003871
144,4	-0,005159
144,438	-0,005928
144,476	-0,011
144,514	-0,011975
144,552	-0,011787
144,59	-0,012641
144,628	-0,016855
144,666	-0,018299
144,704	-0,011075
144,742	-0,013074
144,78	-0,01574
144,818	-0,012304
144,856	-0,009325
144,894	-0,007984
144,932	-0,009147
144,97	-0,011676
145,008	-0,009872
145,046	-0,010552
145,084	-0,008806
145,122	-0,009708
145,16	-0,00864
145,198	-0,010984
145,236	-0,011991
145,274	-0,012496
145,312	-0,008477
145,35	-0,00504
145,388	-0,000007
145,426	-0,001334
145,464	-0,001399
145,502	-0,001463
145,54	-0,002462
145,578	-0,006161
145,616	-0,003085
145,654	-0,003028
145,692	0,001341
145,73	-0,000116
145,768	0,001075
145,806	0,001377
145,844	0,001275
145,882	0,001165
145,92	0,001652
145,958	0,000819
145,996	0,002247
146,034	-0,00673
146,072	-0,00153
146,11	-0,000724
146,148	-0,000251
146,186	-0,003695
146,224	-0,004156
146,262	-0,00518
146,3	-0,006008
146,338	-0,001436
146,376	0,002752
146,414	0,011695
146,452	0,019839
146,49	0,033269
146,528	0,043692
146,566	0,05879
146,604	0,064417
146,642	0,073835
146,68	0,076629
146,718	0,07515
146,756	0,076367
146,794	0,083623
146,832	0,081698
146,87	0,08387
146,908	0,082533
146,946	0,083699
146,984	0,082525
147,022	0,0793
147,06	0,080946
147,098	0,0784
147,136	0,076244
147,174	0,072867
147,212	0,070467
147,25	0,067219
147,288	0,067406
147,326	0,064588
147,364	0,060494
147,402	0,058714
147,44	0,057688
147,478	0,057616
147,516	0,056846
147,554	0,059306
147,592	0,057263
147,63	0,05707
147,668	0,050561
147,706	0,051972
147,744	0,05458
147,782	0,052988
147,82	0,050186
147,858	0,048476
147,896	0,046181
147,934	0,043732
147,972	0,041314
148,01	0,03803
148,048	0,035354
148,086	0,032521
148,124	0,032317
148,162	0,032856
148,2	0,029595
148,238	0,027326
148,276	0,022844
148,314	0,022103
148,352	0,020653
148,39	0,019001
148,428	0,016632
148,466	0,014275
148,504	0,016123
148,542	0,013949
148,58	0,013464
148,618	0,013389
148,656	0,012216
148,694	0,010188
148,732	0,009054
148,77	0,006345
148,808	0,008509
148,846	0,013773
148,884	0,012165
148,922	0,014527
148,96	0,01399
148,998	0,013592
149,036	0,006569
149,074	0,005249
149,112	0,011553
149,15	0,014245
149,188	0,013229
149,226	0,010468
149,264	0,008636
149,302	0,007847
149,34	0,005944
149,378	0,007853
149,416	0,005928
149,454	0,008263
149,492	0,007521
149,53	0,006598
149,568	0,009156
149,606	0,010197
149,644	0,009326
149,682	0,007587
149,72	0,007659
149,758	0,010658
149,796	0,013993
149,834	0,010303
149,872	0,007234
149,91	0,006995
149,948	0,006582
149,986	0,001747
150,024	0,000836
150,062	-0,003083
150,1	0,001011
150,138	-0,000666
150,176	0,002239
150,214	-0,003541
150,252	-0,006445
150,29	-0,007623
150,328	-0,005771
150,366	-0,00664
150,404	-0,008889
150,442	-0,008806
150,48	-0,011856
150,518	-0,011928
150,556	-0,013169
150,594	-0,014884
150,632	-0,012184
150,67	-0,012963
150,708	-0,01198
150,746	-0,009652
150,784	-0,01197
150,822	-0,012323
150,86	-0,011993
150,898	-0,010988
150,936	-0,014308
150,974	-0,014114
151,012	-0,009067
151,05	-0,008437
151,088	-0,007471
151,126	-0,006286
151,164	-0,004865
151,202	-0,004808
151,24	-0,004881
151,278	-0,002167
151,316	-0,000545
151,354	0,000895
151,392	0,001518
151,43	-0,001769
151,468	-0,001114
151,506	-0,000922
151,544	-0,00396
151,582	-0,00505
151,62	-0,003526
151,658	-0,006021
151,696	-0,008448
151,734	-0,008814
151,772	-0,006021
151,81	-0,004851
151,848	-0,000233
151,886	-0,001961
151,924	-0,000356
151,962	0,001163
152	0,00116
152,038	0,005647
152,076	0,008546
152,114	0,00661
152,152	0,005026
152,19	0,003286
152,228	0,00477
152,266	0,009253
152,304	0,016336
152,342	0,027078
152,38	0,041242
152,418	0,047287
152,456	0,060412
152,494	0,072021
152,532	0,082208
152,57	0,087081
152,608	0,094035
152,646	0,095895
152,684	0,099068
152,722	0,09701
152,76	0,096774
152,798	0,097985
152,836	0,100957
152,874	0,099737
152,912	0,10019
152,95	0,099735
152,988	0,096628
153,026	0,094958
153,064	0,093249
153,102	0,088429
153,14	0,087077
153,178	0,083501
153,216	0,080772
153,254	0,0807
153,292	0,083221
153,33	0,081847
153,368	0,081722
153,406	0,076757
153,444	0,076287
153,482	0,074169
153,52	0,070461
153,558	0,06986
153,596	0,068528
153,634	0,068491
153,672	0,069809
153,71	0,06833
153,748	0,067777
153,786	0,066648
153,824	0,060338
153,862	0,058294
153,9	0,050273
153,938	0,052796
153,976	0,051574
154,014	0,052792
154,052	0,053343
154,09	0,0492
154,128	0,047272
154,166	0,044773
154,204	0,043702
154,242	0,041408
154,28	0,041852
154,318	0,03891
154,356	0,03921
154,394	0,036148
154,432	0,035341
154,47	0,0303
154,508	0,028634
154,546	0,027355
154,584	0,027852
154,622	0,023614
154,66	0,023619
154,698	0,021872
154,736	0,018904
154,774	0,020624
154,812	0,017171
154,85	0,017595
154,888	0,016086
154,926	0,014246
154,964	0,009712
155,002	0,010856
155,04	0,012676
155,078	0,015279
155,116	0,015972
155,154	0,014466
155,192	0,016274
155,23	0,0147
155,268	0,015843
155,306	0,01439
155,344	0,012242
155,382	0,008075
155,42	0,009464
155,458	0,010954
155,496	0,014417
155,534	0,012624
155,572	0,013484
155,61	0,016876
155,648	0,011368
155,686	0,014207
155,724	0,012967
155,762	0,00946
155,8	0,009962
155,838	0,009454
155,876	0,007062
155,914	0,007322
155,952	0,004511
155,99	0,005771
156,028	0,006634
156,066	0,00905
156,104	0,0101
156,142	0,008913
156,18	0,005542
156,218	0,005187
156,256	0,006056
156,294	0,0019
156,332	-0,002094
156,37	-0,002282
156,408	0,000183
156,446	-0,002294
156,484	-0,000322
156,522	-0,001922
156,56	-0,002877
156,598	-0,000801
156,636	-0,000482
156,674	-0,003449
156,712	-0,008419
156,75	-0,005888
156,788	-0,004805
156,826	-0,006144
156,864	-0,005982
156,902	-0,005691
156,94	-0,00635
156,978	-0,006621
157,016	-0,005072
157,054	-0,003686
157,092	-0,007666
157,13	-0,007522
157,168	-0,00558
157,206	-0,008218
157,244	-0,007076
157,282	-0,007819
157,32	-0,007727
157,358	-0,005834
157,396	-0,003003
157,434	0,00127
157,472	0,000938
157,51	0,002647
157,548	0,00253
157,586	0,002237
157,624	-0,00328
157,662	-0,001069
157,7	-0,001109
157,738	-0,00028
157,776	0,002161
157,814	0,001245
157,852	-0,002567
157,89	-0,00017
157,928	0,000496
157,966	0,00252
158,004	0,002203
158,042	0,004643
158,08	0,005228
158,118	-0,000984
158,156	0,003843
158,194	0,002043
158,232	-0,00145
158,27	0,000484
158,308	0,004672
158,346	0,001049
158,384	-0,000372
158,422	0,002662
158,46	0,000988
158,498	0,002526
158,536	0,009573
158,574	0,016539
158,612	0,026686
158,65	0,043048
158,688	0,055487
158,726	0,061597
158,764	0,074897
158,802	0,083458
158,84	0,09005
158,878	0,098824
158,916	0,101114
158,954	0,104696
158,992	0,114502
159,03	0,122463
159,068	0,123576
159,106	0,124166
159,144	0,122199
159,182	0,122985
159,22	0,118042
159,258	0,113897
159,296	0,108287
159,334	0,104823
159,372	0,10308
159,41	0,103265
159,448	0,102754
159,486	0,099759
159,524	0,094033
159,562	0,093383
159,6	0,088537
159,638	0,089572
159,676	0,089087
159,714	0,083702
159,752	0,081041
159,79	0,080016
159,828	0,074913
159,866	0,075957
159,904	0,079067
159,942	0,078788
159,98	0,076205
160,018	0,073846
160,056	0,071046
160,094	0,071177
160,132	0,062532
160,17	0,060121
160,208	0,058839
160,246	0,05334
160,284	0,048833
160,322	0,050572
160,36	0,048021
160,398	0,048077
160,436	0,047494
160,474	0,047336
160,512	0,045455
160,55	0,04719
160,588	0,045309
160,626	0,04542
160,664	0,042199
160,702	0,040809
160,74	0,038528
160,778	0,03383
160,816	0,031497
160,854	0,02855
160,892	0,0289
160,93	0,027053
160,968	0,023049
161,006	0,025818
161,044	0,023454
161,082	0,01975
161,12	0,01891
161,158	0,018312
161,196	0,015331
161,234	0,011583
161,272	0,01266
161,31	0,011907
161,348	0,013107
161,386	0,01365
161,424	0,015942
161,462	0,015779
161,5	0,018553
161,538	0,016733
161,576	0,012507
161,614	0,014262
161,652	0,009157
161,69	0,00785
161,728	0,004123
161,766	0,003296
161,804	0,002595
161,842	0,002675
161,88	0,003526
161,918	0,006022
161,956	0,002362
161,994	0,001304
162,032	-0,000162
162,07	-0,000854
162,108	0,001658
162,146	0,001588
162,184	0,00116
162,222	-0,002177
162,26	-0,001068
162,298	-0,003124
162,336	-0,005575
162,374	-0,00534
162,412	-0,005671
162,45	-0,004911
162,488	-0,006319
162,526	-0,004943
162,564	-0,006176
162,602	-0,004543
162,64	-0,005063
162,678	-0,002669
162,716	-0,001825
162,754	0,001697
162,792	0,002188
162,83	0,00296
162,868	-0,001791
162,906	-0,004074
162,944	-0,00493
162,982	-0,00455
163,02	-0,007342
163,058	-0,010299
163,096	-0,006794
163,134	-0,00504
163,172	-0,007925
163,21	-0,00452
163,248	-0,00134
163,286	-0,001927
163,324	-0,002658
163,362	-0,000259
163,4	0,000586
163,438	0,001598
163,476	-0,001848
163,514	-0,0017
163,552	0,001646
163,59	-0,000545
163,628	-0,006252
163,666	-0,011614
163,704	-0,009177
163,742	-0,010159
163,78	-0,00746
163,818	-0,004854
163,856	-0,003047
163,894	-0,007008
163,932	-0,006409
163,97	-0,006468
164,008	-0,002854
164,046	-0,000472
164,084	0,002123
164,122	-0,000739
164,16	-0,001983
164,198	-0,007911
164,236	-0,008758
164,274	-0,010752
164,312	-0,014772
164,35	-0,01156
164,388	-0,011724
164,426	-0,013558
164,464	-0,011019
164,502	-0,010057
164,54	-0,012547
164,578	-0,010102
164,616	-0,002211
164,654	0,005497
164,692	0,01622
164,73	0,029324
164,768	0,041458
164,806	0,054148
164,844	0,06577
164,882	0,073111
164,92	0,080582
164,958	0,082951
164,996	0,082792
165,034	0,086147
165,072	0,088392
165,11	0,089145
165,148	0,092518
165,186	0,0929
165,224	0,094432
165,262	0,096123
165,3	0,094766
165,338	0,089982
165,376	0,088083
165,414	0,083071
165,452	0,077581
165,49	0,080086
165,528	0,077414
165,566	0,074426
165,604	0,071287
165,642	0,061949
165,68	0,063031
165,718	0,0657
165,756	0,066053
165,794	0,065053
165,832	0,065091
165,87	0,062299
165,908	0,063858
165,946	0,060845
165,984	0,055864
166,022	0,056975
166,06	0,058872
166,098	0,05858
166,136	0,057211
166,174	0,053588
166,212	0,055086
166,25	0,051448
166,288	0,046908
166,326	0,046908
166,364	0,044701
166,402	0,042995
166,44	0,042782
166,478	0,048126
166,516	0,046705
166,554	0,046045
166,592	0,047269
166,63	0,047491
166,668	0,039724
166,706	0,035798
166,744	0,035225
166,782	0,037028
166,82	0,035571
166,858	0,036415
166,896	0,036096
166,934	0,030721
166,972	0,031844
167,01	0,032438
167,048	0,031113
167,086	0,030873
167,124	0,0267
167,162	0,023816
167,2	0,022112
167,238	0,019795
167,276	0,017406
167,314	0,015968
167,352	0,022283
167,39	0,021302
167,428	0,020445
167,466	0,016301
167,504	0,019537
167,542	0,015784
167,58	0,016112
167,618	0,01189
167,656	0,010078
167,694	0,011286
167,732	0,014428
167,77	0,014938
167,808	0,012313
167,846	0,014106
167,884	0,010688
167,922	0,009852
167,96	0,0063
167,998	0,006824
168,036	0,007449
168,074	0,009342
168,112	0,006589
168,15	0,005463
168,188	0,004219
168,226	0,005022
168,264	0,00267
168,302	0,005553
168,34	0,006569
168,378	0,007909
168,416	0,005064
168,454	0,007956
168,492	0,005447
168,53	0,004216
168,568	0,007485
168,606	0,002859
168,644	0,001344
168,682	-0,003684
168,72	-0,003827
168,758	-0,004265
168,796	-0,003654
168,834	-0,003131
168,872	0,000708
168,91	0,002719
168,948	0,003617
168,986	-0,000358
169,024	-0,004186
169,062	-0,006877
169,1	-0,003431
169,138	-0,003772
169,176	-0,000412
169,214	-0,001335
169,252	-0,000383
169,29	-0,000308
169,328	-0,000166
169,366	-0,007264
169,404	-0,00662
169,442	-0,004375
169,48	-0,001252
169,518	-0,001815
169,556	0,001693
169,594	-0,000361
169,632	0,001404
169,67	0,004862
169,708	0,007626
169,746	0,006703
169,784	0,004709
169,822	0,000126
169,86	0,000814
169,898	-0,001545
169,936	-0,004734
169,974	-0,002495
170,012	0,001521
170,05	0,003783
170,088	0,006402
170,126	0,00705
170,164	0,005842
170,202	0,009945
170,24	0,010067
170,278	0,014763
170,316	0,010846
170,354	0,010782
170,392	0,008359
170,43	0,010944
170,468	0,011904
170,506	0,010155
170,544	0,009394
170,582	0,004862
170,62	0,005873
170,658	0,010172
170,696	0,009884
170,734	0,017641
170,772	0,026108
170,81	0,033294
170,848	0,039702
170,886	0,054705
170,924	0,067699
170,962	0,075177
171	0,079673
171,038	0,085609
171,076	0,088375
171,114	0,092882
171,152	0,095255
171,19	0,092917
171,228	0,094386
171,266	0,095153
171,304	0,10021
171,342	0,097714
171,38	0,095651
171,418	0,08992
171,456	0,088352
171,494	0,089549
171,532	0,085498
171,57	0,086966
171,608	0,081608
171,646	0,078252
171,684	0,073436
171,722	0,072112
171,76	0,071131
171,798	0,070038
171,836	0,071856
171,874	0,068827
171,912	0,066036
171,95	0,063613
171,988	0,061837
172,026	0,059461
172,064	0,059414
172,102	0,058234
172,14	0,053909
172,178	0,052987
172,216	0,05199
172,254	0,049572
172,292	0,046601
172,33	0,041809
172,368	0,039874
172,406	0,039796
172,444	0,038251
172,482	0,037077
172,52	0,036778
172,558	0,036639
172,596	0,037424
172,634	0,038011
172,672	0,035482
172,71	0,033032
172,748	0,031023
172,786	0,032324
172,824	0,026574
172,862	0,027772
172,9	0,022953
172,938	0,020851
172,976	0,018792
173,014	0,022538
173,052	0,01899
173,09	0,013645
173,128	0,016758
173,166	0,017037
173,204	0,016102
173,242	0,013883
173,28	0,017874
173,318	0,016438
173,356	0,014685
173,394	0,015878
173,432	0,015447
173,47	0,012601
173,508	0,009001
173,546	0,008671
173,584	0,01128
173,622	0,012212
173,66	0,009116
173,698	0,013102
173,736	0,012371
173,774	0,00892
173,812	0,004909
173,85	0,005164
173,888	0,002652
173,926	0,002908
173,964	0,004054
174,002	0,003409
174,04	0,006678
174,078	0,006731
174,116	0,003732
174,154	0,004052
174,192	0,001384
174,23	0,007033
174,268	0,006535
174,306	0,008364
174,344	0,001504
174,382	0,00026
174,42	0,001257
174,458	0,001418
174,496	-0,000355
174,534	0,000442
174,572	0,000334
174,61	-0,001079
174,648	-0,002337
174,686	-0,003791
174,724	-0,002314
174,762	-0,001451
174,8	-0,001039
174,838	-0,002523
174,876	-0,006424
174,914	-0,005627
174,952	-0,005447
174,99	-0,002849
175,028	-0,005852
175,066	-0,005327
175,104	0,000369
175,142	0,00342
175,18	0,002985
175,218	0,000616
175,256	0,001212
175,294	0,001444
175,332	0,000305
175,37	-0,002367
175,408	-0,002195
175,446	-0,002262
175,484	-0,004499
175,522	-0,003063
175,56	-0,001294
175,598	0,004247
175,636	0,00524
175,674	0,006868
175,712	0,004843
175,75	0,005719
175,788	0,003407
175,826	0,002297
175,864	0,001613
175,902	0,000214
175,94	0,002227
175,978	-0,001912
176,016	-0,003296
176,054	-0,004826
176,092	-0,004501
176,13	-0,002467
176,168	-0,004893
176,206	-0,006379
176,244	-0,006016
176,282	-0,00356
176,32	0,00143
176,358	0,000211
176,396	0,002887
176,434	0,001387
176,472	0,002927
176,51	0,000317
176,548	-0,00025
176,586	-0,000197
176,624	-0,001159
176,662	-0,000703
176,7	-0,000483
176,738	0,00084
176,776	0,003306
176,814	0,004791
176,852	0,010553
176,89	0,018783
176,928	0,031659
176,966	0,041539
177,004	0,047297
177,042	0,05688
177,08	0,059733
177,118	0,069288
177,156	0,076301
177,194	0,080872
177,232	0,083588
177,27	0,084601
177,308	0,084369
177,346	0,086051
177,384	0,090052
177,422	0,084317
177,46	0,084102
177,498	0,079459
177,536	0,074205
177,574	0,074101
177,612	0,067288
177,65	0,06629
177,688	0,064789
177,726	0,059134
177,764	0,060514
177,802	0,056565
177,84	0,054884
177,878	0,053723
177,916	0,050783
177,954	0,046145
177,992	0,043382
178,03	0,040247
178,068	0,038165
178,106	0,033105
178,144	0,035085
178,182	0,035201
178,22	0,032979
178,258	0,031762
178,296	0,032457
178,334	0,033655
178,372	0,031311
178,41	0,030728
178,448	0,029288
178,486	0,027472
178,524	0,024554
178,562	0,031765
178,6	0,033891
178,638	0,036046
178,676	0,035853
178,714	0,033429
178,752	0,031027
178,79	0,031246
178,828	0,029957
178,866	0,027192
178,904	0,02768
178,942	0,025309
178,98	0,026234
179,018	0,025927
179,056	0,024541
179,094	0,025038
179,132	0,023865
179,17	0,017628
179,208	0,017051
179,246	0,019517
179,284	0,018106
179,322	0,017166
179,36	0,013891
179,398	0,011392
179,436	0,011908
179,474	0,011913
179,512	0,012679
179,55	0,012973
179,588	0,012015
179,626	0,012794
179,664	0,01083
179,702	0,014286
179,74	0,013529
179,778	0,011604
179,816	0,013964
179,854	0,011073
179,892	0,009204
179,93	0,011064
179,968	0,009357
180,006	0,008933
180,044	0,007267
180,082	0,006105
180,12	0,006543
180,158	0,005261
180,196	0,003301
180,234	0,001002
180,272	-0,001067
180,31	0,001965
180,348	-0,000363
180,386	-0,003237
180,424	-0,002282
180,462	-0,000018
180,5	0,00029
180,538	-0,001249
180,576	-0,000254
180,614	-0,002458
180,652	-0,002125
180,69	0,000197
180,728	-0,00012
180,766	0,003416
180,804	0,003707
180,842	-0,000881
180,88	-0,001653
180,918	-0,000841
180,956	-0,005433
180,994	-0,005412
181,032	-0,003145
181,07	-0,004106
181,108	-0,003165
181,146	-0,005274
181,184	-0,006352
181,222	-0,010138
181,26	-0,012549
181,298	-0,010994
181,336	-0,011305
181,374	-0,010334
181,412	-0,006378
181,45	-0,006064
181,488	-0,004637
181,526	-0,002512
181,564	-0,000887
181,602	0,000377
181,64	-0,004046
181,678	-0,000703
181,716	-0,001366
181,754	-0,001091
181,792	-0,001066
181,83	-0,000451
181,868	-0,004117
181,906	-0,000829
181,944	-0,003986
181,982	-0,001866
182,02	-0,002362
182,058	-0,001162
182,096	0,00207
182,134	0,004138
182,172	0,005758
182,21	0,005922
182,248	0,002438
182,286	0,00173
182,324	0,002067
182,362	0,003275
182,4	0,002354
182,438	0,002972
182,476	0,002929
182,514	0,004498
182,552	0,004444
182,59	0,006233
182,628	0,00511
182,666	0,008345
182,704	0,010351
182,742	0,009007
182,78	0,009327
182,818	0,004198
182,856	0,005535
182,894	0,006595
182,932	0,016303
182,97	0,020195
183,008	0,033501
183,046	0,040087
183,084	0,053461
183,122	0,059363
183,16	0,068984
183,198	0,073312
183,236	0,08032
183,274	0,084136
183,312	0,089636
183,35	0,095736
183,388	0,099254
183,426	0,104396
183,464	0,107577
183,502	0,106912
183,54	0,103978
183,578	0,099444
183,616	0,099283
183,654	0,096081
183,692	0,094513
183,73	0,090885
183,768	0,09039
183,806	0,088903
183,844	0,086537
183,882	0,083555
183,92	0,080691
183,958	0,081512
183,996	0,081
184,034	0,077903
184,072	0,076367
184,11	0,074073
184,148	0,069953
184,186	0,066259
184,224	0,064797
184,262	0,059319
184,3	0,056435
184,338	0,055869
184,376	0,059273
184,414	0,055309
184,452	0,050771
184,49	0,048435
184,528	0,047295
184,566	0,047195
184,604	0,048015
184,642	0,047364
184,68	0,047546