0,038	0
0,076	-0,000229
0,114	0,003566
0,152	0,002553
0,19	0,005187
0,228	0,005886
0,266	0,005953
0,304	0,003741
0,342	0,004594
0,38	0,002807
0,418	0,000597
0,456	-0,002191
0,494	-0,004427
0,532	-0,00699
0,57	-0,006065
0,608	-0,007311
0,646	-0,005514
0,684	-0,004278
0,722	-0,000761
0,76	-0,002597
0,798	-0,00003
0,836	-0,003224
0,874	-0,007145
0,912	-0,006304
0,95	-0,006486
0,988	-0,001352
1,026	-0,002945
1,064	-0,005199
1,102	-0,005134
1,14	-0,005937
1,178	-0,006544
1,216	-0,008019
1,254	-0,0065
1,292	-0,005475
1,33	-0,008296
1,368	-0,005993
1,406	-0,006034
1,444	-0,007674
1,482	-0,011671
1,52	-0,009831
1,558	-0,009575
1,596	-0,01081
1,634	-0,0084
1,672	-0,006764
1,71	-0,008179
1,748	-0,00477
1,786	-0,002649
1,824	-0,0028
1,862	-0,001217
1,9	0,000538
1,938	0,002663
1,976	-0,002956
2,014	-0,003778
2,052	-0,006208
2,09	-0,010658
2,128	-0,00896
2,166	-0,01023
2,204	-0,00843
2,242	-0,008464
2,28	-0,007715
2,318	-0,003558
2,356	-0,001816
2,394	-0,00075
2,432	-0,000824
2,47	-0,002646
2,508	-0,001485
2,546	0,002784
2,584	0,008361
2,622	0,022511
2,66	0,040649
2,698	0,050268
2,736	0,06892
2,774	0,084271
2,812	0,104902
2,85	0,118717
2,888	0,130348
2,926	0,135095
2,964	0,146313
3,002	0,151058
3,04	0,154137
3,078	0,15497
3,116	0,158158
3,154	0,15394
3,192	0,150346
3,23	0,150212
3,268	0,142894
3,306	0,143141
3,344	0,139258
3,382	0,129352
3,42	0,126704
3,458	0,122095
3,496	0,1195
3,534	0,118401
3,572	0,114612
3,61	0,109809
3,648	0,110633
3,686	0,109591
3,724	0,108156
3,762	0,098081
3,8	0,093266
3,838	0,093331
3,876	0,090618
3,914	0,089477
3,952	0,087206
3,99	0,087758
4,028	0,085219
4,066	0,07948
4,104	0,075715
4,142	0,067054
4,18	0,063066
4,218	0,059477
4,256	0,062577
4,294	0,056945
4,332	0,053207
4,37	0,054682
4,408	0,054405
4,446	0,056836
4,484	0,052323
4,522	0,052923
4,56	0,052671
4,598	0,048709
4,636	0,049188
4,674	0,04693
4,712	0,046277
4,75	0,043539
4,788	0,041161
4,826	0,037345
4,864	0,034182
4,902	0,03497
4,94	0,03452
4,978	0,027901
5,016	0,028257
5,054	0,027507
5,092	0,028791
5,13	0,031812
5,168	0,027955
5,206	0,025443
5,244	0,023056
5,282	0,022074
5,32	0,017195
5,358	0,021173
5,396	0,021175
5,434	0,02338
5,472	0,022631
5,51	0,021422
5,548	0,018799
5,586	0,017829
5,624	0,016964
5,662	0,013829
5,7	0,013421
5,738	0,011837
5,776	0,008202
5,814	0,009314
5,852	0,004475
5,89	0,009311
5,928	0,00504
5,966	0,00386
6,004	0,004044
6,042	0,000707
6,08	0,000312
6,118	-0,002303
6,156	-0,00204
6,194	0,000731
6,232	-0,001781
6,27	-0,000104
6,308	-0,001627
6,346	-0,005053
6,384	0,001903
6,422	0,000205
6,46	-0,001471
6,498	-0,004336
6,536	-0,005257
6,574	-0,003184
6,612	0,000215
6,65	0,004081
6,688	0,004706
6,726	0,001843
6,764	0,005761
6,802	0,004759
6,84	0,005729
6,878	0,004646
6,916	0,002957
6,954	-0,002288
6,992	-0,005174
7,03	-0,003282
7,068	-0,004167
7,106	-0,00683
7,144	-0,004402
7,182	-0,004381
7,22	-0,004219
7,258	-0,003077
7,296	-0,005674
7,334	-0,005894
7,372	-0,003452
7,41	-0,004231
7,448	-0,001676
7,486	-0,000861
7,524	0,00157
7,562	-0,001648
7,6	-0,000075
7,638	-0,002215
7,676	-0,000561
7,714	0,000828
7,752	-0,000833
7,79	0,002315
7,828	0,003439
7,866	0,001614
7,904	-0,001263
7,942	0,000533
7,98	0,001232
8,018	0,000036
8,056	0,000623
8,094	-0,001649
8,132	-0,003747
8,17	-0,003497
8,208	-0,005235
8,246	-0,006941
8,284	-0,00567
8,322	-0,003557
8,36	-0,006182
8,398	-0,002371
8,436	0,000753
8,474	-0,002017
8,512	-0,001854
8,55	-0,001459
8,588	-0,001048
8,626	0,00042
8,664	-0,000831
8,702	-0,002363
8,74	-0,003663
8,778	-0,0035
8,816	-0,005314
8,854	-0,003665
8,892	-0,007322
8,93	-0,008244
8,968	-0,004639
9,006	-0,00326
9,044	-0,00581
9,082	-0,000655
9,12	0,002701
9,158	0,004397
9,196	0,004827
9,234	0,006884
9,272	0,003379
9,31	0,002635
9,348	-0,000172
9,386	-0,001206
9,424	-0,000253
9,462	-0,002875
9,5	-0,003702
9,538	0,000328
9,576	-0,002651
9,614	-0,000928
9,652	0,011541
9,69	0,02989
9,728	0,045675
9,766	0,066946
9,804	0,08062
9,842	0,097062
9,88	0,108305
9,918	0,118729
9,956	0,125626
9,994	0,134946
10,032	0,146042
10,07	0,150413
10,108	0,153113
10,146	0,157737
10,184	0,158898
10,222	0,158531
10,26	0,161081
10,298	0,160759
10,336	0,159975
10,374	0,153229
10,412	0,145904
10,45	0,14391
10,488	0,138661
10,526	0,135017
10,564	0,127704
10,602	0,125081
10,64	0,124542
10,678	0,124678
10,716	0,12311
10,754	0,121467
10,792	0,114644
10,83	0,105685
10,868	0,103501
10,906	0,102567
10,944	0,095868
10,982	0,090846
11,02	0,089481
11,058	0,087366
11,096	0,084456
11,134	0,081874
11,172	0,077586
11,21	0,075957
11,248	0,075017
11,286	0,074357
11,324	0,070208
11,362	0,064274
11,4	0,062965
11,438	0,061479
11,476	0,055072
11,514	0,054364
11,552	0,050754
11,59	0,046838
11,628	0,045516
11,666	0,043606
11,704	0,039005
11,742	0,042978
11,78	0,042074
11,818	0,042133
11,856	0,039967
11,894	0,036016
11,932	0,03518
11,97	0,034252
12,008	0,035511
12,046	0,032887
12,084	0,034486
12,122	0,033713
12,16	0,033476
12,198	0,032984
12,236	0,031522
12,274	0,03436
12,312	0,028939
12,35	0,026926
12,388	0,029959
12,426	0,026353
12,464	0,02434
12,502	0,02129
12,54	0,020058
12,578	0,021206
12,616	0,019828
12,654	0,019783
12,692	0,015298
12,73	0,015873
12,768	0,016325
12,806	0,012696
12,844	0,009098
12,882	0,006969
12,92	0,007224
12,958	0,003169
12,996	0,003683
13,034	0,00239
13,072	-0,000738
13,11	-0,003303
13,148	-0,004127
13,186	0,000824
13,224	-0,000022
13,262	-0,006247
13,3	-0,00392
13,338	-0,000465
13,376	-0,002209
13,414	-0,007275
13,452	-0,00445
13,49	-0,002264
13,528	0,004078
13,566	0,001999
13,604	0,00533
13,642	0,006196
13,68	0,002301
13,718	0,002738
13,756	0,000973
13,794	-0,000301
13,832	-0,006608
13,87	-0,007126
13,908	-0,004701
13,946	-0,003075
13,984	-0,001632
14,022	-0,000973
14,06	-0,000097
14,098	0,000095
14,136	-0,000561
14,174	-0,00227
14,212	-0,001429
14,25	-0,003763
14,288	-0,004952
14,326	-0,010075
14,364	-0,007245
14,402	-0,008694
14,44	-0,010378
14,478	-0,012896
14,516	-0,007389
14,554	-0,006511
14,592	-0,006448
14,63	-0,006482
14,668	-0,005661
14,706	-0,002507
14,744	0,00066
14,782	0,004473
14,82	0,004575
14,858	0,004511
14,896	0,003491
14,934	0,002206
14,972	0,005301
15,01	0,006488
15,048	0,008837
15,086	0,005963
15,124	0,004422
15,162	0,007128
15,2	0,005716
15,238	0,009403
15,276	0,006994
15,314	0,007347
15,352	0,003806
15,39	0,001359
15,428	0,006172
15,466	0,007898
15,504	0,009281
15,542	0,009856
15,58	0,008069
15,618	0,006311
15,656	0,006384
15,694	0,00564
15,732	0,005385
15,77	0,003784
15,808	0,007432
15,846	0,006084
15,884	0,007836
15,922	0,002583
15,96	0,003498
15,998	0,001752
16,036	0,008664
16,074	0,018019
16,112	0,036693
16,15	0,051757
16,188	0,072124
16,226	0,085492
16,264	0,094642
16,302	0,105611
16,34	0,117975
16,378	0,126408
16,416	0,132696
16,454	0,140188
16,492	0,141315
16,53	0,146811
16,568	0,153706
16,606	0,151414
16,644	0,146075
16,682	0,144579
16,72	0,144397
16,758	0,140279
16,796	0,14114
16,834	0,139228
16,872	0,131393
16,91	0,12526
16,948	0,123285
16,986	0,115046
17,024	0,116938
17,062	0,114826
17,1	0,111092
17,138	0,107242
17,176	0,104811
17,214	0,102382
17,252	0,103992
17,29	0,101053
17,328	0,099552
17,366	0,099706
17,404	0,097136
17,442	0,093478
17,48	0,093708
17,518	0,088628
17,556	0,087682
17,594	0,085195
17,632	0,082704
17,67	0,082015
17,708	0,079191
17,746	0,077755
17,784	0,075188
17,822	0,07175
17,86	0,071555
17,898	0,069148
17,936	0,063513
17,974	0,060101
18,012	0,055969
18,05	0,050831
18,088	0,048362
18,126	0,046934
18,164	0,047598
18,202	0,045155
18,24	0,046663
18,278	0,043118
18,316	0,041037
18,354	0,038248
18,392	0,034873
18,43	0,037535
18,468	0,034949
18,506	0,030871
18,544	0,030391
18,582	0,027124
18,62	0,026446
18,658	0,023657
18,696	0,024468
18,734	0,020496
18,772	0,019164
18,81	0,01731
18,848	0,016364
18,886	0,007748
18,924	0,005694
18,962	0,005411
19	0,008399
19,038	0,006428
19,076	0,005985
19,114	0,00675
19,152	0,002829
19,19	0,004082
19,228	0,005676
19,266	0,00256
19,304	0,00576
19,342	0,007341
19,38	0,012224
19,418	0,010504
19,456	0,010222
19,494	0,008577
19,532	0,006501
19,57	0,005748
19,608	0,004238
19,646	0,004188
19,684	0,00187
19,722	0,001848
19,76	0,002109
19,798	0,001446
19,836	0,000079
19,874	0,006238
19,912	0,005883
19,95	0,006798
19,988	0,002394
20,026	0,000948
20,064	-0,001634
20,102	0,001739
20,14	0,004541
20,178	0,008668
20,216	0,002083
20,254	0,005004
20,292	0,003695
20,33	0,00137
20,368	-0,005042
20,406	-0,008927
20,444	-0,006833
20,482	-0,005998
20,52	-0,007998
20,558	-0,010024
20,596	-0,008295
20,634	-0,010126
20,672	-0,005443
20,71	-0,00425
20,748	-0,001362
20,786	-0,000902
20,824	-0,001819
20,862	-0,002592
20,9	-0,000346
20,938	-0,002112
20,976	-0,005806
21,014	-0,002132
21,052	-0,00405
21,09	-0,005707
21,128	-0,008189
21,166	-0,011881
21,204	-0,008822
21,242	-0,009444
21,28	-0,0092
21,318	-0,009583
21,356	-0,007335
21,394	-0,010259
21,432	-0,010224
21,47	-0,008967
21,508	-0,006407
21,546	-0,007213
21,584	-0,006776
21,622	-0,00607
21,66	-0,003973
21,698	-0,007165
21,736	-0,008242
21,774	-0,009147
21,812	-0,00792
21,85	-0,003172
21,888	-0,000022
21,926	0,000046
21,964	0,000139
22,002	0,002891
22,04	0,002976
22,078	0,000555
22,116	0,00005
22,154	0,000247
22,192	-0,002611
22,23	-0,00272
22,268	-0,000433
22,306	0,000487
22,344	-0,000489
22,382	-0,003211
22,42	-0,001741
22,458	-0,002144
22,496	-0,00704
22,534	-0,001964
22,572	-0,00215
22,61	-0,002048
22,648	-0,003592
22,686	-0,00444
22,724	-0,001893
22,762	-0,001003
22,8	0,000104
22,838	-0,001259
22,876	0,0031
22,914	0,004725
22,952	0,00326
22,99	0,008826
23,028	0,023925
23,066	0,03856
23,104	0,051634
23,142	0,066359
23,18	0,082273
23,218	0,096875
23,256	0,105976
23,294	0,11847
23,332	0,128589
23,37	0,129323
23,408	0,136598
23,446	0,140391
23,484	0,147488
23,522	0,150785
23,56	0,149045
23,598	0,14679
23,636	0,148051
23,674	0,146629
23,712	0,142041
23,75	0,136305
23,788	0,133803
23,826	0,127849
23,864	0,129051
23,902	0,125281
23,94	0,121574
23,978	0,116388
24,016	0,111923
24,054	0,114595
24,092	0,11469
24,13	0,110945
24,168	0,105137
24,206	0,096916
24,244	0,097654
24,282	0,095558
24,32	0,091471
24,358	0,091273
24,396	0,088046
24,434	0,082726
24,472	0,078912
24,51	0,077931
24,548	0,077591
24,586	0,073297
24,624	0,074161
24,662	0,069748
24,7	0,070866
24,738	0,068845
24,776	0,060688
24,814	0,057469
24,852	0,056864
24,89	0,05807
24,928	0,053647
24,966	0,053873
25,004	0,048285
25,042	0,044597
25,08	0,041366
25,118	0,043053
25,156	0,041914
25,194	0,039849
25,232	0,040497
25,27	0,041623
25,308	0,035893
25,346	0,032209
25,384	0,031576
25,422	0,029163
25,46	0,029581
25,498	0,031278
25,536	0,027841
25,574	0,025805
25,612	0,022512
25,65	0,019171
25,688	0,015882
25,726	0,012427
25,764	0,011783
25,802	0,009292
25,84	0,010927
25,878	0,011803
25,916	0,011055
25,954	0,011901
25,992	0,009317
26,03	0,014397
26,068	0,014971
26,106	0,012108
26,144	0,010744
26,182	0,008923
26,22	0,013757
26,258	0,015722
26,296	0,012269
26,334	0,009777
26,372	0,012185
26,41	0,016949
26,448	0,012721
26,486	0,007841
26,524	0,006695
26,562	0,00443
26,6	0,002307
26,638	0,001656
26,676	0,00328
26,714	0,006499
26,752	0,004445
26,79	0,005057
26,828	0,002204
26,866	-0,000363
26,904	0,001405
26,942	-0,000498
26,98	-0,002688
27,018	-0,00348
27,056	-0,005867
27,094	-0,007699
27,132	-0,006615
27,17	-0,007744
27,208	-0,006782
27,246	-0,007661
27,284	-0,005967
27,322	-0,004896
27,36	0,000644
27,398	0,001029
27,436	0,002829
27,474	0,005161
27,512	0,00447
27,55	0,004266
27,588	0,003936
27,626	0,007375
27,664	0,003312
27,702	0,003131
27,74	0,000293
27,778	0,000305
27,816	-0,000493
27,854	-0,001142
27,892	-0,003021
27,93	-0,00292
27,968	-0,004648
28,006	-0,003535
28,044	-0,002595
28,082	-0,008781
28,12	-0,005653
28,158	-0,002263
28,196	0,00275
28,234	0,005523
28,272	0,003093
28,31	0,003935
28,348	0,000607
28,386	-0,003234
28,424	-0,004268
28,462	-0,009099
28,5	-0,010364
28,538	-0,007739
28,576	-0,00436
28,614	-0,009838
28,652	-0,008465
28,69	-0,008069
28,728	-0,005307
28,766	-0,004118
28,804	0,001895
28,842	0,014554
28,88	0,029476
28,918	0,042085
28,956	0,054728
28,994	0,067453
29,032	0,080958
29,07	0,09652
29,108	0,10565
29,146	0,117238
29,184	0,127143
29,222	0,136659
29,26	0,139364
29,298	0,13914
29,336	0,141977
29,374	0,145164
29,412	0,142153
29,45	0,13867
29,488	0,136268
29,526	0,136591
29,564	0,139054
29,602	0,138155
29,64	0,13553
29,678	0,132303
29,716	0,130824
29,754	0,120988
29,792	0,11958
29,83	0,120314
29,868	0,112075
29,906	0,107032
29,944	0,100383
29,982	0,095416
30,02	0,095499
30,058	0,092978
30,096	0,087709
30,134	0,082699
30,172	0,076198
30,21	0,070167
30,248	0,067187
30,286	0,066379
30,324	0,063589
30,362	0,062226
30,4	0,060099
30,438	0,061647
30,476	0,056556
30,514	0,053584
30,552	0,051424
30,59	0,055603
30,628	0,054401
30,666	0,046796
30,704	0,045225
30,742	0,041507
30,78	0,043039
30,818	0,039171
30,856	0,038806
30,894	0,038741
30,932	0,040344
30,97	0,037953
31,008	0,032137
31,046	0,028621
31,084	0,024414
31,122	0,028609
31,16	0,028838
31,198	0,028438
31,236	0,026574
31,274	0,026153
31,312	0,025451
31,35	0,029715
31,388	0,026573
31,426	0,025743
31,464	0,022433
31,502	0,022838
31,54	0,02635
31,578	0,026215
31,616	0,021971
31,654	0,017462
31,692	0,014567
31,73	0,015322
31,768	0,015802
31,806	0,015178
31,844	0,016347
31,882	0,014775
31,92	0,015181
31,958	0,013948
31,996	0,012826
32,034	0,012974
32,072	0,0103
32,11	0,010746
32,148	0,009561
32,186	0,007617
32,224	0,008397
32,262	0,005755
32,3	0,003397
32,338	0,002923
32,376	0,002432
32,414	0,00509
32,452	0,004318
32,49	0,00035
32,528	-0,001392
32,566	-0,000174
32,604	-0,006419
32,642	-0,006749
32,68	-0,006817
32,718	-0,007434
32,756	-0,004513
32,794	-0,000601
32,832	0,000195
32,87	0,001114
32,908	-0,003098
32,946	-0,002449
32,984	-0,006183
33,022	-0,003552
33,06	0,000527
33,098	-0,000839
33,136	0,002987
33,174	0,001469
33,212	-0,002593
33,25	-0,00217
33,288	-0,001503
33,326	-0,003749
33,364	-0,002289
33,402	-0,003703
33,44	-0,004436
33,478	-0,002842
33,516	-0,002668
33,554	-0,00196
33,592	-0,002811
33,63	-0,006787
33,668	-0,007691
33,706	-0,004405
33,744	-0,005309
33,782	-0,000725
33,82	-0,0028
33,858	-0,003963
33,896	-0,004665
33,934	-0,005694
33,972	-0,001628
34,01	0,001052
34,048	0,003232
34,086	0,005178
34,124	0,003207
34,162	-0,000471
34,2	0,00022
34,238	0,004231
34,276	0,006507
34,314	0,009176
34,352	0,008628
34,39	0,007951
34,428	0,007643
34,466	0,00486
34,504	0,00192
34,542	0,007176
34,58	0,007464
34,618	0,00547
34,656	0,001941
34,694	0,003341
34,732	0,004454
34,77	0,003552
34,808	0,005536
34,846	0,005177
34,884	0,004828
34,922	0,005612
34,96	0,006153
34,998	0,006787
35,036	0,008855
35,074	0,004665
35,112	0,002267
35,15	0,001292
35,188	0,0041
35,226	0,005544
35,264	0,002251
35,302	0,001897
35,34	0,002259
35,378	0,001914
35,416	0,006837
35,454	0,015121
35,492	0,026655
35,53	0,041241
35,568	0,05699
35,606	0,067551
35,644	0,078197
35,682	0,090921
35,72	0,110453
35,758	0,117519
35,796	0,124439
35,834	0,133073
35,872	0,13372
35,91	0,133905
35,948	0,139443
35,986	0,14711
36,024	0,150207
36,062	0,155142
36,1	0,158878
36,138	0,161736
36,176	0,164815
36,214	0,166836
36,252	0,168156
36,29	0,16529
36,328	0,169545
36,366	0,169757
36,404	0,169876
36,442	0,173469
36,48	0,171122
36,518	0,168824
36,556	0,167102
36,594	0,165852
36,632	0,167117
36,67	0,161053
36,708	0,157376
36,746	0,149877
36,784	0,144956
36,822	0,139802
36,86	0,134101
36,898	0,126754
36,936	0,121239
36,974	0,115468
37,012	0,113859
37,05	0,110555
37,088	0,100645
37,126	0,097268
37,164	0,09847
37,202	0,092887
37,24	0,090612
37,278	0,085344
37,316	0,084804
37,354	0,081978
37,392	0,07992
37,43	0,080091
37,468	0,083822
37,506	0,078628
37,544	0,078212
37,582	0,073132
37,62	0,067498
37,658	0,061819
37,696	0,062298
37,734	0,057786
37,772	0,055163
37,81	0,049142
37,848	0,042792
37,886	0,040297
37,924	0,040468
37,962	0,039064
38	0,035651
38,038	0,032218
38,076	0,035726
38,114	0,03087
38,152	0,025371
38,19	0,025032
38,228	0,022381
38,266	0,021487
38,304	0,023877
38,342	0,024346
38,38	0,021055
38,418	0,01695
38,456	0,016642
38,494	0,016487
38,532	0,015583
38,57	0,013182
38,608	0,008722
38,646	0,011833
38,684	0,012152
38,722	0,013514
38,76	0,016326
38,798	0,012494
38,836	0,009494
38,874	0,00936
38,912	0,009904
38,95	0,006805
38,988	0,00116
39,026	-0,002363
39,064	-0,005654
39,102	-0,005585
39,14	-0,003649
39,178	-0,006792
39,216	-0,007748
39,254	-0,006477
39,292	-0,012055
39,33	-0,012382
39,368	-0,011947
39,406	-0,008177
39,444	-0,004645
39,482	-0,008075
39,52	-0,0111
39,558	-0,008317
39,596	-0,0082
39,634	-0,004109
39,672	-0,004387
39,71	-0,003866
39,748	0,001852
39,786	-0,000383
39,824	0,001113
39,862	0,000035
39,9	-0,00211
39,938	-0,003789
39,976	-0,005495
40,014	-0,009992
40,052	-0,009713
40,09	-0,011795
40,128	-0,012154
40,166	-0,009318
40,204	-0,006378
40,242	-0,005362
40,28	-0,005473
40,318	-0,008766
40,356	-0,00789
40,394	-0,008835
40,432	-0,010577
40,47	-0,00984
40,508	-0,002667
40,546	-0,001543
40,584	-0,002528
40,622	-0,004611
40,66	-0,006237
40,698	-0,005946
40,736	-0,003414
40,774	-0,000215
40,812	0,003475
40,85	0,00502
40,888	0,0055
40,926	0,005688
40,964	0,009199
41,002	0,008806
41,04	0,008508
41,078	0,00769
41,116	0,010784
41,154	0,008613
41,192	0,005293
41,23	0,008332
41,268	0,004981
41,306	0,010319
41,344	0,00518
41,382	0,005406
41,42	0,001326
41,458	0,000644
41,496	-0,000071
41,534	-0,000989
41,572	-0,004277
41,61	-0,005467
41,648	-0,009691
41,686	-0,009201
41,724	-0,006479
41,762	-0,005305
41,8	-0,004882
41,838	-0,005381
41,876	-0,005093
41,914	-0,008573
41,952	-0,006695
41,99	-0,007009
42,028	-0,006457
42,066	-0,005005
42,104	-0,002809
42,142	-0,003886
42,18	-0,002951
42,218	-0,001668
42,256	0,000564
42,294	0,009023
42,332	0,020606
42,37	0,033997
42,408	0,051401
42,446	0,063086
42,484	0,075606
42,522	0,086359
42,56	0,097324
42,598	0,104334
42,636	0,118009
42,674	0,124324
42,712	0,125862
42,75	0,122842
42,788	0,127673
42,826	0,124982
42,864	0,121874
42,902	0,123333
42,94	0,126357
42,978	0,125404
43,016	0,122291
43,054	0,117391
43,092	0,117904
43,13	0,114745
43,168	0,116641
43,206	0,115407
43,244	0,114639
43,282	0,109933
43,32	0,10917
43,358	0,104949
43,396	0,101043
43,434	0,09482
43,472	0,087815
43,51	0,081725
43,548	0,080412
43,586	0,076693
43,624	0,074343
43,662	0,067542
43,7	0,0648
43,738	0,061096
43,776	0,066801
43,814	0,061806
43,852	0,055755
43,89	0,056455
43,928	0,057523
43,966	0,065677
44,004	0,073397
44,042	0,080938
44,08	0,09229
44,118	0,104701
44,156	0,111139
44,194	0,119058
44,232	0,128623
44,27	0,133845
44,308	0,140095
44,346	0,136387
44,384	0,135963
44,422	0,140662
44,46	0,143053
44,498	0,142155
44,536	0,139374
44,574	0,137194
44,612	0,138996
44,65	0,13935
44,688	0,135623
44,726	0,134034
44,764	0,12719
44,802	0,124223
44,84	0,11948
44,878	0,115065
44,916	0,111884
44,954	0,105432
44,992	0,096006
45,03	0,090259
45,068	0,085291
45,106	0,08597
45,144	0,084332
45,182	0,083127
45,22	0,077765
45,258	0,074354
45,296	0,068711
45,334	0,063616
45,372	0,059701
45,41	0,057599
45,448	0,053173
45,486	0,044626
45,524	0,042127
45,562	0,036297
45,6	0,032544
45,638	0,03059
45,676	0,033249
45,714	0,031342
45,752	0,034235
45,79	0,02893
45,828	0,024408
45,866	0,019955
45,904	0,015801
45,942	0,019753
45,98	0,014564
46,018	0,011759
46,056	0,010948
46,094	0,008237
46,132	0,006538
46,17	0,005271
46,208	0,002148
46,246	0,002759
46,284	-0,003368
46,322	-0,003935
46,36	-0,002593
46,398	-0,004594
46,436	-0,006903
46,474	-0,005073
46,512	-0,005269
46,55	-0,008847
46,588	-0,010241
46,626	-0,011343
46,664	-0,010678
46,702	-0,007374
46,74	-0,00416
46,778	-0,005965
46,816	-0,001633
46,854	-0,001047
46,892	-0,000566
46,93	-0,003469
46,968	-0,007411
47,006	-0,007093
47,044	-0,008195
47,082	-0,015305
47,12	-0,011298
47,158	-0,014235
47,196	-0,00776
47,234	-0,005111
47,272	-0,004508
47,31	-0,008259
47,348	-0,006934
47,386	-0,007958
47,424	-0,008568
47,462	-0,008366
47,5	-0,007782
47,538	-0,007949
47,576	-0,00672
47,614	-0,002974
47,652	-0,008278
47,69	-0,011774
47,728	-0,010814
47,766	-0,010254
47,804	-0,010622
47,842	-0,014314
47,88	-0,014824
47,918	-0,01151
47,956	-0,007171
47,994	-0,009412
48,032	-0,00795
48,07	-0,006755
48,108	-0,003403
48,146	-0,002011
48,184	-0,002307
48,222	-0,003106
48,26	-0,003076
48,298	-0,002955
48,336	-0,002166
48,374	-0,00249
48,412	-0,001832
48,45	-0,003462
48,488	-0,004001
48,526	-0,002923
48,564	-0,005266
48,602	-0,00358
48,64	-0,004944
48,678	-0,004775
48,716	-0,006256
48,754	-0,005286
48,792	-0,007963
48,83	-0,008044
48,868	-0,006634
48,906	-0,007878
48,944	-0,011918
48,982	-0,00775
49,02	-0,006175
49,058	-0,008479
49,096	-0,00658
49,134	-0,00521
49,172	-0,004159
49,21	-0,001939
49,248	-0,000366
49,286	0,001389
49,324	-0,000843
49,362	-0,006853
49,4	-0,004792
49,438	-0,007372
49,476	-0,002592
49,514	-0,006521
49,552	-0,005254
49,59	-0,005138
49,628	-0,006991
49,666	-0,001949
49,704	-0,001875
49,742	-0,003877
49,78	-0,000456
49,818	-0,001973
49,856	-0,003196
49,894	-0,001953
49,932	-0,002515
49,97	-0,004033
50,008	-0,006643
50,046	-0,002285
50,084	0,003753
50,122	0,014674
50,16	0,033605
50,198	0,04209
50,236	0,054435
50,274	0,066425
50,312	0,081854
50,35	0,089599
50,388	0,095731
50,426	0,102635
50,464	0,111324
50,502	0,118478
50,54	0,122856
50,578	0,12632
50,616	0,127641
50,654	0,126162
50,692	0,128448
50,73	0,1265
50,768	0,125564
50,806	0,121369
50,844	0,111945
50,882	0,109938
50,92	0,109678
50,958	0,102543
50,996	0,101709
51,034	0,098921
51,072	0,100902
51,11	0,101406
51,148	0,096894
51,186	0,093828
51,224	0,091542
51,262	0,083808
51,3	0,078437
51,338	0,079365
51,376	0,075377
51,414	0,068827
51,452	0,067509
51,49	0,063048
51,528	0,062195
51,566	0,061013
51,604	0,063779
51,642	0,063604
51,68	0,058279
51,718	0,060208
51,756	0,056259
51,794	0,053841
51,832	0,053111
51,87	0,04672
51,908	0,049514
51,946	0,046646
51,984	0,049523
52,022	0,043947
52,06	0,040057
52,098	0,037745
52,136	0,041082
52,174	0,041735
52,212	0,038602
52,25	0,043612
52,288	0,04161
52,326	0,041342
52,364	0,036535
52,402	0,030929
52,44	0,027919
52,478	0,025247
52,516	0,021832
52,554	0,022746
52,592	0,020428
52,63	0,019358
52,668	0,021671
52,706	0,022855
52,744	0,02079
52,782	0,020238
52,82	0,01957
52,858	0,022123
52,896	0,017769
52,934	0,01801
52,972	0,013634
53,01	0,012119
53,048	0,012974
53,086	0,010319
53,124	0,00982
53,162	0,009669
53,2	0,007889
53,238	0,005429
53,276	0,005233
53,314	0,001144
53,352	0,005426
53,39	0,010392
53,428	0,008664
53,466	0,003619
53,504	0,006164
53,542	0,002328
53,58	0,003231
53,618	0,004277
53,656	0,005625
53,694	0,006199
53,732	0,002831
53,77	0,000527
53,808	-0,001314
53,846	-0,005653
53,884	-0,001314
53,922	-0,00228
53,96	-0,001335
53,998	0,001211
54,036	-0,000258
54,074	-0,000602
54,112	0,000886
54,15	0,000347
54,188	0,003176
54,226	0,003924
54,264	0,00349
54,302	-0,001292
54,34	-0,007572
54,378	-0,007155
54,416	-0,008652
54,454	-0,003248
54,492	-0,000195
54,53	-0,001618
54,568	0,000955
54,606	0,001599
54,644	-0,000073
54,682	0,003798
54,72	0,000938
54,758	0,000935
54,796	0,006249
54,834	0,004161
54,872	0,003531
54,91	0,002182
54,948	-0,000609
54,986	-0,003087
55,024	0,002104
55,062	0,002376
55,1	0,003099
55,138	0,001958
55,176	0,004584
55,214	0,002487
55,252	0,001545
55,29	0,00584
55,328	0,007597
55,366	0,003212
55,404	-0,000468
55,442	-0,000613
55,48	0,003313
55,518	0,002535
55,556	0,003888
55,594	0,003568
55,632	0,004396
55,67	0,007137
55,708	0,005794
55,746	0,001794
55,784	0,003554
55,822	0,000131
55,86	-0,00155
55,898	-0,000884
55,936	-0,001899
55,974	0,000466
56,012	0,000558
56,05	0,005525
56,088	0,003913
56,126	0,006502
56,164	0,004187
56,202	0,000341
56,24	0,000419
56,278	0,001815
56,316	0,000441
56,354	0,001659
56,392	0,003337
56,43	0,007152
56,468	0,001455
56,506	0,002732
56,544	-0,00011
56,582	-0,002683
56,62	-0,004489
56,658	-0,001246
56,696	-0,004933
56,734	-0,005966
56,772	-0,002981
56,81	-0,004464
56,848	-0,00294
56,886	-0,005877
56,924	-0,005978
56,962	-0,006876
57	-0,006619
57,038	-0,00414
57,076	-0,004357
57,114	-0,004509
57,152	0,000477
57,19	-0,00118
57,228	-0,003192
57,266	-0,003261
57,304	-0,000144
57,342	0,000943
57,38	0,001502
57,418	0,003196
57,456	0,004862
57,494	0,003353
57,532	0,007031
57,57	0,005002
57,608	0,002732
57,646	0,004688
57,684	0,006506
57,722	0,007423
57,76	0,006742
57,798	0,004795
57,836	0,005623
57,874	0,008262
57,912	0,007308
57,95	0,006771
57,988	0,011497
58,026	0,00735
58,064	0,004961
58,102	0,00123
58,14	-0,000086
58,178	-0,000256
58,216	0,005804
58,254	0,014895
58,292	0,035908
58,33	0,047734
58,368	0,062635
58,406	0,074801
58,444	0,084034
58,482	0,09697
58,52	0,102346
58,558	0,114273
58,596	0,121424
58,634	0,129357
58,672	0,134049
58,71	0,138487
58,748	0,140894
58,786	0,139977
58,824	0,13789
58,862	0,138595
58,9	0,134446
58,938	0,133202
58,976	0,127137
59,014	0,124368
59,052	0,126089
59,09	0,122901
59,128	0,114433
59,166	0,113377
59,204	0,114147
59,242	0,111267
59,28	0,101231
59,318	0,097054
59,356	0,093172
59,394	0,086863
59,432	0,087415
59,47	0,084715
59,508	0,084487
59,546	0,086185
59,584	0,083949
59,622	0,07833
59,66	0,075808
59,698	0,074269
59,736	0,075426
59,774	0,068973
59,812	0,066852
59,85	0,062909
59,888	0,063599
59,926	0,054689
59,964	0,050704
60,002	0,049095
60,04	0,051093
60,078	0,048716
60,116	0,046242
60,154	0,043872
60,192	0,044371
60,23	0,042874
60,268	0,042398
60,306	0,041669
60,344	0,040244
60,382	0,035332
60,42	0,03591
60,458	0,035389
60,496	0,038933
60,534	0,033172
60,572	0,031954
60,61	0,029223
60,648	0,029001
60,686	0,028188
60,724	0,023858
60,762	0,023041
60,8	0,019255
60,838	0,023128
60,876	0,025395
60,914	0,027412
60,952	0,022218
60,99	0,021314
61,028	0,020644
61,066	0,025917
61,104	0,02403
61,142	0,018821
61,18	0,017631
61,218	0,015971
61,256	0,013629
61,294	0,009767
61,332	0,010437
61,37	0,009858
61,408	0,009042
61,446	0,00733
61,484	0,005009
61,522	0,006764
61,56	0,005094
61,598	0,007997
61,636	0,007762
61,674	0,006499
61,712	0,00848
61,75	0,000325
61,788	-0,001705
61,826	-0,005169
61,864	-0,006985
61,902	-0,007556
61,94	-0,005831
61,978	-0,003895
62,016	-0,007813
62,054	-0,004337
62,092	-0,00596
62,13	-0,004685
62,168	-0,005418
62,206	-0,007031
62,244	-0,003397
62,282	0,009292
62,32	0,017342
62,358	0,026201
62,396	0,044425
62,434	0,056759
62,472	0,071578
62,51	0,087252
62,548	0,098013
62,586	0,102528
62,624	0,111239
62,662	0,11478
62,7	0,119602
62,738	0,121314
62,776	0,121415
62,814	0,120423
62,852	0,114295
62,89	0,115158
62,928	0,111952
62,966	0,110158
63,004	0,107595
63,042	0,109411
63,08	0,111589
63,118	0,104938
63,156	0,097869
63,194	0,094259
63,232	0,091096
63,27	0,092419
63,308	0,088804
63,346	0,087633
63,384	0,088486
63,422	0,087021
63,46	0,082366
63,498	0,077248
63,536	0,070171
63,574	0,065285
63,612	0,060218
63,65	0,058626
63,688	0,053806
63,726	0,049639
63,764	0,051515
63,802	0,048477
63,84	0,044934
63,878	0,044125
63,916	0,042973
63,954	0,041358
63,992	0,040813
64,03	0,03994
64,068	0,041883
64,106	0,03575
64,144	0,036909
64,182	0,035693
64,22	0,032387
64,258	0,029413
64,296	0,026466
64,334	0,024573
64,372	0,024403
64,41	0,021904
64,448	0,018987
64,486	0,019117
64,524	0,020014
64,562	0,017792
64,6	0,01408
64,638	0,007921
64,676	0,010206
64,714	0,009195
64,752	0,008058
64,79	0,006149
64,828	0,011771
64,866	0,012252
64,904	0,011442
64,942	0,009789
64,98	0,005809
65,018	0,004681
65,056	0,000526
65,094	-0,002924
65,132	-0,001979
65,17	-0,00447
65,208	-0,002225
65,246	0,002791
65,284	0,002664
65,322	0,003119
65,36	0,001394
65,398	0,004165
65,436	0,004601
65,474	0,002319
65,512	-0,002095
65,55	-0,002524
65,588	-0,00159
65,626	-0,001101
65,664	-0,001588
65,702	0,000143
65,74	-0,006527
65,778	0,00281
65,816	0,014374
65,854	0,023055
65,892	0,036258
65,93	0,05254
65,968	0,06652
66,006	0,077989
66,044	0,084952
66,082	0,094368
66,12	0,098356
66,158	0,099971
66,196	0,105987
66,234	0,108978
66,272	0,11177
66,31	0,106267
66,348	0,109119
66,386	0,109425
66,424	0,109447
66,462	0,104253
66,5	0,103543
66,538	0,099744
66,576	0,095637
66,614	0,090786
66,652	0,09254
66,69	0,089265
66,728	0,089837
66,766	0,088557
66,804	0,086713
66,842	0,085676
66,88	0,083184
66,918	0,080156
66,956	0,079898
66,994	0,079084
67,032	0,073618
67,07	0,071464
67,108	0,066708
67,146	0,06654
67,184	0,069439
67,222	0,077186
67,26	0,083968
67,298	0,09165
67,336	0,097045
67,374	0,105279
67,412	0,115075
67,45	0,120882
67,488	0,129459
67,526	0,13286
67,564	0,135679
67,602	0,13504
67,64	0,131905
67,678	0,131191
67,716	0,137342
67,754	0,132784
67,792	0,126342
67,83	0,122831
67,868	0,12284
67,906	0,11623
67,944	0,110212
67,982	0,105354
68,02	0,102
68,058	0,099833
68,096	0,095913
68,134	0,096191
68,172	0,094419
68,21	0,093317
68,248	0,088096
68,286	0,087538
68,324	0,085011
68,362	0,083102
68,4	0,081402
68,438	0,077422
68,476	0,077471
68,514	0,071737
68,552	0,065364
68,59	0,059395
68,628	0,052461
68,666	0,042518
68,704	0,041414
68,742	0,040704
68,78	0,042153
68,818	0,038911
68,856	0,036994
68,894	0,032936
68,932	0,033255
68,97	0,028335
69,008	0,031021
69,046	0,028788
69,084	0,023689
69,122	0,020486
69,16	0,01479
69,198	0,01213
69,236	0,013543
69,274	0,007085
69,312	-0,000134
69,35	0,002684
69,388	0,003229
69,426	0,002491
69,464	0,001772
69,502	0,002511
69,54	0,005659
69,578	0,004455
69,616	0,002591
69,654	0,001078
69,692	-0,002181
69,73	-0,001255
69,768	0,001755
69,806	-0,001482
69,844	-0,002158
69,882	-0,006349
69,92	-0,006558
69,958	-0,006709
69,996	-0,004349
70,034	-0,000683
70,072	-0,000801
70,11	0,000044
70,148	-0,00203
70,186	-0,002379
70,224	-0,001304
70,262	0,001252
70,3	-0,000918
70,338	-0,003815
70,376	-0,006653
70,414	-0,007808
70,452	-0,012208
70,49	-0,010624
70,528	-0,009387
70,566	-0,008373
70,604	-0,010498
70,642	-0,008344
70,68	-0,0094
70,718	-0,010104
70,756	-0,007619
70,794	-0,004488
70,832	-0,004565
70,87	-0,005609
70,908	-0,00438
70,946	-0,004829
70,984	-0,004378
71,022	-0,002153
71,06	-0,003656
71,098	-0,002146
71,136	-0,001104
71,174	0,0004
71,212	-0,00176
71,25	-0,005263
71,288	-0,005163
71,326	-0,007457
71,364	-0,0084
71,402	-0,010223
71,44	-0,007385
71,478	-0,00608
71,516	-0,00616
71,554	-0,00933
71,592	-0,008628
71,63	-0,005929
71,668	-0,008194
71,706	-0,010447
71,744	-0,007524
71,782	-0,003168
71,82	-0,004917
71,858	-0,005572
71,896	-0,00374
71,934	-0,006119
71,972	-0,00931
72,01	-0,007454
72,048	-0,007994
72,086	-0,010825
72,124	-0,008781
72,162	-0,009882
72,2	-0,01365
72,238	-0,011211
72,276	-0,007717
72,314	-0,007073
72,352	-0,007024
72,39	-0,006798
72,428	-0,010522
72,466	-0,013731
72,504	-0,01046
72,542	-0,012774
72,58	-0,008274
72,618	-0,009517
72,656	-0,007743
72,694	-0,009041
72,732	-0,007376
72,77	-0,001662
72,808	0,00066
72,846	0,001031
72,884	-0,001629
72,922	0,000255
72,96	-0,002013
72,998	-0,003979
73,036	-0,003487
73,074	-0,005564
73,112	-0,0059
73,15	-0,009465
73,188	-0,013004
73,226	-0,011546
73,264	-0,002075
73,302	0,009542
73,34	0,019741
73,378	0,035099
73,416	0,049012
73,454	0,058343
73,492	0,07415
73,53	0,082465
73,568	0,085006
73,606	0,09605
73,644	0,101773
73,682	0,107886
73,72	0,108844
73,758	0,109718
73,796	0,111752
73,834	0,112221
73,872	0,110593
73,91	0,111726
73,948	0,108678
73,986	0,106228
74,024	0,101811
74,062	0,10051
74,1	0,097905
74,138	0,094096
74,176	0,095206
74,214	0,092687
74,252	0,095477
74,29	0,090035
74,328	0,089606
74,366	0,090865
74,404	0,089942
74,442	0,08999
74,48	0,086711
74,518	0,082894
74,556	0,079066
74,594	0,078676
74,632	0,077004
74,67	0,075505
74,708	0,070446
74,746	0,066759
74,784	0,061801
74,822	0,060845
74,86	0,05599
74,898	0,052097
74,936	0,049006
74,974	0,050764
75,012	0,05093
75,05	0,045956
75,088	0,041657
75,126	0,03465
75,164	0,03446
75,202	0,035544
75,24	0,032681
75,278	0,033212
75,316	0,033656
75,354	0,029527
75,392	0,026482
75,43	0,020385
75,468	0,02126
75,506	0,02131
75,544	0,020304
75,582	0,017131
75,62	0,017774
75,658	0,016215
75,696	0,015355
75,734	0,01989
75,772	0,01569
75,81	0,012277
75,848	0,013214
75,886	0,012452
75,924	0,012849
75,962	0,012465
76	0,009867
76,038	0,00821
76,076	0,007392
76,114	0,007154
76,152	0,008749
76,19	0,011368
76,228	0,01127
76,266	0,012743
76,304	0,014162
76,342	0,016471
76,38	0,013495
76,418	0,013402
76,456	0,008639
76,494	0,008365
76,532	0,007022
76,57	0,002839
76,608	0,007063
76,646	0,001967
76,684	-0,000207
76,722	-0,003017
76,76	-0,004813
76,798	-0,006684
76,836	-0,004442
76,874	-0,004758
76,912	-0,006765
76,95	-0,004204
76,988	-0,003276
77,026	-0,002657
77,064	-0,005744
77,102	-0,008267
77,14	-0,006998
77,178	-0,003761
77,216	-0,000495
77,254	0,001989
77,292	0,002594
77,33	0,003925
77,368	0,00382
77,406	0,000056
77,444	0,000602
77,482	-0,005586
77,52	-0,004137
77,558	-0,001854
77,596	-0,002269
77,634	-0,000538
77,672	-0,001353
77,71	-0,004638
77,748	-0,005025
77,786	-0,005794
77,824	-0,013624
77,862	-0,014257
77,9	-0,011647
77,938	-0,009016
77,976	-0,00451
78,014	-0,003528
78,052	-0,005839
78,09	-0,001032
78,128	-0,001664
78,166	0,000258
78,204	0,002375
78,242	-0,001481
78,28	0,000246
78,318	0,000156
78,356	-0,000701
78,394	0,001468
78,432	0,004962
78,47	0,006448
78,508	0,001252
78,546	-0,000921
78,584	0,000279
78,622	-0,002681
78,66	-0,002816
78,698	0,000129
78,736	-0,003933
78,774	-0,003864
78,812	-0,002301
78,85	-0,003476
78,888	-0,003563
78,926	-0,002689
78,964	-0,001269
79,002	0,000479
79,04	0,001567
79,078	0,004839
79,116	0,007188
79,154	0,005294
79,192	0,002369
79,23	0,002194
79,268	0,002432
79,306	0,003139
79,344	0,001123
79,382	0,011397
79,42	0,024884
79,458	0,037803
79,496	0,050247
79,534	0,063235
79,572	0,073315
79,61	0,079929
79,648	0,090012
79,686	0,095945
79,724	0,100678
79,762	0,103735
79,8	0,105837
79,838	0,106218
79,876	0,107846
79,914	0,111562
79,952	0,109421
79,99	0,110825
80,028	0,107765
80,066	0,108222
80,104	0,107609
80,142	0,10437
80,18	0,104739
80,218	0,101316
80,256	0,099296
80,294	0,091656
80,332	0,085829
80,37	0,082378
80,408	0,084813
80,446	0,08142
80,484	0,079234
80,522	0,073757
80,56	0,074265
80,598	0,073131
80,636	0,068836
80,674	0,068582
80,712	0,066694
80,75	0,065438
80,788	0,065576
80,826	0,060647
80,864	0,060603
80,902	0,061681
80,94	0,059211
80,978	0,057722
81,016	0,055551
81,054	0,052071
81,092	0,052107
81,13	0,047596
81,168	0,045723
81,206	0,04137
81,244	0,038942
81,282	0,032764
81,32	0,030817
81,358	0,031501
81,396	0,025161
81,434	0,023267
81,472	0,024622
81,51	0,025428
81,548	0,023295
81,586	0,021776
81,624	0,022755
81,662	0,022135
81,7	0,020873
81,738	0,022124
81,776	0,022785
81,814	0,021902
81,852	0,023344
81,89	0,02652
81,928	0,019624
81,966	0,020802
82,004	0,017906
82,042	0,013671
82,08	0,015388
82,118	0,011811
82,156	0,014295
82,194	0,008651
82,232	0,010502
82,27	0,015782
82,308	0,012864
82,346	0,015063
82,384	0,015609
82,422	0,012066
82,46	0,01102
82,498	0,007836
82,536	0,005417
82,574	0,002644
82,612	0,001251
82,65	0,003357
82,688	0,00601
82,726	0,003563
82,764	0,006985
82,802	0,008402
82,84	0,008777
82,878	0,004828
82,916	0,004606
82,954	0,004008
82,992	0,00385
83,03	-0,000086
83,068	-0,004287
83,106	-0,002888
83,144	-0,004589
83,182	-0,003452
83,22	-0,006162
83,258	-0,007285
83,296	-0,010197
83,334	-0,012731
83,372	-0,013895
83,41	-0,013433
83,448	-0,009322
83,486	-0,011459
83,524	-0,011372
83,562	-0,011062
83,6	-0,008764
83,638	-0,00874
83,676	-0,003504
83,714	-0,002552
83,752	0,004328
83,79	0,002524
83,828	0,004624
83,866	0,003783
83,904	0,003999
83,942	0,002777
83,98	0,004736
84,018	0,005455
84,056	0,004083
84,094	0,005664
84,132	0,006378
84,17	0,001252
84,208	0,000034
84,246	0,002302
84,284	-0,001231
84,322	0,003305
84,36	0,002835
84,398	0,003343
84,436	0,004848
84,474	0,005805
84,512	0,00324
84,55	0,003575
84,588	0,003372
84,626	0,000971
84,664	0,000313
84,702	-0,003533
84,74	-0,001757
84,778	-0,000146
84,816	0,002581
84,854	0,00141
84,892	0,000079
84,93	0,002435
84,968	0,004275
85,006	0,002554
85,044	0,001393
85,082	0,006643
85,12	0,004298
85,158	0,004246
85,196	0,00672
85,234	0,006964
85,272	0,008175
85,31	0,005804
85,348	0,010805
85,386	0,006119
85,424	0,005507
85,462	0,014097
85,5	0,029678
85,538	0,041772
85,576	0,052546
85,614	0,060159
85,652	0,07274
85,69	0,084857
85,728	0,092889
85,766	0,099423
85,804	0,105656
85,842	0,106181
85,88	0,105558
85,918	0,107617
85,956	0,110331
85,994	0,110139
86,032	0,109797
86,07	0,106509
86,108	0,105672
86,146	0,098587
86,184	0,099121
86,222	0,097122
86,26	0,093465
86,298	0,093386
86,336	0,086674
86,374	0,078735
86,412	0,080421
86,45	0,079664
86,488	0,075131
86,526	0,073551
86,564	0,071661
86,602	0,071394
86,64	0,071033
86,678	0,067585
86,716	0,064714
86,754	0,060191
86,792	0,056807
86,83	0,054867
86,868	0,049866
86,906	0,041517
86,944	0,045614
86,982	0,044797
87,02	0,043358
87,058	0,041216
87,096	0,037806
87,134	0,03253
87,172	0,025834
87,21	0,027981
87,248	0,032131
87,286	0,03374
87,324	0,034877
87,362	0,035622
87,4	0,038361
87,438	0,041812
87,476	0,054612
87,514	0,067141
87,552	0,081575
87,59	0,090761
87,628	0,101049
87,666	0,108308
87,704	0,114122
87,742	0,115483
87,78	0,114911
87,818	0,123809
87,856	0,120969
87,894	0,122668
87,932	0,120307
87,97	0,11577
88,008	0,115492
88,046	0,11536
88,084	0,11022
88,122	0,107914
88,16	0,100365
88,198	0,094881
88,236	0,093692
88,274	0,091785
88,312	0,085209
88,35	0,081623
88,388	0,079399
88,426	0,077686
88,464	0,076779
88,502	0,075488
88,54	0,07463
88,578	0,068073
88,616	0,065713
88,654	0,060036
88,692	0,057549
88,73	0,057146
88,768	0,053053
88,806	0,049605
88,844	0,045653
88,882	0,044423
88,92	0,041391
88,958	0,038474
88,996	0,034551
89,034	0,031699
89,072	0,029127
89,11	0,025315
89,148	0,02361
89,186	0,021199
89,224	0,020229
89,262	0,016052
89,3	0,018345
89,338	0,016339
89,376	0,013846
89,414	0,012728
89,452	0,015266
89,49	0,010818
89,528	0,010869
89,566	0,007804
89,604	0,006495
89,642	0,004135
89,68	0,004643
89,718	0,001175
89,756	-0,0013
89,794	-0,002946
89,832	-0,005006
89,87	-0,011081
89,908	-0,008723
89,946	-0,004451
89,984	-0,003617
90,022	-0,00306
90,06	-0,005489
90,098	-0,007021
90,136	-0,007927
90,174	-0,002555
90,212	-0,002097
90,25	-0,005654
90,288	-0,01008
90,326	-0,007424
90,364	-0,005642
90,402	-0,004634
90,44	-0,008939
90,478	-0,008664
90,516	-0,007115
90,554	-0,012195
90,592	-0,010751
90,63	-0,010739
90,668	-0,009883
90,706	-0,016731
90,744	-0,018907
90,782	-0,018385
90,82	-0,020519
90,858	-0,018604
90,896	-0,019466
90,934	-0,017238
90,972	-0,020694
91,01	-0,015902
91,048	-0,013709
91,086	-0,008766
91,124	-0,009746
91,162	-0,007684
91,2	-0,007021
91,238	-0,009326
91,276	-0,01241
91,314	-0,011724
91,352	-0,00941
91,39	-0,006748
91,428	-0,008971
91,466	-0,009319
91,504	-0,007744
91,542	-0,003581
91,58	0,005472
91,618	0,018576
91,656	0,031413
91,694	0,044842
91,732	0,05395
91,77	0,068223
91,808	0,076339
91,846	0,086854
91,884	0,097667
91,922	0,102161
91,96	0,111052
91,998	0,111446
92,036	0,109492
92,074	0,111604
92,112	0,111696
92,15	0,112369
92,188	0,10851
92,226	0,101713
92,264	0,100184
92,302	0,098381
92,34	0,091964
92,378	0,090187
92,416	0,088111
92,454	0,085976
92,492	0,080033
92,53	0,077263
92,568	0,079315
92,606	0,07345
92,644	0,072311
92,682	0,068816
92,72	0,066565
92,758	0,061958
92,796	0,057783
92,834	0,057606
92,872	0,05898
92,91	0,062328
92,948	0,060155
92,986	0,059627
93,024	0,059327
93,062	0,056391
93,1	0,060439
93,138	0,05225
93,176	0,052577
93,214	0,046955
93,252	0,044257
93,29	0,042158
93,328	0,037539
93,366	0,031213
93,404	0,032202
93,442	0,028507
93,48	0,027086
93,518	0,029122
93,556	0,030939
93,594	0,031637
93,632	0,030085
93,67	0,02956
93,708	0,022411
93,746	0,021646
93,784	0,023092
93,822	0,023541
93,86	0,018392
93,898	0,017021
93,936	0,010613
93,974	0,012727
94,012	0,009203
94,05	0,007985
94,088	0,006092
94,126	0,005898
94,164	0,006292
94,202	0,003162
94,24	0,003141
94,278	0,001116
94,316	-0,00006
94,354	0,000034
94,392	0,002942
94,43	0,002715
94,468	-0,00017
94,506	0,004165
94,544	0,002167
94,582	0,000828
94,62	0,00054
94,658	-0,000639
94,696	0,001027
94,734	-0,001868
94,772	0,002276
94,81	0,000679
94,848	-0,001268
94,886	0,002462
94,924	0,003983
94,962	0,000403
95	0,00008
95,038	0,001828
95,076	0,001893
95,114	0,001948
95,152	0,007399
95,19	0,015436
95,228	0,025486
95,266	0,039214
95,304	0,0514
95,342	0,060233
95,38	0,072138
95,418	0,081432
95,456	0,091391
95,494	0,101966
95,532	0,109464
95,57	0,116681
95,608	0,114486
95,646	0,114494
95,684	0,116071
95,722	0,116435
95,76	0,116111
95,798	0,110375
95,836	0,110967
95,874	0,106306
95,912	0,107787
95,95	0,107318
95,988	0,100518
96,026	0,096208
96,064	0,09522
96,102	0,092765
96,14	0,08847
96,178	0,089504
96,216	0,086213
96,254	0,077706
96,292	0,071982
96,33	0,071705
96,368	0,068711
96,406	0,064283
96,444	0,062061
96,482	0,063932
96,52	0,064034
96,558	0,060977
96,596	0,058005
96,634	0,05605
96,672	0,05594
96,71	0,052767
96,748	0,047501
96,786	0,045656
96,824	0,044317
96,862	0,042201
96,9	0,042966
96,938	0,037564
96,976	0,036924
97,014	0,036144
97,052	0,034557
97,09	0,039277
97,128	0,036962
97,166	0,035423
97,204	0,030313
97,242	0,027089
97,28	0,022156
97,318	0,021466
97,356	0,02693
97,394	0,021648
97,432	0,023056
97,47	0,022838
97,508	0,021466
97,546	0,021517
97,584	0,019921
97,622	0,019414
97,66	0,028728
97,698	0,04253
97,736	0,05546
97,774	0,065653
97,812	0,07772
97,85	0,086473
97,888	0,095921
97,926	0,103265
97,964	0,111526
98,002	0,112515
98,04	0,119838
98,078	0,122385
98,116	0,121739
98,154	0,122706
98,192	0,124137
98,23	0,125021
98,268	0,122086
98,306	0,118182
98,344	0,120334
98,382	0,115539
98,42	0,11042
98,458	0,102669
98,496	0,097225
98,534	0,092701
98,572	0,090247
98,61	0,089445
98,648	0,085478
98,686	0,082434
98,724	0,083572
98,762	0,078992
98,8	0,080781
98,838	0,077366
98,876	0,076655
98,914	0,068325
98,952	0,064787
98,99	0,059206
99,028	0,057695
99,066	0,055099
99,104	0,051293
99,142	0,051753
99,18	0,051781
99,218	0,047809
99,256	0,043986
99,294	0,04295
99,332	0,041376
99,37	0,039668
99,408	0,034392
99,446	0,03512
99,484	0,034273
99,522	0,031938
99,56	0,026829
99,598	0,022632
99,636	0,02228
99,674	0,022582
99,712	0,019229
99,75	0,013228
99,788	0,014169
99,826	0,012295
99,864	0,005325
99,902	0,006001
99,94	0,000911
99,978	-0,002834
100,016	-0,003472
100,054	-0,00634
100,092	-0,006169
100,13	-0,004969
100,168	-0,004753
100,206	-0,004474
100,244	-0,007553
100,282	-0,007021
100,32	-0,008831
100,358	-0,012959
100,396	-0,013925
100,434	-0,013264
100,472	-0,012616
100,51	-0,014964
100,548	-0,019417
100,586	-0,018009
100,624	-0,020905
100,662	-0,019455
100,7	-0,015153
100,738	-0,013483
100,776	-0,011811
100,814	-0,016265
100,852	-0,014042
100,89	-0,014799
100,928	-0,019028
100,966	-0,015744
101,004	-0,012187
101,042	-0,011857
101,08	-0,015259
101,118	-0,014791
101,156	-0,012119
101,194	-0,011836
101,232	-0,007432
101,27	-0,008987
101,308	-0,010453
101,346	-0,009452
101,384	-0,015976
101,422	-0,016828
101,46	-0,013297
101,498	-0,010989
101,536	-0,013991
101,574	-0,012303
101,612	-0,011964
101,65	-0,010837
101,688	-0,011526
101,726	-0,011826
101,764	-0,01244
101,802	-0,009961
101,84	-0,007204
101,878	-0,007761
101,916	-0,007839
101,954	-0,009551
101,992	-0,016107
102,03	-0,00993
102,068	-0,010656
102,106	-0,010761
102,144	-0,010538
102,182	-0,012523
102,22	-0,006302
102,258	-0,004281
102,296	-0,00472
102,334	0,000174
102,372	0,003
102,41	-0,000279
102,448	-0,001046
102,486	-0,004697
102,524	-0,006411
102,562	-0,006714
102,6	-0,003426
102,638	-0,002707
102,676	-0,001888
102,714	-0,003155
102,752	0,000349
102,79	-0,000224
102,828	0,000986
102,866	0,002654
102,904	0,001061
102,942	0,000531
102,98	0,003562
103,018	0,005586
103,056	-0,000182
103,094	0,001698
103,132	0,001044
103,17	-0,000563
103,208	-0,003789
103,246	-0,003443
103,284	-0,002245
103,322	-0,000277
103,36	-0,003037
103,398	-0,002493
103,436	-0,003114
103,474	-0,004572
103,512	-0,005826
103,55	-0,00257
103,588	-0,001329
103,626	-0,004955
103,664	-0,001552
103,702	0,001789
103,74	0,010068
103,778	0,019939
103,816	0,031704
103,854	0,044526
103,892	0,061678
103,93	0,074741
103,968	0,080964
104,006	0,089005
104,044	0,092093
104,082	0,094341
104,12	0,099727
104,158	0,09556
104,196	0,096662
104,234	0,100462
104,272	0,103424
104,31	0,100764
104,348	0,102664
104,386	0,103669
104,424	0,101309
104,462	0,098402
104,5	0,102144
104,538	0,103072
104,576	0,101284
104,614	0,100451
104,652	0,095094
104,69	0,092521
104,728	0,091609
104,766	0,086442
104,804	0,090232
104,842	0,084097
104,88	0,080876
104,918	0,075843
104,956	0,079618
104,994	0,074041
105,032	0,07551
105,07	0,07295
105,108	0,073077
105,146	0,068127
105,184	0,070242
105,222	0,064375
105,26	0,061955
105,298	0,06181
105,336	0,057209
105,374	0,054109
105,412	0,049558
105,45	0,047647
105,488	0,044914
105,526	0,039965
105,564	0,036318
105,602	0,030738
105,64	0,026311
105,678	0,026362
105,716	0,021795
105,754	0,016479
105,792	0,01541
105,83	0,014203
105,868	0,016152
105,906	0,015077
105,944	0,018031
105,982	0,019583
106,02	0,017858
106,058	0,01925
106,096	0,013873
106,134	0,015568
106,172	0,022095
106,21	0,020266
106,248	0,023489
106,286	0,023536
106,324	0,025169
106,362	0,024919
106,4	0,017334
106,438	0,017538
106,476	0,013111
106,514	0,009202
106,552	0,00522
106,59	0,001309
106,628	0,002969
106,666	0,005418
106,704	-0,000931
106,742	-0,000249
106,78	0,000948
106,818	0,001041
106,856	0,004247
106,894	0,005364
106,932	0,007113
106,97	0,006387
107,008	0,000732
107,046	0,003396
107,084	0,009752
107,122	0,010476
107,16	0,006662
107,198	0,008164
107,236	0,009534
107,274	0,01041
107,312	0,00928
107,35	0,008725
107,388	0,009222
107,426	0,007008
107,464	0,007665
107,502	0,005971
107,54	0,010191
107,578	0,011892
107,616	0,009017
107,654	0,007339
107,692	0,006078
107,73	0,005232
107,768	-0,001975
107,806	-0,002372
107,844	-0,001149
107,882	-0,00657
107,92	-0,004699
107,958	-0,003056
107,996	-0,002873
108,034	-0,003522
108,072	-0,004024
108,11	-0,004278
108,148	-0,002277
108,186	-0,00443
108,224	-0,006055
108,262	-0,004808
108,3	-0,00176
108,338	-0,002925
108,376	-0,00143
108,414	-0,003561
108,452	-0,001648
108,49	0,00041
108,528	0,002391
108,566	0,005531
108,604	0,002316
108,642	0,005127
108,68	0,006127
108,718	0,005947
108,756	0,004469
108,794	0,001531
108,832	-0,002618
108,87	-0,002573
108,908	0,000242
108,946	-0,003767
108,984	-0,000847
109,022	0,004538
109,06	0,003299
109,098	0,002155
109,136	-0,000321
109,174	-0,003707
109,212	0,000116
109,25	-0,001782
109,288	0,001925
109,326	-0,001354
109,364	0,000886
109,402	-0,001231
109,44	0,000108
109,478	-0,000381
109,516	-0,000006
109,554	-0,003929
109,592	-0,006266
109,63	-0,002928
109,668	0,000746
109,706	0,003217
109,744	0,001735
109,782	0,003857
109,82	0,011212
109,858	0,015636
109,896	0,029718
109,934	0,045049
109,972	0,053572
110,01	0,064042
110,048	0,069762
110,086	0,080676
110,124	0,093252
110,162	0,097565
110,2	0,102811
110,238	0,102596
110,276	0,108209
110,314	0,106882
110,352	0,109001
110,39	0,111145
110,428	0,104888
110,466	0,107041
110,504	0,10632
110,542	0,098654
110,58	0,098224
110,618	0,090474
110,656	0,087406
110,694	0,083776
110,732	0,080128
110,77	0,07216
110,808	0,071672
110,846	0,06889
110,884	0,066334
110,922	0,064474
110,96	0,063901
110,998	0,061179
111,036	0,063558
111,074	0,062829
111,112	0,061774
111,15	0,053893
111,188	0,05174
111,226	0,046292
111,264	0,045514
111,302	0,041458
111,34	0,043503
111,378	0,040246
111,416	0,036651
111,454	0,037919
111,492	0,036654
111,53	0,033547
111,568	0,033741
111,606	0,034481
111,644	0,035481
111,682	0,033028
111,72	0,032156
111,758	0,029631
111,796	0,026708
111,834	0,026538
111,872	0,026976
111,91	0,023414
111,948	0,026899
111,986	0,028368
112,024	0,024892
112,062	0,022655
112,1	0,022219
112,138	0,022244
112,176	0,020015
112,214	0,018104
112,252	0,019482
112,29	0,02101
112,328	0,025229
112,366	0,026086
112,404	0,026602
112,442	0,025606
112,48	0,025982
112,518	0,022011
112,556	0,017038
112,594	0,01289
112,632	0,013598
112,67	0,010819
112,708	0,009984
112,746	0,013073
112,784	0,012494
112,822	0,016832
112,86	0,016338
112,898	0,015558
112,936	0,011985
112,974	0,009559
113,012	0,012054
113,05	0,007422
113,088	0,006618
113,126	0,007706
113,164	0,006844
113,202	0,008523
113,24	0,018253
113,278	0,026401
113,316	0,039121
113,354	0,048088
113,392	0,059122
113,43	0,067779
113,468	0,080663
113,506	0,089643
113,544	0,093732
113,582	0,097665
113,62	0,105555
113,658	0,108618
113,696	0,107495
113,734	0,099525
113,772	0,100495
113,81	0,103059
113,848	0,099299
113,886	0,096804
113,924	0,093825
113,962	0,087773
114	0,08765
114,038	0,086259
114,076	0,086812
114,114	0,08394
114,152	0,079701
114,19	0,078279
114,228	0,075559
114,266	0,071831
114,304	0,070833
114,342	0,070247
114,38	0,066823
114,418	0,061685
114,456	0,059903
114,494	0,059625
114,532	0,058494
114,57	0,055257
114,608	0,057151
114,646	0,054765
114,684	0,053097
114,722	0,053301
114,76	0,047669
114,798	0,041788
114,836	0,04105
114,874	0,035212
114,912	0,035652
114,95	0,034613
114,988	0,033873
115,026	0,029562
115,064	0,026941
115,102	0,029667
115,14	0,024475
115,178	0,02418
115,216	0,020174
115,254	0,015962
115,292	0,015842
115,33	0,006259
115,368	0,009581
115,406	0,007812
115,444	0,007871
115,482	0,004732
115,52	0,008939
115,558	0,005037
115,596	0,003521
115,634	0,006651
115,672	0,003706
115,71	0,001074
115,748	0,006017
115,786	0,001837
115,824	0,00111
115,862	-0,001659
115,9	0,001707
115,938	0,008747
115,976	0,015274
116,014	0,025123
116,052	0,040462
116,09	0,052205
116,128	0,059761
116,166	0,070275
116,204	0,074334
116,242	0,076547
116,28	0,079073
116,318	0,083325
116,356	0,075904
116,394	0,081964
116,432	0,085773
116,47	0,082629
116,508	0,080912
116,546	0,083683
116,584	0,077964
116,622	0,076152
116,66	0,078082
116,698	0,076496
116,736	0,072511
116,774	0,06972
116,812	0,069183
116,85	0,068356
116,888	0,064366
116,926	0,061883
116,964	0,057667
117,002	0,055635
117,04	0,050202
117,078	0,04678
117,116	0,044262
117,154	0,038235
117,192	0,0389
117,23	0,038495
117,268	0,036698
117,306	0,031139
117,344	0,032766
117,382	0,032648
117,42	0,034395
117,458	0,033106
117,496	0,031847
117,534	0,036207
117,572	0,02666
117,61	0,027334
117,648	0,022677
117,686	0,019267
117,724	0,01841
117,762	0,018909
117,8	0,021102
117,838	0,015862
117,876	0,013555
117,914	0,011072
117,952	0,010541
117,99	0,002736
118,028	-0,001867
118,066	-0,003684
118,104	-0,001412
118,142	-0,002734
118,18	0,001174
118,218	-0,001716
118,256	-0,002784
118,294	-0,004707
118,332	-0,002813
118,37	-0,007759
118,408	-0,008245
118,446	-0,00695
118,484	-0,007494
118,522	-0,002806
118,56	-0,006666
118,598	-0,0067
118,636	-0,004462
118,674	-0,00264
118,712	-0,004672
118,75	-0,004857
118,788	-0,003126
118,826	-0,000772
118,864	-0,004669
118,902	0,000432
118,94	0,001616
118,978	0,005818
119,016	0,006447
119,054	0,002641
119,092	0,000728
119,13	-0,001537
119,168	-0,00755
119,206	-0,004001
119,244	0,000301
119,282	0,001006
119,32	-0,000694
119,358	-0,003235
119,396	0,000245
119,434	-0,010743
119,472	-0,010803
119,51	-0,009554
119,548	-0,00537
119,586	-0,000739
119,624	0,000422
119,662	0,00223
119,7	0,008544
119,738	0,006166
119,776	0,007536
119,814	0,006058
119,852	0,009523
119,89	0,010159
119,928	0,005638
119,966	0,002542
120,004	0,002234
120,042	-0,00045
120,08	0,002142
120,118	0,003337
120,156	0,005628
120,194	0,005489
120,232	0,001872
120,27	0,002034
120,308	0,003285
120,346	0,000174
120,384	-0,004559
120,422	-0,00756
120,46	-0,006496
120,498	-0,009251
120,536	-0,002783
120,574	-0,003945
120,612	-0,000837
120,65	-0,005682
120,688	-0,002595
120,726	0,000384
120,764	0,002886
120,802	0,007883
120,84	-0,001632
120,878	-0,004915
120,916	-0,001686
120,954	-0,005142
120,992	-0,003776
121,03	-0,007161
121,068	-0,004
121,106	-0,006225
121,144	-0,007044
121,182	-0,009915
121,22	-0,01023
121,258	-0,008496
121,296	-0,011322
121,334	-0,01154
121,372	-0,010249
121,41	-0,00635
121,448	-0,004941
121,486	-0,007018
121,524	-0,005141
121,562	-0,005607
121,6	-0,004333
121,638	-0,000131
121,676	-0,004048
121,714	-0,002402
121,752	-0,001129
121,79	0,000994
121,828	-0,000512
121,866	0,000153
121,904	-0,000234
121,942	0,000511
121,98	0,007119
122,018	0,012101
122,056	0,018331
122,094	0,028313
122,132	0,036995
122,17	0,045701
122,208	0,062339
122,246	0,073096
122,284	0,085075
122,322	0,095603
122,36	0,105835
122,398	0,106612
122,436	0,114284
122,474	0,112288
122,512	0,11377
122,55	0,110471
122,588	0,1099
122,626	0,111393
122,664	0,107259
122,702	0,102878
122,74	0,100434
122,778	0,100892
122,816	0,098235
122,854	0,09488
122,892	0,088151
122,93	0,088438
122,968	0,087262
123,006	0,087597
123,044	0,089317
123,082	0,085814
123,12	0,079481
123,158	0,078597
123,196	0,077357
123,234	0,074324
123,272	0,072733
123,31	0,062518
123,348	0,062908
123,386	0,065189
123,424	0,064485
123,462	0,058448
123,5	0,054955
123,538	0,054081
123,576	0,053887
123,614	0,049765
123,652	0,050193
123,69	0,048017
123,728	0,042843
123,766	0,040057
123,804	0,038537
123,842	0,035265
123,88	0,034839
123,918	0,033906
123,956	0,035479
123,994	0,031713
124,032	0,033995
124,07	0,030945
124,108	0,031416
124,146	0,03012
124,184	0,028722
124,222	0,024372
124,26	0,024139
124,298	0,023545
124,336	0,027012
124,374	0,023111
124,412	0,020257
124,45	0,015733
124,488	0,016197
124,526	0,010389
124,564	0,011992
124,602	0,014787
124,64	0,014269
124,678	0,015801
124,716	0,016347
124,754	0,01342
124,792	0,01262
124,83	0,010401
124,868	0,008957
124,906	0,009325
124,944	0,013393
124,982	0,01664
125,02	0,011895
125,058	0,012456
125,096	0,011392
125,134	0,008273
125,172	0,009033
125,21	0,006927
125,248	0,008719
125,286	0,010573
125,324	0,006543
125,362	0,007538
125,4	0,001767
125,438	0,004555
125,476	0,001696
125,514	-0,004412
125,552	-0,005834
125,59	-0,001109
125,628	0,000816
125,666	-0,002806
125,704	-0,000221
125,742	-0,000582
125,78	-0,000018
125,818	-0,00251
125,856	-0,001571
125,894	-0,004916
125,932	-0,002742
125,97	-0,002864
126,008	-0,001197
126,046	-0,000185
126,084	-0,000301
126,122	0,001242
126,16	-0,001147
126,198	-0,00485
126,236	-0,006664
126,274	-0,004058
126,312	-0,005117
126,35	-0,00072
126,388	0,00132
126,426	-0,001767
126,464	-0,001841
126,502	-0,005835
126,54	-0,007309
126,578	-0,002148
126,616	-0,000714
126,654	-0,000482
126,692	-0,00449
126,73	-0,004019
126,768	-0,002173
126,806	0,000943
126,844	-0,000602
126,882	-0,000038
126,92	-0,004675
126,958	-0,003226
126,996	-0,000704
127,034	-0,001973
127,072	-0,004885
127,11	-0,005844
127,148	-0,00675
127,186	-0,002407
127,224	0,002641
127,262	-0,002008
127,3	0,0006
127,338	0,001739
127,376	0,004847
127,414	-0,000115
127,452	-0,000889
127,49	0,000632
127,528	-0,000242
127,566	0,004259
127,604	0,009624
127,642	0,006853
127,68	0,008935
127,718	0,005787
127,756	0,005274
127,794	-0,001977
127,832	-0,004126
127,87	-0,006872
127,908	-0,005424
127,946	-0,005326
127,984	-0,004711
128,022	-0,002239
128,06	-0,000184
128,098	0,008105
128,136	0,022338
128,174	0,037783
128,212	0,053642
128,25	0,06815
128,288	0,078412
128,326	0,092262
128,364	0,095526
128,402	0,095499
128,44	0,105387
128,478	0,103414
128,516	0,101787
128,554	0,103311
128,592	0,101322
128,63	0,098768
128,668	0,093334
128,706	0,088644
128,744	0,085938
128,782	0,081679
128,82	0,079788
128,858	0,078227
128,896	0,076609
128,934	0,079318
128,972	0,074915
129,01	0,073944
129,048	0,070992
129,086	0,068551
129,124	0,06523
129,162	0,061634
129,2	0,057485
129,238	0,057508
129,276	0,052509
129,314	0,0502
129,352	0,0507
129,39	0,047075
129,428	0,045249
129,466	0,038587
129,504	0,035419
129,542	0,032407
129,58	0,027114
129,618	0,025209
129,656	0,024154
129,694	0,018977
129,732	0,024804
129,77	0,022587
129,808	0,016447
129,846	0,018921
129,884	0,021617
129,922	0,020647
129,96	0,020163
129,998	0,021064
130,036	0,016977
130,074	0,015807
130,112	0,011574
130,15	0,010932
130,188	0,011374
130,226	0,007366
130,264	0,006978
130,302	0,004958
130,34	0,001456
130,378	0,000581
130,416	0,001883
130,454	-0,001141
130,492	0,00138
130,53	0,003407
130,568	0,002428
130,606	0,002152
130,644	0,003894
130,682	0,001765
130,72	-0,001617
130,758	-0,001862
130,796	-0,000683
130,834	-0,002502
130,872	-0,000733
130,91	-0,002651
130,948	-0,00136
130,986	-0,001652
131,024	0,000799
131,062	-0,00251
131,1	-0,001254
131,138	0,001302
131,176	0,004481
131,214	0,008304
131,252	0,006457
131,29	0,002152
131,328	-0,001845
131,366	-0,004531
131,404	-0,00527
131,442	-0,005382
131,48	-0,007973
131,518	-0,003133
131,556	-0,0026
131,594	-0,005164
131,632	-0,012189
131,67	-0,007845
131,708	-0,011584
131,746	-0,012577
131,784	-0,01366
131,822	-0,012984
131,86	-0,009342
131,898	-0,006398
131,936	-0,006921
131,974	-0,010586
132,012	-0,010543
132,05	-0,010129
132,088	-0,012364
132,126	-0,009565
132,164	-0,004369
132,202	-0,004957
132,24	-0,004019
132,278	-0,002872
132,316	-0,002673
132,354	-0,005829
132,392	-0,002606
132,43	-0,004516
132,468	-0,007578
132,506	-0,009685
132,544	-0,006322
132,582	-0,003241
132,62	-0,002045
132,658	-0,000826
132,696	-0,000505
132,734	-0,001131
132,772	-0,000228
132,81	0,00029
132,848	-0,002023
132,886	-0,00239
132,924	0,000637
132,962	-0,005353
133	-0,00751
133,038	-0,009866
133,076	-0,003196
133,114	-0,004591
133,152	-0,001557
133,19	-0,001204
133,228	-0,005721
133,266	-0,001434
133,304	0,000083
133,342	0,001161
133,38	0,004589
133,418	0,01029
133,456	0,007153
133,494	0,011256
133,532	0,007786
133,57	0,006386
133,608	0,014114
133,646	0,009867
133,684	0,004509
133,722	0,001805
133,76	0,004944
133,798	0,007755
133,836	0,010095
133,874	0,009062
133,912	0,010206
133,95	0,010901
133,988	0,009961
134,026	0,012572
134,064	0,013686
134,102	0,011897
134,14	0,011419
134,178	0,01965
134,216	0,019912
134,254	0,034188
134,292	0,038461
134,33	0,05394
134,368	0,063981
134,406	0,075751
134,444	0,089352
134,482	0,093325
134,52	0,099673
134,558	0,105732
134,596	0,105583
134,634	0,107455
134,672	0,10921
134,71	0,110669
134,748	0,1146
134,786	0,114478
134,824	0,111596
134,862	0,109613
134,9	0,110697
134,938	0,104038
134,976	0,098392
135,014	0,09412
135,052	0,09357
135,09	0,089274
135,128	0,08791
135,166	0,083134
135,204	0,081701
135,242	0,079193
135,28	0,075395
135,318	0,071589
135,356	0,070828
135,394	0,070866
135,432	0,071361
135,47	0,065341
135,508	0,063145
135,546	0,059737
135,584	0,05897
135,622	0,058872
135,66	0,060384
135,698	0,058454
135,736	0,053268
135,774	0,049499
135,812	0,051142
135,85	0,051425
135,888	0,046208
135,926	0,038891
135,964	0,040578
136,002	0,038314
136,04	0,032377
136,078	0,035459
136,116	0,035867
136,154	0,035843
136,192	0,033081
136,23	0,034344
136,268	0,037273
136,306	0,030658
136,344	0,031036
136,382	0,030915
136,42	0,026133
136,458	0,02352
136,496	0,021641
136,534	0,01653
136,572	0,01992
136,61	0,019371
136,648	0,022174
136,686	0,022202
136,724	0,020529
136,762	0,018772
136,8	0,017741
136,838	0,021315
136,876	0,023296
136,914	0,018584
136,952	0,018032
136,99	0,012884
137,028	0,012962
137,066	0,009006
137,104	0,010801
137,142	0,009072
137,18	0,012522
137,218	0,014281
137,256	0,012626
137,294	0,009982
137,332	0,010864
137,37	0,009666
137,408	0,010177
137,446	0,00553
137,484	0,004504
137,522	0,002075
137,56	0,005651
137,598	0,000141
137,636	-0,001259
137,674	0,000155
137,712	-0,002398
137,75	-0,003442
137,788	-0,006712
137,826	-0,003548
137,864	-0,004524
137,902	0,000213
137,94	0,001592
137,978	0,00078
138,016	-0,001452
138,054	-0,004135
138,092	0,00083
138,13	-0,002013
138,168	-0,000601
138,206	0,000782
138,244	-0,000428
138,282	-0,000297
138,32	-0,001557
138,358	0,002284
138,396	0,00686
138,434	0,004673
138,472	0,007481
138,51	0,003365
138,548	0,00313
138,586	0,003803
138,624	0,000154
138,662	0,002478
138,7	0,00955
138,738	0,013112
138,776	0,022395
138,814	0,030352
138,852	0,04018
138,89	0,049908
138,928	0,061067
138,966	0,070055
139,004	0,07915
139,042	0,084712
139,08	0,092556
139,118	0,095629
139,156	0,095349
139,194	0,092684
139,232	0,093517
139,27	0,092433
139,308	0,091343
139,346	0,090643
139,384	0,087301
139,422	0,086121
139,46	0,087719
139,498	0,0872
139,536	0,081898
139,574	0,078302
139,612	0,071504
139,65	0,068913
139,688	0,071779
139,726	0,06486
139,764	0,062892
139,802	0,05975
139,84	0,056824
139,878	0,057502
139,916	0,051803
139,954	0,050185
139,992	0,052341
140,03	0,048658
140,068	0,049963
140,106	0,044845
140,144	0,046217
140,182	0,043992
140,22	0,049274
140,258	0,051605
140,296	0,061253
140,334	0,066213
140,372	0,07276
140,41	0,084451
140,448	0,090901
140,486	0,097431
140,524	0,106928
140,562	0,113872
140,6	0,118503
140,638	0,130848
140,676	0,130846
140,714	0,134408
140,752	0,133733
140,79	0,133968
140,828	0,131256
140,866	0,128354
140,904	0,130762
140,942	0,126361
140,98	0,127392
141,018	0,123677
141,056	0,116951
141,094	0,114326
141,132	0,110617
141,17	0,105349
141,208	0,101629
141,246	0,099321
141,284	0,097652
141,322	0,095991
141,36	0,094778
141,398	0,094449
141,436	0,091599
141,474	0,089214
141,512	0,085606
141,55	0,083062
141,588	0,079396
141,626	0,075096
141,664	0,073975
141,702	0,064264
141,74	0,054006
141,778	0,051008
141,816	0,049683
141,854	0,044173
141,892	0,045109
141,93	0,038803
141,968	0,035479
142,006	0,034249
142,044	0,034444
142,082	0,023444
142,12	0,020092
142,158	0,012072
142,196	0,009913
142,234	0,009182
142,272	0,007511
142,31	0,009463
142,348	0,007051
142,386	0,011059
142,424	0,009396
142,462	0,007109
142,5	0,005474
142,538	0,006446
142,576	0,004079
142,614	0,006323
142,652	0,003524
142,69	0,002236
142,728	0,002399
142,766	0,003568
142,804	0,000522
142,842	0,001103
142,88	0,001195
142,918	0,003664
142,956	0,005125
142,994	0,008031
143,032	0,007736
143,07	0,006537
143,108	0,00628
143,146	0,004991
143,184	0,000067
143,222	-0,000101
143,26	-0,00312
143,298	-0,005578
143,336	-0,00945
143,374	-0,00989
143,412	-0,008844
143,45	-0,009481
143,488	-0,009306
143,526	-0,008201
143,564	-0,007302
143,602	-0,00988
143,64	-0,009958
143,678	-0,002573
143,716	-0,003491
143,754	-0,00473
143,792	-0,00448
143,83	-0,003519
143,868	-0,003466
143,906	-0,002734
143,944	0,000316
143,982	-0,000637
144,02	0,002121
144,058	0,000594
144,096	0,003851
144,134	0,000328
144,172	-0,000866
144,21	-0,000917
144,248	-0,003017
144,286	-0,000301
144,324	-0,002981
144,362	-0,003743
144,4	-0,00168
144,438	0,000508
144,476	0,001625
144,514	0,002699
144,552	0,002305
144,59	0,005062
144,628	0,001755
144,666	0,001249
144,704	-0,000328
144,742	0,004058
144,78	0,00138
144,818	-0,002186
144,856	-0,003744
144,894	-0,003378
144,932	-0,007289
144,97	-0,007027
145,008	-0,003173
145,046	-0,002476
145,084	-0,004658
145,122	-0,005491
145,16	-0,006519
145,198	-0,005226
145,236	-0,003646
145,274	-0,003992
145,312	-0,006456
145,35	-0,009107
145,388	-0,012899
145,426	-0,010754
145,464	-0,007891
145,502	-0,004234
145,54	-0,005299
145,578	-0,00529
145,616	-0,001183
145,654	0,001004
145,692	-0,002991
145,73	-0,000362
145,768	-0,000647
145,806	-0,000595
145,844	-0,000784
145,882	-0,005776
145,92	0,000102
145,958	-0,002037
145,996	0,000749
146,034	0,004594
146,072	0,000174
146,11	0,000218
146,148	-0,005973
146,186	-0,007198
146,224	-0,004118
146,262	-0,000433
146,3	-0,000583
146,338	0,003256
146,376	0,00599
146,414	0,014191
146,452	0,028104
146,49	0,037338
146,528	0,0527
146,566	0,059643
146,604	0,064881
146,642	0,075945
146,68	0,082159
146,718	0,083431
146,756	0,089039
146,794	0,091787
146,832	0,092229
146,87	0,090963
146,908	0,091766
146,946	0,093366
146,984	0,093053
147,022	0,090957
147,06	0,086204
147,098	0,080301
147,136	0,076014
147,174	0,075436
147,212	0,075559
147,25	0,071054
147,288	0,066936
147,326	0,063861
147,364	0,067121
147,402	0,062643
147,44	0,055253
147,478	0,054741
147,516	0,05643
147,554	0,05579
147,592	0,057772
147,63	0,060074
147,668	0,066074
147,706	0,061558
147,744	0,057885
147,782	0,054192
147,82	0,051992
147,858	0,052879
147,896	0,052431
147,934	0,050482
147,972	0,047883
148,01	0,046391
148,048	0,045819
148,086	0,042513
148,124	0,038263
148,162	0,03652
148,2	0,039224
148,238	0,036383
148,276	0,029343
148,314	0,028845
148,352	0,031856
148,39	0,031445
148,428	0,028264
148,466	0,027405
148,504	0,024581
148,542	0,024673
148,58	0,024878
148,618	0,018124
148,656	0,02069
148,694	0,019314
148,732	0,018431
148,77	0,018284
148,808	0,01598
148,846	0,015776
148,884	0,016718
148,922	0,013202
148,96	0,012713
148,998	0,013479
149,036	0,012382
149,074	0,005785
149,112	0,007078
149,15	0,002791
149,188	0,005929
149,226	0,003305
149,264	0,004071
149,302	0,002712
149,34	-0,001065
149,378	-0,001184
149,416	0,00304
149,454	0,00231
149,492	0,007673
149,53	0,005854
149,568	0,00756
149,606	0,005879
149,644	0,005861
149,682	0,004789
149,72	0,006262
149,758	0,007279
149,796	0,006213
149,834	0,002828
149,872	0,000361
149,91	-0,004367
149,948	-0,001827
149,986	-0,001681
150,024	0,003196
150,062	-0,001419
150,1	-0,003563
150,138	-0,000694
150,176	-0,002154
150,214	-0,003318
150,252	-0,003573
150,29	-0,003539
150,328	-0,000371
150,366	-0,005542
150,404	-0,006545
150,442	-0,006468
150,48	-0,008267
150,518	-0,008393
150,556	-0,009708
150,594	-0,011873
150,632	-0,009861
150,67	-0,00723
150,708	-0,008511
150,746	-0,005835
150,784	-0,00424
150,822	-0,001035
150,86	-0,000925
150,898	-0,003312
150,936	-0,007109
150,974	-0,005327
151,012	-0,002697
151,05	0,000235
151,088	-0,000747
151,126	-0,004512
151,164	-0,002112
151,202	-0,008243
151,24	-0,004092
151,278	-0,000898
151,316	0,001174
151,354	0,002978
151,392	0,002108
151,43	0,00306
151,468	0,005992
151,506	0,006051
151,544	0,005586
151,582	0,006677
151,62	0,003687
151,658	0,002949
151,696	0,005866
151,734	-0,000457
151,772	-0,003622
151,81	-0,004172
151,848	-0,007002
151,886	-0,005688
151,924	0,000721
151,962	0,003318
152	0,000173
152,038	-0,001225
152,076	-0,004034
152,114	0,000089
152,152	0,001521
152,19	0,000196
152,228	0,000701
152,266	0,006367
152,304	0,022155
152,342	0,032513
152,38	0,04475
152,418	0,058743
152,456	0,067215
152,494	0,075301
152,532	0,086386
152,57	0,090195
152,608	0,097407
152,646	0,099465
152,684	0,105825
152,722	0,107779
152,76	0,112988
152,798	0,109204
152,836	0,114044
152,874	0,109359
152,912	0,110665
152,95	0,113277
152,988	0,113787
153,026	0,112684
153,064	0,109718
153,102	0,105804
153,14	0,104492
153,178	0,098363
153,216	0,098206
153,254	0,097351
153,292	0,093521
153,33	0,08783
153,368	0,084249
153,406	0,078962
153,444	0,07957
153,482	0,078482
153,52	0,07785
153,558	0,075536
153,596	0,075615
153,634	0,07422
153,672	0,076388
153,71	0,074733
153,748	0,074226
153,786	0,068363
153,824	0,070287
153,862	0,067229
153,9	0,060907
153,938	0,05859
153,976	0,052682
154,014	0,052369
154,052	0,052773
154,09	0,049717
154,128	0,046716
154,166	0,0433
154,204	0,04319
154,242	0,039446
154,28	0,040261
154,318	0,039936
154,356	0,036011
154,394	0,031697
154,432	0,026992
154,47	0,025421
154,508	0,025843
154,546	0,022605
154,584	0,024771
154,622	0,022577
154,66	0,024808
154,698	0,021341
154,736	0,018936
154,774	0,018867
154,812	0,016616
154,85	0,01827
154,888	0,014059
154,926	0,01355
154,964	0,012626
155,002	0,013462
155,04	0,014841
155,078	0,012021
155,116	0,007922
155,154	0,004887
155,192	0,00532
155,23	0,007042
155,268	0,008638
155,306	0,010065
155,344	0,003673
155,382	0,004193
155,42	0,005874
155,458	0,005469
155,496	0,005126
155,534	0,003904
155,572	0,004077
155,61	0,002758
155,648	0,00212
155,686	0,000329
155,724	0,003473
155,762	0,000642
155,8	0,002726
155,838	0,001665
155,876	0,000383
155,914	0,002165
155,952	0,001649
155,99	0,002079
156,028	0,003156
156,066	0,003647
156,104	0,006102
156,142	0,006673
156,18	0,005355
156,218	0,004787
156,256	0,002129
156,294	0,005024
156,332	0,004637
156,37	0,003054
156,408	0,007697
156,446	0,004061
156,484	0,004756
156,522	0,004145
156,56	0,001263
156,598	0,000282
156,636	0,003127
156,674	0,00093
156,712	0,000578
156,75	-0,001488
156,788	-0,002722
156,826	-0,004128
156,864	-0,003424
156,902	-0,004618
156,94	-0,00765
156,978	-0,003063
157,016	0,001013
157,054	0,00102
157,092	-0,000486
157,13	0,00245
157,168	0,003499
157,206	0,002389
157,244	-0,000776
157,282	0,000787
157,32	0,003811
157,358	0,00513
157,396	0,005569
157,434	0,003287
157,472	0,009825
157,51	0,007421
157,548	0,009216
157,586	0,005407
157,624	0,006037
157,662	0,008219
157,7	0,007645
157,738	0,005918
157,776	0,005022
157,814	0,009457
157,852	0,010616
157,89	0,011047
157,928	0,006172
157,966	0,004328
158,004	0,003999
158,042	0,005585
158,08	0,004116
158,118	0,000715
158,156	0,005332
158,194	0,003456
158,232	0,00177
158,27	-0,001812
158,308	-0,000261
158,346	0,000627
158,384	-0,000891
158,422	0,000573
158,46	0,004511
158,498	0,005783
158,536	0,011019
158,574	0,021327
158,612	0,032515
158,65	0,043908
158,688	0,055465
158,726	0,068353
158,764	0,081217
158,802	0,084443
158,84	0,089106
158,878	0,094761
158,916	0,098713
158,954	0,100395
158,992	0,10491
159,03	0,112496
159,068	0,11606
159,106	0,117819
159,144	0,120802
159,182	0,120554
159,22	0,123602
159,258	0,120817
159,296	0,117187
159,334	0,114847
159,372	0,112377
159,41	0,110201
159,448	0,106741
159,486	0,104075
159,524	0,10333
159,562	0,099131
159,6	0,09685
159,638	0,096024
159,676	0,093084
159,714	0,093636
159,752	0,088652
159,79	0,085322
159,828	0,081705
159,866	0,079969
159,904	0,079396
159,942	0,076458
159,98	0,071097
160,018	0,070229
160,056	0,07069
160,094	0,067875
160,132	0,066854
160,17	0,061155
160,208	0,058941
160,246	0,056628
160,284	0,055035
160,322	0,049128
160,36	0,04197
160,398	0,042129
160,436	0,039732
160,474	0,039526
160,512	0,036959
160,55	0,034824
160,588	0,034967
160,626	0,031697
160,664	0,025005
160,702	0,023299
160,74	0,027115
160,778	0,025031
160,816	0,025882
160,854	0,024525
160,892	0,025182
160,93	0,025259
160,968	0,022335
161,006	0,023151
161,044	0,025081
161,082	0,022233
161,12	0,0192
161,158	0,018193
161,196	0,016017
161,234	0,014111
161,272	0,012672
161,31	0,01169
161,348	0,012014
161,386	0,012561
161,424	0,012767
161,462	0,012427
161,5	0,013489
161,538	0,011023
161,576	0,006298
161,614	0,00268
161,652	0,001626
161,69	0,002959
161,728	0,004886
161,766	0,009219
161,804	0,00803
161,842	0,009264
161,88	0,007637
161,918	0,010699
161,956	0,004521
161,994	0,008298
162,032	0,00792
162,07	0,004236
162,108	0,003883
162,146	0,002862
162,184	0,003072
162,222	-0,001762
162,26	-0,00154
162,298	-0,002064
162,336	-0,002087
162,374	-0,002226
162,412	0,002161
162,45	-0,001779
162,488	-0,001597
162,526	-0,001236
162,564	0,000068
162,602	-0,001343
162,64	-0,002159
162,678	0,000551
162,716	0,003344
162,754	0,002708
162,792	0,002999
162,83	0,005445
162,868	-0,000498
162,906	-0,004338
162,944	-0,010202
162,982	-0,008692
163,02	-0,007944
163,058	-0,008218
163,096	-0,005436
163,134	-0,004157
163,172	-0,00042
163,21	-0,00384
163,248	-0,001349
163,286	-0,004018
163,324	-0,00481
163,362	-0,007025
163,4	-0,005059
163,438	-0,003007
163,476	0,00382
163,514	0,002806
163,552	0,000338
163,59	0,002355
163,628	-0,000722
163,666	-0,004641
163,704	-0,00614
163,742	-0,00531
163,78	-0,001088
163,818	-0,001351
163,856	0,001778
163,894	0,00063
163,932	0,000517
163,97	-0,003585
164,008	-0,002093
164,046	-0,006395
164,084	-0,00507
164,122	-0,008319
164,16	-0,005989
164,198	-0,004423
164,236	-0,00927
164,274	-0,008266
164,312	-0,006473
164,35	-0,008215
164,388	-0,010159
164,426	-0,006684
164,464	-0,008635
164,502	-0,004168
164,54	0,000356
164,578	0,003793
164,616	0,011724
164,654	0,014189
164,692	0,02211
164,73	0,027761
164,768	0,03799
164,806	0,050214
164,844	0,058423
164,882	0,064909
164,92	0,071567
164,958	0,077031
164,996	0,083242
165,034	0,086935
165,072	0,086878
165,11	0,088379
165,148	0,087038
165,186	0,08361
165,224	0,085718
165,262	0,08741
165,3	0,08736
165,338	0,086796
165,376	0,087541
165,414	0,087506
165,452	0,082485
165,49	0,07954
165,528	0,078512
165,566	0,074669
165,604	0,071028
165,642	0,069692
165,68	0,071397
165,718	0,068413
165,756	0,068818
165,794	0,066226
165,832	0,063887
165,87	0,062226
165,908	0,058719
165,946	0,059162
165,984	0,060401
166,022	0,054159
166,06	0,053467
166,098	0,053036
166,136	0,050013
166,174	0,045712
166,212	0,044227
166,25	0,037995
166,288	0,044589
166,326	0,044514
166,364	0,03978
166,402	0,039539
166,44	0,036202
166,478	0,035182
166,516	0,034873
166,554	0,031885
166,592	0,027612
166,63	0,026881
166,668	0,026343
166,706	0,023496
166,744	0,020878
166,782	0,018512
166,82	0,021296
166,858	0,018463
166,896	0,019727
166,934	0,02211
166,972	0,016804
167,01	0,017021
167,048	0,017271
167,086	0,018683
167,124	0,01371
167,162	0,015137
167,2	0,015244
167,238	0,014393
167,276	0,015137
167,314	0,01145
167,352	0,012079
167,39	0,013803
167,428	0,011643
167,466	0,01234
167,504	0,011742
167,542	0,013066
167,58	0,012324
167,618	0,008273
167,656	0,008414
167,694	0,007829
167,732	0,005512
167,77	0,002431
167,808	0,003043
167,846	0,003921
167,884	0,008019
167,922	0,002614
167,96	0,005243
167,998	0,006941
168,036	0,002747
168,074	0,006116
168,112	0,006967
168,15	0,005929
168,188	0,003532
168,226	0,002467
168,264	0,001846
168,302	0,001194
168,34	0,002443
168,378	0,005535
168,416	0,001777
168,454	-0,000798
168,492	0,001536
168,53	0,003281
168,568	-0,000446
168,606	0,000074
168,644	0,002595
168,682	0,000127
168,72	-0,000542
168,758	-0,000841
168,796	-0,002964
168,834	-0,002341
168,872	-0,003039
168,91	-0,005292
168,948	-0,004172
168,986	-0,009592
169,024	-0,013084
169,062	-0,013779
169,1	-0,014023
169,138	-0,008691
169,176	-0,009761
169,214	-0,01019
169,252	-0,008555
169,29	-0,007613
169,328	-0,00712
169,366	-0,007668
169,404	-0,009481
169,442	-0,008057
169,48	-0,001611
169,518	0,001559
169,556	0,001077
169,594	0,002189
169,632	0,001136
169,67	0,006403
169,708	0,008317
169,746	0,009534
169,784	0,014937
169,822	0,013066
169,86	0,014032
169,898	0,012174
169,936	0,005967
169,974	0,008508
170,012	0,011911
170,05	0,011467
170,088	0,013541
170,126	0,017027
170,164	0,013216
170,202	0,016065
170,24	0,01636
170,278	0,011653
170,316	0,01584
170,354	0,01334
170,392	0,011691
170,43	0,011419
170,468	0,010538
170,506	0,009892
170,544	0,009978
170,582	0,010669
170,62	0,006141
170,658	0,007855
170,696	0,010232
170,734	0,020151
170,772	0,031272
170,81	0,045875
170,848	0,056906
170,886	0,069485
170,924	0,077623
170,962	0,086796
171	0,093461
171,038	0,098854
171,076	0,10488
171,114	0,109811
171,152	0,1102
171,19	0,113023
171,228	0,112541
171,266	0,110805
171,304	0,115032
171,342	0,118269
171,38	0,120282
171,418	0,117782
171,456	0,113161
171,494	0,115738
171,532	0,111614
171,57	0,107397
171,608	0,104852
171,646	0,109961
171,684	0,110087
171,722	0,106021
171,76	0,100839
171,798	0,097698
171,836	0,093755
171,874	0,088538
171,912	0,084493
171,95	0,078924
171,988	0,08011
172,026	0,074424
172,064	0,07289
172,102	0,067782
172,14	0,065164
172,178	0,060826
172,216	0,054797
172,254	0,042989
172,292	0,04202
172,33	0,041263
172,368	0,041878
172,406	0,040518
172,444	0,041544
172,482	0,042659
172,52	0,039682
172,558	0,039575
172,596	0,038952
172,634	0,039246
172,672	0,037544
172,71	0,032787
172,748	0,030867
172,786	0,026202
172,824	0,022286
172,862	0,023152
172,9	0,021469
172,938	0,01842
172,976	0,015648
173,014	0,013044
173,052	0,013858
173,09	0,010338
173,128	0,007721
173,166	0,010198
173,204	0,011746
173,242	0,011319
173,28	0,011533
173,318	0,012599
173,356	0,01578
173,394	0,015885
173,432	0,018857
173,47	0,016795
173,508	0,01377
173,546	0,010818
173,584	0,011531
173,622	0,005483
173,66	0,008718
173,698	0,007237
173,736	0,007131
173,774	0,003496
173,812	0,006422
173,85	0,000709
173,888	0,004114
173,926	0,002133
173,964	-0,001708
174,002	-0,002288
174,04	-0,002169
174,078	0,00073
174,116	0,000197
174,154	0,000627
174,192	0,001524
174,23	0,001212
174,268	0,001627
174,306	0,003515
174,344	0,00035
174,382	0,003338
174,42	0,003687
174,458	-0,000018
174,496	-0,000478
174,534	-0,002053
174,572	0,000652
174,61	-0,002099
174,648	0,001846
174,686	0,000545
174,724	0,002707
174,762	-0,000471
174,8	0,000139
174,838	-0,001925
174,876	-0,000793
174,914	-0,001693
174,952	-0,005611
174,99	-0,00675
175,028	-0,012877
175,066	-0,0109
175,104	-0,009433
175,142	-0,004511
175,18	-0,008503
175,218	-0,007234
175,256	-0,007966
175,294	-0,002053
175,332	0,003469
175,37	0,001706
175,408	0,006295
175,446	0,006299
175,484	0,006186
175,522	0,003636
175,56	0,005294
175,598	0,006013
175,636	0,007969
175,674	0,007929
175,712	0,003221
175,75	0,001951
175,788	-0,00096
175,826	0,003883
175,864	0,002007
175,902	0,003082
175,94	0,005726
175,978	0,002365
176,016	0,002812
176,054	-0,000157
176,092	0,000815
176,13	0,002097
176,168	0,002099
176,206	0,003048
176,244	-0,00186
176,282	-0,002694
176,32	-0,00351
176,358	0,003001
176,396	0,002362
176,434	-0,000574
176,472	0,003109
176,51	0,007173
176,548	0,007055
176,586	0,005957
176,624	0,006198
176,662	0,000227
176,7	-0,003165
176,738	-0,006774
176,776	-0,003047
176,814	0,001994
176,852	0,012951
176,89	0,022703
176,928	0,031588
176,966	0,045056
177,004	0,055477
177,042	0,066459
177,08	0,072874
177,118	0,077518
177,156	0,082307
177,194	0,092456
177,232	0,097975
177,27	0,096438
177,308	0,098661
177,346	0,095942
177,384	0,099265
177,422	0,101887
177,46	0,101039
177,498	0,100945
177,536	0,0961
177,574	0,095918
177,612	0,092546
177,65	0,087477
177,688	0,082878
177,726	0,080548
177,764	0,08057
177,802	0,075889
177,84	0,07712
177,878	0,070014
177,916	0,063998
177,954	0,060832
177,992	0,056397
178,03	0,055075
178,068	0,051765
178,106	0,047816
178,144	0,044414
178,182	0,046635
178,22	0,042229
178,258	0,0461
178,296	0,045817
178,334	0,0435
178,372	0,043194
178,41	0,04529
178,448	0,038298
178,486	0,034726
178,524	0,033646
178,562	0,031007
178,6	0,030568
178,638	0,029801
178,676	0,028228
178,714	0,030888
178,752	0,030205
178,79	0,030848
178,828	0,028763
178,866	0,030997
178,904	0,029088
178,942	0,031134
178,98	0,028932
179,018	0,026303
179,056	0,025807
179,094	0,022036
179,132	0,019453
179,17	0,017984
179,208	0,013342
179,246	0,011916
179,284	0,013557
179,322	0,009814
179,36	0,010677
179,398	0,006152
179,436	0,008711
179,474	0,008194
179,512	0,007128
179,55	0,008021
179,588	0,008726
179,626	0,003771
179,664	0,002788
179,702	0,005231
179,74	0,00548
179,778	0,009613
179,816	0,011465
179,854	0,015184
179,892	0,015486
179,93	0,012292
179,968	0,011703
180,006	0,011593
180,044	0,011681
180,082	0,010928
180,12	0,007672
180,158	0,009508
180,196	0,008936
180,234	0,008777
180,272	0,011117
180,31	0,009437
180,348	0,004091
180,386	0,00261
180,424	0,000377
180,462	0,002676
180,5	0,001498
180,538	-0,001017
180,576	-0,001425
180,614	-0,004242
180,652	-0,00609
180,69	-0,000042
180,728	-0,001517
180,766	0,00116
180,804	0,00071
180,842	0,003569
180,88	0,004286
180,918	0,003962
180,956	0,003458
180,994	-0,001422
181,032	-0,00014
181,07	-0,00039
181,108	0,000376
181,146	-0,0015
181,184	-0,006165
181,222	-0,006903
181,26	-0,00956
181,298	-0,011655
181,336	-0,00946
181,374	-0,007333
181,412	-0,008893
181,45	-0,007465
181,488	-0,009674
181,526	-0,001858
181,564	-0,0012
181,602	-0,000761
181,64	-0,001377
181,678	-0,002193
181,716	-0,001429
181,754	-0,000902
181,792	-0,000711
181,83	-0,001808
181,868	-0,000269
181,906	0,001634
181,944	-0,000133
181,982	-0,002856
182,02	-0,002464
182,058	-0,001715
182,096	-0,003161
182,134	0,000238
182,172	0,004757
182,21	0,004203
182,248	-0,000416
182,286	-0,005034
182,324	-0,000825
182,362	-0,005885
182,4	-0,002176
182,438	-0,003539
182,476	-0,003507
182,514	-0,002929
182,552	-0,001225
182,59	-0,002837
182,628	0,001031
182,666	-0,001687
182,704	0,001802
182,742	0,003557
182,78	0,006638
182,818	0,006095
182,856	0,010377
182,894	0,014001
182,932	0,026523
182,97	0,035953
183,008	0,045389
183,046	0,056385
183,084	0,065834
183,122	0,075622
183,16	0,079482
183,198	0,084913
183,236	0,089959
183,274	0,096777
183,312	0,100606
183,35	0,104119
183,388	0,109735
183,426	0,111824
183,464	0,122809
183,502	0,122729
183,54	0,122194
183,578	0,118585
183,616	0,11648
183,654	0,112781
183,692	0,109722
183,73	0,107599
183,768	0,108275
183,806	0,107153
183,844	0,106228
183,882	0,104518
183,92	0,10223
183,958	0,098245
183,996	0,091435
184,034	0,090527
184,072	0,088494
184,11	0,084788
184,148	0,084355
184,186	0,07718
184,224	0,074957
184,262	0,071765
184,3	0,067033
184,338	0,059674
184,376	0,059862
184,414	0,061097
184,452	0,059286
184,49	0,058128
184,528	0,05413
184,566	0,053453
184,604	0,056671
184,642	0,053189
184,68	0,0524
