0,038	0
0,076	0,000614
0,114	0,002242
0,152	-0,001417
0,19	-0,001838
0,228	-0,004304
0,266	-0,002551
0,304	-0,004764
0,342	-0,000284
0,38	0,001936
0,418	0,00272
0,456	0,000213
0,494	-0,001376
0,532	-0,000045
0,57	-0,000335
0,608	0,001042
0,646	0,001657
0,684	0,000494
0,722	0,002156
0,76	0,000272
0,798	0,001559
0,836	0,00414
0,874	0,000042
0,912	-0,00019
0,95	0,000059
0,988	0,000353
1,026	0,002471
1,064	0,001079
1,102	0,000013
1,14	0,000068
1,178	0,001608
1,216	0,000511
1,254	0,001313
1,292	0,001427
1,33	0,000141
1,368	0,001699
1,406	0,003172
1,444	-0,000781
1,482	-0,001291
1,52	0,000234
1,558	0,002176
1,596	0,001408
1,634	-0,000174
1,672	-0,00152
1,71	0,003062
1,748	0,001965
1,786	0,000917
1,824	0,002269
1,862	0,004259
1,9	0,004236
1,938	0,003793
1,976	0,000265
2,014	0,000179
2,052	-0,003712
2,09	-0,00587
2,128	-0,007704
2,166	-0,004883
2,204	-0,002136
2,242	-0,005076
2,28	-0,004179
2,318	-0,000766
2,356	0,000798
2,394	0,002004
2,432	0,00349
2,47	0,003694
2,508	0,004468
2,546	0,004663
2,584	0,013295
2,622	0,021842
2,66	0,033559
2,698	0,043565
2,736	0,053053
2,774	0,059924
2,812	0,066811
2,85	0,070555
2,888	0,07217
2,926	0,076674
2,964	0,076114
3,002	0,075082
3,04	0,073794
3,078	0,072871
3,116	0,070422
3,154	0,066013
3,192	0,059345
3,23	0,055679
3,268	0,049146
3,306	0,044199
3,344	0,042251
3,382	0,040207
3,42	0,038158
3,458	0,034976
3,496	0,031427
3,534	0,028792
3,572	0,024006
3,61	0,020444
3,648	0,016861
3,686	0,018314
3,724	0,016832
3,762	0,013878
3,8	0,013583
3,838	0,01342
3,876	0,012532
3,914	0,010647
3,952	0,01221
3,99	0,015613
4,028	0,017617
4,066	0,01749
4,104	0,013566
4,142	0,014178
4,18	0,01399
4,218	0,013638
4,256	0,014183
4,294	0,013223
4,332	0,013423
4,37	0,01353
4,408	0,01404
4,446	0,012037
4,484	0,010954
4,522	0,009702
4,56	0,008547
4,598	0,007493
4,636	0,007299
4,674	0,009423
4,712	0,00625
4,75	0,005753
4,788	0,005046
4,826	0,006132
4,864	0,002733
4,902	0,004317
4,94	0,004794
4,978	0,004942
5,016	0,001359
5,054	0,002384
5,092	0,002791
5,13	0,004441
5,168	0,006126
5,206	0,003612
5,244	0,00015
5,282	-0,000043
5,32	-0,001805
5,358	-0,000901
5,396	0,000816
5,434	-0,00206
5,472	-0,001875
5,51	-0,002301
5,548	-0,004402
5,586	-0,004468
5,624	-0,002173
5,662	-0,001129
5,7	-0,002833
5,738	-0,003592
5,776	-0,005297
5,814	-0,004222
5,852	-0,001404
5,89	0,000088
5,928	0,001502
5,966	-0,000585
6,004	0,001293
6,042	0,000176
6,08	-0,001924
6,118	-0,001545
6,156	-0,00031
6,194	-0,002278
6,232	-0,003423
6,27	-0,002991
6,308	-0,004778
6,346	-0,004001
6,384	-0,002871
6,422	-0,00696
6,46	-0,007888
6,498	-0,006819
6,536	-0,004513
6,574	-0,00472
6,612	-0,003915
6,65	-0,002167
6,688	0,000755
6,726	0,000357
6,764	0,002303
6,802	0,002929
6,84	0,002967
6,878	0,004251
6,916	0,005631
6,954	0,00429
6,992	0,005031
7,03	0,007198
7,068	0,005985
7,106	0,007472
7,144	0,007916
7,182	0,007757
7,22	0,008955
7,258	0,006299
7,296	0,006247
7,334	0,007237
7,372	0,007223
7,41	0,006882
7,448	0,003745
7,486	0,0029
7,524	0,003407
7,562	-0,001207
7,6	-0,000376
7,638	0,000916
7,676	0,003176
7,714	0,003274
7,752	0,002501
7,79	0,002907
7,828	0,004552
7,866	0,003155
7,904	0,004848
7,942	0,00373
7,98	0,003753
8,018	-0,000728
8,056	0,00051
8,094	-0,000062
8,132	0,000951
8,17	-0,000409
8,208	-0,00203
8,246	-0,001969
8,284	-0,001512
8,322	0,000172
8,36	0,001149
8,398	-0,000084
8,436	-0,000235
8,474	0,000425
8,512	0,001714
8,55	0,003549
8,588	0,002211
8,626	0,001691
8,664	0,002623
8,702	0,002141
8,74	-0,001722
8,778	-0,003194
8,816	-0,002345
8,854	-0,002319
8,892	-0,000671
8,93	0,000075
8,968	0,002602
9,006	0,005619
9,044	0,005314
9,082	0,002382
9,12	0,003062
9,158	0,003668
9,196	0,002993
9,234	0,002457
9,272	0,005117
9,31	0,006043
9,348	0,002824
9,386	0,001585
9,424	0,001542
9,462	0,004814
9,5	0,003618
9,538	0,00137
9,576	0,003254
9,614	0,007883
9,652	0,015486
9,69	0,027733
9,728	0,035854
9,766	0,047649
9,804	0,056557
9,842	0,063974
9,88	0,069256
9,918	0,074895
9,956	0,075495
9,994	0,076336
10,032	0,075669
10,07	0,077264
10,108	0,077825
10,146	0,076567
10,184	0,07709
10,222	0,072352
10,26	0,070714
10,298	0,067234
10,336	0,059483
10,374	0,055013
10,412	0,049445
10,45	0,047763
10,488	0,045892
10,526	0,045784
10,564	0,044733
10,602	0,042604
10,64	0,040559
10,678	0,042335
10,716	0,0409
10,754	0,036625
10,792	0,034968
10,83	0,032475
10,868	0,031374
10,906	0,031064
10,944	0,029264
10,982	0,025151
11,02	0,020241
11,058	0,018078
11,096	0,018813
11,134	0,018963
11,172	0,016702
11,21	0,018217
11,248	0,018311
11,286	0,015382
11,324	0,015904
11,362	0,015675
11,4	0,010695
11,438	0,010178
11,476	0,010611
11,514	0,010188
11,552	0,008131
11,59	0,009326
11,628	0,008277
11,666	0,006859
11,704	0,006311
11,742	0,005328
11,78	0,003259
11,818	0,002919
11,856	0,000043
11,894	0,000335
11,932	0,002692
11,97	0,002729
12,008	0,003234
12,046	0,002419
12,084	0,004562
12,122	0,006607
12,16	0,00571
12,198	0,005782
12,236	0,005396
12,274	0,005667
12,312	0,004243
12,35	0,001141
12,388	-0,000172
12,426	-0,00082
12,464	-0,001195
12,502	-0,001092
12,54	-0,000013
12,578	0,000511
12,616	-0,000481
12,654	-0,000892
12,692	-0,002604
12,73	0,00094
12,768	0,000681
12,806	-0,001991
12,844	-0,00283
12,882	-0,003655
12,92	-0,000721
12,958	-0,000403
12,996	0,000852
13,034	0,001045
13,072	0,002161
13,11	0,003163
13,148	0,002149
13,186	-0,002264
13,224	-0,002011
13,262	-0,002284
13,3	-0,003959
13,338	-0,003906
13,376	-0,005053
13,414	-0,004843
13,452	-0,004416
13,49	-0,001946
13,528	-0,000566
13,566	0,002134
13,604	0,006106
13,642	0,007339
13,68	0,005239
13,718	0,003775
13,756	0,003415
13,794	0,002763
13,832	-0,000699
13,87	-0,002032
13,908	0,000649
13,946	-0,002038
13,984	-0,002652
14,022	-0,000465
14,06	-0,000614
14,098	-0,005212
14,136	-0,004172
14,174	-0,003851
14,212	-0,005489
14,25	-0,003567
14,288	-0,002917
14,326	-0,004531
14,364	-0,00287
14,402	-0,003404
14,44	-0,003347
14,478	-0,001873
14,516	-0,00005
14,554	0,000328
14,592	-0,000048
14,63	0,001125
14,668	0,001267
14,706	0,003654
14,744	0,00347
14,782	0,000836
14,82	0,001002
14,858	0,003024
14,896	0,001288
14,934	0,001273
14,972	0,001171
15,01	0,0048
15,048	0,00649
15,086	0,007053
15,124	0,005774
15,162	0,00803
15,2	0,00608
15,238	0,004148
15,276	0,000845
15,314	-0,000875
15,352	-0,001808
15,39	-0,00509
15,428	-0,003451
15,466	-0,005228
15,504	-0,006891
15,542	-0,005614
15,58	-0,00335
15,618	-0,003639
15,656	-0,002473
15,694	-0,002239
15,732	0,001938
15,77	0,003737
15,808	0,003181
15,846	0,003662
15,884	0,002074
15,922	0,002848
15,96	0,002873
15,998	0,001551
16,036	0,006861
16,074	0,016613
16,112	0,026312
16,15	0,038227
16,188	0,045922
16,226	0,056177
16,264	0,062275
16,302	0,064872
16,34	0,065737
16,378	0,0663
16,416	0,067359
16,454	0,068223
16,492	0,067411
16,53	0,067407
16,568	0,066807
16,606	0,063168
16,644	0,059392
16,682	0,05617
16,72	0,052962
16,758	0,048208
16,796	0,043735
16,834	0,039914
16,872	0,035928
16,91	0,034225
16,948	0,030618
16,986	0,031974
17,024	0,032678
17,062	0,03171
17,1	0,030165
17,138	0,028627
17,176	0,025598
17,214	0,026302
17,252	0,02283
17,29	0,022441
17,328	0,024163
17,366	0,024482
17,404	0,025051
17,442	0,024535
17,48	0,023604
17,518	0,02415
17,556	0,023109
17,594	0,023965
17,632	0,019689
17,67	0,018472
17,708	0,015365
17,746	0,013943
17,784	0,012932
17,822	0,013833
17,86	0,013914
17,898	0,011799
17,936	0,009447
17,974	0,009924
18,012	0,008219
18,05	0,006848
18,088	0,006137
18,126	0,006481
18,164	0,008925
18,202	0,008467
18,24	0,011279
18,278	0,0125
18,316	0,012885
18,354	0,013466
18,392	0,012678
18,43	0,015298
18,468	0,012114
18,506	0,010693
18,544	0,012768
18,582	0,01016
18,62	0,010645
18,658	0,010833
18,696	0,012022
18,734	0,011617
18,772	0,012884
18,81	0,009959
18,848	0,008674
18,886	0,003819
18,924	0,003972
18,962	0,002988
19	0,000679
19,038	-0,000147
19,076	0,000136
19,114	0,002411
19,152	-0,001893
19,19	-0,002315
19,228	-0,001078
19,266	-0,003131
19,304	-0,004172
19,342	-0,000621
19,38	0,001845
19,418	0,003069
19,456	0,003992
19,494	0,001737
19,532	-0,001191
19,57	0,002289
19,608	0,00397
19,646	0,006419
19,684	0,00716
19,722	0,006874
19,76	0,008039
19,798	0,00903
19,836	0,010465
19,874	0,009257
19,912	0,011755
19,95	0,008841
19,988	0,008698
20,026	0,00836
20,064	0,008025
20,102	0,008947
20,14	0,011006
20,178	0,009644
20,216	0,005594
20,254	0,001462
20,292	-0,0011
20,33	-0,000665
20,368	-0,002633
20,406	-0,003771
20,444	-0,000724
20,482	-0,005959
20,52	-0,006545
20,558	-0,005511
20,596	-0,006143
20,634	-0,001485
20,672	-0,002239
20,71	-0,002616
20,748	-0,006492
20,786	-0,004315
20,824	-0,002351
20,862	0,002494
20,9	0,004256
20,938	0,003464
20,976	0,001552
21,014	0,005617
21,052	0,00464
21,09	0,006867
21,128	0,004553
21,166	0,003824
21,204	0,005787
21,242	0,006212
21,28	0,006295
21,318	0,006109
21,356	0,007387
21,394	0,009005
21,432	0,009768
21,47	0,007065
21,508	0,008363
21,546	0,004118
21,584	0,003105
21,622	0,003047
21,66	0,001829
21,698	0,00294
21,736	0,00279
21,774	-0,000285
21,812	-0,001383
21,85	-0,003201
21,888	-0,002892
21,926	-0,000925
21,964	-0,000488
22,002	0,002661
22,04	0,001197
22,078	0,003539
22,116	0,005141
22,154	0,005395
22,192	0,00194
22,23	0,002754
22,268	0,000207
22,306	-0,000759
22,344	0,002117
22,382	0,005092
22,42	0,005855
22,458	0,004948
22,496	0,007832
22,534	0,008055
22,572	0,004002
22,61	-0,000833
22,648	-0,001873
22,686	-0,00206
22,724	-0,001663
22,762	-0,002446
22,8	-0,000595
22,838	-0,00036
22,876	0,001158
22,914	0,002619
22,952	0,003872
22,99	0,011085
23,028	0,02055
23,066	0,030766
23,104	0,040443
23,142	0,049231
23,18	0,058234
23,218	0,061288
23,256	0,066557
23,294	0,072426
23,332	0,075804
23,37	0,074119
23,408	0,073577
23,446	0,072682
23,484	0,072532
23,522	0,06971
23,56	0,066659
23,598	0,060248
23,636	0,059948
23,674	0,057075
23,712	0,055381
23,75	0,052919
23,788	0,049574
23,826	0,047995
23,864	0,045426
23,902	0,042907
23,94	0,04238
23,978	0,041979
24,016	0,03777
24,054	0,038663
24,092	0,037956
24,13	0,036984
24,168	0,034511
24,206	0,034407
24,244	0,036409
24,282	0,031712
24,32	0,033154
24,358	0,033573
24,396	0,032985
24,434	0,02712
24,472	0,025529
24,51	0,026376
24,548	0,026672
24,586	0,024032
24,624	0,023002
24,662	0,021638
24,7	0,020568
24,738	0,017692
24,776	0,016994
24,814	0,019538
24,852	0,017299
24,89	0,012786
24,928	0,009617
24,966	0,010803
25,004	0,010689
25,042	0,012826
25,08	0,010719
25,118	0,010635
25,156	0,010363
25,194	0,008126
25,232	0,007229
25,27	0,007071
25,308	0,007367
25,346	0,0056
25,384	0,006025
25,422	0,005948
25,46	0,004362
25,498	0,003294
25,536	0,003134
25,574	0,001617
25,612	0,003959
25,65	0,004252
25,688	0,005384
25,726	0,00707
25,764	0,00709
25,802	0,006537
25,84	0,006851
25,878	0,005652
25,916	0,00515
25,954	0,00437
25,992	0,006138
26,03	0,006615
26,068	0,00568
26,106	0,005274
26,144	0,004093
26,182	0,0029
26,22	0,005583
26,258	0,007509
26,296	0,009393
26,334	0,0073
26,372	0,008306
26,41	0,008585
26,448	0,006376
26,486	0,005628
26,524	0,002513
26,562	-0,001307
26,6	0,000305
26,638	-0,000276
26,676	0,001987
26,714	0,002277
26,752	0,001207
26,79	-0,001212
26,828	-0,002033
26,866	-0,003795
26,904	-0,004232
26,942	-0,001771
26,98	-0,002377
27,018	-0,002142
27,056	-0,003097
27,094	-0,004976
27,132	-0,004413
27,17	-0,005728
27,208	-0,005411
27,246	-0,005733
27,284	-0,004005
27,322	-0,006388
27,36	-0,002958
27,398	-0,00229
27,436	-0,000455
27,474	-0,002205
27,512	-0,000471
27,55	0,001412
27,588	0,002097
27,626	0,00526
27,664	0,003772
27,702	0,00607
27,74	0,005105
27,778	0,005866
27,816	0,002668
27,854	-0,000395
27,892	-0,000294
27,93	-0,002454
27,968	-0,00226
28,006	-0,00168
28,044	-0,000047
28,082	-0,000541
28,12	-0,002554
28,158	-0,003332
28,196	0,000205
28,234	0,000522
28,272	0,000507
28,31	-0,000104
28,348	-0,001356
28,386	-0,004708
28,424	-0,00467
28,462	-0,004552
28,5	-0,0072
28,538	-0,004828
28,576	-0,004593
28,614	-0,004499
28,652	-0,003054
28,69	-0,002449
28,728	-0,002031
28,766	-0,003175
28,804	-0,000129
28,842	0,010691
28,88	0,021668
28,918	0,03
28,956	0,043074
28,994	0,051448
29,032	0,059031
29,07	0,066714
29,108	0,068396
29,146	0,072455
29,184	0,073014
29,222	0,073551
29,26	0,074151
29,298	0,074496
29,336	0,070975
29,374	0,069256
29,412	0,06196
29,45	0,059215
29,488	0,05577
29,526	0,053966
29,564	0,051685
29,602	0,050601
29,64	0,049244
29,678	0,046206
29,716	0,041576
29,754	0,036318
29,792	0,034955
29,83	0,035402
29,868	0,033555
29,906	0,03154
29,944	0,029203
29,982	0,028622
30,02	0,02968
30,058	0,030907
30,096	0,027086
30,134	0,023926
30,172	0,020908
30,21	0,020048
30,248	0,019523
30,286	0,021117
30,324	0,022357
30,362	0,023427
30,4	0,021048
30,438	0,021599
30,476	0,020627
30,514	0,022481
30,552	0,021404
30,59	0,020679
30,628	0,017771
30,666	0,016533
30,704	0,015755
30,742	0,016012
30,78	0,016658
30,818	0,017359
30,856	0,018226
30,894	0,019089
30,932	0,020684
30,97	0,019945
31,008	0,017822
31,046	0,018864
31,084	0,017626
31,122	0,015562
31,16	0,016307
31,198	0,019005
31,236	0,018541
31,274	0,016191
31,312	0,013857
31,35	0,016748
31,388	0,014763
31,426	0,014775
31,464	0,013143
31,502	0,012868
31,54	0,009477
31,578	0,007015
31,616	0,008259
31,654	0,008633
31,692	0,007329
31,73	0,006802
31,768	0,005816
31,806	0,006371
31,844	0,004267
31,882	0,005222
31,92	0,005163
31,958	0,006754
31,996	0,007469
32,034	0,006588
32,072	0,008538
32,11	0,010227
32,148	0,010601
32,186	0,012656
32,224	0,010323
32,262	0,009571
32,3	0,009107
32,338	0,007746
32,376	0,007918
32,414	0,006352
32,452	0,006481
32,49	0,006731
32,528	0,001959
32,566	0,002569
32,604	0,001394
32,642	-0,003396
32,68	-0,001582
32,718	-0,000456
32,756	0,00218
32,794	0,00385
32,832	0,004723
32,87	0,004088
32,908	0,0044
32,946	0,006047
32,984	0,005333
33,022	0,004454
33,06	0,003921
33,098	-0,001185
33,136	-0,001312
33,174	-0,001437
33,212	-0,000865
33,25	-0,004827
33,288	-0,006025
33,326	-0,008738
33,364	-0,006541
33,402	-0,005691
33,44	-0,00492
33,478	-0,003319
33,516	-0,004676
33,554	-0,003578
33,592	-0,001912
33,63	-0,002728
33,668	-0,001772
33,706	-0,000494
33,744	-0,000108
33,782	0,000109
33,82	-0,000874
33,858	0,002997
33,896	0,005343
33,934	0,007408
33,972	0,008947
34,01	0,008626
34,048	0,008786
34,086	0,007117
34,124	0,004624
34,162	0,004778
34,2	0,004386
34,238	0,007238
34,276	0,004652
34,314	0,005195
34,352	0,005392
34,39	0,006812
34,428	0,007812
34,466	0,005814
34,504	0,0067
34,542	0,00687
34,58	0,007329
34,618	0,007144
34,656	0,005446
34,694	0,005703
34,732	0,006983
34,77	0,004397
34,808	0,003694
34,846	-0,000398
34,884	0,000736
34,922	0,001681
34,96	0,006494
34,998	0,006217
35,036	0,005806
35,074	0,006289
35,112	0,00749
35,15	0,009861
35,188	0,013097
35,226	0,009995
35,264	0,008228
35,302	0,011063
35,34	0,012269
35,378	0,010859
35,416	0,01397
35,454	0,019673
35,492	0,027668
35,53	0,035642
35,568	0,044519
35,606	0,054898
35,644	0,061084
35,682	0,066291
35,72	0,069991
35,758	0,073896
35,796	0,075294
35,834	0,075474
35,872	0,072885
35,91	0,07477
35,948	0,071879
35,986	0,073535
36,024	0,07595
36,062	0,077256
36,1	0,080772
36,138	0,079292
36,176	0,079948
36,214	0,077304
36,252	0,075442
36,29	0,071677
36,328	0,068109
36,366	0,066259
36,404	0,063707
36,442	0,059879
36,48	0,057806
36,518	0,054423
36,556	0,051522
36,594	0,050511
36,632	0,048985
36,67	0,046176
36,708	0,045822
36,746	0,043006
36,784	0,037358
36,822	0,034876
36,86	0,030795
36,898	0,028104
36,936	0,025319
36,974	0,024682
37,012	0,023786
37,05	0,023286
37,088	0,023077
37,126	0,025144
37,164	0,021698
37,202	0,020558
37,24	0,02074
37,278	0,022012
37,316	0,021742
37,354	0,020099
37,392	0,020474
37,43	0,020441
37,468	0,019604
37,506	0,015637
37,544	0,014216
37,582	0,014979
37,62	0,015125
37,658	0,011848
37,696	0,010482
37,734	0,008379
37,772	0,008615
37,81	0,007472
37,848	0,008701
37,886	0,010292
37,924	0,00927
37,962	0,008442
38	0,008525
38,038	0,007875
38,076	0,009343
38,114	0,008272
38,152	0,007381
38,19	0,006993
38,228	0,006367
38,266	0,006408
38,304	0,003322
38,342	0,002666
38,38	0,002139
38,418	0,001698
38,456	0,001111
38,494	-0,000858
38,532	-0,002039
38,57	-0,000274
38,608	-0,000598
38,646	0,000217
38,684	0,000644
38,722	-0,000391
38,76	0,000721
38,798	0,000217
38,836	0,001468
38,874	0,002504
38,912	0,00279
38,95	0,003025
38,988	-0,001462
39,026	-0,005809
39,064	-0,005974
39,102	-0,00465
39,14	-0,006429
39,178	-0,00632
39,216	-0,004405
39,254	-0,002495
39,292	-0,000402
39,33	0,003762
39,368	0,00453
39,406	0,005132
39,444	0,003029
39,482	0,002815
39,52	-0,00066
39,558	-0,003228
39,596	-0,002967
39,634	-0,005466
39,672	-0,005803
39,71	-0,004218
39,748	-0,005216
39,786	-0,004943
39,824	-0,00531
39,862	-0,00378
39,9	-0,002083
39,938	-0,002827
39,976	-0,002447
40,014	-0,003078
40,052	-0,002441
40,09	-0,005908
40,128	-0,005929
40,166	-0,005876
40,204	-0,005108
40,242	-0,003134
40,28	-0,002722
40,318	-0,003031
40,356	-0,003979
40,394	-0,004593
40,432	-0,002176
40,47	-0,001235
40,508	-0,000557
40,546	-0,0027
40,584	-0,001546
40,622	0,000349
40,66	-0,0005
40,698	0,000433
40,736	0,001695
40,774	0,004599
40,812	0,004643
40,85	0,006721
40,888	0,009236
40,926	0,007234
40,964	0,008028
41,002	0,008537
41,04	0,008273
41,078	0,00526
41,116	0,003576
41,154	0,003482
41,192	0,005076
41,23	0,000833
41,268	-0,002098
41,306	-0,001211
41,344	-0,000173
41,382	0,002758
41,42	0,000247
41,458	-0,000782
41,496	-0,000973
41,534	-0,002669
41,572	-0,004479
41,61	-0,004973
41,648	-0,004622
41,686	-0,00226
41,724	-0,004759
41,762	-0,004367
41,8	-0,004355
41,838	-0,001165
41,876	0,000942
41,914	-0,000196
41,952	0,000418
41,99	0,0016
42,028	0,000908
42,066	0,001539
42,104	0,001048
42,142	-0,001485
42,18	-0,001615
42,218	-0,001179
42,256	0,003284
42,294	0,008452
42,332	0,017328
42,37	0,027137
42,408	0,037921
42,446	0,04896
42,484	0,057636
42,522	0,064396
42,56	0,070478
42,598	0,076059
42,636	0,078794
42,674	0,080514
42,712	0,077193
42,75	0,073587
42,788	0,064868
42,826	0,061172
42,864	0,0568
42,902	0,054278
42,94	0,053699
42,978	0,050736
43,016	0,047813
43,054	0,043215
43,092	0,040547
43,13	0,038961
43,168	0,038001
43,206	0,03225
43,244	0,035209
43,282	0,034043
43,32	0,031762
43,358	0,030394
43,396	0,029654
43,434	0,028221
43,472	0,028357
43,51	0,025385
43,548	0,024778
43,586	0,023705
43,624	0,025495
43,662	0,025579
43,7	0,024995
43,738	0,023794
43,776	0,020721
43,814	0,019334
43,852	0,015528
43,89	0,014707
43,928	0,014606
43,966	0,017614
44,004	0,026322
44,042	0,035428
44,08	0,043322
44,118	0,052639
44,156	0,057143
44,194	0,057335
44,232	0,061388
44,27	0,062111
44,308	0,062957
44,346	0,061434
44,384	0,061986
44,422	0,058801
44,46	0,052497
44,498	0,050182
44,536	0,048551
44,574	0,049983
44,612	0,046735
44,65	0,043879
44,688	0,039393
44,726	0,035507
44,764	0,031673
44,802	0,033845
44,84	0,030475
44,878	0,029864
44,916	0,027284
44,954	0,023966
44,992	0,023863
45,03	0,025348
45,068	0,02327
45,106	0,022501
45,144	0,021782
45,182	0,022064
45,22	0,02228
45,258	0,022316
45,296	0,019012
45,334	0,017091
45,372	0,017523
45,41	0,013691
45,448	0,011001
45,486	0,006534
45,524	0,004899
45,562	0,005471
45,6	0,006931
45,638	0,007133
45,676	0,005333
45,714	0,005603
45,752	0,004939
45,79	0,005832
45,828	0,008888
45,866	0,006303
45,904	0,004667
45,942	0,006575
45,98	0,006109
46,018	0,005117
46,056	0,00074
46,094	0,000165
46,132	-0,000288
46,17	-0,00158
46,208	-0,002895
46,246	-0,003794
46,284	-0,003249
46,322	-0,00297
46,36	-0,003133
46,398	-0,000254
46,436	0,002431
46,474	0,003539
46,512	0,005488
46,55	0,002862
46,588	0,00317
46,626	-0,001121
46,664	-0,001536
46,702	-0,001464
46,74	0,00155
46,778	0,000905
46,816	0,000937
46,854	0,000081
46,892	-0,001015
46,93	-0,000964
46,968	-0,001926
47,006	-0,003772
47,044	-0,004156
47,082	-0,004091
47,12	-0,00357
47,158	-0,005173
47,196	-0,002794
47,234	-0,00109
47,272	-0,001137
47,31	-0,000568
47,348	0,000617
47,386	0,00055
47,424	-0,00154
47,462	-0,00151
47,5	-0,00068
47,538	-0,003018
47,576	0,000298
47,614	0,000104
47,652	-0,001254
47,69	-0,000786
47,728	-0,001653
47,766	-0,002821
47,804	-0,006503
47,842	-0,010316
47,88	-0,012017
47,918	-0,007822
47,956	-0,006612
47,994	-0,007978
48,032	-0,006238
48,07	-0,006326
48,108	-0,005979
48,146	-0,004445
48,184	-0,00473
48,222	-0,005248
48,26	-0,003673
48,298	-0,001315
48,336	0,000705
48,374	0,001517
48,412	0,001907
48,45	0,002559
48,488	0,004027
48,526	0,001928
48,564	-0,00022
48,602	0,000922
48,64	-0,00254
48,678	-0,002814
48,716	-0,00306
48,754	-0,00431
48,792	-0,006293
48,83	-0,005205
48,868	-0,003879
48,906	-0,004745
48,944	-0,005328
48,982	-0,005159
49,02	-0,004123
49,058	-0,004332
49,096	-0,002663
49,134	-0,002715
49,172	-0,002219
49,21	-0,004051
49,248	-0,00127
49,286	-0,001156
49,324	-0,001449
49,362	-0,001157
49,4	-0,000356
49,438	0,001837
49,476	0,002163
49,514	0,000552
49,552	-0,000148
49,59	-0,000007
49,628	0,002628
49,666	0,001477
49,704	-0,000848
49,742	-0,000338
49,78	0,000761
49,818	0,000836
49,856	0,001098
49,894	0,001265
49,932	0,004314
49,97	0,005175
50,008	0,005694
50,046	0,008243
50,084	0,01535
50,122	0,021308
50,16	0,028591
50,198	0,037511
50,236	0,042464
50,274	0,049326
50,312	0,056364
50,35	0,060772
50,388	0,060805
50,426	0,064218
50,464	0,064502
50,502	0,063711
50,54	0,062877
50,578	0,060188
50,616	0,056162
50,654	0,056605
50,692	0,051015
50,73	0,046661
50,768	0,047119
50,806	0,039489
50,844	0,036345
50,882	0,033354
50,92	0,031254
50,958	0,029
50,996	0,026891
51,034	0,024237
51,072	0,026578
51,11	0,028108
51,148	0,028052
51,186	0,026434
51,224	0,026652
51,262	0,024993
51,3	0,022918
51,338	0,020291
51,376	0,016009
51,414	0,015054
51,452	0,014432
51,49	0,013255
51,528	0,014064
51,566	0,01768
51,604	0,017321
51,642	0,016403
51,68	0,01631
51,718	0,016749
51,756	0,015895
51,794	0,015771
51,832	0,014054
51,87	0,016114
51,908	0,015661
51,946	0,014166
51,984	0,013528
52,022	0,014711
52,06	0,014852
52,098	0,016881
52,136	0,016436
52,174	0,017854
52,212	0,017003
52,25	0,017257
52,288	0,01354
52,326	0,014587
52,364	0,011982
52,402	0,010905
52,44	0,008009
52,478	0,011
52,516	0,011784
52,554	0,012131
52,592	0,010637
52,63	0,007764
52,668	0,004967
52,706	0,005313
52,744	0,006633
52,782	0,008529
52,82	0,007885
52,858	0,004594
52,896	0,004239
52,934	0,005982
52,972	0,004775
53,01	0,001889
53,048	0,000895
53,086	0,002901
53,124	0,0028
53,162	-0,002085
53,2	-0,002602
53,238	-0,001238
53,276	0,00119
53,314	0,001687
53,352	0,002299
53,39	0,004702
53,428	0,003981
53,466	0,003443
53,504	0,00481
53,542	0,006559
53,58	0,006495
53,618	0,00671
53,656	0,008163
53,694	0,005375
53,732	0,004408
53,77	0,004677
53,808	0,003413
53,846	0,005295
53,884	0,004001
53,922	0,004247
53,96	0,004699
53,998	0,005201
54,036	0,004722
54,074	0,003821
54,112	0,003812
54,15	0,00256
54,188	0,001421
54,226	-0,0003
54,264	-0,001015
54,302	-0,003937
54,34	-0,005785
54,378	-0,007531
54,416	-0,005784
54,454	-0,004573
54,492	-0,006709
54,53	-0,007415
54,568	-0,007742
54,606	-0,005151
54,644	-0,004431
54,682	-0,005693
54,72	-0,002552
54,758	-0,002038
54,796	-0,001096
54,834	-0,000044
54,872	0,000391
54,91	0,002758
54,948	0,001611
54,986	-0,000732
55,024	0,000952
55,062	0,00363
55,1	0,003272
55,138	0,00276
55,176	0,001857
55,214	0,006225
55,252	0,008135
55,29	0,007947
55,328	0,008654
55,366	0,008464
55,404	0,008026
55,442	0,008277
55,48	0,006568
55,518	0,006948
55,556	0,005344
55,594	0,004897
55,632	0,003954
55,67	0,006195
55,708	0,003613
55,746	0,004558
55,784	0,00244
55,822	0,002422
55,86	0,000918
55,898	0,000052
55,936	-0,002815
55,974	-0,001157
56,012	-0,000067
56,05	-0,001171
56,088	-0,000128
56,126	0,000328
56,164	-0,000537
56,202	0,001307
56,24	0,000723
56,278	0,001282
56,316	-0,000785
56,354	-0,00004
56,392	0,002512
56,43	0,004299
56,468	0,005179
56,506	0,001695
56,544	0,001307
56,582	0,000824
56,62	-0,001214
56,658	-0,002361
56,696	0,001267
56,734	0,000949
56,772	0,000313
56,81	0,00031
56,848	-0,000356
56,886	0,001321
56,924	0,001984
56,962	0,004261
57	0,007041
57,038	0,008432
57,076	0,007093
57,114	0,006899
57,152	0,008011
57,19	0,009617
57,228	0,008309
57,266	0,00727
57,304	0,00687
57,342	0,008658
57,38	0,00902
57,418	0,010488
57,456	0,008251
57,494	0,008708
57,532	0,010667
57,57	0,008983
57,608	0,007983
57,646	0,008337
57,684	0,010703
57,722	0,007882
57,76	0,00843
57,798	0,008489
57,836	0,009072
57,874	0,011132
57,912	0,012733
57,95	0,014324
57,988	0,013647
58,026	0,0119
58,064	0,008935
58,102	0,007205
58,14	0,007991
58,178	0,009079
58,216	0,011099
58,254	0,019377
58,292	0,026896
58,33	0,036094
58,368	0,044767
58,406	0,052696
58,444	0,05847
58,482	0,062397
58,52	0,065003
58,558	0,069174
58,596	0,071774
58,634	0,073223
58,672	0,072031
58,71	0,072205
58,748	0,068131
58,786	0,064028
58,824	0,059592
58,862	0,056352
58,9	0,05392
58,938	0,052154
58,976	0,047867
59,014	0,04556
59,052	0,04367
59,09	0,04254
59,128	0,038918
59,166	0,035126
59,204	0,033253
59,242	0,029124
59,28	0,025971
59,318	0,021384
59,356	0,018037
59,394	0,015242
59,432	0,012985
59,47	0,015354
59,508	0,014506
59,546	0,013591
59,584	0,011831
59,622	0,009573
59,66	0,009308
59,698	0,007196
59,736	0,009105
59,774	0,012473
59,812	0,011592
59,85	0,012086
59,888	0,009793
59,926	0,007061
59,964	0,007511
60,002	0,007061
60,04	0,006763
60,078	0,007298
60,116	0,006536
60,154	0,006885
60,192	0,005216
60,23	0,004478
60,268	0,003805
60,306	0,002625
60,344	0,002581
60,382	-0,000381
60,42	0,000113
60,458	0,002061
60,496	0,000173
60,534	0,000227
60,572	-0,002709
60,61	-0,003066
60,648	-0,001077
60,686	-0,001272
60,724	0,00031
60,762	0,001664
60,8	-0,000303
60,838	0,004999
60,876	0,006738
60,914	0,006686
60,952	0,005626
60,99	0,006017
61,028	0,006528
61,066	0,005522
61,104	0,006142
61,142	0,00556
61,18	0,006343
61,218	0,00575
61,256	0,002999
61,294	0,005535
61,332	0,006786
61,37	0,001187
61,408	0,000159
61,446	0,000287
61,484	0,002259
61,522	0,004703
61,56	0,00175
61,598	0,002311
61,636	0,003775
61,674	0,00252
61,712	0,003595
61,75	0,001044
61,788	0,003641
61,826	0,00009
61,864	0,002292
61,902	0,003513
61,94	0,00318
61,978	0,001473
62,016	0,001343
62,054	0,002112
62,092	0,001523
62,13	-0,000103
62,168	-0,000995
62,206	-0,001526
62,244	0,00179
62,282	0,010364
62,32	0,018191
62,358	0,028985
62,396	0,035559
62,434	0,045403
62,472	0,054174
62,51	0,059241
62,548	0,062505
62,586	0,065724
62,624	0,068662
62,662	0,06651
62,7	0,067114
62,738	0,06496
62,776	0,06106
62,814	0,058681
62,852	0,055862
62,89	0,053362
62,928	0,050066
62,966	0,046281
63,004	0,043626
63,042	0,042092
63,08	0,035242
63,118	0,032244
63,156	0,028562
63,194	0,024369
63,232	0,021954
63,27	0,020103
63,308	0,019004
63,346	0,01764
63,384	0,019516
63,422	0,017833
63,46	0,015156
63,498	0,014196
63,536	0,010802
63,574	0,011618
63,612	0,011478
63,65	0,010007
63,688	0,009964
63,726	0,006898
63,764	0,008728
63,802	0,009018
63,84	0,007924
63,878	0,008069
63,916	0,004683
63,954	0,003471
63,992	0,004703
64,03	0,003171
64,068	0,005256
64,106	0,004718
64,144	0,006134
64,182	0,005314
64,22	0,005853
64,258	0,005325
64,296	0,005197
64,334	0,004742
64,372	0,005033
64,41	0,004449
64,448	0,004767
64,486	0,003614
64,524	0,000753
64,562	-0,001576
64,6	-0,005388
64,638	-0,006541
64,676	-0,006903
64,714	-0,004545
64,752	-0,00502
64,79	-0,005598
64,828	-0,005646
64,866	-0,004265
64,904	-0,00384
64,942	-0,004706
64,98	-0,005707
65,018	-0,005953
65,056	-0,006527
65,094	-0,006526
65,132	-0,006651
65,17	-0,008821
65,208	-0,005226
65,246	-0,00438
65,284	-0,005059
65,322	-0,005339
65,36	-0,006165
65,398	-0,004068
65,436	-0,00209
65,474	-0,000547
65,512	-0,002454
65,55	-0,002358
65,588	-0,002357
65,626	-0,004944
65,664	-0,00516
65,702	-0,001872
65,74	0,000245
65,778	0,00396
65,816	0,012758
65,854	0,02368
65,892	0,03481
65,93	0,042961
65,968	0,051422
66,006	0,056252
66,044	0,062651
66,082	0,065169
66,12	0,065619
66,158	0,066236
66,196	0,063606
66,234	0,060626
66,272	0,057191
66,31	0,05622
66,348	0,057562
66,386	0,0521
66,424	0,052294
66,462	0,049642
66,5	0,043398
66,538	0,039033
66,576	0,035849
66,614	0,032007
66,652	0,032539
66,69	0,031461
66,728	0,031309
66,766	0,031254
66,804	0,031887
66,842	0,029887
66,88	0,027839
66,918	0,027241
66,956	0,027128
66,994	0,0252
67,032	0,024109
67,07	0,024532
67,108	0,022814
67,146	0,02211
67,184	0,025114
67,222	0,033337
67,26	0,038836
67,298	0,042661
67,336	0,045937
67,374	0,05232
67,412	0,059114
67,45	0,061649
67,488	0,064944
67,526	0,064056
67,564	0,065541
67,602	0,062946
67,64	0,061534
67,678	0,06001
67,716	0,062626
67,754	0,059163
67,792	0,055481
67,83	0,050844
67,868	0,047467
67,906	0,045322
67,944	0,045221
67,982	0,043021
68,02	0,040971
68,058	0,04007
68,096	0,036688
68,134	0,038012
68,172	0,033642
68,21	0,033187
68,248	0,028498
68,286	0,02987
68,324	0,027448
68,362	0,025203
68,4	0,02367
68,438	0,023071
68,476	0,026322
68,514	0,024762
68,552	0,022099
68,59	0,01908
68,628	0,017526
68,666	0,01604
68,704	0,015885
68,742	0,012187
68,78	0,015794
68,818	0,015116
68,856	0,015881
68,894	0,014365
68,932	0,012049
68,97	0,015023
69,008	0,01545
69,046	0,013149
69,084	0,012878
69,122	0,011464
69,16	0,009896
69,198	0,009288
69,236	0,008194
69,274	0,007689
69,312	0,005188
69,35	0,006593
69,388	0,005073
69,426	0,003144
69,464	0,00187
69,502	0,003345
69,54	0,00224
69,578	0,003207
69,616	0,007945
69,654	0,007989
69,692	0,007052
69,73	0,006524
69,768	0,004533
69,806	0,005063
69,844	0,005484
69,882	0,004678
69,92	0,003849
69,958	0,003476
69,996	0,004228
70,034	0,005066
70,072	0,007212
70,11	0,007508
70,148	0,005297
70,186	0,006576
70,224	0,007334
70,262	0,008032
70,3	0,007276
70,338	0,006265
70,376	0,00757
70,414	0,006364
70,452	0,008085
70,49	0,008199
70,528	0,006836
70,566	0,006546
70,604	0,007705
70,642	0,006401
70,68	0,004816
70,718	0,00275
70,756	0,00114
70,794	-0,00018
70,832	0,001987
70,87	0,00371
70,908	0,0042
70,946	0,003876
70,984	0,003601
71,022	0,005002
71,06	0,004173
71,098	0,005839
71,136	0,004588
71,174	0,004314
71,212	0,00592
71,25	0,004663
71,288	0,005415
71,326	0,006716
71,364	0,005947
71,402	0,001111
71,44	0,001257
71,478	0,000487
71,516	0,002
71,554	0,001289
71,592	0,000083
71,63	-0,001903
71,668	-0,002224
71,706	-0,002025
71,744	-0,002159
71,782	0,001091
71,82	0,00022
71,858	-0,000613
71,896	-0,000115
71,934	-0,000204
71,972	0,001575
72,01	0,000948
72,048	0,001041
72,086	-0,001704
72,124	-0,001051
72,162	-0,001801
72,2	-0,003821
72,238	-0,001989
72,276	-0,002694
72,314	-0,001367
72,352	-0,001314
72,39	0,000908
72,428	0,001414
72,466	0,001115
72,504	-0,000553
72,542	-0,001119
72,58	-0,00073
72,618	-0,000298
72,656	0,000253
72,694	0,000453
72,732	0,001194
72,77	0,000154
72,808	-0,000561
72,846	-0,003183
72,884	-0,003135
72,922	-0,002744
72,96	-0,002066
72,998	-0,002956
73,036	-0,004298
73,074	-0,005204
73,112	-0,006309
73,15	-0,004719
73,188	-0,004195
73,226	-0,003807
73,264	-0,00125
73,302	0,010235
73,34	0,017188
73,378	0,0285
73,416	0,034644
73,454	0,044039
73,492	0,050878
73,53	0,056261
73,568	0,057786
73,606	0,060262
73,644	0,063154
73,682	0,062965
73,72	0,058689
73,758	0,058479
73,796	0,055927
73,834	0,052745
73,872	0,049267
73,91	0,046396
73,948	0,043902
73,986	0,040912
74,024	0,03819
74,062	0,034804
74,1	0,033812
74,138	0,031877
74,176	0,029451
74,214	0,029254
74,252	0,030237
74,29	0,027177
74,328	0,024813
74,366	0,02396
74,404	0,020539
74,442	0,019352
74,48	0,021656
74,518	0,022444
74,556	0,02036
74,594	0,018411
74,632	0,017277
74,67	0,015242
74,708	0,015429
74,746	0,012346
74,784	0,010483
74,822	0,009568
74,86	0,009851
74,898	0,011358
74,936	0,011591
74,974	0,013553
75,012	0,012542
75,05	0,013701
75,088	0,012542
75,126	0,010836
75,164	0,013271
75,202	0,0107
75,24	0,004624
75,278	0,00244
75,316	0,001651
75,354	0,0014
75,392	0,001137
75,43	-0,000483
75,468	-0,000851
75,506	0,000442
75,544	-0,001188
75,582	-0,004014
75,62	-0,003755
75,658	-0,00346
75,696	-0,003589
75,734	-0,000536
75,772	-0,001509
75,81	-0,002464
75,848	-0,001615
75,886	0,0005
75,924	0,00191
75,962	0,000848
76	0,000086
76,038	-0,000826
76,076	-0,000441
76,114	0,00122
76,152	0,003171
76,19	0,005736
76,228	0,002603
76,266	0,002142
76,304	0,002272
76,342	0,00491
76,38	0,00652
76,418	0,006133
76,456	0,006075
76,494	0,005995
76,532	0,003287
76,57	0,00318
76,608	0,001639
76,646	0,001913
76,684	0,000626
76,722	-0,002101
76,76	-0,001893
76,798	-0,000503
76,836	0,00184
76,874	-0,002883
76,912	-0,001848
76,95	0,000432
76,988	0,001617
77,026	0,002665
77,064	0,003119
77,102	0,001168
77,14	0,00164
77,178	0,00216
77,216	0,00176
77,254	0,001641
77,292	0,002509
77,33	0,002268
77,368	0,0027
77,406	0,004811
77,444	0,002957
77,482	0,003637
77,52	0,002074
77,558	0,0027
77,596	0,002724
77,634	0,001493
77,672	0,003356
77,71	0,00415
77,748	0,003748
77,786	0,001479
77,824	0,002046
77,862	0,002566
77,9	0,0009
77,938	-0,000368
77,976	0,001632
78,014	0,000985
78,052	-0,000541
78,09	-0,001663
78,128	-0,004603
78,166	-0,0046
78,204	-0,003934
78,242	-0,000959
78,28	-0,002944
78,318	-0,001702
78,356	-0,00259
78,394	-0,002382
78,432	-0,000598
78,47	-0,001479
78,508	-0,000391
78,546	-0,00252
78,584	-0,003509
78,622	-0,004309
78,66	-0,005264
78,698	-0,002925
78,736	-0,003479
78,774	-0,001324
78,812	-0,000405
78,85	-0,001068
78,888	-0,002501
78,926	-0,002191
78,964	-0,000892
79,002	-0,000494
79,04	-0,000883
79,078	0,000543
79,116	0,004122
79,154	0,001635
79,192	0,001931
79,23	0,001475
79,268	-0,00132
79,306	-0,002263
79,344	0,003851
79,382	0,013256
79,42	0,022061
79,458	0,031811
79,496	0,038468
79,534	0,043635
79,572	0,05056
79,61	0,058289
79,648	0,057727
79,686	0,057622
79,724	0,056455
79,762	0,054846
79,8	0,052619
79,838	0,052541
79,876	0,049423
79,914	0,047813
79,952	0,045415
79,99	0,042659
80,028	0,03829
80,066	0,036082
80,104	0,033712
80,142	0,030708
80,18	0,028074
80,218	0,02238
80,256	0,0232
80,294	0,021094
80,332	0,018687
80,37	0,016318
80,408	0,01499
80,446	0,011925
80,484	0,011254
80,522	0,012753
80,56	0,011065
80,598	0,014491
80,636	0,014858
80,674	0,012609
80,712	0,011103
80,75	0,01116
80,788	0,015441
80,826	0,014923
80,864	0,0133
80,902	0,012129
80,94	0,01252
80,978	0,012867
81,016	0,012214
81,054	0,01205
81,092	0,011395
81,13	0,008569
81,168	0,010905
81,206	0,011666
81,244	0,011604
81,282	0,012268
81,32	0,008841
81,358	0,011659
81,396	0,008272
81,434	0,008483
81,472	0,009033
81,51	0,00873
81,548	0,007007
81,586	0,006602
81,624	0,006347
81,662	0,007453
81,7	0,008219
81,738	0,006311
81,776	0,006546
81,814	0,007572
81,852	0,008207
81,89	0,00598
81,928	0,002854
81,966	0,001222
82,004	0,002304
82,042	0,004579
82,08	0,001147
82,118	0,003125
82,156	0,005205
82,194	0,003845
82,232	0,003653
82,27	0,004179
82,308	0,005258
82,346	0,003863
82,384	0,003034
82,422	0,003683
82,46	0,000991
82,498	0,001706
82,536	-0,000886
82,574	0,001986
82,612	0,001869
82,65	-0,000071
82,688	0,001977
82,726	0,002115
82,764	0,001491
82,802	0,000073
82,84	0,001099
82,878	0,004962
82,916	0,002196
82,954	-0,000782
82,992	-0,002384
83,03	-0,004249
83,068	-0,005464
83,106	-0,006039
83,144	-0,006442
83,182	-0,006974
83,22	-0,006669
83,258	-0,004553
83,296	-0,005969
83,334	-0,005318
83,372	-0,006103
83,41	-0,006903
83,448	-0,003121
83,486	-0,00212
83,524	-0,0018
83,562	-0,002871
83,6	-0,002489
83,638	-0,005021
83,676	-0,003934
83,714	-0,00204
83,752	-0,001813
83,79	-0,003048
83,828	-0,003163
83,866	-0,007634
83,904	-0,00742
83,942	-0,006652
83,98	-0,005487
84,018	-0,003297
84,056	-0,002578
84,094	0,000357
84,132	-0,000309
84,17	0,000195
84,208	0,002213
84,246	0,000403
84,284	-0,002549
84,322	-0,005671
84,36	-0,004303
84,398	-0,002561
84,436	-0,002323
84,474	-0,001226
84,512	-0,001507
84,55	-0,000542
84,588	-0,000229
84,626	0,000391
84,664	-0,000301
84,702	-0,000263
84,74	-0,001628
84,778	-0,002358
84,816	-0,002189
84,854	-0,000152
84,892	-0,002124
84,93	-0,003741
84,968	-0,002361
85,006	-0,001161
85,044	0,001745
85,082	0,000807
85,12	0,002578
85,158	0,000804
85,196	-0,000297
85,234	0,000094
85,272	0,001887
85,31	0,002811
85,348	0,003586
85,386	0,0028
85,424	0,005816
85,462	0,010664
85,5	0,018303
85,538	0,025883
85,576	0,032294
85,614	0,038098
85,652	0,044939
85,69	0,048249
85,728	0,052326
85,766	0,054905
85,804	0,057389
85,842	0,055688
85,88	0,055514
85,918	0,056537
85,956	0,052296
85,994	0,05327
86,032	0,049029
86,07	0,046327
86,108	0,043841
86,146	0,038258
86,184	0,03605
86,222	0,032363
86,26	0,03111
86,298	0,029105
86,336	0,027705
86,374	0,028725
86,412	0,025365
86,45	0,022692
86,488	0,018159
86,526	0,016248
86,564	0,016591
86,602	0,011698
86,64	0,008705
86,678	0,008705
86,716	0,00784
86,754	0,004504
86,792	0,004792
86,83	0,00095
86,868	-0,000682
86,906	-0,002344
86,944	-0,00102
86,982	0,000132
87,02	0,002077
87,058	0,003192
87,096	0,003702
87,134	0,002234
87,172	-0,00009
87,21	-0,002108
87,248	-0,002396
87,286	-0,001882
87,324	-0,002929
87,362	-0,000716
87,4	0,004219
87,438	0,01532
87,476	0,022722
87,514	0,029561
87,552	0,038619
87,59	0,044157
87,628	0,049749
87,666	0,052798
87,704	0,051307
87,742	0,049699
87,78	0,047228
87,818	0,045467
87,856	0,0416
87,894	0,039883
87,932	0,042939
87,97	0,039524
88,008	0,038585
88,046	0,03815
88,084	0,035869
88,122	0,030869
88,16	0,03038
88,198	0,029363
88,236	0,030773
88,274	0,026182
88,312	0,023273
88,35	0,020678
88,388	0,020228
88,426	0,020154
88,464	0,020902
88,502	0,021419
88,54	0,023587
88,578	0,021847
88,616	0,016826
88,654	0,017313
88,692	0,017378
88,73	0,014638
88,768	0,01572
88,806	0,013164
88,844	0,01194
88,882	0,010739
88,92	0,012627
88,958	0,010718
88,996	0,008653
89,034	0,009447
89,072	0,004973
89,11	0,005892
89,148	0,006761
89,186	0,005723
89,224	0,008361
89,262	0,00932
89,3	0,007741
89,338	0,008067
89,376	0,007512
89,414	0,008854
89,452	0,010583
89,49	0,009194
89,528	0,008366
89,566	0,009756
89,604	0,009596
89,642	0,010629
89,68	0,008774
89,718	0,006875
89,756	0,004477
89,794	0,003514
89,832	0,00367
89,87	0,002399
89,908	0,002896
89,946	0,001018
89,984	0,004064
90,022	0,006177
90,06	0,00565
90,098	0,005614
90,136	0,004713
90,174	0,005216
90,212	0,005341
90,25	0,002821
90,288	0,000408
90,326	-0,001858
90,364	-0,000425
90,402	0,001639
90,44	-0,000205
90,478	-0,004033
90,516	-0,004303
90,554	-0,00418
90,592	-0,004334
90,63	-0,006028
90,668	-0,005821
90,706	-0,007689
90,744	-0,007244
90,782	-0,005307
90,82	-0,005325
90,858	-0,007561
90,896	-0,008634
90,934	-0,006088
90,972	-0,005096
91,01	-0,003647
91,048	-0,002676
91,086	-0,00229
91,124	0,000908
91,162	0,000498
91,2	0,002098
91,238	0,000549
91,276	0,000696
91,314	-0,001525
91,352	-0,001936
91,39	0,001026
91,428	0,002049
91,466	0,002406
91,504	0,003743
91,542	0,010794
91,58	0,0204
91,618	0,029289
91,656	0,03735
91,694	0,043765
91,732	0,049602
91,77	0,054451
91,808	0,05511
91,846	0,058382
91,884	0,06055
91,922	0,060544
91,96	0,059057
91,998	0,057732
92,036	0,058888
92,074	0,059046
92,112	0,057479
92,15	0,054311
92,188	0,052147
92,226	0,048806
92,264	0,041588
92,302	0,042578
92,34	0,040351
92,378	0,038048
92,416	0,034993
92,454	0,03132
92,492	0,030184
92,53	0,028825
92,568	0,02967
92,606	0,027728
92,644	0,025634
92,682	0,023973
92,72	0,020487
92,758	0,016879
92,796	0,016523
92,834	0,018027
92,872	0,019001
92,91	0,018958
92,948	0,017711
92,986	0,019564
93,024	0,019586
93,062	0,018881
93,1	0,020163
93,138	0,016526
93,176	0,015525
93,214	0,015129
93,252	0,014549
93,29	0,014689
93,328	0,015492
93,366	0,012465
93,404	0,01244
93,442	0,012911
93,48	0,01478
93,518	0,01601
93,556	0,01639
93,594	0,014248
93,632	0,013416
93,67	0,014411
93,708	0,014717
93,746	0,01311
93,784	0,011457
93,822	0,014187
93,86	0,014963
93,898	0,012604
93,936	0,013402
93,974	0,011512
94,012	0,012862
94,05	0,012939
94,088	0,011231
94,126	0,01242
94,164	0,010262
94,202	0,009571
94,24	0,00768
94,278	0,005993
94,316	0,005526
94,354	0,003105
94,392	0,002073
94,43	0,001789
94,468	-0,000546
94,506	-0,004356
94,544	-0,004267
94,582	0,000075
94,62	-0,00126
94,658	-0,000638
94,696	0,002693
94,734	0,00304
94,772	0,003416
94,81	0,004857
94,848	0,002164
94,886	0,002623
94,924	0,003241
94,962	0,002512
95	0,005773
95,038	0,007556
95,076	0,010162
95,114	0,009483
95,152	0,01197
95,19	0,021117
95,228	0,030377
95,266	0,040134
95,304	0,047444
95,342	0,053646
95,38	0,05699
95,418	0,060719
95,456	0,063742
95,494	0,064734
95,532	0,066494
95,57	0,067098
95,608	0,067275
95,646	0,065396
95,684	0,062732
95,722	0,061015
95,76	0,057694
95,798	0,054261
95,836	0,050671
95,874	0,047274
95,912	0,044949
95,95	0,044539
95,988	0,040209
96,026	0,03737
96,064	0,03609
96,102	0,035883
96,14	0,03364
96,178	0,033617
96,216	0,031954
96,254	0,031452
96,292	0,026578
96,33	0,024504
96,368	0,021465
96,406	0,018886
96,444	0,018007
96,482	0,017771
96,52	0,014226
96,558	0,016582
96,596	0,017806
96,634	0,017626
96,672	0,018008
96,71	0,019051
96,748	0,016224
96,786	0,016958
96,824	0,018287
96,862	0,018492
96,9	0,017681
96,938	0,018185
96,976	0,017813
97,014	0,016116
97,052	0,015119
97,09	0,015614
97,128	0,01483
97,166	0,015672
97,204	0,014152
97,242	0,014108
97,28	0,012556
97,318	0,011615
97,356	0,012394
97,394	0,012355
97,432	0,014391
97,47	0,012769
97,508	0,011791
97,546	0,012236
97,584	0,013117
97,622	0,018048
97,66	0,024957
97,698	0,034993
97,736	0,042748
97,774	0,052935
97,812	0,061462
97,85	0,065286
97,888	0,068047
97,926	0,068381
97,964	0,07103
98,002	0,075577
98,04	0,076333
98,078	0,072468
98,116	0,071585
98,154	0,068665
98,192	0,06691
98,23	0,063913
98,268	0,056175
98,306	0,052326
98,344	0,050281
98,382	0,050784
98,42	0,047255
98,458	0,046768
98,496	0,041999
98,534	0,038325
98,572	0,035349
98,61	0,030962
98,648	0,02922
98,686	0,031088
98,724	0,032137
98,762	0,029987
98,8	0,028069
98,838	0,025075
98,876	0,024133
98,914	0,019305
98,952	0,01784
98,99	0,012902
99,028	0,013165
99,066	0,010822
99,104	0,010361
99,142	0,0141
99,18	0,01339
99,218	0,011474
99,256	0,010902
99,294	0,014193
99,332	0,015525
99,37	0,014669
99,408	0,015208
99,446	0,013969
99,484	0,012928
99,522	0,010005
99,56	0,006028
99,598	0,003121
99,636	0,0033
99,674	0,00194
99,712	0,0013
99,75	-0,000108
99,788	0,000709
99,826	0,000517
99,864	0,000888
99,902	0,001178
99,94	0,000746
99,978	-0,000622
100,016	0,000112
100,054	-0,001934
100,092	-0,002859
100,13	-0,00347
100,168	-0,001808
100,206	-0,004755
100,244	-0,003516
100,282	-0,003252
100,32	-0,007331
100,358	-0,007411
100,396	-0,006867
100,434	-0,006336
100,472	-0,005157
100,51	-0,005264
100,548	-0,00737
100,586	-0,006722
100,624	-0,006779
100,662	-0,003002
100,7	-0,001463
100,738	-0,005406
100,776	-0,004665
100,814	-0,005815
100,852	-0,006196
100,89	-0,00448
100,928	-0,005655
100,966	-0,007697
101,004	-0,007907
101,042	-0,008922
101,08	-0,00702
101,118	-0,00692
101,156	-0,005866
101,194	-0,005174
101,232	-0,003188
101,27	-0,004322
101,308	-0,003421
101,346	-0,007971
101,384	-0,009839
101,422	-0,011509
101,46	-0,009605
101,498	-0,009536
101,536	-0,007619
101,574	-0,007608
101,612	-0,007767
101,65	-0,007961
101,688	-0,0088
101,726	-0,006462
101,764	-0,008439
101,802	-0,007212
101,84	-0,005513
101,878	-0,005759
101,916	-0,004258
101,954	-0,002362
101,992	-0,004523
102,03	-0,000053
102,068	0,00199
102,106	0,000221
102,144	0,002489
102,182	0,001143
102,22	0,001317
102,258	0,001658
102,296	0,003295
102,334	0,004484
102,372	0,005513
102,41	0,000726
102,448	-0,001289
102,486	-0,001562
102,524	-0,002413
102,562	-0,002177
102,6	-0,001574
102,638	-0,001595
102,676	0,001086
102,714	0,0015
102,752	0,000163
102,79	0,003256
102,828	0,003385
102,866	0,002199
102,904	-0,000294
102,942	-0,001855
102,98	0,001463
103,018	0,002334
103,056	-0,000821
103,094	0,000786
103,132	-0,000213
103,17	-0,00169
103,208	-0,003237
103,246	-0,002953
103,284	-0,002424
103,322	-0,001303
103,36	-0,002896
103,398	-0,002587
103,436	-0,001095
103,474	-0,001885
103,512	-0,004011
103,55	-0,001588
103,588	-0,000579
103,626	-0,000763
103,664	0,000426
103,702	0,00553
103,74	0,009832
103,778	0,019383
103,816	0,027473
103,854	0,035646
103,892	0,043844
103,93	0,050488
103,968	0,05456
104,006	0,055531
104,044	0,057417
104,082	0,057544
104,12	0,05755
104,158	0,056723
104,196	0,052688
104,234	0,05209
104,272	0,04904
104,31	0,046366
104,348	0,044827
104,386	0,047305
104,424	0,042604
104,462	0,041214
104,5	0,039164
104,538	0,038547
104,576	0,039505
104,614	0,038924
104,652	0,036271
104,69	0,035522
104,728	0,036136
104,766	0,034471
104,804	0,031829
104,842	0,024431
104,88	0,023521
104,918	0,02419
104,956	0,022682
104,994	0,020468
105,032	0,020253
105,07	0,02057
105,108	0,023312
105,146	0,023345
105,184	0,023288
105,222	0,022666
105,26	0,021977
105,298	0,021259
105,336	0,016253
105,374	0,01618
105,412	0,011838
105,45	0,011603
105,488	0,006842
105,526	0,003421
105,564	0,002419
105,602	0,001768
105,64	-0,00123
105,678	-0,000243
105,716	-0,000928
105,754	-0,00108
105,792	-0,000722
105,83	-0,002985
105,868	-0,001666
105,906	-0,001839
105,944	-0,001829
105,982	-0,003025
106,02	-0,003022
106,058	-0,003324
106,096	-0,003746
106,134	-0,001228
106,172	-0,001669
106,21	-0,000242
106,248	0,002466
106,286	0,005267
106,324	0,004992
106,362	0,004046
106,4	0,002243
106,438	0,003593
106,476	0,00032
106,514	0,000323
106,552	-0,002553
106,59	-0,004252
106,628	-0,004696
106,666	-0,004037
106,704	-0,004627
106,742	-0,005342
106,78	0,000063
106,818	0,001419
106,856	0,002831
106,894	0,00386
106,932	0,00448
106,97	0,005286
107,008	0,003627
107,046	0,003582
107,084	0,003704
107,122	0,00712
107,16	0,007578
107,198	0,008179
107,236	0,010607
107,274	0,012065
107,312	0,014768
107,35	0,014547
107,388	0,017743
107,426	0,020529
107,464	0,022321
107,502	0,024503
107,54	0,0245
107,578	0,022272
107,616	0,018981
107,654	0,018513
107,692	0,016183
107,73	0,014086
107,768	0,011919
107,806	0,010237
107,844	0,00781
107,882	0,006604
107,92	0,005394
107,958	0,005175
107,996	0,002073
108,034	0,001497
108,072	0,002801
108,11	0,004379
108,148	0,003979
108,186	0,001791
108,224	0,002707
108,262	0,006412
108,3	0,006861
108,338	0,00544
108,376	0,003034
108,414	0,003812
108,452	0,003335
108,49	0,006877
108,528	0,007479
108,566	0,008172
108,604	0,008077
108,642	0,005037
108,68	0,000833
108,718	0,002461
108,756	0,001644
108,794	0,001792
108,832	0,000984
108,87	0,001696
108,908	0,003925
108,946	0,005523
108,984	0,007905
109,022	0,00805
109,06	0,008427
109,098	0,008757
109,136	0,0058
109,174	0,007932
109,212	0,005693
109,25	0,003293
109,288	0,004026
109,326	0,00422
109,364	0,000267
109,402	0,003325
109,44	0,003753
109,478	-0,000399
109,516	0,000218
109,554	0,001544
109,592	0,00043
109,63	0,001769
109,668	0,004343
109,706	0,007461
109,744	0,007661
109,782	0,009303
109,82	0,015519
109,858	0,022772
109,896	0,03026
109,934	0,03673
109,972	0,045472
110,01	0,04782
110,048	0,04785
110,086	0,055865
110,124	0,058022
110,162	0,058135
110,2	0,057658
110,238	0,054986
110,276	0,052744
110,314	0,051725
110,352	0,047851
110,39	0,043382
110,428	0,039504
110,466	0,036266
110,504	0,033106
110,542	0,029293
110,58	0,028422
110,618	0,027005
110,656	0,027339
110,694	0,02342
110,732	0,023971
110,77	0,020189
110,808	0,017488
110,846	0,016519
110,884	0,012585
110,922	0,01161
110,96	0,013825
110,998	0,013692
111,036	0,011567
111,074	0,010561
111,112	0,009918
111,15	0,008428
111,188	0,006671
111,226	0,006674
111,264	0,006974
111,302	0,009093
111,34	0,008272
111,378	0,006095
111,416	0,005454
111,454	0,006989
111,492	0,005817
111,53	0,00424
111,568	0,001876
111,606	0,000161
111,644	0,000534
111,682	0,000549
111,72	-0,001087
111,758	-0,001822
111,796	-0,000755
111,834	-0,003026
111,872	-0,002744
111,91	-0,002146
111,948	-0,002104
111,986	-0,000387
112,024	-0,00221
112,062	-0,002016
112,1	-0,00158
112,138	-0,001569
112,176	-0,003427
112,214	-0,002224
112,252	0,001575
112,29	0,001663
112,328	0,000799
112,366	0,001219
112,404	0,001085
112,442	0,000943
112,48	0,003325
112,518	0,005133
112,556	0,006989
112,594	0,007951
112,632	0,005189
112,67	0,00261
112,708	0,002128
112,746	-0,001767
112,784	-0,005181
112,822	-0,003518
112,86	-0,002373
112,898	-0,003515
112,936	-0,003545
112,974	-0,001094
113,012	0,001395
113,05	0,000671
113,088	0,000487
113,126	-0,000047
113,164	0,002244
113,202	0,008003
113,24	0,016134
113,278	0,026051
113,316	0,032559
113,354	0,040857
113,392	0,046389
113,43	0,052383
113,468	0,058239
113,506	0,059236
113,544	0,062557
113,582	0,063062
113,62	0,060363
113,658	0,056922
113,696	0,054463
113,734	0,05269
113,772	0,046764
113,81	0,03911
113,848	0,039405
113,886	0,035578
113,924	0,032607
113,962	0,027636
114	0,024475
114,038	0,022188
114,076	0,020512
114,114	0,02023
114,152	0,022102
114,19	0,023241
114,228	0,023449
114,266	0,021459
114,304	0,020593
114,342	0,020939
114,38	0,01746
114,418	0,017783
114,456	0,016884
114,494	0,016836
114,532	0,017513
114,57	0,014001
114,608	0,013823
114,646	0,012832
114,684	0,014246
114,722	0,014725
114,76	0,011393
114,798	0,010523
114,836	0,010972
114,874	0,008939
114,912	0,00931
114,95	0,007809
114,988	0,005017
115,026	0,006486
115,064	0,00624
115,102	0,006829
115,14	0,006834
115,178	0,005593
115,216	0,006768
115,254	0,006803
115,292	0,009616
115,33	0,010555
115,368	0,004721
115,406	0,006618
115,444	0,006273
115,482	0,005094
115,52	0,005999
115,558	0,003322
115,596	0,000126
115,634	0,000439
115,672	-0,000345
115,71	-0,000156
115,748	0,000841
115,786	-0,001327
115,824	-0,000288
115,862	-0,003545
115,9	0,002303
115,938	0,007335
115,976	0,013488
116,014	0,019836
116,052	0,027988
116,09	0,03175
116,128	0,039057
116,166	0,043114
116,204	0,043895
116,242	0,042851
116,28	0,043564
116,318	0,042899
116,356	0,03689
116,394	0,035545
116,432	0,033784
116,47	0,032969
116,508	0,029786
116,546	0,02667
116,584	0,026142
116,622	0,026547
116,66	0,02582
116,698	0,024223
116,736	0,021146
116,774	0,01814
116,812	0,017164
116,85	0,014323
116,888	0,011642
116,926	0,012171
116,964	0,011265
117,002	0,010771
117,04	0,010731
117,078	0,009139
117,116	0,009593
117,154	0,006312
117,192	0,006514
117,23	0,00562
117,268	0,002826
117,306	0,001355
117,344	0,000114
117,382	0,000299
117,42	-0,000034
117,458	0,001286
117,496	0,00316
117,534	0,005969
117,572	0,00126
117,61	0,000397
117,648	-0,001849
117,686	-0,000824
117,724	-0,001612
117,762	-0,005723
117,8	-0,005302
117,838	-0,005636
117,876	-0,005227
117,914	-0,005547
117,952	-0,004628
117,99	-0,007324
118,028	-0,007159
118,066	-0,008229
118,104	-0,005957
118,142	-0,006041
118,18	-0,004846
118,218	-0,002631
118,256	-0,000101
118,294	0,001066
118,332	-0,003091
118,37	-0,003012
118,408	-0,003118
118,446	-0,001423
118,484	0,000262
118,522	-0,002713
118,56	-0,001328
118,598	-0,000577
118,636	-0,001325
118,674	0,000223
118,712	0,003112
118,75	0,002694
118,788	0,002753
118,826	0,000164
118,864	-0,000987
118,902	0,002448
118,94	0,003327
118,978	0,003501
119,016	0,003614
119,054	0,002244
119,092	0,00197
119,13	0,000516
119,168	-0,002371
119,206	-0,00222
119,244	-0,002427
119,282	-0,003763
119,32	-0,004094
119,358	-0,00324
119,396	-0,003982
119,434	-0,003323
119,472	-0,004811
119,51	-0,001589
119,548	-0,000566
119,586	0,004978
119,624	0,004394
119,662	0,005441
119,7	0,008998
119,738	0,008358
119,776	0,008929
119,814	0,011132
119,852	0,007208
119,89	0,007238
119,928	0,004411
119,966	0,006854
120,004	0,00871
120,042	0,006349
120,08	0,008717
120,118	0,006806
120,156	0,0066
120,194	0,006565
120,232	0,006959
120,27	0,005437
120,308	0,006143
120,346	0,006299
120,384	0,005669
120,422	0,005239
120,46	0,004735
120,498	0,001987
120,536	0,000393
120,574	-0,000116
120,612	-0,000316
120,65	0,001678
120,688	-0,000721
120,726	-0,00013
120,764	0,001539
120,802	0,000524
120,84	0,002498
120,878	0,005031
120,916	0,001483
120,954	-0,000119
120,992	0,000628
121,03	-0,000649
121,068	0,000892
121,106	0,000752
121,144	0,00055
121,182	0,001389
121,22	0,002523
121,258	0,002241
121,296	0,001223
121,334	0,002457
121,372	0,002408
121,41	-0,000682
121,448	-0,000752
121,486	-0,000874
121,524	0,002757
121,562	0,002404
121,6	0,000698
121,638	0,000465
121,676	0,001081
121,714	0,001241
121,752	-0,000104
121,79	-0,000588
121,828	0,001003
121,866	0,000793
121,904	-0,00047
121,942	-0,001578
121,98	0,00562
122,018	0,011035
122,056	0,021787
122,094	0,02914
122,132	0,035795
122,17	0,042575
122,208	0,051048
122,246	0,056298
122,284	0,060798
122,322	0,061842
122,36	0,061378
122,398	0,060231
122,436	0,055965
122,474	0,053832
122,512	0,051931
122,55	0,048157
122,588	0,045358
122,626	0,041339
122,664	0,038906
122,702	0,030717
122,74	0,030442
122,778	0,026833
122,816	0,024105
122,854	0,022936
122,892	0,021075
122,93	0,022131
122,968	0,022112
123,006	0,023842
123,044	0,024689
123,082	0,023645
123,12	0,022494
123,158	0,022636
123,196	0,022598
123,234	0,02165
123,272	0,021609
123,31	0,01946
123,348	0,016721
123,386	0,012443
123,424	0,011936
123,462	0,012259
123,5	0,01056
123,538	0,006756
123,576	0,005201
123,614	0,004217
123,652	0,006542
123,69	0,007465
123,728	0,007751
123,766	0,009144
123,804	0,006258
123,842	0,006644
123,88	0,004889
123,918	0,003174
123,956	0,001429
123,994	0,00249
124,032	0,001866
124,07	0,0029
124,108	0,006002
124,146	0,005339
124,184	0,00466
124,222	0,00696
124,26	0,006198
124,298	0,005481
124,336	0,005065
124,374	0,007774
124,412	0,004058
124,45	0,002641
124,488	0,001207
124,526	0,00375
124,564	0,001426
124,602	0,00044
124,64	0,002866
124,678	0,002724
124,716	0,00328
124,754	0,002505
124,792	0,002611
124,83	0,001284
124,868	0,002571
124,906	0,003821
124,944	0,002012
124,982	0,000771
125,02	0,001257
125,058	-0,001259
125,096	-0,002476
125,134	-0,001389
125,172	-0,001519
125,21	-0,004273
125,248	-0,003751
125,286	-0,006677
125,324	-0,00793
125,362	-0,008941
125,4	-0,00955
125,438	-0,00906
125,476	-0,009169
125,514	-0,00911
125,552	-0,007401
125,59	-0,008625
125,628	-0,008004
125,666	-0,006275
125,704	-0,005822
125,742	-0,006035
125,78	-0,007458
125,818	-0,009163
125,856	-0,009762
125,894	-0,006546
125,932	-0,006191
125,97	-0,004186
126,008	-0,00429
126,046	-0,004542
126,084	-0,004605
126,122	-0,005985
126,16	-0,006303
126,198	-0,004686
126,236	-0,003426
126,274	-0,001871
126,312	0,000479
126,35	0,001441
126,388	0,001075
126,426	0,001415
126,464	0,0002
126,502	0,001046
126,54	0,004283
126,578	0,005704
126,616	0,005029
126,654	0,00513
126,692	0,004747
126,73	0,004075
126,768	0,002369
126,806	0,000728
126,844	0,003139
126,882	0,005131
126,92	0,002623
126,958	0,00372
126,996	0,004418
127,034	0,004813
127,072	0,002262
127,11	0,001753
127,148	0,003994
127,186	0,002148
127,224	0,000697
127,262	0,003528
127,3	0,006524
127,338	0,004308
127,376	0,007191
127,414	0,00506
127,452	0,003261
127,49	0,003169
127,528	0,00489
127,566	0,009331
127,604	0,010608
127,642	0,01092
127,68	0,008447
127,718	0,011599
127,756	0,010659
127,794	0,009091
127,832	0,008683
127,87	0,009762
127,908	0,009625
127,946	0,0089
127,984	0,007066
128,022	0,007122
128,06	0,00775
128,098	0,016342
128,136	0,022973
128,174	0,030369
128,212	0,036832
128,25	0,044045
128,288	0,050994
128,326	0,055868
128,364	0,058936
128,402	0,060107
128,44	0,064596
128,478	0,065862
128,516	0,066693
128,554	0,063274
128,592	0,060683
128,63	0,060502
128,668	0,057098
128,706	0,053682
128,744	0,048835
128,782	0,04451
128,82	0,040707
128,858	0,038722
128,896	0,034818
128,934	0,031556
128,972	0,029945
129,01	0,026208
129,048	0,023699
129,086	0,023772
129,124	0,020241
129,162	0,019928
129,2	0,019313
129,238	0,018602
129,276	0,014186
129,314	0,012541
129,352	0,014486
129,39	0,01206
129,428	0,010446
129,466	0,005715
129,504	0,004319
129,542	0,004035
129,58	0,00243
129,618	0,004165
129,656	0,001718
129,694	0,001082
129,732	0,000967
129,77	-0,00086
129,808	0,000725
129,846	0,003019
129,884	0,000628
129,922	0,000068
129,96	0,00105
129,998	-0,000227
130,036	-0,001408
130,074	-0,001868
130,112	-0,00138
130,15	-0,000682
130,188	-0,000624
130,226	-0,000749
130,264	-0,001132
130,302	0,000084
130,34	0,000389
130,378	0,00045
130,416	-0,000487
130,454	0,001437
130,492	0,005265
130,53	0,00367
130,568	0,006927
130,606	0,007198
130,644	0,008002
130,682	0,007922
130,72	0,003815
130,758	0,006626
130,796	0,003633
130,834	0,00032
130,872	0,000587
130,91	0,001142
130,948	0,00207
130,986	0,001805
131,024	0,000547
131,062	0,003356
131,1	0,002589
131,138	0,001605
131,176	0,004065
131,214	0,003409
131,252	0,00271
131,29	0,000502
131,328	0,000971
131,366	0,001121
131,404	0,001643
131,442	0,001725
131,48	0,002415
131,518	0,003121
131,556	0,003329
131,594	0,004678
131,632	0,005594
131,67	0,004036
131,708	0,002638
131,746	-0,000238
131,784	-0,001246
131,822	0,00005
131,86	0,002279
131,898	0,002127
131,936	0,00032
131,974	-0,000581
132,012	-0,00136
132,05	-0,004494
132,088	-0,006015
132,126	-0,002575
132,164	-0,001005
132,202	-0,002685
132,24	-0,003799
132,278	-0,006188
132,316	-0,004811
132,354	-0,007401
132,392	-0,005946
132,43	-0,005905
132,468	-0,005266
132,506	-0,003864
132,544	-0,003359
132,582	-0,004268
132,62	-0,004774
132,658	-0,003326
132,696	-0,001303
132,734	0,001284
132,772	0,000388
132,81	-0,001109
132,848	-0,000574
132,886	0,002112
132,924	0,001979
132,962	0,004663
133	0,004239
133,038	0,004573
133,076	0,00553
133,114	0,00232
133,152	0,002454
133,19	0,005026
133,228	0,005591
133,266	0,004853
133,304	0,003565
133,342	0,006422
133,38	0,004465
133,418	0,007214
133,456	0,009326
133,494	0,010975
133,532	0,007458
133,57	0,006405
133,608	0,004699
133,646	0,004092
133,684	0,004134
133,722	0,003244
133,76	0,003051
133,798	0,005033
133,836	0,005483
133,874	0,005416
133,912	0,005612
133,95	0,004116
133,988	0,004394
134,026	0,004166
134,064	0,002049
134,102	0,002928
134,14	0,001102
134,178	0,010387
134,216	0,015876
134,254	0,024258
134,292	0,031712
134,33	0,037758
134,368	0,044328
134,406	0,050105
134,444	0,05523
134,482	0,056183
134,52	0,056689
134,558	0,057444
134,596	0,055136
134,634	0,055077
134,672	0,05434
134,71	0,055204
134,748	0,052361
134,786	0,050901
134,824	0,048423
134,862	0,044505
134,9	0,044648
134,938	0,041208
134,976	0,038384
135,014	0,037917
135,052	0,030742
135,09	0,031284
135,128	0,030242
135,166	0,028957
135,204	0,029586
135,242	0,030979
135,28	0,029351
135,318	0,027
135,356	0,02349
135,394	0,022466
135,432	0,022659
135,47	0,023254
135,508	0,020535
135,546	0,019762
135,584	0,021958
135,622	0,021776
135,66	0,019488
135,698	0,020061
135,736	0,017932
135,774	0,017793
135,812	0,018453
135,85	0,015421
135,888	0,015248
135,926	0,01413
135,964	0,012943
136,002	0,010451
136,04	0,009216
136,078	0,0096
136,116	0,008501
136,154	0,008376
136,192	0,006745
136,23	0,00627
136,268	0,004885
136,306	0,003527
136,344	0,001811
136,382	0,004156
136,42	0,005574
136,458	0,002472
136,496	0,00387
136,534	0,004394
136,572	0,003708
136,61	0,005438
136,648	0,001466
136,686	0,001588
136,724	0,002126
136,762	0,002961
136,8	0,002266
136,838	0,005941
136,876	0,004805
136,914	0,004807
136,952	0,004154
136,99	0,004955
137,028	0,00621
137,066	0,005398
137,104	0,005296
137,142	0,00609
137,18	0,00177
137,218	0,000725
137,256	-0,001932
137,294	0,000914
137,332	0,004873
137,37	0,000778
137,408	-0,000173
137,446	0,001349
137,484	0,00107
137,522	-0,003434
137,56	-0,003533
137,598	-0,004492
137,636	-0,004478
137,674	-0,002718
137,712	-0,003731
137,75	-0,004575
137,788	-0,006682
137,826	-0,007761
137,864	-0,006303
137,902	-0,003298
137,94	-0,004886
137,978	-0,006546
138,016	-0,007615
138,054	-0,004793
138,092	-0,003004
138,13	-0,005188
138,168	-0,005876
138,206	-0,003521
138,244	-0,002296
138,282	-0,003265
138,32	-0,002723
138,358	-0,00062
138,396	0,000897
138,434	-0,002529
138,472	-0,002822
138,51	-0,004251
138,548	-0,004094
138,586	-0,001622
138,624	-0,000159
138,662	0,001182
138,7	0,00546
138,738	0,010602
138,776	0,018138
138,814	0,025826
138,852	0,030085
138,89	0,033293
138,928	0,038601
138,966	0,042922
139,004	0,050155
139,042	0,050996
139,08	0,050479
139,118	0,052006
139,156	0,052366
139,194	0,049634
139,232	0,048277
139,27	0,04788
139,308	0,043874
139,346	0,03869
139,384	0,034517
139,422	0,036347
139,46	0,037021
139,498	0,032894
139,536	0,031919
139,574	0,030941
139,612	0,033516
139,65	0,031138
139,688	0,029715
139,726	0,027738
139,764	0,026708
139,802	0,022194
139,84	0,01864
139,878	0,02058
139,916	0,018681
139,954	0,021409
139,992	0,019044
140,03	0,019752
140,068	0,020988
140,106	0,020855
140,144	0,02131
140,182	0,021108
140,22	0,0213
140,258	0,026388
140,296	0,032817
140,334	0,040695
140,372	0,047156
140,41	0,054233
140,448	0,059423
140,486	0,065047
140,524	0,070064
140,562	0,071807
140,6	0,072827
140,638	0,07354
140,676	0,071893
140,714	0,069798
140,752	0,069717
140,79	0,069341
140,828	0,064846
140,866	0,057143
140,904	0,055503
140,942	0,051053
140,98	0,050427
141,018	0,047602
141,056	0,042796
141,094	0,039035
141,132	0,038334
141,17	0,036764
141,208	0,032706
141,246	0,03209
141,284	0,03267
141,322	0,028953
141,36	0,029073
141,398	0,028978
141,436	0,029024
141,474	0,028904
141,512	0,026862
141,55	0,026809
141,588	0,024328
141,626	0,024139
141,664	0,024392
141,702	0,023206
141,74	0,019331
141,778	0,016603
141,816	0,015366
141,854	0,013261
141,892	0,010864
141,93	0,00795
141,968	0,003965
142,006	0,002925
142,044	0,002777
142,082	0,001866
142,12	0,002256
142,158	0,001032
142,196	0,001189
142,234	0,00115
142,272	-0,001292
142,31	0,000102
142,348	0,001336
142,386	-0,000344
142,424	-0,002885
142,462	0,001209
142,5	0,002785
142,538	0,000339
142,576	-0,001321
142,614	0,000232
142,652	-0,002681
142,69	-0,003392
142,728	-0,003441
142,766	-0,00062
142,804	-0,000239
142,842	0,001333
142,88	0,005381
142,918	0,007069
142,956	0,008696
142,994	0,010475
143,032	0,010952
143,07	0,008145
143,108	0,007564
143,146	0,007133
143,184	0,005735
143,222	0,004937
143,26	0,001497
143,298	0,002644
143,336	0,002037
143,374	0,004545
143,412	0,004644
143,45	0,003684
143,488	0,004609
143,526	0,006913
143,564	0,008026
143,602	0,008659
143,64	0,007559
143,678	0,010797
143,716	0,008627
143,754	0,0085
143,792	0,008375
143,83	0,004222
143,868	0,00589
143,906	0,003526
143,944	0,005518
143,982	0,009441
144,02	0,010509
144,058	0,010261
144,096	0,008342
144,134	0,007956
144,172	0,00853
144,21	0,008338
144,248	0,006935
144,286	0,007956
144,324	0,006196
144,362	0,004674
144,4	0,005757
144,438	0,007724
144,476	0,009957
144,514	0,008912
144,552	0,008602
144,59	0,009753
144,628	0,006183
144,666	0,00706
144,704	0,00636
144,742	0,004313
144,78	0,004557
144,818	0,002601
144,856	0,001026
144,894	0,003466
144,932	0,00355
144,97	0,002302
145,008	0,003209
145,046	0,002023
145,084	0,000802
145,122	-0,002481
145,16	-0,000046
145,198	0,000413
145,236	0,003072
145,274	0,000931
145,312	-0,000142
145,35	0,001251
145,388	-0,001591
145,426	-0,001636
145,464	0,000169
145,502	0,000297
145,54	0,000172
145,578	-0,003132
145,616	-0,000237
145,654	-0,00173
145,692	-0,003111
145,73	-0,003711
145,768	-0,002812
145,806	-0,001791
145,844	0,000871
145,882	0,0011
145,92	0,002884
145,958	0,002407
145,996	0,005187
146,034	0,002007
146,072	0,001837
146,11	0,001549
146,148	0,003103
146,186	0,003482
146,224	0,004002
146,262	0,002453
146,3	0,001555
146,338	0,00019
146,376	0,004268
146,414	0,013881
146,452	0,021758
146,49	0,03072
146,528	0,036205
146,566	0,044009
146,604	0,048445
146,642	0,05067
146,68	0,04997
146,718	0,047253
146,756	0,046749
146,794	0,04426
146,832	0,04162
146,87	0,040198
146,908	0,038713
146,946	0,036299
146,984	0,035331
147,022	0,035719
147,06	0,034345
147,098	0,028516
147,136	0,027648
147,174	0,026128
147,212	0,024538
147,25	0,021904
147,288	0,021623
147,326	0,022175
147,364	0,021696
147,402	0,019986
147,44	0,019866
147,478	0,020439
147,516	0,021743
147,554	0,020677
147,592	0,018257
147,63	0,020613
147,668	0,019813
147,706	0,020046
147,744	0,018501
147,782	0,018362
147,82	0,018693
147,858	0,02136
147,896	0,019235
147,934	0,019442
147,972	0,018298
148,01	0,016748
148,048	0,01406
148,086	0,014134
148,124	0,012564
148,162	0,009611
148,2	0,009048
148,238	0,006862
148,276	0,005341
148,314	0,003389
148,352	0,002018
148,39	0,001622
148,428	0,000022
148,466	0,000814
148,504	-0,001171
148,542	0,002075
148,58	0,00422
148,618	0,004653
148,656	0,006123
148,694	0,005011
148,732	0,00201
148,77	0,000281
148,808	0,001371
148,846	0,002736
148,884	0,002343
148,922	0,005365
148,96	0,004762
148,998	0,005352
149,036	0,003896
149,074	0,004763
149,112	0,006527
149,15	0,004682
149,188	0,00581
149,226	0,003234
149,264	0,000672
149,302	-0,000153
149,34	0,001592
149,378	0,002745
149,416	0,006961
149,454	0,009241
149,492	0,008246
149,53	0,008004
149,568	0,009898
149,606	0,011981
149,644	0,010064
149,682	0,010484
149,72	0,010963
149,758	0,012363
149,796	0,010236
149,834	0,010443
149,872	0,00963
149,91	0,006899
149,948	0,007448
149,986	0,005494
150,024	0,002199
150,062	0,001751
150,1	0,000745
150,138	-0,001529
150,176	-0,001612
150,214	-0,00278
150,252	-0,002744
150,29	-0,003899
150,328	-0,003849
150,366	-0,001374
150,404	-0,003323
150,442	-0,002972
150,48	-0,00065
150,518	0,000625
150,556	-0,001365
150,594	-0,001518
150,632	-0,002254
150,67	-0,002197
150,708	0,000573
150,746	0,002322
150,784	0,001279
150,822	0,001552
150,86	-0,00047
150,898	-0,002332
150,936	-0,002653
150,974	0,00043
151,012	0,001271
151,05	0,000455
151,088	-0,000409
151,126	0,000566
151,164	0,002168
151,202	0,001062
151,24	0,002866
151,278	0,003785
151,316	0,004422
151,354	0,006348
151,392	0,006695
151,43	0,007552
151,468	0,007574
151,506	0,005473
151,544	0,004369
151,582	0,003796
151,62	0,000261
151,658	-0,000931
151,696	-0,003345
151,734	-0,003654
151,772	-0,002891
151,81	-0,003748
151,848	-0,005916
151,886	-0,00496
151,924	-0,003952
151,962	-0,003257
152	-0,003742
152,038	-0,000474
152,076	0,001327
152,114	0,001395
152,152	0,001777
152,19	0,000873
152,228	0,003481
152,266	0,005764
152,304	0,015426
152,342	0,023013
152,38	0,029441
152,418	0,037512
152,456	0,041851
152,494	0,048956
152,532	0,053433
152,57	0,055109
152,608	0,057939
152,646	0,058835
152,684	0,059245
152,722	0,059191
152,76	0,057268
152,798	0,053302
152,836	0,051147
152,874	0,045977
152,912	0,045005
152,95	0,045349
152,988	0,043219
153,026	0,041349
153,064	0,037469
153,102	0,036509
153,14	0,033471
153,178	0,030759
153,216	0,029931
153,254	0,031497
153,292	0,029697
153,33	0,029605
153,368	0,027218
153,406	0,026304
153,444	0,027187
153,482	0,024194
153,52	0,023493
153,558	0,023927
153,596	0,023619
153,634	0,024332
153,672	0,027147
153,71	0,026942
153,748	0,023047
153,786	0,021442
153,824	0,020881
153,862	0,021585
153,9	0,020015
153,938	0,020806
153,976	0,019777
154,014	0,021087
154,052	0,019992
154,09	0,020929
154,128	0,020853
154,166	0,020613
154,204	0,020393
154,242	0,018148
154,28	0,017975
154,318	0,01774
154,356	0,016854
154,394	0,01702
154,432	0,015832
154,47	0,015613
154,508	0,015952
154,546	0,014548
154,584	0,014219
154,622	0,012731
154,66	0,010176
154,698	0,009453
154,736	0,008229
154,774	0,007958
154,812	0,009014
154,85	0,009281
154,888	0,010172
154,926	0,008766
154,964	0,008196
155,002	0,006491
155,04	0,008065
155,078	0,006725
155,116	0,008961
155,154	0,005727
155,192	0,005705
155,23	0,008113
155,268	0,01059
155,306	0,008619
155,344	0,008567
155,382	0,010535
155,42	0,008123
155,458	0,006659
155,496	0,00661
155,534	0,007465
155,572	0,00323
155,61	0,002257
155,648	0,001308
155,686	0,003427
155,724	0,001613
155,762	0,00223
155,8	0,002649
155,838	0,001625
155,876	-0,000298
155,914	-0,001603
155,952	0,0011
155,99	0,001185
156,028	0,002238
156,066	0,003536
156,104	0,003468
156,142	-0,000082
156,18	0,000174
156,218	0,002515
156,256	0,003395
156,294	-0,000488
156,332	0,00308
156,37	0,004197
156,408	0,005634
156,446	0,005681
156,484	0,007688
156,522	0,005456
156,56	0,005842
156,598	0,005672
156,636	0,002937
156,674	0,001548
156,712	-0,001234
156,75	-0,000421
156,788	0,000839
156,826	-0,001532
156,864	-0,003969
156,902	-0,003553
156,94	-0,004533
156,978	-0,003995
157,016	-0,002183
157,054	0,000148
157,092	-0,000542
157,13	-0,000846
157,168	-0,001612
157,206	-0,000365
157,244	-0,001374
157,282	-0,002351
157,32	-0,003811
157,358	-0,002245
157,396	0,000636
157,434	0,003155
157,472	0,004917
157,51	0,006325
157,548	0,006451
157,586	0,006526
157,624	0,004605
157,662	0,00682
157,7	0,006263
157,738	0,007972
157,776	0,007219
157,814	0,007728
157,852	0,008679
157,89	0,010308
157,928	0,009893
157,966	0,007473
158,004	0,003588
158,042	-0,000652
158,08	0,000225
158,118	0,00049
158,156	0,00449
158,194	0,005629
158,232	0,003933
158,27	0,005049
158,308	0,003194
158,346	0,00196
158,384	0,000672
158,422	0,003546
158,46	0,005458
158,498	0,009296
158,536	0,016364
158,574	0,02546
158,612	0,035063
158,65	0,042775
158,688	0,051634
158,726	0,058616
158,764	0,063415
158,802	0,063731
158,84	0,066537
158,878	0,070975
158,916	0,068881
158,954	0,067866
158,992	0,067906
159,03	0,067697
159,068	0,068427
159,106	0,065326
159,144	0,065682
159,182	0,062496
159,22	0,06157
159,258	0,058649
159,296	0,053984
159,334	0,048754
159,372	0,047415
159,41	0,0437
159,448	0,040805
159,486	0,042839
159,524	0,038772
159,562	0,037183
159,6	0,032496
159,638	0,034146
159,676	0,034413
159,714	0,03223
159,752	0,031797
159,79	0,030179
159,828	0,028751
159,866	0,028809
159,904	0,026251
159,942	0,028607
159,98	0,026578
160,018	0,023459
160,056	0,022777
160,094	0,02608
160,132	0,025583
160,17	0,022387
160,208	0,020658
160,246	0,017425
160,284	0,015416
160,322	0,015168
160,36	0,012875
160,398	0,012974
160,436	0,01189
160,474	0,012093
160,512	0,013296
160,55	0,013781
160,588	0,013491
160,626	0,013366
160,664	0,01383
160,702	0,01339
160,74	0,012921
160,778	0,012133
160,816	0,011221
160,854	0,009242
160,892	0,012676
160,93	0,011563
160,968	0,009553
161,006	0,009286
161,044	0,007216
161,082	0,005755
161,12	-0,000353
161,158	0,001111
161,196	0,000791
161,234	0,003492
161,272	0,003691
161,31	0,007598
161,348	0,009896
161,386	0,009389
161,424	0,0084
161,462	0,009496
161,5	0,007056
161,538	0,005677
161,576	0,004503
161,614	0,002471
161,652	0,001452
161,69	0,001104
161,728	-0,000793
161,766	-0,001551
161,804	-0,002302
161,842	-0,001322
161,88	-0,001441
161,918	-0,001194
161,956	-0,000601
161,994	-0,003456
162,032	-0,002295
162,07	0,00118
162,108	0,000438
162,146	-0,00068
162,184	0,0012
162,222	0,001219
162,26	0,002677
162,298	0,001783
162,336	0,003671
162,374	0,002396
162,412	0,002894
162,45	0,005734
162,488	0,001657
162,526	0,002523
162,564	0,003851
162,602	0,000883
162,64	0,002047
162,678	0,001861
162,716	-0,000304
162,754	0,00028
162,792	0,0009
162,83	-0,001913
162,868	-0,00042
162,906	-0,003278
162,944	-0,008772
162,982	-0,006286
163,02	-0,006509
163,058	-0,009134
163,096	-0,006492
163,134	-0,003377
163,172	-0,005982
163,21	-0,007555
163,248	-0,006917
163,286	-0,001964
163,324	0,000592
163,362	-0,000665
163,4	0,000429
163,438	0,002144
163,476	0,00426
163,514	0,002254
163,552	0,001624
163,59	0,001747
163,628	0,002839
163,666	-0,001162
163,704	-0,002823
163,742	-0,000298
163,78	-0,00331
163,818	-0,003561
163,856	-0,005035
163,894	-0,008124
163,932	-0,0096
163,97	-0,009776
164,008	-0,008757
164,046	-0,007831
164,084	-0,005991
164,122	-0,005018
164,16	-0,004514
164,198	-0,005058
164,236	-0,007083
164,274	-0,006923
164,312	-0,007646
164,35	-0,009282
164,388	-0,011771
164,426	-0,008741
164,464	-0,00791
164,502	-0,006207
164,54	-0,005889
164,578	-0,005407
164,616	-0,000733
164,654	0,009062
164,692	0,016983
164,73	0,024056
164,768	0,031326
164,806	0,039829
164,844	0,045177
164,882	0,049135
164,92	0,051331
164,958	0,052861
164,996	0,049272
165,034	0,048006
165,072	0,046508
165,11	0,044586
165,148	0,042018
165,186	0,039389
165,224	0,03594
165,262	0,034148
165,3	0,035568
165,338	0,034217
165,376	0,031049
165,414	0,027331
165,452	0,0252
165,49	0,023903
165,528	0,02521
165,566	0,026104
165,604	0,024469
165,642	0,02213
165,68	0,022341
165,718	0,022008
165,756	0,02279
165,794	0,022924
165,832	0,024141
165,87	0,021359
165,908	0,021251
165,946	0,020828
165,984	0,020673
166,022	0,02044
166,06	0,019596
166,098	0,019064
166,136	0,017744
166,174	0,021549
166,212	0,020818
166,25	0,020311
166,288	0,019513
166,326	0,018108
166,364	0,016837
166,402	0,016222
166,44	0,016311
166,478	0,014525
166,516	0,012482
166,554	0,012706
166,592	0,013219
166,63	0,015402
166,668	0,017124
166,706	0,014137
166,744	0,014604
166,782	0,014153
166,82	0,012301
166,858	0,013323
166,896	0,014722
166,934	0,012902
166,972	0,01356
167,01	0,012491
167,048	0,012384
167,086	0,014052
167,124	0,011041
167,162	0,011212
167,2	0,01249
167,238	0,009746
167,276	0,01035
167,314	0,012226
167,352	0,012468
167,39	0,011297
167,428	0,008886
167,466	0,007145
167,504	0,006865
167,542	0,008026
167,58	0,007244
167,618	0,007125
167,656	0,007333
167,694	0,007607
167,732	0,005945
167,77	0,005812
167,808	0,005137
167,846	0,005371
167,884	0,00958
167,922	0,007485
167,96	0,006479
167,998	0,004217
168,036	0,00414
168,074	0,003309
168,112	0,001971
168,15	0,006079
168,188	0,008129
168,226	0,007907
168,264	0,009295
168,302	0,009478
168,34	0,008411
168,378	0,004001
168,416	0,003123
168,454	0,002591
168,492	0,004176
168,53	0,003262
168,568	0,005901
168,606	0,005255
168,644	0,002804
168,682	0,002358
168,72	0,001487
168,758	-0,000209
168,796	-0,001999
168,834	-0,00301
168,872	-0,004713
168,91	-0,001113
168,948	-0,000859
168,986	-0,002585
169,024	-0,00565
169,062	-0,006064
169,1	-0,003986
169,138	-0,002729
169,176	-0,001448
169,214	0,003939
169,252	0,004237
169,29	0,00216
169,328	0,003561
169,366	0,005098
169,404	0,004386
169,442	0,003306
169,48	0,003945
169,518	0,005957
169,556	0,004456
169,594	0,005311
169,632	0,004301
169,67	0,00454
169,708	0,005136
169,746	0,002477
169,784	0,004261
169,822	0,007039
169,86	0,00653
169,898	0,003842
169,936	0,001194
169,974	0,002709
170,012	0,005992
170,05	0,005081
170,088	0,005173
170,126	0,00889
170,164	0,011476
170,202	0,010575
170,24	0,010721
170,278	0,011167
170,316	0,011677
170,354	0,010398
170,392	0,012343
170,43	0,009688
170,468	0,008764
170,506	0,00855
170,544	0,006147
170,582	0,003545
170,62	0,005329
170,658	0,005241
170,696	0,008192
170,734	0,016821
170,772	0,025336
170,81	0,033864
170,848	0,040132
170,886	0,044417
170,924	0,050242
170,962	0,054775
171	0,056097
171,038	0,057719
171,076	0,055789
171,114	0,057762
171,152	0,057467
171,19	0,057586
171,228	0,05414
171,266	0,0517
171,304	0,050179
171,342	0,050356
171,38	0,048572
171,418	0,043662
171,456	0,040187
171,494	0,038654
171,532	0,036635
171,57	0,035236
171,608	0,031786
171,646	0,029269
171,684	0,02762
171,722	0,026482
171,76	0,024398
171,798	0,023666
171,836	0,020032
171,874	0,020971
171,912	0,018857
171,95	0,016486
171,988	0,014994
172,026	0,012132
172,064	0,012703
172,102	0,013891
172,14	0,010998
172,178	0,008646
172,216	0,008943
172,254	0,008393
172,292	0,008551
172,33	0,008432
172,368	0,006629
172,406	0,009496
172,444	0,007173
172,482	0,009356
172,52	0,012847
172,558	0,01304
172,596	0,010074
172,634	0,010774
172,672	0,010063
172,71	0,009117
172,748	0,007435
172,786	0,005602
172,824	0,004345
172,862	0,001705
172,9	-0,00035
172,938	-0,00163
172,976	-0,004667
173,014	-0,002565
173,052	-0,00416
173,09	-0,00308
173,128	-0,000829
173,166	0,002822
173,204	0,003895
173,242	0,004488
173,28	0,0055
173,318	0,007287
173,356	0,004503
173,394	0,003102
173,432	0,00466
173,47	0,006765
173,508	0,006963
173,546	0,006287
173,584	0,0043
173,622	0,005309
173,66	0,007917
173,698	0,004015
173,736	0,003128
173,774	-0,000768
173,812	-0,000266
173,85	-0,000222
173,888	-0,002083
173,926	-0,003022
173,964	-0,007845
174,002	-0,007478
174,04	-0,0053
174,078	-0,004456
174,116	-0,004375
174,154	-0,001144
174,192	-0,000225
174,23	0,001118
174,268	0,004012
174,306	0,005237
174,344	0,002681
174,382	0,002071
174,42	0,002258
174,458	0,001695
174,496	0,000922
174,534	-0,001298
174,572	-0,001696
174,61	0,000048
174,648	-0,000976
174,686	0,001805
174,724	0,002261
174,762	0,002362
174,8	0,001462
174,838	0,00116
174,876	-0,000391
174,914	-0,003592
174,952	-0,004892
174,99	-0,002206
175,028	-0,004583
175,066	-0,003903
175,104	-0,002876
175,142	-0,001423
175,18	-0,00105
175,218	0,000043
175,256	0,000596
175,294	0,003062
175,332	0,004431
175,37	0,005347
175,408	0,006
175,446	0,008025
175,484	0,007121
175,522	0,004787
175,56	0,007319
175,598	0,009011
175,636	0,008944
175,674	0,009437
175,712	0,010174
175,75	0,012745
175,788	0,009077
175,826	0,009915
175,864	0,008976
175,902	0,008363
175,94	0,006062
175,978	0,00389
176,016	0,005917
176,054	0,005712
176,092	0,004638
176,13	0,002389
176,168	-0,001918
176,206	-0,001946
176,244	-0,008231
176,282	-0,005368
176,32	-0,003208
176,358	-0,002611
176,396	-0,003209
176,434	-0,002913
176,472	0,001069
176,51	-0,001539
176,548	-0,00197
176,586	0,000084
176,624	0,000479
176,662	-0,000565
176,7	-0,000026
176,738	-0,00239
176,776	0,001456
176,814	0,006936
176,852	0,016546
176,89	0,019459
176,928	0,025896
176,966	0,03245
177,004	0,037455
177,042	0,04289
177,08	0,03992
177,118	0,041896
177,156	0,045118
177,194	0,048414
177,232	0,048711
177,27	0,048303
177,308	0,045056
177,346	0,043289
177,384	0,044662
177,422	0,044346
177,46	0,044278
177,498	0,037541
177,536	0,033885
177,574	0,0321
177,612	0,029875
177,65	0,027948
177,688	0,028185
177,726	0,025443
177,764	0,024982
177,802	0,021317
177,84	0,019932
177,878	0,018767
177,916	0,017144
177,954	0,01521
177,992	0,015989
178,03	0,013304
178,068	0,011175
178,106	0,009008
178,144	0,009661
178,182	0,013059
178,22	0,008525
178,258	0,01014
178,296	0,010522
178,334	0,009492
178,372	0,008574
178,41	0,00839
178,448	0,005863
178,486	0,005328
178,524	0,009132
178,562	0,009044
178,6	0,006074
178,638	0,006517
178,676	0,004737
178,714	0,00715
178,752	0,007119
178,79	0,007277
178,828	0,007728
178,866	0,011325
178,904	0,010675
178,942	0,011965
178,98	0,011117
179,018	0,01014
179,056	0,010772
179,094	0,010062
179,132	0,009202
179,17	0,009087
179,208	0,010888
179,246	0,011944
179,284	0,010766
179,322	0,012032
179,36	0,010178
179,398	0,008166
179,436	0,007251
179,474	0,004421
179,512	0,005971
179,55	0,007326
179,588	0,006991
179,626	0,009095
179,664	0,008131
179,702	0,00634
179,74	0,009564
179,778	0,009148
179,816	0,008704
179,854	0,01038
179,892	0,00969
179,93	0,007479
179,968	0,004145
180,006	0,005173
180,044	0,005866
180,082	0,003484
180,12	0,000788
180,158	0,002573
180,196	-0,000199
180,234	-0,000471
180,272	-0,001448
180,31	0,000994
180,348	0,003313
180,386	0,003545
180,424	0,001252
180,462	0,003905
180,5	0,005686
180,538	0,003109
180,576	0,00038
180,614	0,001285
180,652	0,00292
180,69	0,003339
180,728	0,002616
180,766	0,005724
180,804	0,009321
180,842	0,007265
180,88	0,005861
180,918	0,005587
180,956	0,003948
180,994	0,001862
181,032	0,000781
181,07	0,000513
181,108	-0,002337
181,146	0,001167
181,184	-0,000938
181,222	-0,003778
181,26	-0,005198
181,298	-0,005046
181,336	-0,004895
181,374	-0,004564
181,412	-0,004971
181,45	-0,00562
181,488	-0,001662
181,526	-0,001068
181,564	0,000204
181,602	0,000713
181,64	-0,002921
181,678	-0,001825
181,716	-0,001278
181,754	-0,004596
181,792	-0,005172
181,83	-0,003802
181,868	-0,003628
181,906	-0,003192
181,944	-0,003221
181,982	-0,003022
182,02	-0,004303
182,058	-0,002811
182,096	-0,000577
182,134	0,003345
182,172	0,002242
182,21	0,00283
182,248	0,002622
182,286	0,00034
182,324	0,000359
182,362	-0,002105
182,4	0,000693
182,438	0,000047
182,476	-0,004022
182,514	-0,000564
182,552	-0,002195
182,59	0,002481
182,628	0,004027
182,666	0,002255
182,704	0,003126
182,742	0,005117
182,78	0,006979
182,818	0,003977
182,856	0,006966
182,894	0,012239
182,932	0,023246
182,97	0,027952
183,008	0,035612
183,046	0,042804
183,084	0,045724
183,122	0,050321
183,16	0,054388
183,198	0,056847
183,236	0,056461
183,274	0,059649
183,312	0,060599
183,35	0,060385
183,388	0,060486
183,426	0,060807
183,464	0,056954
183,502	0,055759
183,54	0,053193
183,578	0,052265
183,616	0,049647
183,654	0,047551
183,692	0,04376
183,73	0,038929
183,768	0,036832
183,806	0,031755
183,844	0,029157
183,882	0,027765
183,92	0,025513
183,958	0,024566
183,996	0,021475
184,034	0,019742
184,072	0,018674
184,11	0,018343
184,148	0,017088
184,186	0,016232
184,224	0,013717
184,262	0,016397
184,3	0,014932
184,338	0,012304
184,376	0,012577
184,414	0,009209
184,452	0,007615
184,49	0,006799
184,528	0,009446
184,566	0,010306
184,604	0,01003
184,642	0,008079
184,68	0,009758
