1	42.955
2	44.318
3	44.045
4	43.659
5	43.477
6	43.955
7	46.045
8	48.705
9	49.682
10	52.5
11	51.091
12	53.591
13	52.614
14	55.659
15	53.705
16	56.182
17	56.909
18	56.409
19	57.636
20	55.955
21	57.455
22	56.568
23	57.705
24	56.432
25	56.091
26	56.568
27	57.114
28	57.205
29	56.295
30	55.205
31	55.227
32	55.341
33	53.841
34	54.523
35	54.955
36	54.932
37	54
38	52.568
39	53.864
40	52.227
41	53.386
42	53.455
43	52.841
44	52.523
45	53.25
46	52.659
47	50.545
48	52.068
49	53.364
50	51.727
51	50.568
52	50.932
53	51.5
54	51.545
55	52.091
56	52.591
57	50.886
58	50.136
59	51.136
60	49.114
61	51.273
62	50.932
63	48.295
64	47.932
65	48.795
66	48.909
67	48.909
68	48.591
69	48.841
70	47.932
71	48.068
72	46.682
73	48.295
74	47.977
75	48.023
76	48.886
77	48.25
78	48.568
79	47.795
80	49.977
81	48.273
82	47.295
83	48
84	47.773
85	48.5
86	47.159
87	47.477
88	48.591
89	47.886
90	45.977
91	47.659
92	46.682
93	47.25
94	47.682
95	46.591
96	46.636
97	46.068
98	46.886
99	47.136
100	46
101	46.068
102	48.432
103	47.295
104	45.955
105	46.705
106	45.955
107	46.409
108	46.091
109	46.864
110	46.045
111	45.818
112	44.818
113	47.364
114	44.659
115	45.568
116	45.545
117	45.159
118	45.818
119	45.068
120	45.227
121	44.773
122	45.864
123	45.045
124	46.568
125	44.932
126	44.909
127	46.068
128	44.659
129	45.432
130	45.977
131	44.886
132	44.977
133	45.75
134	45.659
135	45.818
136	45.795
137	43.886
138	44.5
139	44.795
140	45.341
141	44.295
142	45.068
143	44.818
144	44.455
145	45.295
146	44.25
147	45.25
148	43.5
149	43.523
150	44.795
151	44.909
152	43.023
153	44.455
154	44.523
155	44.568
156	43.568
157	45.75
158	44.682
159	45.568
160	44.432
161	45.227
162	44.318
163	43.386
164	44.636
165	44.455
166	45.455
167	45.614
168	44.705
169	44.432
170	42.955
171	44.636
172	44.773
173	45.568
174	44.795
175	44.159
176	44.614
177	45.705
178	44
179	46.023
180	44.432
181	45.045
182	45.182
183	44.727
184	45.659
185	46.318
186	48.932
187	50.273
188	50.295
189	52.773
190	52.091
191	55.25
192	54.886
193	55.682
194	55.455
195	56.795
196	56.477
197	56.841
198	57.705
199	56.591
200	55.5
201	57
202	56.636
203	56.545
204	57.659
205	55.477
206	55.682
207	56.227
208	54.5
209	58.068
210	56.273
211	56.295
212	56.25
213	54.886
214	54.636
215	55.227
216	54.477
217	53.773
218	53.409
219	53.932
220	53.273
221	53.932
222	52.75
223	53.341
224	53.114
225	52.455
226	53.386
227	52.364
228	52.114
229	50.659
230	51.841
231	52.886
232	52.091
233	52.159
234	51.773
235	51.273
236	50.273
237	50.068
238	51.114
239	50.932
240	49.864
241	50.932
242	51.273
243	49.432
244	50.568
245	46.932
246	50.705
247	50.841
248	49.636
249	50.068
250	49.955
251	50.091
252	49.977
253	48.432
254	50.318
255	49.682
256	49.773
257	48.705
258	49.795
259	48.818
260	48.091
261	47.932
262	48.045
263	48.705
264	48.091
265	47.682
266	47.636
267	47.591
268	46.977
269	48.523
270	46.659
271	48.364
272	47.523
273	45.705
274	47.523
275	47.636
276	48.727
277	47.25
278	47.205
279	48.273
280	48.159
281	47.045
282	46.886
283	46.932
284	47.295
285	46.909
286	47.114
287	46.773
288	47.477
289	45.705
290	46.545
291	47.364
292	45.955
293	47.409
294	46.25
295	47.614
296	47.386
297	46.318
298	45.364
299	44.773
300	46.136
301	47.273
302	45.205
303	45.114
304	44.25
305	46.227
306	44.682
307	45.773
308	44.545
309	44.705
310	46.182
311	45.159
312	45.136
313	46.705
314	45.386
315	45.864
316	45.568
317	45.205
318	46.432
319	44.364
320	45.591
321	43.932
322	44.409
323	45.568
324	44.705
325	45.364
326	45.159
327	45.091
328	44.409
329	44.727
330	44.932
331	44.818
332	45.455
333	44.773
334	45.182
335	44.114
336	44.636
337	45.614
338	45.977
339	45.182
340	45.545
341	44.795
342	44.5
343	44.75
344	44.636
345	43.045
346	45.5
347	43.295
348	44.386
349	45.5
350	44.409
351	45.045
352	44.591
353	44.409
354	45.159
355	43.864
356	43.909
357	43.886
358	43.977
359	44.909
360	43.795
361	45.227
362	43.659
363	43.295
364	43.455
365	45.091
366	43.932
367	44.295
368	44.295
369	43.25
370	43.727
371	44.841
372	44
373	45.318
374	44.364
375	45.023
376	44.636
377	43.159
378	44.273
379	45.023
380	45.455
381	43.545
382	44.273
383	44.25
384	44.409
385	44.25
386	44.432
387	43.386
388	43.273
389	43.773
390	44.341
391	43.364
392	43.705
393	43.182
394	43.409
395	43.205
396	42.705
397	43.977
398	44.364
399	42.75
400	44.091
401	44
402	43.023
403	43.636
404	43.841
405	43.25
406	45.432
407	42.932
408	43.614
409	41.977
410	44.136
411	43.932
412	45.545
413	43
414	43.455
415	44.614
416	43.864
417	43.614
418	42.818
419	41.955
420	44.773
421	44.864
422	42.614
423	44.273
424	43.455
425	42.205
426	43.045
427	44
428	43.114
429	42.614
430	42.568
431	43.932
432	42.909
433	43.25
434	43.773
435	43.341
436	42.455
437	42.75
438	44.068
439	43.727
440	44.727
441	43.205
442	43.727
443	42.886
444	43.5
445	43.568
446	42.386
447	43.455
448	42.318
449	43.023
450	42.364
451	43.75
452	42.477
453	43
454	43.682
455	42.523
456	42.182
457	41.182
458	43.364
459	43
460	41.659
461	41.818
462	43.25
463	42.705
464	42.341
465	41.364
466	42.136
467	42.659
468	42.591
469	42.864
470	42.545
471	42.318
472	42
473	41.455
474	42.114
475	42.045
476	43.386
477	44.432
478	41.523
479	43.75
480	42.705
481	43.364
482	43.523
483	43
484	41.432
485	42.477
486	42.841
487	43.114
488	41.727
489	42.023
490	41.159
491	43.114
492	42.841
493	43.545
494	43.25
495	43.841
496	42
497	42
498	43.045
499	42.682
500	43.864
501	43.568
502	42.182
503	42.886
504	42.318
505	42.818
506	44.273
507	42.682
508	43.091
509	42.886
510	43.25
511	43.705
512	42.273
513	43.705
514	42.955
515	41.727
516	42.432
517	43.909
518	42.5
519	43.795
520	42.5
521	43.386
522	41.682
523	42.909
524	42.977
525	43.705
526	42.818
527	42.795
528	41.614
529	43.023
530	44.364
531	42.909
532	44.25
533	41.568
534	42.955
535	41.318
536	42.295
537	43.614
538	43.432
539	44.25
540	43.273
541	42.977
542	42.636
543	44.068
544	43.977
545	42.818
546	42.841
547	44.773
548	43.409
549	43.318
550	42.864
551	42.205
552	43
553	42.932
554	42.318
555	43.205
556	43.705
557	42.318
558	41.864
559	43.909
560	44.136
561	43.25
562	44.023
563	41.25
564	42.364
565	42.932
566	42.955
567	43.545
568	42.432
569	43.545
570	42.818
571	44.045
572	43
573	43.068
574	43.068
575	43.273
576	43.614
577	43.545
578	43.614
579	43.5
580	44.114
581	42.568
582	43.477
583	43.091
584	42.455
585	44.068
586	42.864
587	43.023
588	43.227
589	42.295
590	43.636
591	44.136
592	44.318
593	42.886
594	43.091
595	43.318
596	42.864
597	42.955
598	41.773
599	43.318
600	43.568
601	42.455
602	44.114
603	42.864
604	43.523
605	43.182
606	44.091
607	43.386
608	42.523
609	43.5
610	43.25
611	43.409
612	42.5
613	44.432
614	41.955
615	43.705
616	42.068
617	42.432
618	43.409
619	42.773
620	43.705
621	42.545
622	42.205
623	44.273
624	45.136
625	47.068
626	49.318
627	50.205
628	51.477
629	52.023
630	52.977
631	53.75
632	53.795
633	54.295
634	55.682
635	54.818
636	54.932
637	54.727
638	54.75
639	55.682
640	55.5
641	54
642	55.523
643	54.227
644	54.909
645	55.386
646	55.273
647	53.977
648	54.568
649	54.023
650	54.045
651	54.682
652	54.659
653	53.386
654	52.318
655	54.477
656	53.636
657	52.045
658	51.386
659	53.364
660	51.795
661	51.932
662	51.636
663	51.091
664	51.318
665	51.682
666	51.227
667	51.341
668	52.023
669	49.182
670	51.682
671	49.795
672	49.909
673	49.886
674	48.864
675	50.045
676	49.182
677	48.795
678	48.545
679	49.864
680	49.318
681	49.705
682	47.977
683	48.932
684	48.455
685	49.091
686	48.273
687	48.409
688	47.886
689	48.955
690	48.841
691	46.909
692	48.386
693	46.455
694	48.386
695	47.455
696	47.341
697	46.5
698	46.977
699	47.75
700	46.386
701	47.023
702	46.614
703	46.886
704	46.091
705	45.886
706	46.682
707	46.955
708	47.114
709	47.386
710	46.455
711	45.318
712	44.659
713	46.273
714	44.909
715	44
716	46.636
717	46.068
718	45.5
719	45.182
720	45.25
721	43.909
722	45.545
723	44.909
724	44.841
725	45.682
726	44.182
727	43.886
728	45.227
729	45.523
730	45.318
731	44.75
732	45.614
733	45.636
734	45.795
735	45.136
736	43.773
737	45.091
738	45.091
739	45.864
740	44.591
741	43.432
742	45.091
743	45.341
744	44.773
745	45.727
746	43.636
747	44.068
748	43.75
749	44.091
750	45.227
751	44.159
752	44.295
753	43.636
754	44.295
755	44.023
756	43.682
757	43.909
758	45.205
759	43.091
760	43.205
761	43.614
762	45.023
763	43.477
764	44.409
765	45.432
766	43.273
767	44.523
768	44.25
769	45.136
770	44.932
771	43.705
772	43.682
773	42.682
774	43.318
775	43.886
776	42.886
777	43.886
778	42.977
779	44.068
780	44.182
781	43.795
782	44.091
783	44.045
784	43.114
785	43.114
786	43.614
787	43.75
788	43.909
789	42.341
790	43.659
791	44.432
792	42.705
793	43.523
794	43.705
795	43.886
796	44
797	44.182
798	43.909
799	44.023
800	43.455
801	44.136
802	44.273
803	43.932
804	43.932
805	44.25
806	42.864
807	43.977
808	42.682
809	42.659
810	42.591
811	41.864
812	43.25
813	43.114
814	42.636
815	43.682
816	43.5
817	44.659
818	43.614
819	43.386
820	43.045
821	45.068
822	42.841
823	42.455
824	42.886
825	44.045
826	44.182
827	43.864
828	43.841
829	43.182
830	42.955
831	44.045
832	43.977
833	43.841
834	42.523
835	42.477
836	42.977
837	44.25
838	43
839	42.341
840	41.818
841	43.682
842	42.773
843	42.659
844	43.386
845	43
846	42.659
847	42.864
848	43.114
849	43.727
850	43.068
851	42.886
852	43.545
853	42.477
854	42.795
855	41.682
856	42.568
857	43.341
858	42.091
859	43.432
860	42.045
861	43.114
862	42.068
863	42.477
864	42.705
865	43.25
866	43.364
867	43.727
868	43.205
869	42.227
870	42.477
871	43.727
872	40.886
873	42.25
874	42.568
875	42.909
876	43.295
877	41.455
878	43.75
879	42.205
880	43.341
881	41.932
882	43.091
883	41.932
884	42.705
885	43.682
886	42.318
887	42.159
888	43.227
889	43.909
890	43.136
891	43.409
892	43.727
893	41.682
894	43.023
895	42.75
896	42.545
897	41.318
898	44.068
899	42.341
900	42.023
901	43.25
902	42.114
903	42.909
904	42.5
905	42.159
906	42.591
907	42.182
908	43.818
909	42.659
910	42.636
911	43.841
912	42.477
913	42.818
914	42.705
915	42.341
916	42.114
917	43.364
918	43.409
919	43.341
920	42.455
921	44.932
922	43.205
923	43.568
924	43.545
925	41.659
926	43.886
927	41.864
928	43.977
929	43.977
930	42.864
931	42.659
932	42.886
933	42.409
934	42.841
935	42.727
936	43.295
937	44
938	42.955
939	43.909
940	42.818
941	43.636
942	40.5
943	42.682
944	43.841
945	41.727
946	42.864
947	42.727
948	42.114
949	42.159
950	43.386
951	42.568
952	43.136
953	42.114
954	42.409
955	42.273
956	42.341
957	43.909
958	43.705
959	41.977
960	42.159
961	42.773
962	41.977
963	40.636
964	43.455
965	42.886
966	43.273
967	44.341
968	42.727
969	43.023
970	42.886
971	42.159
972	42.727
973	41.841
974	43.341
975	42.773
976	43.273
977	42.273
978	42.955
979	43.227
980	42.977
981	42.977
982	43.523
983	43.409
984	45.273
985	41.795
986	44.159
987	44
988	42.25
989	42.432
990	43.568
991	43.159
992	42.977
993	44.114
994	42.432
995	43.5
996	42.886
997	43.864
998	43.364
999	42.614
1000	43.045
1001	44.477
1002	43.182
1003	43.318
1004	42.818
1005	41.909
1006	42.955
1007	42.955
1008	42.977
1009	43.182
1010	42.227
1011	44.023
1012	44.545
1013	43.977
1014	42.318
1015	42.545
1016	41.409
1017	42.25
1018	42.25
1019	43
1020	41.659
1021	42.545
1022	43.409
1023	43.091
1024	43.841
1025	43.227
1026	43.5
1027	43.273
1028	42.386
1029	42.568
1030	42.25
1031	42.023
1032	43.705
1033	44.091
1034	41.341
1035	43.068
1036	42.614
1037	43.045
1038	45.727
1039	47.023
1040	48.227
1041	48.636
1042	47.886
1043	51.182
1044	50.727
1045	52.477
1046	52.273
1047	53.795
1048	54.114
1049	53.614
1050	55.182
1051	54.477
1052	53.568
1053	54.75
1054	52.523
1055	53.545
1056	54.159
1057	55.568
1058	53.614
1059	53.409
1060	52.841
1061	54.273
1062	53.114
1063	53.182
1064	53.409
1065	53.205
1066	54.25
1067	53.568
1068	50.545
1069	53.068
1070	52.568
1071	52.75
1072	52.295
1073	51.977
1074	50.682
1075	51.591
1076	49.818
1077	50.636
1078	50.523
1079	50.955
1080	49.773
1081	50.795
1082	50.318
1083	49.295
1084	50.727
1085	51.182
1086	49.659
1087	50.477
1088	49.841
1089	50.773
1090	49.886
1091	49.682
1092	49
1093	48.636
1094	49.159
1095	47.455
1096	47.432
1097	47.136
1098	48.295
1099	47.477
1100	47.568
1101	47.5
1102	47.955
1103	47.841
1104	45.205
1105	47.659
1106	46.932
1107	47.227
1108	46.932
1109	46.659
1110	46.932
1111	47.773
1112	47.227
1113	46.5
1114	46.682
1115	46.909
1116	47.386
1117	47.227
1118	47.75
1119	46.955
1120	45.386
1121	46.273
1122	45.591
1123	47.227
1124	46.705
1125	48
1126	45.227
1127	44.818
1128	44.977
1129	45.841
1130	46.614
1131	45.5
1132	45.932
1133	46.25
1134	45.591
1135	45.364
1136	46.136
1137	45.182
1138	45.773
1139	45.091
1140	44.159
1141	46
1142	45.977
1143	44.477
1144	45.886
1145	44.977
1146	45.136
1147	43.318
1148	46.159
1149	44.477
1150	44.909
1151	42.705
1152	44.977
1153	45.886
1154	44.864
1155	43.386
1156	45.614
1157	44.614
1158	45.818
1159	45.636
1160	44.136
1161	45.591
1162	44.864
1163	44.773
1164	43.545
1165	43.386
1166	44.386
1167	43.455
1168	43.023
1169	43
1170	43.023
1171	44.023
1172	44.25
1173	44.045
1174	44.795
1175	43.682
1176	43.75
1177	44.591
1178	44.295
1179	43.75
1180	44.682
1181	43.205
1182	42.318
1183	44.614
1184	43.5
1185	44.659
1186	43.455
1187	43.409
1188	43.818
1189	44.864
1190	42.5
1191	42.841
1192	42.909
1193	44.273
1194	44.159
1195	43.795
1196	42.568
1197	44.25
1198	44.273
1199	43.023
1200	45.159
1201	42.864
1202	42.932
1203	43.591
1204	42.977
1205	43.864
1206	43.977
1207	43.432
1208	43.295
1209	42.295
1210	42.841
1211	42.091
1212	42.909
1213	44.091
1214	42.182
1215	41.977
1216	43.364
1217	44.364
1218	43.295
1219	43.636
1220	43.023
1221	42.25
1222	42.182
1223	44.523
1224	43.727
1225	43.568
1226	43.432
1227	43.045
1228	43.432
1229	43.545
1230	43.227
1231	44.25
1232	43.364
1233	42.955
1234	43.136
1235	43.205
1236	43.614
1237	42.273
1238	43.227
1239	43.136
1240	42.659
1241	43.091
1242	43.068
1243	43.182
1244	41.705
1245	42.295
1246	43.455
1247	41.818
1248	42.182
1249	42.841
1250	42.841
1251	44.023
1252	42.523
1253	42.864
1254	43.523
1255	43.523
1256	42.205
1257	44.341
1258	41.114
1259	41.273
1260	42
1261	42.795
1262	42.364
1263	43.295
1264	43.977
1265	42.023
1266	44.182
1267	41.75
1268	43.955
1269	43.045
1270	43.545
1271	42.568
1272	43.273
1273	44.568
1274	44.114
1275	42.659
1276	42.545
1277	41.818
1278	43.273
1279	41.864
1280	42.068
1281	42.886
1282	42.932
1283	42.477
1284	42.136
1285	43.818
1286	41.909
1287	41.841
1288	43.182
1289	43.614
1290	43.386
1291	43.636
1292	42.864
1293	43.205
1294	43.909
1295	43.773
1296	43.705
1297	41.773
1298	42.295
1299	41.909
1300	42.5
1301	41.568
1302	42.182
1303	42.977
1304	42.25
1305	42.455
1306	42.5
1307	42.886
1308	44.795
1309	44.364
1310	42.773
1311	43.5
1312	42.205
1313	44.091
1314	42.182
1315	43.386
1316	42.182
1317	41.977
1318	41.409
1319	43.205
1320	41
1321	42.432
1322	43.409
1323	42
1324	43.136
1325	42.705
1326	40.477
1327	43.409
1328	41.886
1329	42.568
1330	42.545
1331	42.386
1332	42.318
1333	42.636
1334	42.682
1335	42.523
1336	41.591
1337	42.205
1338	43.659
1339	42.091
1340	42.659
1341	42.159
1342	41.341
1343	43.364
1344	41.955
1345	42.432
1346	43.977
1347	41.091
1348	42.705
1349	42.591
1350	42.023
1351	42.227
1352	42.341
1353	42.864
1354	43.318
1355	42.773
1356	42.932
1357	42.477
1358	40.955
1359	42.523
1360	43.159
1361	42.545
1362	43.477
1363	43.159
1364	43.318
1365	41.705
1366	42.705
1367	42.364
1368	43.614
1369	43.068
1370	41.841
1371	42.25
1372	41.023
1373	41.977
1374	42.591
1375	43.432
1376	42.341
1377	42.182
1378	42.205
1379	42
1380	41.977
1381	42.386
1382	41.727
1383	41.818
1384	42.773
1385	43.136
1386	41.886
1387	42.75
1388	45.409
1389	42.818
1390	41.773
1391	42.023
1392	42.795
1393	41.818
1394	42.318
1395	42.205
1396	43
1397	42.523
1398	43.273
1399	43.227
1400	43.182
1401	42.523
1402	40.841
1403	42.318
1404	42.568
1405	41.341
1406	41.182
1407	42.023
1408	41.727
1409	42.432
1410	42.182
1411	42.864
1412	42.25
1413	42.659
1414	41.727
1415	43.591
1416	40.773
1417	43.25
1418	41.841
1419	42.432
1420	41.795
1421	41.636
1422	41.955
1423	41.25
1424	41.409
1425	41.636
1426	43.114
1427	41.477
1428	43.159
1429	43
1430	42.659
1431	43.659
1432	43.614
1433	45.205
1434	46.523
1435	48.5
1436	47.932
1437	49.5
1438	52.114
1439	51.25
1440	51.523
1441	53.545
1442	51.841
1443	52.318
1444	53.568
1445	51.795
1446	54.364
1447	53.295
1448	53.045
1449	52.636
1450	52.182
1451	52.636
1452	52.023
1453	52.432
1454	52.182
1455	51.795
1456	51.591
1457	51.977
1458	53.023
1459	51.545
1460	52.818
1461	50.341
1462	49.545
1463	51.614
1464	51.591
1465	52.318
1466	51.659
1467	50.795
1468	50.75
1469	50
1470	48.886
1471	51.182
1472	49.023
1473	49.568
1474	50.023
1475	50.25
1476	48.886
1477	48.614
1478	48.295
1479	47.659
1480	48.955
1481	48.591
1482	49.227
1483	48.5
1484	48.886
1485	48.727
1486	46.886
1487	47.864
1488	48.545
1489	48.045
1490	48.159
1491	48.75
1492	47.932
1493	47.705
1494	46.432
1495	46.295
1496	46.386
1497	46.136
1498	46.182
1499	47.545
1500	46.977
1501	44.795
1502	48.25
1503	46.727
1504	47.159
1505	46.909
1506	45.045
1507	47.205
1508	47.568
1509	45.477
1510	46.409
1511	45.182
1512	44.773
1513	46.364
1514	45
1515	45.864
1516	46.432
1517	46.545
1518	46.477
1519	46.25
1520	45.5
1521	45.114
1522	46.068
1523	44.477
1524	43.5
1525	45.568
1526	46.614
1527	45.091
1528	45.591
1529	45.523
1530	45.477
1531	44.568
1532	44.568
1533	45.636
1534	44.636
1535	44.364
1536	46.205
1537	45.341
1538	44.841
1539	45.75
1540	45.932
1541	45.136
1542	45.114
1543	44
1544	43.909
1545	44.523
1546	44.25
1547	45.023
1548	44.25
1549	43.409
1550	44.023
1551	45.045
1552	44.273
1553	44.5
1554	44.432
1555	45.909
1556	44.341
1557	43.068
1558	44.386
1559	45.25
1560	44.568
1561	44.023
1562	44.159
1563	43.614
1564	43.205
1565	43.841
1566	42.432
1567	43.273
1568	43.795
1569	43
1570	43.864
1571	43.5
1572	42.705
1573	44.477
1574	42.864
1575	43.682
1576	43.409
1577	43.455
1578	42.159
1579	44.273
1580	43
1581	43.5
1582	43.818
1583	43.886
1584	43.932
1585	43.477
1586	42.205
1587	43.455
1588	42.977
1589	43.273
1590	43.477
1591	42.045
1592	44.25
1593	44.273
1594	41.636
1595	43.295
1596	42.864
1597	44.795
1598	42
1599	43.477
1600	42.614
1601	41.023
1602	42.477
1603	42.205
1604	42.614
1605	43.25
1606	42.477
1607	43.523
1608	43.114
1609	42.432
1610	44.136
1611	42.886
1612	42.932
1613	44.364
1614	43.227
1615	42.364
1616	43.727
1617	42.977
1618	42.364
1619	43.75
1620	42.114
1621	43.295
1622	43.25
1623	43.636
1624	43.25
1625	43.045
1626	42.659
1627	42.432
1628	43.341
1629	41.864
1630	42.523
1631	41.75
1632	41.614
1633	42.182
1634	42.477
1635	42.455
1636	43.136
1637	41.841
1638	43.432
1639	41.205
1640	41.75
1641	42.477
1642	40.977
1643	43.432
1644	41.045
1645	43.364
1646	41.909
1647	41.318
1648	43.136
1649	41.614
1650	42.909
1651	42.023
1652	42.545
1653	42.5
1654	40.477
1655	42.818
1656	43.227
1657	41.273
1658	42.136
1659	41.386
1660	44.045
1661	42.068
1662	42.318
1663	41.477
1664	41.886
1665	42.182
1666	41.727
1667	41.545
1668	40.909
1669	42.591
1670	42.114
1671	41.818
1672	41.364
1673	41.068
1674	41.023
1675	41.591
1676	42.773
1677	41.455
1678	42.955
1679	42.682
1680	42.636
1681	42.591
1682	44.864
1683	46.5
1684	47.432
1685	48.205
1686	48.318
1687	50.886
1688	50.773
1689	51.068
1690	51.386
1691	52.477
1692	52.386
1693	52.523
1694	51.205
1695	51.318
1696	51.318
1697	52.068
1698	51.5
1699	52.295
1700	52.545
1701	53.136
1702	52.659
1703	52.568
1704	53.568
1705	50.955
1706	52.386
1707	53.023
1708	50.727
1709	51.114
1710	51.455
1711	50.75
1712	51
1713	51.636
1714	49.25
1715	49.75
1716	49.614
1717	50.977
1718	50.5
1719	50.091
1720	48.5
1721	49
1722	50.409
1723	49
1724	50.068
1725	50.091
1726	49.159
1727	49.045
1728	49.841
1729	49.75
1730	49.659
1731	47.364
1732	47.273
1733	48.295
1734	48.545
1735	47.023
1736	48.682
1737	48.136
1738	46.773
1739	46.795
1740	46.591
1741	48.295
1742	46.523
1743	45.568
1744	47.523
1745	47.886
1746	47.068
1747	47.545
1748	47.114
1749	47.727
1750	47.614
1751	45.886
1752	45.682
1753	47.614
1754	46.318
1755	46.818
1756	46.5
1757	45.205
1758	45.023
1759	46
1760	45.705
1761	44.818
1762	46
1763	44.341
1764	45.25
1765	44.932
1766	43.955
1767	44.886
1768	43.932
1769	45.886
1770	44.545
1771	45.386
1772	44.659
1773	45.091
1774	44.795
1775	45.545
1776	44.159
1777	43.659
1778	44.591
1779	44.227
1780	44.773
1781	45.386
1782	44.75
1783	44.136
1784	44.477
1785	45.932
1786	44.523
1787	44.795
1788	44.409
1789	45.091
1790	43.568
1791	43.614
1792	44.068
1793	43.432
1794	42.727
1795	44.455
1796	43.295
1797	43.136
1798	42.477
1799	44.364
1800	44.045
1801	43.682
1802	43.341
1803	42
1804	42.432
1805	42.818
1806	43.705
1807	45.023
1808	42.568
1809	44.432
1810	44.909
1811	43.386
1812	42.727
1813	42.568
1814	42.318
1815	43.614
1816	43.5
1817	43.227
1818	41.977
1819	43.455
1820	42.886
1821	42.727
1822	44
1823	43.75
1824	42.909
1825	41.25
1826	43.068
1827	42.955
1828	42.727
1829	43.818
1830	43.136
1831	43.5
1832	42.591
1833	43.682
1834	43.659
1835	42.75
1836	43.932
1837	43
1838	42.909
1839	43.091
1840	43.114
1841	42.205
1842	41.477
1843	44.455
1844	42.205
1845	43.636
1846	42.364
1847	42.909
1848	42
1849	41.341
1850	43.864
1851	42.614
1852	41.795
1853	43.273
1854	43.273
1855	42.727
1856	43.068
1857	42.591
1858	43.341
1859	43.023
1860	42.818
1861	44.409
1862	44.364
1863	44.409
1864	42.727
1865	43.773
1866	42.909
1867	42.477
1868	41.341
1869	42.159
1870	43.159
1871	43.182
1872	42.886
1873	42.273
1874	43.023
1875	43.182
1876	41.864
1877	42.614
1878	42.364
1879	42.977
1880	42.227
1881	44.25
1882	42.523
1883	42.455
1884	42.886
1885	41.091
1886	43.091
1887	41.818
1888	41.227
1889	41.75
1890	43.386
1891	42.568
1892	42.75
1893	41.023
1894	42.977
1895	40.977
1896	43
1897	43.409
1898	41.705
1899	41.432
1900	41.841
1901	41.841
1902	42.932
1903	43.886
1904	41.932
1905	43.273
1906	42.773
1907	42.591
1908	42.477
1909	42.045
1910	43.114
1911	42.5
1912	42.364
1913	41.727
1914	43.023
1915	42.273
1916	42.023
1917	42.432
1918	41.409
1919	42.068
1920	41.432
1921	41.659
1922	42.477
1923	43.045
1924	43.068
1925	42.295
1926	41.818
1927	41.591
1928	41.75
1929	40.455
1930	42.386
1931	40.409
1932	43.227
1933	42.75
1934	42.25
1935	40.864
1936	42.432
1937	42.659
1938	42.091
1939	41.136
1940	41.477
1941	40.205
1942	42.568
1943	41.909
1944	42.341
1945	41.727
1946	42.75
1947	42.091
1948	41.932
1949	42.773
1950	42.318
1951	42.182
1952	41.705
1953	43
1954	41.614
1955	41.909
1956	41.795
1957	42.659
1958	42.364
1959	42.25
1960	41.636
1961	42.795
1962	43.386
1963	42.136
1964	42.591
1965	41.114
1966	41.568
1967	41.932
1968	41.5
1969	43.159
1970	42.182
1971	42.545
1972	42.659
1973	41.955
1974	41.841
1975	42.955
1976	41.364
1977	41.977
1978	41.773
1979	40.955
1980	42.25
1981	42.114
1982	41.5
1983	43.068
1984	42.273
1985	42.045
1986	41.364
1987	42.614
1988	41.659
1989	41.727
1990	41.477
1991	42.136
1992	42.386
1993	41.318
1994	42.5
1995	42.591
1996	42.341
1997	41.227
1998	40.773
1999	41.659
2000	41.705
2001	41.773
2002	41.295
2003	41.432
2004	40.023
2005	40.705
2006	41.341
2007	42.227
2008	42.795
2009	40.591
2010	41.273
2011	42.568
2012	40.455
2013	41.932
2014	41.341
2015	42.705
2016	42.909
2017	42.659
2018	41.909
2019	42.682
2020	42.773
2021	41.591
2022	41.136
2023	41.341
2024	41.568
2025	42.477
2026	43.795
2027	42.568
2028	41.727
2029	42
2030	44.409
2031	44.273
2032	45.068
2033	46.773
2034	47.205
2035	47.591
2036	49.364
2037	50.614
2038	51.25
2039	50.955
2040	50.977
2041	51.614
2042	53.659
2043	52.864
2044	51.159
2045	52
2046	51.273
2047	52.182
2048	49.886
2049	51.932
2050	50.068
2051	50.432
2052	51.091
2053	51.727
2054	51.477
2055	51.432
2056	50.977
2057	50.273
2058	50.364
2059	49.114
2060	49.659
2061	49.636
2062	50.273
2063	48.909
2064	50.205
2065	50.25
2066	48.886
2067	48.318
2068	49.477
2069	47.932
2070	49.477
2071	49.568
2072	47.909
2073	48.545
2074	48.477
2075	47.636
2076	47.727
2077	49.136
2078	48.023
2079	45.955
2080	46.955
2081	47.977
2082	47.295
2083	46.773
2084	48
2085	46.932
2086	46.795
2087	47
2088	45.932
2089	45.909
2090	45.591
2091	47.114
2092	46
2093	45.409
2094	45.864
2095	46.409
2096	45.659
2097	46.114
2098	45.659
2099	46.864
2100	45.136
2101	46.795
2102	44.477
2103	45.727
2104	44.364
2105	44.773
2106	45.341
2107	46.568
2108	45.659
2109	46.727
2110	45.023
2111	46.477
2112	44.932
2113	44.841
2114	44.705
2115	44.159
2116	43.864
2117	46.545
2118	45.25
2119	44.409
2120	44.205
2121	44.705
2122	44.159
2123	44.886
2124	45.114
2125	42.773
2126	44.773
2127	44.841
2128	45.341
2129	43.864
2130	44.341
2131	44.795
2132	44.591
2133	44.705
2134	43.75
2135	45.568
2136	43.818
2137	43.386
2138	43.318
2139	42.955
2140	42.727
2141	45.136
2142	42.295
2143	42.477
2144	44.25
2145	43.205
2146	44.795
2147	44.114
2148	43.364
2149	42.864
2150	42.523
2151	44.364
2152	43.045
2153	44.318
2154	43.205
2155	43.364
2156	43.75
2157	43.455
2158	44.023
2159	44.318
2160	42.682
2161	42.341
2162	42.068
2163	43.091
2164	41.818
2165	41.591
2166	42.614
2167	43.568
2168	43.682
2169	43
2170	42.932
2171	42.682
2172	42.727
2173	43.136
2174	42.955
2175	42
2176	43.432
2177	42.886
2178	42.614
2179	43.909
2180	44.091
2181	44.432
2182	43.568
2183	42.886
2184	42.477
2185	43.159
2186	43.432
2187	42.409
2188	43.091
2189	42.432
2190	43.909
2191	43.614
2192	44.455
2193	41.705
2194	42.023
2195	42.955
2196	41.386
2197	42.159
2198	42.023
2199	42.523
2200	40.682
2201	42.227
2202	42.023
2203	41.977
2204	42.864
2205	42.705
2206	42.364
2207	41.636
2208	42.386
2209	42.091
2210	42.045
2211	43.205
2212	40.614
2213	42.773
2214	42.955
2215	41.909
2216	42.523
2217	42.909
2218	41.682
2219	43.273
2220	43.432
2221	41.727
2222	41.045
2223	42.545
2224	41.864
2225	42.636
2226	42.227
2227	41.364
2228	42.023
2229	41.932
2230	41.864
2231	42.955
2232	42.614
2233	42.341
2234	42.932
2235	43.909
2236	42.25
2237	41.409
2238	42.318
2239	42.591
2240	41.523
2241	42.114
2242	41.818
2243	43.159
2244	41.864
2245	42.773
2246	41.727
2247	42.523
2248	41.568
2249	41.682
2250	42.955
2251	43.341
2252	41.795
2253	42.682
2254	41.5
2255	42.523
2256	41.818
2257	42.841
2258	41.614
2259	41.318
2260	43.386
2261	41.205
2262	42.432
2263	41.727
2264	43.159
2265	43.977
2266	42.886
2267	42.091
2268	42.568
2269	43.045
2270	41.818
2271	42.977
2272	41.591
2273	42.773
2274	41.545
2275	41.773
2276	41.591
2277	43.023
2278	41.205
2279	41.045
2280	41.545
2281	42.455
2282	42.568
2283	41
2284	42.273
2285	41.045
2286	40.568
2287	42.25
2288	41.773
2289	41.909
2290	41
2291	42.023
2292	41
2293	42.636
2294	43.5
2295	42.432
2296	43.318
2297	42.523
2298	42.227
2299	42.023
2300	40.977
2301	43.227
2302	42.023
2303	42.659
2304	41.682
2305	41.114
2306	42.25
2307	42
2308	42.068
2309	41.955
2310	42.023
2311	41.545
2312	42.091
2313	42.295
2314	41.955
2315	42.932
2316	40
2317	42.886
2318	42.295
2319	42.045
2320	42.295
2321	41.955
2322	41.682
2323	41.727
2324	42.568
2325	42.591
2326	40.886
2327	42.136
2328	42.045
2329	42.023
2330	41.591
2331	42.955
2332	41.568
2333	42.773
2334	43.773
2335	43.273
2336	42.045
2337	43.091
2338	42.091
2339	43.227
2340	42.864
2341	43.25
2342	40.523
2343	42.545
2344	41.614
2345	41.386
2346	41.545
2347	41.614
2348	42.114
2349	42.932
2350	42.068
2351	42.114
2352	42.568
2353	42.977
2354	41.25
2355	42.25
2356	40.841
2357	42.864
2358	41.182
2359	40.886
2360	41.545
2361	41.091
2362	41.955
2363	41.568
2364	41.886
2365	42.659
2366	40.841
2367	42.182
2368	42.068
2369	43.75
2370	40.659
2371	42.795
2372	41.545
2373	40.977
2374	41.455
2375	41.182
2376	40.75
2377	42.455
2378	41.909
2379	44.023
2380	45.614
2381	44.227
2382	47.568
2383	46.068
2384	48.864
2385	49.227
2386	48.364
2387	52.591
2388	50.386
2389	50.205
2390	51
2391	51.886
2392	50.886
2393	50.455
2394	52.114
2395	50.114
2396	50.114
2397	50.318
2398	51.114
2399	51.136
2400	49.227
2401	51.091
2402	50.25
2403	49.659
2404	49.386
2405	50.295
2406	50.068
2407	49.25
2408	50.091
2409	48.75
2410	49.341
2411	49.205
2412	50.227
2413	48.682
2414	48.273
2415	48.795
2416	48.773
2417	48.182
2418	47.477
2419	47.727
2420	49.432
2421	48.068
2422	47.455
2423	48.023
2424	47.25
2425	47.727
2426	47.045
2427	46.591
2428	47.159
2429	46.568
2430	45.409
2431	47.182
2432	47.318
2433	46.023
2434	46.75
2435	45.659
2436	46.773
2437	45.068
2438	45.455
2439	45.318
2440	46.591
2441	45.364
2442	46.182
2443	46.182
2444	46.386
2445	44.614
2446	44.977
2447	45.182
2448	44.682
2449	45.386
2450	44.886
2451	45.773
2452	45.955
2453	47.023
2454	44.5
2455	45.455
2456	43.477
2457	44.977
2458	46.114
2459	44.614
2460	45.068
2461	45.432
2462	44.364
2463	45.932
2464	44.455
2465	44.409
2466	44.136
2467	45.159
2468	44.159
2469	44.636
2470	44.341
2471	45.25
2472	43.909
2473	44.068
2474	44.159
2475	43.705
2476	43.682
2477	44.614
2478	44.727
2479	44.091
2480	44.568
2481	43.023
2482	44.364
2483	43.977
2484	43.386
2485	43.068
2486	43.614
2487	44.227
2488	43.182
2489	43.932
2490	43.773
2491	43.045
2492	42.409
2493	43.318
2494	44.727
2495	43.091
2496	42.75
2497	42.795
2498	42.386
2499	42.932
2500	43.114
2501	44.773
2502	43.977
2503	44.227
2504	43.705
2505	43.955
2506	43.364
2507	43.386
2508	42.977
2509	44.045
2510	43
2511	41.341
2512	41.705
2513	42.864
2514	43.023
2515	43.341
2516	42.705
2517	43.318
2518	41.295
2519	43.773
2520	42.841
2521	43
2522	42.795
2523	42.795
2524	41.886
2525	42.432
2526	43.159
2527	43.364
2528	42.682
2529	43.477
2530	42.409
2531	43.295
2532	42.955
2533	42.205
2534	43.341
2535	43.636
2536	42.523
2537	41.727
2538	41.727
2539	43.114
2540	42.386
2541	41.773
2542	43.727
2543	42.636
2544	42.273
2545	42.25
2546	41.386
2547	42.636
2548	42.432
2549	43.955
2550	43.114
2551	42.477
2552	43.5
2553	41.409
2554	42.477
2555	41.159
2556	40.864
2557	41.727
2558	42.409
2559	44.091
2560	42.773
2561	42.614
2562	43.295
2563	41.068
2564	42.977
2565	42.795
2566	42.386
2567	43.023
2568	41.977
2569	42.295
2570	41.477
2571	43.227
2572	42.773
2573	42.136
2574	41.864
2575	41.182
2576	42.545
2577	41.682
2578	40.023
2579	41.386
2580	41.659
2581	42.636
2582	43.318
2583	43.727
2584	42.432
2585	43.591
2586	41.909
2587	42.114
2588	40.841
2589	40.977
2590	41.227
2591	41.386
2592	41.864
2593	41.909
2594	42.182
2595	42.023
2596	42.614
2597	43
2598	41.795
2599	42.364
2600	42.909
2601	43.409
2602	40.932
2603	42.045
2604	41.818
2605	42.773
2606	42.523
2607	41.977
2608	42.977
2609	41.273
2610	42.318
2611	41.568
2612	41.977
2613	42.114
2614	41.136
2615	41.909
2616	41.682
2617	42.364
2618	42.341
2619	41.75
2620	40.25
2621	43.591
2622	41.818
2623	41.886
2624	41.364
2625	41.932
2626	41.523
2627	41.591
2628	40.75
2629	42.727
2630	42.295
2631	42.386
2632	41.886
2633	41.318
2634	41.523
2635	41.227
2636	41.364
2637	42.159
2638	42.318
2639	41.727
2640	42.477
2641	41.727
2642	42.023
2643	41.568
2644	43.568
2645	42.568
2646	41.818
2647	40.659
2648	42.727
2649	41.614
2650	42.818
2651	42.114
2652	41.932
2653	41.523
2654	40.818
2655	41.409
2656	43.227
2657	41.636
2658	40.795
2659	41.227
2660	41.045
2661	40.091
2662	42.727
2663	43.591
2664	41.045
2665	41.409
2666	42.114
2667	41.955
2668	42.023
2669	41.818
2670	41.795
2671	42.636
2672	41.864
2673	42.023
2674	42.045
2675	41.455
2676	41.841
2677	42.341
2678	42.568
2679	42.205
2680	41.955
2681	40.091
2682	41.568
2683	42.932
2684	40.977
2685	40.909
2686	43.114
2687	41.477
2688	42.341
2689	41.205
2690	41.591
2691	41.432
2692	42
2693	42.227
2694	42.477
2695	42.159
2696	40.432
2697	41.136
2698	43
2699	42.068
2700	41.477
2701	41.432
2702	42.568
2703	41.432
2704	40.955
2705	42.659
2706	43
2707	43.159
2708	43.114
2709	41.955
2710	41.045
2711	42.295
2712	42.795
2713	43.25
2714	41.659
2715	41.295
2716	41.227
2717	41.864
2718	42.159
2719	41.068
2720	42.523
2721	43.386
2722	41.955
2723	41.25
2724	42.818
2725	41.318
2726	41.909
2727	42.75
2728	43.614
2729	44.477
2730	45.091
2731	45.886
2732	45.841
2733	47.205
2734	47.886
2735	50.023
2736	49.818
2737	50.182
2738	50.841
2739	50.409
2740	49.614
2741	50.068
2742	51.591
2743	50.727
2744	50.773
2745	51.136
2746	51.068
2747	50.886
2748	51.636
2749	51.795
2750	51.045
2751	50.273
2752	49.136
2753	49.886
2754	50.409
2755	48.159
2756	48.682
2757	50.545
2758	49.364
2759	51.023
2760	48.886
2761	48.75
2762	48.818
2763	47.659
2764	47.773
2765	46.659
2766	48.318
2767	47.75
2768	46.659
2769	47.295
2770	47.705
2771	47.977
2772	46.841
2773	46.159
2774	45.591
2775	45.909
2776	45.773
2777	46.705
2778	45.341
2779	46.386
2780	46
2781	45.795
2782	46.25
2783	46.295
2784	45.159
2785	45.091
2786	45.205
2787	45.182
2788	44.909
2789	45.864
2790	45.023
2791	46.273
2792	45.386
2793	45.818
2794	43.273
2795	45.364
2796	44.545
2797	45.636
2798	43.75
2799	43.886
2800	43.636
2801	44.068
2802	45.75
2803	44.659
2804	43.386
2805	44.773
2806	45.205
2807	44.477
2808	44
2809	45.523
2810	45.682
2811	44.795
2812	43.659
2813	43
2814	43.955
2815	44.977
2816	44.295
2817	44.341
2818	44.159
2819	41.955
2820	43.477
2821	43.159
2822	43.795
2823	44.523
2824	44.75
2825	45
2826	43.205
2827	43.273
2828	44.409
2829	43.114
2830	41.705
2831	43.818
2832	43.25
2833	44.773
2834	42.523
2835	41.955
2836	44.227
2837	44.727
2838	42.886
2839	43.705
2840	42.386
2841	44.045
2842	44.818
2843	43.795
2844	42.682
2845	42.636
2846	44.773
2847	43.75
2848	41.886
2849	44.227
2850	41.886
2851	44.023
2852	43.591
2853	42.614
2854	43.341
2855	42.727
2856	43.523
2857	43.386
2858	43.068
2859	44.205
2860	42.25
2861	42.614
2862	43.886
2863	42.545
2864	42.364
2865	42.864
2866	41.523
2867	42.705
2868	42.682
2869	43.432
2870	43.136
2871	42.727
2872	43.273
2873	42.545
2874	42.364
2875	42.205
2876	42.977
2877	42.5
2878	43.5
2879	42.545
2880	42.432
2881	42.545
2882	41.932
2883	42.75
2884	42.455
2885	42.682
2886	43.432
2887	41.205
2888	42.136
2889	42.409
2890	42.659
2891	42.5
2892	42.5
2893	42.545
2894	41.886
2895	43.159
2896	43.341
2897	41.773
2898	42.114
2899	43.182
2900	42.455
2901	42.955
2902	42.432
2903	41.818
2904	42.795
2905	41.386
2906	41.023
2907	42.091
2908	42.455
2909	41.455
2910	42.159
2911	41.932
2912	40.386
2913	42.545
2914	42.977
2915	42.091
2916	41.386
2917	42.5
2918	43.75
2919	42.114
2920	42.182
2921	41.114
2922	42.636
2923	42
2924	40.727
2925	41.977
2926	43.341
2927	42.614
2928	40.682
2929	42.136
2930	42.477
2931	41.909
2932	42.136
2933	42.5
2934	41.205
2935	40.682
2936	42.159
2937	41.523
2938	41.136
2939	40.773
2940	42.318
2941	42.75
2942	40.932
2943	41.614
2944	41.773
2945	41.341
2946	41.773
2947	41.591
2948	42.023
2949	41.545
2950	41.568
2951	42.205
2952	41.023
2953	41.636
2954	41.591
2955	41.409
2956	40.318
2957	43.114
2958	42.523
2959	40.705
2960	40.682
2961	41.455
2962	42.545
2963	41.386
2964	41.864
2965	41.045
2966	41.386
2967	41.818
2968	41
2969	41.682
2970	41.795
2971	41.568
2972	42.409
2973	40.636
2974	40.977
2975	41.909
2976	41.818
2977	41.432
2978	42.068
2979	42.341
2980	42.114
2981	42.159
2982	41.659
2983	42.341
2984	41.114
2985	41.932
2986	42.159
2987	41.773
2988	41.977
2989	42.727
2990	42.227
2991	41.182
2992	43.114
2993	42.136
2994	41.182
2995	41.364
2996	42.159
2997	40.636
2998	42.591
2999	41.636
3000	41.318
3001	40.523
3002	40.159
3003	42.364
3004	40.841
3005	41.159
3006	42.205
3007	39.977
3008	41.477
3009	40.955
3010	41.136
3011	41.182
3012	41.818
3013	40.705
3014	41.864
3015	40.091
3016	41.591
3017	41.045
3018	40.682
3019	41.477
3020	40.341
3021	41.227
3022	41.841
3023	41.568
3024	42.341
3025	42.136
3026	42.955
3027	41.955
3028	42.386
3029	40.5
3030	40.545
3031	41.591
3032	41.636
3033	42.114
3034	42
3035	42.773
3036	41.909
3037	41.659
3038	41.273
3039	43.068
3040	41.864
3041	43.159
3042	41.25
3043	42.045
3044	40.227
3045	41.273
3046	42.682
3047	42.591
3048	41.705
3049	42.023
3050	40.364
3051	41.477
3052	40.705
3053	42.318
3054	42.636
3055	41.636
3056	41.909
3057	41.727
3058	41.705
3059	41.705
3060	42.136
3061	41.227
3062	41.727
3063	42.182
3064	42.591
3065	40.705
3066	43.068
3067	41.341
3068	42.318
3069	42.205
3070	41.727
3071	42.341
3072	41.773
3073	41.773
3074	42.273
3075	41.477
3076	43.023
3077	43.864
3078	42.932
3079	45.705
3080	45.682
3081	47.068
3082	46.682
3083	46.727
3084	47.841
3085	48.205
3086	48.545
3087	50.568
3088	49.273
3089	48.432
3090	48.955
3091	51.091
3092	50.295
3093	49.864
3094	50.455
3095	50.795
3096	49.386
3097	48.864
3098	49.182
3099	50.205
3100	50.045
3101	50.341
3102	49.705
3103	48.932
3104	49.159
3105	49.955
3106	48.227
3107	49.182
3108	49.023
3109	49.045
3110	50.114
3111	48.568
3112	50.091
3113	50.045
3114	50.273
3115	49.114
3116	48.795
3117	47.955
3118	48.977
3119	48.341
3120	48.955
3121	47.886
3122	48.045
3123	49.091
3124	47.932
3125	47.182
3126	47.614
3127	49.159
3128	47.75
3129	47.591
3130	47.045
3131	46.136
3132	47.386
3133	46.886
3134	46.295
3135	47.773
3136	47.273
3137	47.318
3138	46.886
3139	46.659
3140	46.818
3141	46.682
3142	46.886
3143	44.773
3144	46.318
3145	45.455
3146	47.023
3147	45.864
3148	45.341
3149	45.364
3150	47.136
3151	45.341
3152	45.25
3153	45.318
3154	46.864
3155	46.091
3156	47.023
3157	46.591
3158	45.182
3159	46.591
3160	46.205
3161	47.795
3162	44.409
3163	44.614
3164	45.909
3165	45.068
3166	46.136
3167	45.455
3168	44.273
3169	45.705
3170	45.955
3171	45.068
3172	45.886
3173	44.068
3174	42.659
3175	43.386
3176	44.545
3177	44.795
3178	45.091
3179	45.091
3180	44.364
3181	44.409
3182	44.705
3183	45.682
3184	43.023
3185	44.523
3186	43.682
3187	43.773
3188	44.682
3189	43.341
3190	42.568
3191	43.227
3192	43.659
3193	44.068
3194	45.159
3195	42.773
3196	43.091
3197	43.409
3198	43.068
3199	44.136
3200	43.523
3201	43.636
3202	43.409
3203	42.841
3204	44.068
3205	42
3206	41.773
3207	44
3208	44.023
3209	43.977
3210	42.568
3211	43.341
3212	42.773
3213	44
3214	43.636
3215	43.045
3216	43.545
3217	42.932
3218	41.5
3219	42.227
3220	42.182
3221	44.227
3222	44.023
3223	42.114
3224	42.727
3225	42.705
3226	43.136
3227	43
3228	41.432
3229	43.409
3230	43.273
3231	42.136
3232	42.614
3233	43.977
3234	43.75
3235	44.045
3236	44.023
3237	43.205
3238	42.227
3239	44.045
3240	41.205
3241	42.795
3242	43
3243	42.523
3244	42.545
3245	43.682
3246	42.295
3247	41.909
3248	42.318
3249	43.091
3250	42.795
3251	42.614
3252	41.659
3253	44.023
3254	42.75
3255	41.182
3256	42.432
3257	42.023
3258	42.523
3259	42.614
3260	44.364
3261	41.977
3262	41.659
3263	41.886
3264	42.5
3265	42.386
3266	41.409
3267	42.023
3268	43.045
3269	42.341
3270	41.614
3271	42.386
3272	43.614
3273	42.227
3274	42.682
3275	41.545
3276	41.205
3277	39.841
3278	40.682
3279	42.386
3280	41.25
3281	42.091
3282	40.045
3283	40.091
3284	41.5
3285	42.227
3286	41.818
3287	40.295
3288	41.136
3289	42.182
3290	41.318
3291	42.318
3292	42.136
3293	42.068
3294	41.523
3295	42.909
3296	42.045
3297	42.205
3298	40.386
3299	43.568
3300	43
3301	42.205
3302	41.409
3303	41.159
3304	42.205
3305	40.227
3306	41.114
3307	42.932
3308	42.114
3309	42.364
3310	41.136
3311	40.591
3312	41.568
3313	40.523
3314	40.818
3315	41.636
3316	41.205
3317	40.818
3318	42.364
3319	41.568
3320	40.773
3321	42.114
3322	41.523
3323	40.795
3324	40.568
3325	41.136
3326	40.614
3327	42.659
3328	41.909
3329	41.091
3330	40.455
3331	42.795
3332	41.409
3333	41.977
3334	41.705
3335	40.659
3336	41.818
3337	41.295
3338	41.386
3339	41.932
3340	39.841
3341	42.432
3342	40.5
3343	42.523
3344	42.182
3345	43.045
3346	41.068
3347	41.841
3348	40.318
3349	43.273
3350	41.182
3351	41.295
3352	41.341
3353	41.364
3354	43.409
3355	40.523
3356	41.545
3357	41.386
3358	42.523
3359	40.659
3360	41.977
3361	41.636
3362	42.477
3363	41.182
3364	40.614
3365	43.227
3366	40.091
3367	41.864
3368	41.682
3369	42.341
3370	42.636
3371	42.409
3372	41.455
3373	41.341
3374	40.5
3375	41.614
3376	42.045
3377	40.273
3378	42.273
3379	41.273
3380	41.114
3381	41.523
3382	42.295
3383	41.636
3384	41.841
3385	42.136
3386	40.432
3387	40.182
3388	40.955
3389	42.727
3390	40.864
3391	41.705
3392	39.909
3393	41.364
3394	41.091
3395	41.023
3396	40.636
3397	42.227
3398	41.818
3399	41.318
3400	42.205
3401	42.068
3402	42
3403	40.591
3404	41.545
3405	41.545
3406	41.227
3407	40.25
3408	41.386
3409	41.409
3410	41.545
3411	42.273
3412	41.341
3413	41.205
3414	41.932
3415	42.795
3416	41.114
3417	40.682
3418	39.409
3419	41.386
3420	41.659
3421	41.227
3422	41.364
3423	41.295
3424	41.205
3425	41.386
3426	41.818
3427	42.068
3428	43.5
3429	45.523
3430	44.773
3431	45.955
3432	45.568
3433	47.545
3434	47.409
3435	47.227
3436	48.591
3437	49.455
3438	50.545
3439	49.682
3440	50.455
3441	51.045
3442	50
3443	49.682
3444	49.773
3445	50.182
3446	49.432
3447	49.091
3448	49.955
3449	48.932
3450	50.773
3451	48.477
3452	49.455
3453	49.136
3454	50.227
3455	48.318
3456	48.932
3457	48.5
3458	47.909
3459	50.045
3460	48.477
3461	51.682
3462	49.386
3463	51.273
3464	49.841
3465	51.023
3466	49.045
3467	49.818
3468	50
3469	49.409
3470	47.682
3471	48.886
3472	48.864
3473	48.977
3474	47.75
3475	47.159
3476	48.273
3477	48.023
3478	45.409
3479	48.068
3480	47.591
3481	46.955
3482	47.568
3483	47.75
3484	47.023
3485	46.295
3486	47.841
3487	46.955
3488	47.227
3489	46.205
3490	46.841
3491	46.25
3492	46.273
3493	45.818
3494	45.545
3495	45.545
3496	45.25
3497	46.273
3498	45.273
3499	45.205
3500	46.364
3501	45.727
3502	43.795
3503	45.25
3504	44.773
3505	44.727
3506	45.295
3507	45.727
3508	44.273
3509	45.5
3510	45.159
3511	44.727
3512	44.25
3513	46.205
3514	44.682
3515	44.182
3516	46
3517	44.455
3518	44.818
3519	46.318
3520	44.091
3521	43.932
3522	45.886
3523	44.909
3524	44
3525	44.909
3526	45.159
3527	44.614
3528	44.182
3529	43.455
3530	42.409
3531	43.818
3532	44.159
3533	42.5
3534	43.818
3535	43.295
3536	43.818
3537	42.977
3538	43.023
3539	43.068
3540	44.068
3541	43.364
3542	43.886
3543	43.568
3544	44.273
3545	42.409
3546	42.091
3547	42.841
3548	43.023
3549	43.568
3550	42.864
3551	43.295
3552	43.114
3553	42.318
3554	42
3555	43.114
3556	43.568
3557	42.205
3558	44.477
3559	44.455
3560	41.864
3561	43.068
3562	41.455
3563	41.25
3564	42.568
3565	44.068
3566	42.273
3567	43.295
3568	41.409
3569	42.636
3570	42.705
3571	43.682
3572	42.75
3573	42.705
3574	42.023
3575	43
3576	43.477
3577	42.659
3578	42.318
3579	43.295
3580	42.841
3581	42.614
3582	42.364
3583	42.091
3584	42.955
3585	43.523
3586	43.227
3587	42.136
3588	41.227
3589	42.182
3590	42.273
3591	41.068
3592	42.636
3593	43.5
3594	42.205
3595	41.591
3596	42.273
3597	41.295
3598	42.773
3599	42.114
3600	41.864
3601	42.5
3602	42.295
3603	42.523
3604	42.591
3605	41.227
3606	41.159
3607	42.795
3608	41.068
3609	42.045
3610	41.705
3611	42.591
3612	41.227
3613	42.091
3614	41.455
3615	43.091
3616	41.909
3617	41.409
3618	40.477
3619	41.477
3620	42.659
3621	42.682
3622	42.205
3623	42.432
3624	42.568
3625	42
3626	42.136
3627	42.364
3628	42.568
3629	42.295
3630	42.273
3631	42.114
3632	42.545
3633	41.091
3634	40.841
3635	41.932
3636	41.523
3637	40.682
3638	42.295
3639	42.636
3640	43.136
3641	42.114
3642	41.523
3643	43.636
3644	42.75
3645	42.455
3646	41.295
3647	41.273
3648	41
3649	42.977
3650	41.886
3651	42.409
3652	41.523
3653	42.977
3654	42.386
3655	41.864
3656	41.523
3657	41.477
3658	42.477
3659	41.432
3660	41.25
3661	41.068
3662	41.636
3663	41.614
3664	41.795
3665	42.614
3666	41.568
3667	41
3668	40.75
3669	40.773
3670	41.25
3671	41.5
3672	42.409
3673	41.773
3674	40.545
3675	40.477
3676	41.205
3677	41.591
3678	43.341
3679	41.977
3680	41.614
3681	42.273
3682	42.205
3683	41.932
3684	43.205
3685	41.909
3686	42.045
3687	41.545
3688	42.955
3689	40.591
3690	41.386
3691	43.727
3692	42.114
3693	40.591
3694	40.409
3695	42.341
3696	42.182
3697	41.023
3698	40.864
3699	41.909
3700	42.091
3701	40.591
3702	42.068
3703	41.932
3704	41.886
3705	42.114
3706	42
3707	42.977
3708	41.273
3709	42.432
3710	41.182
3711	41.273
3712	42.568
3713	40.114
3714	40.114
3715	41.136
3716	41.727
3717	42.182
3718	40.182
3719	41.955
3720	40.955
3721	40.932
3722	40.591
3723	42.455
3724	42.614
3725	41.25
3726	42.068
3727	40.977
3728	40.545
3729	41.886
3730	42.25
3731	39.932
3732	40.614
3733	40.705
3734	41.409
3735	40.659
3736	40.932
3737	41.477
3738	40.886
3739	40.955
3740	41.864
3741	41.977
3742	41.523
3743	41.455
3744	41.955
3745	42.159
3746	41.432
3747	41.932
3748	42.159
3749	41.75
3750	41.773
3751	41.114
3752	41.091
3753	40.864
3754	41.114
3755	41.818
3756	41.568
3757	41.182
3758	40.136
3759	41.182
3760	41.977
3761	41.227
3762	41.5
3763	42.182
3764	41.386
3765	41.341
3766	42
3767	41.25
3768	40.409
3769	41.659
3770	41.886
3771	41.659
3772	41.364
3773	40.682
3774	40.386
3775	41.659
3776	42.341
3777	43.432
3778	44.477
3779	45.205
3780	47.091
3781	47.432
3782	45.841
3783	47.705
3784	47.977
3785	49.159
3786	49.318
3787	48.75
3788	48.841
3789	50
3790	48.636
3791	47.977
3792	48.886
3793	48.591
3794	49.386
3795	50.091
3796	49.659
3797	49.432
3798	49.273
3799	49.432
3800	48.841
3801	48.341
3802	47.523
3803	49.432
3804	47.114
3805	47.432
3806	48.136
3807	46.386
3808	47.591
3809	47.705
3810	47.341
3811	47.318
3812	46.636
3813	46.773
3814	45.636
3815	47
3816	46.75
3817	46
3818	45.045
3819	46.5
3820	46.705
3821	46.386
3822	45.227
3823	47.886
3824	45.386
3825	45.818
3826	46.841
3827	46.114
3828	45.159
3829	45.955
3830	46.977
3831	45.682
3832	45.227
3833	44.886
3834	45.273
3835	45.818
3836	44.545
3837	45
3838	44.705
3839	46.409
3840	45.409
3841	44.477
3842	44.818
3843	45.318
3844	44.455
3845	45.545
3846	44.455
3847	45.818
3848	43.25
3849	46.682
3850	44.795
3851	44.182
3852	44.364
3853	44.5
3854	44.682
3855	45.682
3856	43.455
3857	44.409
3858	43.614
3859	43.409
3860	44.5
3861	44.909
3862	43.227
3863	43.864
3864	43.705
3865	42.545
3866	42.591
3867	44.682
3868	42.932
3869	43.295
3870	42.932
3871	44.318
3872	42.568
3873	42.295
3874	43.159
3875	42.5
3876	43.159
3877	43.5
3878	43.341
3879	44.386
3880	41.523
3881	42.114
3882	42.977
3883	43.955
3884	42.682
3885	43.364
3886	41.955
3887	43.045
3888	43.068
3889	43.341
3890	42.386
3891	42
3892	42.523
3893	43.136
3894	42.773
3895	42.75
3896	42.114
3897	42.068
3898	41.614
3899	42.591
3900	42.773
3901	43.545
3902	42.227
3903	42.682
3904	42.341
3905	42.045
3906	43.273
3907	42.636
3908	42.705
3909	41.545
3910	42
3911	41.295
3912	41.909
3913	43.182
3914	42.75
3915	42
3916	42.818
3917	43.341
3918	42.591
3919	42.136
3920	42.136
3921	42.159
3922	42.818
3923	42.295
3924	40.864
3925	41.886
3926	41.045
3927	42
3928	40.682
3929	41.864
3930	41.705
3931	42.591
3932	40.659
3933	42.909
3934	42.773
3935	41.955
3936	42.659
3937	41.818
3938	42.659
3939	42.136
3940	40.841
3941	41.386
3942	42.182
3943	41.318
3944	41.432
3945	41.136
3946	42
3947	42.841
3948	41.795
3949	40.068
3950	41.636
3951	42.409
3952	42.045
3953	41.205
3954	42.545
3955	41.773
3956	41.341
3957	40.886
3958	41.977
3959	41
3960	41.614
3961	41.636
3962	42.25
3963	41.023
3964	41.182
3965	41.227
3966	41.795
3967	41.205
3968	41.886
3969	42.045
3970	43.386
3971	41.364
3972	40.523
3973	42.75
3974	42.977
3975	41.409
3976	42.841
3977	42.659
3978	42.068
3979	42.386
3980	42.273
3981	42.045
3982	42.114
3983	41.545
3984	41.25
3985	41.568
3986	42.477
3987	42.295
3988	41.636
3989	41.386
3990	42.045
3991	42.159
3992	41.159
3993	42.705
3994	41.727
3995	41.477
3996	40.045
3997	41.682
3998	41.818
3999	41.614
4000	41.5
4001	41.614
4002	41.932
4003	41.841
4004	42.932
4005	42.523
4006	41.773
4007	41.477
4008	41.841
4009	42.386
4010	43.068
4011	40.909
4012	41.341
4013	43.068
4014	41.75
4015	41.523
4016	42.455
4017	40.091
4018	41.386
4019	41.568
4020	40.773
4021	41.295
4022	42.205
4023	41.591
4024	41.659
4025	41.432
4026	41.932
4027	42.364
4028	45.023
4029	45
4030	45.114
4031	47.364
4032	47.614
4033	47.068
4034	48.841
4035	47.136
4036	48.955
4037	49.636
4038	49.75
4039	49.455
4040	50.318
4041	49.523
4042	50.205
4043	50.591
4044	49.659
4045	49.75
4046	50.023
4047	49.932
4048	49.136
4049	49.045
4050	49.273
4051	48.5
4052	48.727
4053	50.182
4054	48.659
4055	48.205
4056	48.773
4057	48.136
4058	47.659
4059	47.523
4060	48.341
4061	46.636
4062	47.318
4063	46.523
4064	44.909
4065	45.523
4066	46.545
4067	46.023
4068	47.205
4069	46.636
4070	46.568
4071	45.114
4072	46.886
4073	46.318
4074	46.659
4075	47.182
4076	45.409
4077	44.659
4078	44.841
4079	44.5
4080	45.136
4081	45.386
4082	46.705
4083	44.568
4084	45.205
4085	44.455
4086	45.523
4087	44.205
4088	44.432
4089	44.636
4090	44.727
4091	43.909
4092	45.068
4093	45.909
4094	43.318
4095	44.523
4096	45.523
4097	43.886
4098	43.886
4099	41.682
4100	44.068
4101	44.25
4102	42.5
4103	44.25
4104	44.068
4105	42.614
4106	43.068
4107	43.886
4108	43.977
4109	44.977
4110	44.114
4111	43.614
4112	42.818
4113	43.886
4114	44.045
4115	43.295
4116	44.091
4117	42.523
4118	42.591
4119	42.864
4120	42.114
4121	43.182
4122	42.409
4123	41.955
4124	43.477
4125	43.75
4126	44.727
4127	46.727
4128	46.636
4129	47
4130	48.068
4131	47.205
4132	48.523
4133	49.818
4134	48.364
4135	49.818
4136	52.091
4137	49.614
4138	49.932
4139	48.909
4140	49.591
4141	48.5
4142	49.545
4143	47.841
4144	48
4145	47.818
4146	47.568
4147	47.818
4148	47.432
4149	49.045
4150	46.977
4151	47.568
4152	46.955
4153	48.568
4154	46.682
4155	48.614
4156	45.568
4157	47.023
4158	47.205
4159	46.409
4160	46.068
4161	46.568
4162	46.523
4163	46.591
4164	45.386
4165	45.455
4166	44.977
4167	44.477
4168	44.523
4169	43.682
4170	44.932
4171	45.364
4172	44.091
4173	44.659
4174	44.205
4175	44.068
4176	43.205
4177	44.045
4178	44.5
4179	43.182
4180	44.091
4181	43.159
4182	41.341
4183	44.659
4184	43.909
4185	44.023
4186	43.636
4187	42.545
4188	43.477
4189	42.955
4190	43.159
4191	42.841
4192	42.25
4193	43.5
4194	44.068
4195	42.318
4196	43.25
4197	43.432
4198	43.455
4199	41.909
4200	42.295
4201	42.614
4202	41.545
4203	42.409
4204	42.795
4205	42.932
4206	42.659
4207	41.705
4208	41.841
4209	43.864
4210	43.136
4211	43.023
4212	42.795
4213	41.5
4214	42.818
4215	42.205
4216	43.409
4217	41.682
4218	41.955
4219	42.273
4220	41.955
4221	42.432
4222	41.886
4223	42.864
4224	42.614
4225	42.273
4226	42.205
4227	43
4228	41.773
4229	42.068
4230	44.25
4231	42.773
4232	42.614
4233	41.932
4234	42.636
4235	42.75
4236	42.136
4237	40.932
4238	41.864
4239	41.955
4240	42.295
4241	41.591
4242	41.545
4243	39.591
4244	42.205
4245	41.841
4246	41
4247	43.273
4248	41.477
4249	41.636
4250	41.614
4251	44.182
4252	41.318
4253	41.5
4254	40.773
4255	41.932
4256	41.432
4257	42.636
4258	42.068
4259	41.773
4260	40.955
4261	42.523
4262	40.75
4263	41.477
4264	41.205
4265	40.909
4266	40.159
4267	41.159
4268	41.432
4269	41.614
4270	42.659
4271	42.114
4272	41.477
4273	41.955
4274	41.477
4275	42.591
4276	40.591
4277	42.364
4278	40.977
4279	42.341
4280	41.091
4281	42.341
4282	41.091
4283	41.182
4284	41.727
4285	41.705
4286	42.068
4287	42.386
4288	41.818
4289	41.591
4290	42.159
4291	41.273
4292	40.159
4293	41.727
4294	41.591
4295	40.841
4296	41.432
4297	40.932
4298	40.432
4299	42.182
4300	42.432
4301	41.932
4302	42.386
4303	42.364
4304	42.455
4305	41.795
4306	40.795
4307	40.909
4308	41.818
4309	40.773
4310	40.795
4311	41.295
4312	41.932
4313	41.295
4314	41.341
4315	41.659
4316	40.545
4317	40.364
4318	41.25
4319	41.455
4320	41.682
4321	41.25
4322	41.977
4323	40.841
4324	40.545
4325	41.182
4326	41.409
4327	42
4328	41.523
4329	41.318
4330	41.023
4331	41.682
4332	40.455
4333	40.182
4334	40.477
4335	41.614
4336	41.045
4337	42.136
4338	41.591
4339	41.5
4340	42.773
4341	41.295
4342	40.727
4343	41.409
4344	42.227
4345	40.705
4346	40.955
4347	42.023
4348	40.773
4349	41.205
4350	41.341
4351	42.341
4352	41.455
4353	40.545
4354	41.818
4355	41.205
4356	42.227
4357	42.841
4358	40.932
4359	41.705
4360	41
4361	41.568
4362	41.886
4363	41
4364	41.182
4365	41.818
4366	41.364
4367	41.659
4368	41.045
4369	41.727
4370	43.045
4371	41
4372	40.727
4373	40.864
4374	40.795
4375	40.045
4376	41.545
4377	42.182
4378	41.818
4379	42.068
4380	41.341
4381	41.568
4382	40.477
4383	40.727
4384	40.75
4385	39.773
4386	41.295
4387	41.136
4388	39.273
4389	42.5
4390	42.205
4391	41.477
4392	41.886
4393	41.591
4394	41.295
4395	39.886
4396	41.773
4397	41.636
4398	41.091
4399	40.932
4400	41.5
4401	41.727
4402	41.477
4403	42.705
4404	40.932
4405	41.227
4406	40.705
4407	40.114
4408	40.909
4409	39.432
4410	40.705
4411	41.159
4412	40.864
4413	40.045
4414	40.523
4415	41.318
4416	41.5
4417	40.477
4418	40.045
4419	42.023
4420	39.659
4421	40.409
4422	41.432
4423	41.114
4424	41.045
4425	41.909
4426	40.682
4427	40.864
4428	42.091
4429	41.727
4430	40.386
4431	41.614
4432	40.818
4433	38.727
4434	41.364
4435	41.023
4436	41.841
4437	40.614
4438	40.864
4439	40.886
4440	42.591
4441	41.432
4442	40.955
4443	40.659
4444	40
4445	42.682
4446	40.636
4447	40.864
4448	41.068
4449	41.182
4450	40.977
4451	40.545
4452	41.432
4453	42.682
4454	41.545
4455	40.136
4456	39.705
4457	41.932
4458	41.341
4459	42.364
4460	41.432
4461	40.909
4462	41.932
4463	43.159
4464	43.682
4465	43.341
4466	44.75
4467	46.773
4468	47.114
4469	47.409
4470	47.591
4471	47.545
4472	48.068
4473	48.114
4474	48.75
4475	48.977
4476	47.773
4477	49.432
4478	49.795
4479	48.318
4480	48.659
4481	48.273
4482	48.568
4483	48.136
4484	47.477
4485	49.205
4486	47.614
4487	46.341
4488	46.682
4489	47.727
4490	46.341
4491	46.182
4492	46.523
4493	45.364
4494	45.864
4495	47.205
4496	44.568
4497	46.114
4498	46.636
4499	45.477
4500	45.682
4501	46.205
4502	46.25
4503	44.886
4504	46.977
4505	46.273
4506	45.818
4507	46.364
4508	45.159
4509	44.432
4510	45.364
4511	45.068
4512	45.705
4513	45.341
4514	43.614
4515	45.773
4516	46.182
4517	44.341
4518	45.182
4519	44.318
4520	45.409
4521	46.227
4522	43.545
4523	44.386
4524	44.545
4525	44.091
4526	44.727
4527	43.273
4528	46.409
4529	42.591
4530	43.114
4531	42.591
4532	43.568
4533	43.682
4534	44.705
4535	43.727
4536	41.977
4537	43.591
4538	42.136
4539	42.523
4540	42.205
4541	43.182
4542	43.773
4543	43.091
4544	43.295
4545	43.5
4546	42.886
4547	44
4548	43.159
4549	43.159
4550	42.909
4551	42.432
4552	44.068
4553	41.341
4554	43.591
4555	42.227
4556	43.182
4557	42.705
4558	42.5
4559	43.295
4560	43.364
4561	43.659
4562	41.818
4563	42.591
4564	42.523
4565	42.205
4566	41.773
4567	42.455
4568	42.205
4569	43.295
4570	42.432
4571	41.386
4572	42.591
4573	40.75
4574	42.409
4575	42.341
4576	41.045
4577	40.795
4578	42.727
4579	40.955
4580	41.159
4581	41.818
4582	40.886
4583	42.273
4584	40.75
4585	42.477
4586	41.409
4587	43.364
4588	41.159
4589	42.955
4590	41.045
4591	40.432
4592	41.386
4593	43.273
4594	41.455
4595	41.727
4596	40.773
4597	42.523
4598	41.25
4599	41.023
4600	42.409
4601	42.795
4602	40.659
4603	41.273
4604	41.523
4605	41.318
4606	42.5
4607	40.25
4608	42.023
4609	40.909
4610	40.886
4611	41.818
4612	41.818
4613	42.114
4614	41.295
4615	42.091
4616	42.25
4617	41.386
4618	41.295
4619	42.341
4620	40.432
4621	40.432
4622	42.273
4623	40.318
4624	40.932
4625	41.023
4626	42.886
4627	40.091
4628	41
4629	40.614
4630	40.182
4631	40.636
4632	42.114
4633	39.841
4634	41.955
4635	42.364
4636	40.909
4637	40.818
4638	42.136
4639	40.205
4640	40.841
4641	41.659
4642	41.295
4643	40.636
4644	41.682
4645	40.818
4646	41.205
4647	40.25
4648	41.432
4649	42.545
4650	43.091
4651	42.386
4652	40.705
4653	40.659
4654	41.591
4655	40.886
4656	41.773
4657	41.614
4658	40.932
4659	40.727
4660	43.341
4661	41.25
4662	41.932
4663	41.682
4664	41.795
4665	40.636
4666	42.841
4667	40.068
4668	42.545
4669	41.045
4670	39.341
4671	40.909
4672	41.364
4673	41.364
4674	40.545
4675	40.341
4676	41.227
4677	40.273
4678	42.068
4679	42.227
4680	41.614
4681	42.159
4682	40.045
4683	41.182
4684	42.227
4685	39.841
4686	40.114
4687	40.818
4688	40.068
4689	42.364
4690	39.932
4691	41.864
4692	41.25
4693	39.182
4694	41.523
4695	40.818
4696	41.477
4697	39.841
4698	39.841
4699	39.955
4700	41.023
4701	39.477
4702	40.636
4703	40.682
4704	41.25
4705	41.545
4706	40.091
4707	41.864
4708	41.25
4709	41.955
4710	42.091
4711	41.795
4712	40.659
4713	40.909
4714	41.136
4715	40.477
4716	40.068
4717	40.295
4718	39.932
4719	40.795
4720	39.682
4721	40.682
4722	40.636
4723	41.227
4724	39.864
4725	40.795
4726	40.932
4727	40.432
4728	40.568
4729	40.864
4730	41.182
4731	43.841
4732	45.636
4733	43.614
4734	45.909
4735	43.591
4736	44.659
4737	47.341
4738	47.932
4739	46.795
4740	46.591
4741	47.045
4742	48.182
4743	48.364
4744	48.955
4745	48.477
4746	47.318
4747	49.386
4748	47.75
4749	48.136
4750	46.795
4751	49.318
4752	48.205
4753	48.932
4754	47.455
4755	48.205
4756	47.136
4757	47.477
4758	46.386
4759	46.727
4760	47.091
4761	48.068
4762	46.568
4763	47.591
4764	47.136
4765	45.682
4766	45.432
4767	45.614
4768	45.841
4769	45.818
4770	45.523
4771	45.386
4772	45.864
4773	45.909
4774	45.227
4775	43.205
4776	45.523
4777	45.955
4778	45.273
4779	45.205
4780	43.727
4781	44.523
4782	44.75
4783	43.75
4784	42.25
4785	44.727
4786	43.841
4787	43.568
4788	45.25
4789	43.386
4790	44
4791	43.045
4792	44.705
4793	43.636
4794	44.795
4795	44
4796	44.477
4797	44.523
4798	43.864
4799	43.5
4800	43.545
4801	44.614
4802	43.795
4803	44.636
4804	44.432
4805	44.477
4806	42.886
4807	43.75
4808	42.432
4809	43.091
4810	43.318
4811	43.841
4812	45.614
4813	46.023
4814	45.5
4815	46.773
4816	47.727
4817	47.386
4818	47.591
4819	47.5
4820	48.341
4821	48.114
4822	47.386
4823	48.659
4824	47.523
4825	48.136
4826	48.091
4827	47
4828	46.477
4829	47.795
4830	46.886
4831	47
4832	47.182
4833	46.75
4834	47.409
4835	46.614
4836	45.5
4837	45.614
4838	46.318
4839	46.477
4840	46
4841	46.5
4842	45.977
4843	44.955
4844	45.364
4845	46.864
4846	46.091
4847	45.773
4848	45.455
4849	45.182
4850	43.886
4851	44.614
4852	45.273
4853	44.818
4854	45
4855	43.523
4856	44.205
4857	46.045
4858	45.023
4859	45.136
4860	42.659
4861	44.795
4862	44.977
4863	43.886
4864	43.136
4865	43.795
4866	43.25
4867	43.091
4868	44.295
4869	44.068
4870	44.455
4871	42.955
4872	44.182
4873	43.477
4874	44.091
4875	43.977
4876	42.705
4877	43.068
4878	43.341
4879	44.205
4880	42.432
4881	44.205
4882	41.773
4883	43.841
4884	42.136
4885	42.159
4886	42.682
4887	44.432
4888	43.909
4889	44.114
4890	42.909
4891	42.932
4892	41.773
4893	41.932
4894	43.182
4895	42.25
4896	42.841
4897	42.523
4898	42.205
4899	40.886
4900	41.341
4901	42.795
4902	42.409
4903	42.864
4904	43.841
4905	41.818
4906	41.909
4907	40.636
4908	42.295
4909	42.023
4910	42.25
4911	41.023
4912	41.364
4913	42.705
4914	40.705
4915	41.477
4916	40.386
4917	40.955
4918	42.682
4919	42.205
4920	42.045
4921	41.068
4922	41.659
4923	42.091
4924	41.273
4925	40.75
4926	42.682
4927	41.614
4928	41.682
4929	41.795
4930	40.477
4931	40.432
4932	41.727
4933	41.523
4934	43.864
4935	41.182
4936	42
4937	40.818
4938	41.727
4939	40.864
4940	41.295
4941	41.295
4942	41.795
4943	41.545
4944	41.409
4945	41.455
4946	41.409
4947	42
4948	41.273
4949	40.932
4950	41.818
4951	42.023
4952	42.023
4953	40.932
4954	40.409
4955	40.091
4956	40.773
4957	41.818
4958	41.045
4959	41.432
4960	41.5
4961	40.818
4962	41.159
4963	41.432
4964	39.682
4965	41.75
4966	40.864
4967	41.295
4968	42.432
4969	40.864
4970	40.386
4971	41.182
4972	42.364
4973	41.318
4974	40.818
4975	40.114
4976	41.023
4977	40.705
4978	41.636
4979	40.795
4980	42.227
4981	40.75
4982	41.091
4983	41.477
4984	40.5
4985	40.636
4986	40.636
4987	41.545
4988	41.068
4989	41.977
4990	41.341
4991	40.136
4992	40.25
4993	40.932
4994	39.773
4995	40.477
4996	40.955
4997	40.727
4998	41.091
4999	40.5
5000	41.386
5001	40.636
5002	40.477
5003	40.25
5004	39.818
5005	40.5
5006	41.432
5007	40.273
5008	40.773
5009	39.636
5010	39.25
5011	40.636
5012	38.705
5013	40.705
5014	40.386
5015	41.25
5016	41.205
5017	41.227
5018	41.795
5019	38.659
5020	41.023
5021	40.682
5022	40.227
5023	41.5
5024	41.159
5025	42.455
5026	42.455
5027	44.886
5028	45.659
5029	45.091
5030	47.318
5031	47.409
5032	47.705
5033	47.705
5034	47.773
5035	47.75
5036	48.318
5037	48.045
5038	46.886
5039	48.545
5040	47.591
5041	48.295
5042	47.318
5043	46.955
5044	47.523
5045	48.091
5046	46.864
5047	46.545
5048	48.023
5049	47.477
5050	48.364
5051	46.727
5052	46.932
5053	46.932
5054	45.159
5055	45.636
5056	45.318
5057	45.477
5058	46.75
5059	45.386
5060	45.136
5061	44.273
5062	46.341
5063	44.523
5064	44.636
5065	43.068
5066	43.955
5067	44.795
5068	44.5
5069	46.227
5070	44.932
5071	44.773
5072	44.818
5073	44.659
5074	44.591
5075	44.841
5076	44.273
5077	41.773
5078	44.5
5079	43.432
5080	43.727
5081	44.795
5082	42.636
5083	43.182
5084	42.409
5085	43.659
5086	44.432
5087	42.591
5088	44.136
5089	43.909
5090	42.432
5091	43.182
5092	42.568
5093	43.636
5094	44.136
5095	42.841
5096	43.045
5097	43.864
5098	42.568
5099	42.273
5100	42.545
5101	42.386
5102	43.227
5103	43.136
5104	41.477
5105	40.909
5106	41.227
5107	43.659
5108	43.818
5109	41.864
5110	42.523
5111	42.614
5112	42.591
5113	41.364
5114	43.364
5115	41.227
5116	42.205
5117	40.386
5118	41.477
5119	41.341
5120	41.318
5121	42.977
5122	41.636
5123	41.432
5124	42.795
5125	42.477
5126	41.364
5127	42.409
5128	40.909
5129	41.341
5130	41.773
5131	42.273
5132	42.386
5133	42.068
5134	42.227
5135	42.114
5136	42.25
5137	40.75
5138	42.318
5139	41
5140	41.955
5141	42.136
5142	42.341
5143	41.114
5144	42.045
5145	41.523
5146	42.159
5147	41.636
5148	40.273
5149	41.136
5150	40.568
5151	40.932
5152	40.341
5153	41.273
5154	40.364
5155	41.045
5156	40.25
5157	41.727
5158	41.045
5159	41.023
5160	42.705
5161	42.182
5162	43.159
5163	44.295
5164	44.545
5165	44.25
5166	46.409
5167	46.227
5168	47.068
5169	45.705
5170	47.114
5171	47.568
5172	45.591
5173	46.955
5174	46.682
5175	46.25
5176	46.25
5177	46.159
5178	47.068
5179	46
5180	44.932
5181	45.636
5182	45.591
5183	46.159
5184	45.25
5185	46.136
5186	44.682
5187	44.364
5188	44.659
5189	46.205
5190	44.614
5191	44.159
5192	44.818
5193	47.295
5194	44.727
5195	44.841
5196	43.773
5197	44.114
5198	43.864
5199	43.432
5200	44.455
5201	43.886
5202	43.705
5203	43.932
5204	44.318
5205	44
5206	44.25
5207	43.364
5208	44.477
5209	43.568
5210	43.205
5211	43.773
5212	43.932
5213	44.114
5214	44.136
5215	44.045
5216	42.068
5217	42.364
5218	43.136
5219	42.364
5220	42
5221	41.682
5222	42.795
5223	42.205
5224	43.023
5225	42.659
5226	41.886
5227	43.864
5228	42.273
5229	42.545
5230	41.818
5231	43.545
5232	42.273
5233	42.5
5234	42.636
5235	42.364
5236	42.091
5237	41.386
5238	41.568
5239	42.773
5240	42.25
5241	41.364
5242	41.591
5243	41.636
5244	41.636
5245	42
