1	33.536
2	33.174
3	33.71
4	33.551
5	33.565
6	33.13
7	34.971
8	35.884
9	38.623
10	39.406
11	40.667
12	41.667
13	42.362
14	42.043
15	43.159
16	42.435
17	42.116
18	43.13
19	43.391
20	44.188
21	43.812
22	43.217
23	43.203
24	42.333
25	42.942
26	42.928
27	42.391
28	42.667
29	41.58
30	41.638
31	40.884
32	40.536
33	40.565
34	41.522
35	40.217
36	39.87
37	39.58
38	40.072
39	39.696
40	38.391
41	38.652
42	39.377
43	39.696
44	39.116
45	38.957
46	39.971
47	38.652
48	38.754
49	37.841
50	37.391
51	38.986
52	38.478
53	38.391
54	37.522
55	37.42
56	38.957
57	37.449
58	37.739
59	37.217
60	36.159
61	37.217
62	37.116
63	36.304
64	36.217
65	35.406
66	36.377
67	36.319
68	35.667
69	36.826
70	35.971
71	36.145
72	35.681
73	35.42
74	35.594
75	35.884
76	36.826
77	35.797
78	35.855
79	35.58
80	35.725
81	35.043
82	35.899
83	34.696
84	34.899
85	36.058
86	35.507
87	35.536
88	35.377
89	34.725
90	35.116
91	35.145
92	35
93	34.899
94	35.232
95	35
96	33.942
97	35.667
98	34.855
99	35.13
100	34.739
101	34.58
102	33.913
103	34.507
104	34.188
105	35.42
106	34
107	34.826
108	34.783
109	34.145
110	34.652
111	33.58
112	34.87
113	34.304
114	33.812
115	34.043
116	33.377
117	34.159
118	34.145
119	34.087
120	32.942
121	33.609
122	33.841
123	32.638
124	34.609
125	34.797
126	33.667
127	33.855
128	33.812
129	33.478
130	33.13
131	34.087
132	33.623
133	33.754
134	34.275
135	33.246
136	34.159
137	33.101
138	33.377
139	33
140	33.71
141	33.348
142	34.609
143	33.783
144	33.681
145	33.014
146	34.232
147	33.739
148	33.913
149	32.87
150	34.261
151	32.87
152	34.087
153	32.797
154	34
155	33.725
156	33.855
157	33.87
158	34.072
159	34.145
160	33.841
161	33.435
162	33.623
163	33.246
164	34.696
165	33.638
166	33.449
167	33.391
168	33.696
169	33.145
170	32.594
171	33.725
172	33.304
173	33.594
174	33.913
175	33.217
176	34.116
177	33.884
178	33.29
179	34.812
180	33.971
181	33.449
182	33.565
183	33.652
184	34.29
185	35.71
186	36.899
187	38.464
188	39.029
189	40.058
190	41.116
191	41.232
192	42.797
193	43.391
194	42.058
195	43.174
196	42.275
197	43.058
198	44.725
199	43
200	44.145
201	43.464
202	43.493
203	42.348
204	42.406
205	42.232
206	42.319
207	42.391
208	41.536
209	41.377
210	42.101
211	41.203
212	40.638
213	40.319
214	39.667
215	40.536
216	39.87
217	39.174
218	40.551
219	39.29
220	39.377
221	38.594
222	38.957
223	38.826
224	38.58
225	37.638
226	38.362
227	37.406
228	37.87
229	37.826
230	37.971
231	38.29
232	38.203
233	37.42
234	36.899
235	38.261
236	36.971
237	37.203
238	37.174
239	36.812
240	36.145
241	36.522
242	36.435
243	37.783
244	36.681
245	36.623
246	37.493
247	37.507
248	36.681
249	36.551
250	36.246
251	36.594
252	36.551
253	36.217
254	36.072
255	36.188
256	36.116
257	35.101
258	36.42
259	35.71
260	35.609
261	35.594
262	35.928
263	35.71
264	35.913
265	36.333
266	35.217
267	36.594
268	36.464
269	35.13
270	35.203
271	35.536
272	35.58
273	36.014
274	34.855
275	35.536
276	35.435
277	34.797
278	33.942
279	35.623
280	35.116
281	35.42
282	34.696
283	34.391
284	34.29
285	35
286	35.159
287	35.029
288	34.594
289	34.522
290	34.522
291	34.232
292	33.884
293	34.275
294	33.551
295	33.783
296	34.29
297	34.246
298	33.826
299	34.681
300	33.754
301	33.58
302	33
303	34.13
304	33.507
305	33.449
306	33.348
307	33.275
308	33.739
309	33.594
310	34.159
311	33.594
312	33.406
313	34.362
314	33.391
315	34.507
316	34.304
317	33.188
318	33.899
319	33.551
320	33.667
321	33.188
322	33.797
323	33.449
324	33.246
325	32.319
326	33.174
327	34.348
328	34.449
329	33.493
330	34.522
331	33.855
332	33.957
333	33.536
334	33.565
335	33.449
336	33.275
337	33.493
338	32.971
339	32.913
340	34.043
341	33.522
342	33.464
343	32.783
344	32.203
345	32.826
346	33
347	33.406
348	33.841
349	33.464
350	34.478
351	33.652
352	34.116
353	33.783
354	33.217
355	33.899
356	33.174
357	32.565
358	33.551
359	32.536
360	33.667
361	34.478
362	33.522
363	34.014
364	34.348
365	32.928
366	33.449
367	33.101
368	32.609
369	33.217
370	33.203
371	32.739
372	33.681
373	33.464
374	32.826
375	33.319
376	33.13
377	33.768
378	33.681
379	32.507
380	32.667
381	33.159
382	33.203
383	33.275
384	33.319
385	33.29
386	32.855
387	33.246
388	33.203
389	33.565
390	33.101
391	32.623
392	33.783
393	33.391
394	33.667
395	33.696
396	33.058
397	32.768
398	33.681
399	33.696
400	33.522
401	33.406
402	33.841
403	33.435
404	33.391
405	33.406
406	33.768
407	33.087
408	32.971
409	33.203
410	33.319
411	32.696
412	32.493
413	33.899
414	33.319
415	33
416	32.986
417	33.522
418	33.116
419	32.522
420	32.275
421	33.377
422	33.145
423	32.043
424	32.986
425	32.536
426	32.493
427	33.812
428	33.145
429	32.754
430	32.971
431	32.101
432	32.826
433	33.768
434	32.797
435	33.101
436	32.841
437	32.362
438	33.159
439	32.768
440	33.333
441	32.333
442	32.435
443	31.797
444	32.754
445	33.348
446	33.116
447	32.522
448	32.507
449	33.188
450	32.188
451	32.855
452	33.043
453	32.725
454	32.072
455	31.609
456	33.145
457	31.768
458	32.739
459	33.797
460	31.116
461	31.899
462	32.942
463	32.522
464	31.855
465	33.667
466	31.261
467	34.043
468	31.362
469	31.232
470	32.435
471	32.261
472	33.246
473	32.087
474	32.246
475	32.188
476	33.406
477	32.551
478	32.101
479	32.203
480	32.29
481	33.058
482	32.072
483	33
484	33.275
485	33
486	31.899
487	34
488	32.435
489	32.565
490	33.174
491	32.261
492	32.928
493	31.797
494	32.768
495	31.855
496	31.71
497	32.899
498	32.841
499	32.594
500	33.246
501	33.826
502	31.841
503	32.899
504	32.841
505	33.319
506	33.116
507	33.507
508	32.435
509	32.435
510	32.348
511	32.319
512	32.783
513	32.841
514	31.652
515	32.145
516	32.739
517	32.464
518	32.333
519	31.957
520	32.435
521	32.971
522	32.783
523	32.116
524	32.942
525	32.348
526	32.609
527	32.696
528	32.725
529	32.232
530	33.696
531	32.087
532	32.449
533	32.42
534	32.71
535	32.014
536	32.087
537	33.188
538	33.319
539	33.072
540	33.101
541	33.377
542	32.739
543	32.855
544	33.623
545	32.812
546	33.652
547	33.623
548	32.275
549	33.232
550	33.13
551	32.232
552	31.928
553	32.754
554	32.87
555	32.478
556	33.116
557	31.435
558	32.232
559	33.188
560	32.928
561	32.942
562	32
563	32.261
564	32.319
565	32.232
566	34.565
567	33.246
568	33.087
569	32.826
570	33.464
571	32.768
572	32.754
573	32.246
574	33
575	33.159
576	32.116
577	32.42
578	32.029
579	33.13
580	33.565
581	33.391
582	33.145
583	33.565
584	33.391
585	33.449
586	33.652
587	32.652
588	33.29
589	33.087
590	32.507
591	32.986
592	31.942
593	32.899
594	32.928
595	32.71
596	33.681
597	33.217
598	33.522
599	31.899
600	32.362
601	33.71
602	34.13
603	33.159
604	33.435
605	32.986
606	32.681
607	33.29
608	32.652
609	33.391
610	32
611	32.783
612	33.188
613	33.435
614	32.884
615	32.884
616	33.087
617	33.203
618	32.609
619	32.391
620	33.232
621	32.681
622	33.362
623	32.986
624	36.928
625	36.87
626	38.986
627	37.899
628	39.841
629	40.913
630	40.174
631	41.971
632	42.101
633	42.304
634	42.986
635	42.333
636	43.406
637	42.565
638	42.826
639	42.536
640	42.319
641	42.029
642	41.217
643	42.435
644	41.101
645	42.116
646	41.145
647	41.696
648	40.174
649	40.667
650	41.884
651	39.565
652	40.174
653	39.783
654	39.377
655	39.362
656	38.377
657	39.377
658	39.507
659	39.145
660	38.826
661	38.71
662	37.725
663	37.609
664	38.362
665	38.072
666	37.855
667	37.725
668	37.362
669	36.797
670	37.841
671	36.464
672	36.928
673	36.913
674	36.304
675	35.797
676	36.449
677	35.638
678	35.696
679	35.072
680	36.928
681	36.435
682	36.71
683	35.768
684	35.246
685	37.232
686	35.362
687	35.594
688	34.957
689	36.087
690	34.58
691	35.145
692	35.594
693	34.681
694	35.913
695	35.072
696	34.681
697	34.87
698	33.565
699	34.449
700	34.826
701	34.855
702	33.797
703	34.899
704	34.58
705	34.478
706	34.174
707	34.348
708	34.014
709	34.667
710	34.478
711	34.783
712	33.188
713	33.377
714	34.884
715	33.754
716	33.667
717	34.304
718	33.899
719	33.13
720	33.928
721	32.725
722	34.246
723	33.261
724	34.145
725	33.928
726	34.58
727	32.783
728	34.246
729	33.87
730	34
731	34.522
732	32.594
733	34.507
734	33.116
735	32.768
736	33.971
737	33.319
738	34.42
739	33.304
740	34.609
741	33.217
742	34.377
743	32.884
744	33.072
745	33.58
746	33.043
747	33.029
748	33.536
749	32.855
750	33.116
751	32.623
752	32.884
753	33.42
754	33.029
755	32.942
756	33.551
757	33.478
758	33.29
759	32.029
760	32.261
761	32.928
762	32.797
763	33.464
764	31.58
765	33.464
766	33.609
767	32.841
768	33.072
769	32.696
770	33.565
771	33.29
772	33.725
773	32.812
774	32.42
775	32.594
776	32.174
777	32.913
778	32.435
779	33.188
780	32.884
781	33.71
782	32.478
783	32.739
784	32.71
785	33.478
786	33.725
787	33.101
788	33.42
789	32.145
790	33.101
791	32.783
792	32.754
793	32.478
794	32.159
795	32.42
796	31.768
797	32.971
798	33.435
799	33.783
800	33.087
801	32.884
802	32.681
803	32.058
804	32.681
805	32.391
806	32.232
807	32.478
808	33.101
809	32.87
810	33.826
811	32.377
812	33.522
813	32.754
814	33.145
815	32.507
816	32.696
817	32.986
818	34
819	32.478
820	31.986
821	33.971
822	34.261
823	33.884
824	33.101
825	33.652
826	34.116
827	32.768
828	34.145
829	32.884
830	33.232
831	33.667
832	34.261
833	33.435
834	33.348
835	33.246
836	33.565
837	33.551
838	32.754
839	33.203
840	33.13
841	32.739
842	32.594
843	31.942
844	32.188
845	32.246
846	32.667
847	31.435
848	32
849	32.725
850	30.855
851	32.232
852	33.203
853	32.29
854	32.913
855	32.797
856	32.681
857	32.232
858	33.087
859	32.232
860	32.696
861	32.072
862	32.884
863	32.449
864	32.71
865	32.696
866	32.696
867	32.159
868	32.42
869	31.42
870	33.174
871	32.362
872	32.942
873	31.522
874	32.493
875	32.464
876	32.754
877	33.029
878	31.638
879	33.29
880	31.841
881	32.101
882	32
883	31.971
884	32.71
885	31.391
886	32.899
887	32.855
888	32.783
889	33.348
890	32.638
891	31.812
892	33.246
893	32.087
894	32.754
895	31.739
896	31.304
897	32.841
898	33
899	33.188
900	32.188
901	32.246
902	32.696
903	31.739
904	32.174
905	32.449
906	32.725
907	31.826
908	32.377
909	33.246
910	32.942
911	31.942
912	32.884
913	32.565
914	32.638
915	32.841
916	32.377
917	32.928
918	33.275
919	33.42
920	33.667
921	32.551
922	32.58
923	32.536
924	32.87
925	32.986
926	32.174
927	33.145
928	33.739
929	33.029
930	32.565
931	33.406
932	32.478
933	32.681
934	32.536
935	32.449
936	32.435
937	32.493
938	33.116
939	32.232
940	32.812
941	32.087
942	31.725
943	32.58
944	32.623
945	32.464
946	32.739
947	32.435
948	32.739
949	31.768
950	33.304
951	33.246
952	31.971
953	32.333
954	32.116
955	31.899
956	32.145
957	33.203
958	33.304
959	32.58
960	33
961	32.812
962	32.464
963	32.188
964	32.449
965	32.696
966	32.754
967	32.783
968	31.609
969	32.913
970	32.435
971	32.116
972	32.623
973	32.362
974	32.87
975	32.884
976	32.319
977	32.203
978	31.797
979	32.435
980	32.174
981	32.942
982	33.087
983	32.754
984	32.609
985	32.391
986	33.087
987	32.58
988	33.174
989	32.493
990	33.159
991	32.884
992	33.13
993	32.855
994	32.739
995	32.623
996	33.029
997	33.043
998	33.101
999	32.696
1000	31.928
1001	33.188
1002	33.855
1003	32.942
1004	32.246
1005	32.797
1006	32.609
1007	32.159
1008	32.536
1009	32.725
1010	32.812
1011	33.174
1012	32.638
1013	32.971
1014	33.043
1015	33.406
1016	32.348
1017	31.522
1018	31.725
1019	32.449
1020	32.899
1021	32.232
1022	32.188
1023	33.609
1024	32.275
1025	32.739
1026	32.899
1027	32.435
1028	32.029
1029	32.855
1030	32.188
1031	32.449
1032	33.13
1033	32.304
1034	32.87
1035	33.536
1036	32.594
1037	33.971
1038	34.029
1039	36.188
1040	37.159
1041	38.725
1042	38.797
1043	39.522
1044	41.043
1045	40.957
1046	41.406
1047	40.957
1048	42.014
1049	42.319
1050	42.623
1051	41.826
1052	41.681
1053	41.217
1054	40.507
1055	41.406
1056	40.884
1057	41.841
1058	41.971
1059	41.739
1060	41.043
1061	40.435
1062	40.652
1063	39.899
1064	41.319
1065	40.449
1066	39.783
1067	39.493
1068	39.275
1069	38.478
1070	39.435
1071	38.696
1072	39.043
1073	38.609
1074	38.174
1075	38.536
1076	38.768
1077	37.928
1078	38.609
1079	37.377
1080	37.754
1081	37.942
1082	37.493
1083	37.333
1084	37.522
1085	37.551
1086	37.478
1087	37.478
1088	37.522
1089	37.072
1090	36.971
1091	35.739
1092	36.942
1093	36.232
1094	35.725
1095	37.029
1096	35.681
1097	36
1098	35.377
1099	36.377
1100	36.609
1101	35.739
1102	35.826
1103	36.391
1104	35.565
1105	35.29
1106	34.493
1107	34.681
1108	34.884
1109	35.304
1110	35.174
1111	34.188
1112	34.696
1113	34.478
1114	34.826
1115	34.594
1116	34.348
1117	34.667
1118	34.029
1119	35.058
1120	33.652
1121	34.203
1122	35.464
1123	34.87
1124	34.768
1125	34.29
1126	34.116
1127	34.217
1128	34.449
1129	34.652
1130	35.145
1131	32.986
1132	34.261
1133	34.232
1134	34.899
1135	33.029
1136	34.565
1137	33.406
1138	33.928
1139	34.116
1140	33.841
1141	34.652
1142	34.464
1143	33.333
1144	34.058
1145	32.71
1146	33.551
1147	33.087
1148	33.971
1149	34.13
1150	34.275
1151	33.145
1152	33.072
1153	33.174
1154	32.493
1155	33.797
1156	33.681
1157	32.913
1158	33.797
1159	33.768
1160	33.101
1161	33.623
1162	33.812
1163	32.29
1164	33.87
1165	34.174
1166	32.841
1167	34.058
1168	31.464
1169	32.29
1170	33.188
1171	32.884
1172	32.609
1173	33.377
1174	32.58
1175	32.725
1176	33.043
1177	34.087
1178	33.145
1179	31.841
1180	31.87
1181	33.623
1182	32.42
1183	32.029
1184	33.754
1185	33.812
1186	33.029
1187	33.058
1188	33.188
1189	32.594
1190	32.391
1191	32.783
1192	33.362
1193	32.362
1194	33.087
1195	33.696
1196	33
1197	33.304
1198	33.072
1199	32.377
1200	33.377
1201	32.13
1202	33.058
1203	32.681
1204	33.116
1205	32.638
1206	33.754
1207	33.174
1208	32.058
1209	32.406
1210	31.884
1211	32.348
1212	33.304
1213	32.899
1214	33.565
1215	33.42
1216	32.855
1217	32.768
1218	32.406
1219	32.594
1220	32.58
1221	33.565
1222	32.739
1223	33.246
1224	32.319
1225	32.348
1226	33.696
1227	33.725
1228	33.493
1229	33.696
1230	32.58
1231	33.478
1232	32.812
1233	32.565
1234	32.29
1235	33.188
1236	32.464
1237	32.855
1238	32.928
1239	32.855
1240	33.971
1241	34.391
1242	32.899
1243	32.986
1244	32.826
1245	32.101
1246	32.957
1247	32.667
1248	31.754
1249	33.087
1250	32.71
1251	32.203
1252	33.159
1253	32.696
1254	31.957
1255	32.71
1256	32.087
1257	33.145
1258	32.333
1259	32.087
1260	33.13
1261	32.638
1262	32.493
1263	32.942
1264	33.188
1265	31.696
1266	32.768
1267	31.855
1268	33.623
1269	33.145
1270	33.478
1271	32.493
1272	33.522
1273	32.957
1274	32.826
1275	31.913
1276	32.565
1277	33.971
1278	32.522
1279	33.246
1280	32.493
1281	32.565
1282	32.565
1283	32
1284	32.768
1285	33.101
1286	32.551
1287	33.42
1288	32.464
1289	32.493
1290	32.913
1291	32.739
1292	33.232
1293	32.826
1294	32.377
1295	32.783
1296	32.29
1297	33.232
1298	32.783
1299	32.536
1300	32.681
1301	32.681
1302	32.971
1303	33.377
1304	33.522
1305	31.942
1306	31.957
1307	32.594
1308	33.623
1309	31.812
1310	32.812
1311	32.246
1312	32.957
1313	32.377
1314	32.58
1315	32.362
1316	32.014
1317	31.928
1318	32.217
1319	32.507
1320	32.304
1321	32.377
1322	31.638
1323	32.71
1324	32.826
1325	31.768
1326	32.42
1327	32.464
1328	32.681
1329	31.913
1330	33.145
1331	33
1332	31.739
1333	32.681
1334	31.681
1335	33.072
1336	32.551
1337	32.333
1338	32.884
1339	31.667
1340	31.783
1341	32.145
1342	32.217
1343	31.638
1344	32.478
1345	32.246
1346	32.246
1347	33.246
1348	32.986
1349	32.725
1350	32.319
1351	33.855
1352	33.101
1353	33.014
1354	32.449
1355	33.507
1356	32.594
1357	31.261
1358	31.957
1359	31.42
1360	32.725
1361	32.203
1362	32.42
1363	32.667
1364	31.826
1365	32.493
1366	31.522
1367	33.333
1368	33.754
1369	31.681
1370	32.362
1371	31.391
1372	32.101
1373	32.478
1374	32.029
1375	33.304
1376	31.87
1377	32.406
1378	32.986
1379	32.681
1380	32.667
1381	32.87
1382	32.797
1383	31.58
1384	32.899
1385	33.043
1386	31.725
1387	32.884
1388	32.855
1389	32.971
1390	32.594
1391	32.406
1392	32.377
1393	31.928
1394	32.986
1395	32.072
1396	31.928
1397	31.565
1398	32.449
1399	32.362
1400	31.667
1401	32.333
1402	32.232
1403	32.145
1404	32.754
1405	32.203
1406	32.333
1407	32.841
1408	32.406
1409	31.971
1410	32.739
1411	32.609
1412	33.565
1413	32.304
1414	32.435
1415	32.696
1416	32.855
1417	32.493
1418	32.043
1419	32.29
1420	31.667
1421	33.217
1422	32.942
1423	31.71
1424	31.333
1425	31.565
1426	31.913
1427	32.449
1428	31.565
1429	32.159
1430	32.362
1431	32.986
1432	34.797
1433	35.391
1434	36.913
1435	37.101
1436	39.348
1437	39.13
1438	39.42
1439	39.594
1440	40.696
1441	40.464
1442	41.71
1443	40.101
1444	41.406
1445	41.29
1446	40.464
1447	41.188
1448	41.014
1449	39.942
1450	40.71
1451	40.406
1452	40.623
1453	41.014
1454	39.826
1455	39.797
1456	39.899
1457	40.464
1458	37.884
1459	38.333
1460	39.87
1461	39
1462	38.696
1463	38.507
1464	37.304
1465	37.478
1466	38.536
1467	36.812
1468	37.754
1469	37.072
1470	38.493
1471	37.899
1472	36.333
1473	37.203
1474	38.116
1475	37.696
1476	36.391
1477	37.449
1478	35.971
1479	36.116
1480	36.232
1481	36.203
1482	36.232
1483	35.058
1484	36.304
1485	35.986
1486	35.304
1487	36.029
1488	35.681
1489	35.188
1490	36.464
1491	34.841
1492	35.58
1493	35
1494	35.783
1495	34.058
1496	35.043
1497	34.42
1498	35.072
1499	35.435
1500	34.203
1501	34.565
1502	35.072
1503	34.638
1504	34.435
1505	34.623
1506	35.029
1507	34.638
1508	36.13
1509	34.551
1510	34.246
1511	33.333
1512	34.101
1513	34.942
1514	33.957
1515	34
1516	34.652
1517	33.87
1518	34.478
1519	34.391
1520	33.493
1521	34.348
1522	33.261
1523	34.101
1524	34.087
1525	34.203
1526	33.362
1527	34.333
1528	34.362
1529	34.319
1530	33.667
1531	34.797
1532	34.449
1533	34.493
1534	34.116
1535	32.58
1536	34.058
1537	33.957
1538	33.609
1539	33.246
1540	33.623
1541	34.13
1542	33.377
1543	32.754
1544	33.899
1545	33.797
1546	34.101
1547	33
1548	33.536
1549	33.623
1550	33.957
1551	33.652
1552	34.13
1553	34.29
1554	34.029
1555	33.145
1556	33.681
1557	33.348
1558	33.522
1559	33.681
1560	33.493
1561	32.551
1562	32.739
1563	32.522
1564	33.13
1565	33.957
1566	32.71
1567	32.565
1568	32.449
1569	33.159
1570	33.391
1571	33.638
1572	33.029
1573	32.594
1574	32.464
1575	33.362
1576	33.043
1577	32.652
1578	32.522
1579	32.957
1580	33.246
1581	32.71
1582	33.855
1583	33.884
1584	31.899
1585	32.623
1586	32.725
1587	33.391
1588	32.522
1589	32.681
1590	32.797
1591	32.768
1592	33.681
1593	33.072
1594	33.391
1595	33.232
1596	32.014
1597	33
1598	32.507
1599	32.826
1600	32.493
1601	32.797
1602	33.594
1603	33.594
1604	31.304
1605	32.13
1606	33.014
1607	33.275
1608	32.145
1609	32.246
1610	32.855
1611	32.551
1612	33.942
1613	32.986
1614	32.971
1615	33.087
1616	33.116
1617	32.261
1618	33.072
1619	32.768
1620	32.928
1621	32.638
1622	32.333
1623	32.58
1624	32.667
1625	33.594
1626	32.971
1627	32.841
1628	33.449
1629	32.13
1630	32
1631	33.464
1632	33.043
1633	32.623
1634	32.87
1635	33.29
1636	32.449
1637	32.652
1638	32.217
1639	32.333
1640	31.551
1641	32.174
1642	32.58
1643	32.348
1644	32.072
1645	32.739
1646	32.58
1647	33.087
1648	32.768
1649	32.986
1650	32.246
1651	31.391
1652	32.174
1653	31.826
1654	31.565
1655	32.652
1656	32.391
1657	33.507
1658	32.304
1659	32.058
1660	31.754
1661	31.188
1662	31.188
1663	32.609
1664	32.986
1665	31.71
1666	32.594
1667	31.928
1668	33.116
1669	31.464
1670	32.594
1671	33.246
1672	31.942
1673	32.638
1674	32.623
1675	32.319
1676	32.217
1677	32.406
1678	32.768
1679	32.072
1680	32.159
1681	33.478
1682	34.522
1683	35.841
1684	37.333
1685	36.797
1686	37.565
1687	38.13
1688	38.246
1689	39
1690	39.014
1691	39.623
1692	39.304
1693	38.913
1694	39.71
1695	39.565
1696	38.696
1697	38.29
1698	37.812
1699	38.246
1700	38.551
1701	39
1702	38.217
1703	38.855
1704	38.928
1705	37.855
1706	38.188
1707	38.348
1708	37.754
1709	38.174
1710	38.362
1711	37.986
1712	38.232
1713	37.768
1714	36.261
1715	37.71
1716	36.884
1717	37.058
1718	35.986
1719	37.29
1720	35.913
1721	36.478
1722	35.797
1723	36.348
1724	36.319
1725	36.058
1726	35.696
1727	35.188
1728	36.884
1729	36.377
1730	36.159
1731	35.609
1732	35.725
1733	36.101
1734	35.145
1735	35.087
1736	35.478
1737	35.942
1738	35.275
1739	34.609
1740	35.145
1741	33.754
1742	34.087
1743	33.754
1744	34.812
1745	34.725
1746	34.739
1747	33.71
1748	34.449
1749	34.493
1750	34.638
1751	33.928
1752	34.725
1753	33.696
1754	33.87
1755	33.739
1756	34.348
1757	34.043
1758	33.145
1759	34.275
1760	34.551
1761	33.406
1762	33.551
1763	34.014
1764	34.174
1765	33.826
1766	33.261
1767	33.087
1768	32.348
1769	33.13
1770	33.478
1771	33.072
1772	33.319
1773	34.246
1774	33.797
1775	33.043
1776	32.812
1777	32.536
1778	33.116
1779	32.754
1780	32.754
1781	34.101
1782	33.493
1783	33.565
1784	33.536
1785	32.478
1786	32.855
1787	33.696
1788	32.826
1789	31.87
1790	32.681
1791	32.623
1792	32.652
1793	32.406
1794	32.261
1795	31.971
1796	32.464
1797	32.638
1798	32.536
1799	33.029
1800	32.319
1801	32.058
1802	33.13
1803	32.333
1804	32.623
1805	32.145
1806	33.13
1807	32.232
1808	31.609
1809	33.681
1810	32.986
1811	32.246
1812	32.348
1813	32.899
1814	32.536
1815	32.841
1816	32.304
1817	32.464
1818	32.116
1819	32.87
1820	32.536
1821	33.174
1822	34.507
1823	33.652
1824	31.609
1825	33.638
1826	33.565
1827	31.855
1828	33.203
1829	33.435
1830	33.594
1831	32.652
1832	32.507
1833	32.101
1834	33.913
1835	31.594
1836	32.594
1837	32.188
1838	32.043
1839	32.435
1840	33.275
1841	34.043
1842	32.101
1843	33.029
1844	33.058
1845	32.043
1846	32.072
1847	32.739
1848	33.13
1849	32.449
1850	33.217
1851	32.942
1852	32.116
1853	32.304
1854	33.145
1855	32.377
1856	32.739
1857	33.478
1858	32.319
1859	31.884
1860	32.29
1861	33.058
1862	32.014
1863	33.159
1864	31.884
1865	33.043
1866	33.261
1867	32
1868	32.014
1869	32.304
1870	32.275
1871	32.29
1872	32.464
1873	32.942
1874	32.841
1875	32.188
1876	31.739
1877	31.464
1878	32.58
1879	32.928
1880	32
1881	32.87
1882	32.449
1883	33.348
1884	32.696
1885	31.391
1886	32.638
1887	32.507
1888	32.319
1889	31.551
1890	32.884
1891	32.101
1892	32.986
1893	31.812
1894	31.449
1895	32.116
1896	31.841
1897	32.319
1898	32.58
1899	32.043
1900	31.913
1901	32.087
1902	33.029
1903	31.594
1904	32.507
1905	32.043
1906	32.333
1907	32.29
1908	32.551
1909	31.159
1910	33.101
1911	31.855
1912	32.754
1913	33.101
1914	33.029
1915	32.522
1916	32.754
1917	32.029
1918	32.116
1919	32.913
1920	32.565
1921	33.058
1922	32.58
1923	32.507
1924	32.826
1925	31.652
1926	33.391
1927	33.116
1928	32.71
1929	31.609
1930	32.957
1931	31.348
1932	31.725
1933	32.899
1934	31.971
1935	32.681
1936	32.145
1937	32.319
1938	30.797
1939	32.145
1940	31.464
1941	32.145
1942	32.783
1943	32.754
1944	33.377
1945	32.623
1946	33.391
1947	30.797
1948	32.275
1949	32.116
1950	31.406
1951	32.391
1952	32.957
1953	31.493
1954	32.884
1955	33.043
1956	32.783
1957	32.623
1958	31.754
1959	32.159
1960	32.855
1961	32.362
1962	31.739
1963	32.348
1964	33
1965	32.464
1966	32.275
1967	32.797
1968	32.348
1969	32.203
1970	31.884
1971	31.913
1972	31.957
1973	31.783
1974	33.13
1975	32.217
1976	32.855
1977	32.435
1978	32.87
1979	32.739
1980	31.478
1981	32.739
1982	32.783
1983	32.652
1984	32.449
1985	31.783
1986	31.942
1987	32.536
1988	32.826
1989	31.899
1990	31.986
1991	32.797
1992	32.667
1993	32.71
1994	32.652
1995	31.986
1996	31.884
1997	31.087
1998	31.942
1999	31.261
2000	32.391
2001	32.739
2002	31.826
2003	32.783
2004	31.87
2005	31.768
2006	32.739
2007	32.884
2008	33.261
2009	32.71
2010	32.377
2011	32.957
2012	32.87
2013	32.58
2014	32.406
2015	32.667
2016	31.478
2017	33.072
2018	31.159
2019	32.435
2020	31.855
2021	32.116
2022	32.449
2023	32.623
2024	31.043
2025	31.899
2026	32.304
2027	33.29
2028	32.768
2029	31.478
2030	33.957
2031	34.435
2032	34.87
2033	37.319
2034	36.841
2035	36.797
2036	38.826
2037	38.449
2038	39.043
2039	38.652
2040	39.652
2041	38.841
2042	39.043
2043	39.406
2044	37.884
2045	38.275
2046	39.449
2047	39.159
2048	38.377
2049	38.029
2050	38.203
2051	38.71
2052	38.391
2053	38.377
2054	37.768
2055	37.29
2056	37.304
2057	37.464
2058	37.667
2059	37.71
2060	36.188
2061	36.812
2062	36.783
2063	36.275
2064	36.812
2065	36.652
2066	36.855
2067	36.725
2068	36.739
2069	35.812
2070	35.13
2071	35.217
2072	35.652
2073	35.13
2074	35.87
2075	34.667
2076	35.87
2077	34.826
2078	36.116
2079	35.42
2080	34.768
2081	34.072
2082	34.652
2083	34.594
2084	34.754
2085	33.754
2086	33.928
2087	35.116
2088	34.362
2089	34.464
2090	34.159
2091	35.145
2092	34.203
2093	33.783
2094	34.275
2095	33.551
2096	33.855
2097	34.652
2098	33.391
2099	33.536
2100	34.246
2101	33.304
2102	33.957
2103	33.406
2104	34.058
2105	33.812
2106	34.058
2107	33.957
2108	34.145
2109	34.029
2110	34.014
2111	32.594
2112	34.841
2113	32.768
2114	34.043
2115	32.797
2116	32.145
2117	33.348
2118	32.652
2119	33.145
2120	33.087
2121	34.638
2122	32.609
2123	34.261
2124	33.043
2125	32.435
2126	33.652
2127	32.333
2128	33.203
2129	32.638
2130	32.261
2131	32.899
2132	33.014
2133	33.072
2134	33.246
2135	32.333
2136	33.014
2137	33.159
2138	32.449
2139	33.594
2140	33.638
2141	32.739
2142	31.638
2143	31.913
2144	32.609
2145	33.145
2146	32.783
2147	33.522
2148	32.594
2149	32.42
2150	32.507
2151	32.913
2152	31.739
2153	31.942
2154	33
2155	32.406
2156	32.739
2157	32.797
2158	32.551
2159	32.13
2160	32.493
2161	32.174
2162	31.623
2163	31.667
2164	32.58
2165	32.536
2166	31.319
2167	32.333
2168	32.696
2169	32
2170	32.594
2171	32.304
2172	31.739
2173	32.42
2174	32.232
2175	32.87
2176	32.043
2177	31.217
2178	33.435
2179	33.58
2180	32.058
2181	31.942
2182	33.174
2183	32.232
2184	33.261
2185	31.638
2186	32.652
2187	31.696
2188	32.217
2189	32.638
2190	32.667
2191	32.42
2192	31.783
2193	32.406
2194	32.797
2195	31.957
2196	31.971
2197	32.406
2198	32.884
2199	32.725
2200	31.493
2201	31.928
2202	32.159
2203	32.652
2204	32.188
2205	33.435
2206	31.826
2207	32.362
2208	32.304
2209	32.435
2210	32.551
2211	32.841
2212	31.899
2213	32.986
2214	33.101
2215	32.797
2216	33.043
2217	32.58
2218	30.899
2219	32.667
2220	32.812
2221	32.435
2222	31.145
2223	32.522
2224	32.478
2225	32.014
2226	33.058
2227	31.884
2228	32.551
2229	32.493
2230	32.899
2231	31.217
2232	33.043
2233	32.826
2234	32.551
2235	33.435
2236	32.855
2237	33.319
2238	31.913
2239	32.217
2240	33.101
2241	31.812
2242	32.522
2243	31.928
2244	32.043
2245	31.087
2246	32.029
2247	32.594
2248	32.449
2249	32.058
2250	32.275
2251	32.449
2252	31.522
2253	31.826
2254	31.101
2255	31.145
2256	31.797
2257	32.71
2258	31.449
2259	31.797
2260	31.725
2261	32.812
2262	32.435
2263	33.319
2264	32.42
2265	32.609
2266	31.87
2267	31.71
2268	32.145
2269	32.797
2270	32.232
2271	33.304
2272	32.449
2273	31.812
2274	33.087
2275	32.899
2276	32.696
2277	32.797
2278	33.116
2279	32.609
2280	32.275
2281	32.319
2282	32.478
2283	31.667
2284	32.855
2285	32.435
2286	32.58
2287	32.275
2288	32.377
2289	32.725
2290	32.899
2291	32.435
2292	32.188
2293	32.145
2294	32.116
2295	32.478
2296	32.565
2297	32.391
2298	31.072
2299	32.043
2300	32.116
2301	32.029
2302	31.333
2303	31.594
2304	31.652
2305	33.319
2306	32.478
2307	32.275
2308	31.362
2309	31.928
2310	32.826
2311	32.246
2312	32.594
2313	32.594
2314	31.942
2315	32.478
2316	32.217
2317	32
2318	32.594
2319	32.406
2320	32.478
2321	32.42
2322	31.667
2323	32.116
2324	32.159
2325	32.13
2326	32.536
2327	32.203
2328	31.217
2329	31.478
2330	30.754
2331	32.246
2332	32.739
2333	32.275
2334	31.884
2335	33.159
2336	32.638
2337	32.304
2338	31.681
2339	33.261
2340	32.913
2341	32.159
2342	31.681
2343	31.971
2344	32.696
2345	32.13
2346	31.609
2347	32.681
2348	32.884
2349	31.261
2350	31.754
2351	33.261
2352	31.551
2353	31.942
2354	32.261
2355	32.362
2356	31.884
2357	32.594
2358	32.087
2359	31.696
2360	32.029
2361	32.507
2362	31.29
2363	31.739
2364	32.522
2365	32.42
2366	32.333
2367	31.275
2368	31.884
2369	31.826
2370	31.609
2371	32.101
2372	32.072
2373	32.116
2374	32.159
2375	31.913
2376	32.42
2377	31.536
2378	32.71
2379	33.275
2380	34.855
2381	35.014
2382	36.348
2383	35.913
2384	37.13
2385	36.942
2386	38.304
2387	38.449
2388	38.391
2389	38.478
2390	39.087
2391	38.029
2392	38.754
2393	38.159
2394	37.42
2395	38.899
2396	38.145
2397	38.841
2398	38.493
2399	38.174
2400	36.942
2401	37.913
2402	37.58
2403	37.217
2404	36.855
2405	37.275
2406	37.957
2407	36.304
2408	36.652
2409	36.797
2410	36.594
2411	35.116
2412	37.29
2413	35.464
2414	35.522
2415	36.116
2416	35.145
2417	34.696
2418	35.855
2419	34.783
2420	35.217
2421	34.942
2422	35.246
2423	34.652
2424	35.812
2425	34.739
2426	35.406
2427	35.29
2428	35.145
2429	34.275
2430	34.638
2431	34.913
2432	34.957
2433	34.681
2434	34.797
2435	34.246
2436	34.594
2437	34.42
2438	33.435
2439	34.261
2440	34.029
2441	32.725
2442	34.435
2443	35.087
2444	33.217
2445	34.087
2446	33.275
2447	33.783
2448	33.609
2449	34.696
2450	34.507
2451	34.058
2452	33.797
2453	33.754
2454	33.768
2455	33.754
2456	33.768
2457	33.391
2458	33.58
2459	33.812
2460	33.739
2461	34.681
2462	32.696
2463	34.493
2464	32.667
2465	32.942
2466	33.536
2467	33.797
2468	33.145
2469	33.768
2470	33.507
2471	33.116
2472	33.174
2473	32.667
2474	33.348
2475	32.928
2476	33.058
2477	33.319
2478	33.623
2479	33.014
2480	32.377
2481	33.13
2482	32.58
2483	33.493
2484	32.826
2485	33.087
2486	32.971
2487	31.884
2488	32.739
2489	32.116
2490	32.449
2491	32
2492	31.087
2493	32.275
2494	32.957
2495	32.565
2496	31.797
2497	32.174
2498	32.275
2499	32.507
2500	32
2501	33.29
2502	33.101
2503	32.536
2504	32.391
2505	31.957
2506	31.667
2507	31.768
2508	31.319
2509	32.551
2510	32.971
2511	31.783
2512	32.609
2513	31.754
2514	32.986
2515	32.29
2516	32.464
2517	32.638
2518	32.261
2519	31.623
2520	33.203
2521	31.565
2522	33.043
2523	32.319
2524	32.536
2525	32.217
2526	32.159
2527	32.957
2528	32.58
2529	31.725
2530	32.029
2531	31.319
2532	33.246
2533	31.797
2534	32.072
2535	32.884
2536	32.899
2537	32.812
2538	32.812
2539	32.232
2540	31.768
2541	32.203
2542	32.391
2543	31.507
2544	31.464
2545	30.986
2546	32.826
2547	32.101
2548	32.449
2549	31.391
2550	31.725
2551	32.609
2552	32.957
2553	31.986
2554	32.551
2555	31.188
2556	32.13
2557	31.058
2558	32.696
2559	32.971
2560	32.826
2561	31.348
2562	32.913
2563	31.754
2564	31.638
2565	32.246
2566	32.29
2567	31.841
2568	32.377
2569	32.333
2570	31.464
2571	31.681
2572	32.42
2573	32.797
2574	33.188
2575	31.812
2576	32.971
2577	32.304
2578	31.928
2579	31.884
2580	32.058
2581	31.551
2582	32.812
2583	33.116
2584	32.739
2585	32.13
2586	32.406
2587	32.348
2588	32.362
2589	33.551
2590	33.232
2591	31.391
2592	32.246
2593	32.478
2594	31.855
2595	31.246
2596	31.478
2597	32.536
2598	32.275
2599	32.739
2600	31.855
2601	32.159
2602	32.754
2603	32.739
2604	31.913
2605	31.754
2606	32.464
2607	32.551
2608	32.928
2609	32.551
2610	32.174
2611	31.551
2612	33.449
2613	31.826
2614	33.174
2615	32.507
2616	31.754
2617	32
2618	31.667
2619	32.116
2620	32.145
2621	31.812
2622	32.029
2623	31.29
2624	32.58
2625	32.087
2626	31
2627	31.261
2628	31.507
2629	31.913
2630	31.681
2631	32.087
2632	32.449
2633	32.681
2634	31.043
2635	31.768
2636	31.754
2637	31.333
2638	32.319
2639	31.58
2640	32.536
2641	31.826
2642	32.232
2643	32.464
2644	33.348
2645	32.464
2646	31.783
2647	31.275
2648	31.464
2649	32.116
2650	31.667
2651	31.841
2652	31.841
2653	31.42
2654	31.304
2655	31.913
2656	32.159
2657	31.449
2658	30.551
2659	31.159
2660	32.101
2661	32.174
2662	31.594
2663	32.246
2664	31.638
2665	31.812
2666	32.362
2667	31.754
2668	33
2669	32.377
2670	32.174
2671	32.71
2672	31.377
2673	32.565
2674	32.087
2675	31.754
2676	32.391
2677	32.304
2678	32.478
2679	32.014
2680	31.348
2681	31.971
2682	31.783
2683	31.435
2684	32.101
2685	32.884
2686	32.072
2687	30.899
2688	31.957
2689	31.594
2690	31.841
2691	32.246
2692	32.594
2693	32.159
2694	32.217
2695	32.261
2696	31.725
2697	31.594
2698	32.348
2699	32.319
2700	32.275
2701	32.174
2702	33.043
2703	31.652
2704	32.159
2705	32.797
2706	32.261
2707	31.884
2708	33.174
2709	31.797
2710	32.101
2711	31.536
2712	32.072
2713	33.435
2714	32.884
2715	32.942
2716	31.319
2717	31.565
2718	31.971
2719	31.957
2720	33.217
2721	32.652
2722	32.116
2723	31.304
2724	32.522
2725	33.391
2726	32.275
2727	31.493
2728	33.812
2729	34.217
2730	34.87
2731	35.333
2732	36.435
2733	36.522
2734	38.522
2735	37.565
2736	37.174
2737	38.145
2738	39.971
2739	39.203
2740	39.145
2741	38.449
2742	39.435
2743	39.362
2744	39.101
2745	37.681
2746	40.058
2747	39.986
2748	37.971
2749	37.507
2750	37.681
2751	38.391
2752	38.072
2753	37.841
2754	37.261
2755	37.797
2756	36.435
2757	37.174
2758	35.667
2759	35.855
2760	36.536
2761	36.986
2762	35.551
2763	35.565
2764	34.913
2765	35.435
2766	34.913
2767	35.174
2768	35.551
2769	35.174
2770	34.536
2771	35.507
2772	36.159
2773	34.536
2774	34.29
2775	34.609
2776	33.768
2777	34.594
2778	34.855
2779	35.333
2780	34.522
2781	33.957
2782	34.232
2783	34.957
2784	34.391
2785	34.536
2786	33.449
2787	34.406
2788	34.188
2789	33.623
2790	34.928
2791	33.971
2792	33.87
2793	32.696
2794	33.971
2795	33.275
2796	34.072
2797	33.594
2798	32.986
2799	33.174
2800	33.333
2801	32.304
2802	33.812
2803	32.884
2804	33.377
2805	32.899
2806	32.71
2807	33.855
2808	33.391
2809	32.812
2810	32.957
2811	34.029
2812	33.87
2813	32.217
2814	33.087
2815	33.696
2816	33.681
2817	32.391
2818	32.377
2819	34.217
2820	33.377
2821	32.072
2822	32.565
2823	33.768
2824	32.043
2825	32.101
2826	32.913
2827	32.623
2828	31.739
2829	33.449
2830	31.478
2831	32.725
2832	32.667
2833	33.246
2834	32.884
2835	32.304
2836	34.333
2837	32.957
2838	32.783
2839	32.145
2840	32.841
2841	32.739
2842	32.362
2843	33.536
2844	33.101
2845	32.304
2846	32.855
2847	31.319
2848	33.333
2849	33.246
2850	32.246
2851	34.014
2852	32.841
2853	32.667
2854	32.841
2855	32.203
2856	32.754
2857	32.536
2858	33.826
2859	33.232
2860	33.304
2861	32.899
2862	32.275
2863	33.232
2864	33.464
2865	33.174
2866	32.681
2867	32.362
2868	32.986
2869	32.319
2870	33.522
2871	33.029
2872	32.638
2873	33.246
2874	32.594
2875	33.043
2876	32.536
2877	32.638
2878	32.13
2879	32.232
2880	33.029
2881	32.957
2882	33.159
2883	33.493
2884	31.493
2885	32.29
2886	32.986
2887	32.333
2888	32.609
2889	32.261
2890	32.478
2891	33.029
2892	32.333
2893	32.768
2894	32.841
2895	32.333
2896	33.13
2897	32.768
2898	32.855
2899	33.087
2900	31.623
2901	32.696
2902	32.29
2903	31.58
2904	32.246
2905	31.725
2906	31.725
2907	31.725
2908	31.957
2909	32.087
2910	31.812
2911	32.841
2912	32.406
2913	31.971
2914	31.71
2915	32.623
2916	33.101
2917	31.797
2918	32.42
2919	31.754
2920	32.754
2921	31.188
2922	32.13
2923	32.667
2924	31.797
2925	31.899
2926	32.536
2927	32.217
2928	31.058
2929	31.58
2930	32
2931	31.71
2932	31.942
2933	31.899
2934	31.957
2935	31
2936	32.493
2937	32.261
2938	32.464
2939	32.058
2940	32.058
2941	32.391
2942	32.188
2943	33.333
2944	32.522
2945	31.565
2946	32.188
2947	31.739
2948	32.609
2949	32.812
2950	32.565
2951	32.493
2952	32
2953	31.623
2954	33.609
2955	32.348
2956	32.333
2957	33.014
2958	31.841
2959	32.29
2960	32.246
2961	30.971
2962	32.014
2963	31.899
2964	32.333
2965	32.319
2966	32.261
2967	31.841
2968	31.13
2969	32.551
2970	32.275
2971	33.188
2972	32.029
2973	31.478
2974	32.275
2975	33.174
2976	32.203
2977	32.275
2978	32.29
2979	31.797
2980	32.304
2981	32.609
2982	32.87
2983	32.551
2984	33.333
2985	32
2986	31.681
2987	31.826
2988	32.71
2989	32.754
2990	32.391
2991	31.696
2992	31.217
2993	32.029
2994	31.435
2995	32.217
2996	31.899
2997	31.681
2998	32.174
2999	32.014
3000	32.391
3001	31.884
3002	32.261
3003	32.667
3004	32.29
3005	32.159
3006	32.42
3007	31.478
3008	31.71
3009	31.391
3010	31.42
3011	31.449
3012	32.768
3013	33.159
3014	31.072
3015	31.275
3016	31.406
3017	31.406
3018	31.493
3019	31.913
3020	31.594
3021	31.536
3022	32.188
3023	32.203
3024	30.986
3025	31.478
3026	32.174
3027	32.768
3028	31.188
3029	32.319
3030	31.464
3031	30.928
3032	32.464
3033	31.725
3034	32.957
3035	31.464
3036	32.13
3037	31.638
3038	33.522
3039	32.087
3040	33.377
3041	32.319
3042	31.217
3043	31.855
3044	31.957
3045	31.667
3046	31.551
3047	31.551
3048	32.826
3049	31.739
3050	31.42
3051	31.42
3052	30.739
3053	31.29
3054	32.507
3055	31
3056	32.362
3057	31.232
3058	31.768
3059	30.942
3060	31.391
3061	31.826
3062	32.217
3063	31.609
3064	32.058
3065	31.362
3066	32.072
3067	31.913
3068	31.87
3069	32.087
3070	32.362
3071	31.391
3072	33.159
3073	31.507
3074	31.696
3075	33.522
3076	31.232
3077	32.565
3078	33.145
3079	33.986
3080	34.855
3081	34.551
3082	37.072
3083	36.377
3084	37.116
3085	37.565
3086	38
3087	37.435
3088	37.13
3089	37.928
3090	38.087
3091	38.609
3092	39.826
3093	38.58
3094	37.826
3095	38.623
3096	39.261
3097	38.203
3098	39.13
3099	37.58
3100	37.435
3101	36.13
3102	36.362
3103	36.87
3104	37.478
3105	37.145
3106	36.246
3107	37.072
3108	37.217
3109	37.246
3110	37.812
3111	37.957
3112	38.072
3113	38.478
3114	36.594
3115	37.304
3116	38
3117	37.101
3118	37.145
3119	35.754
3120	37.449
3121	37.71
3122	36.58
3123	36.928
3124	37.319
3125	36.913
3126	35.145
3127	36.536
3128	35.449
3129	36.377
3130	36.435
3131	36.087
3132	36.348
3133	35.71
3134	34.855
3135	35.377
3136	34.928
3137	35.696
3138	34.667
3139	35.014
3140	34.841
3141	35.638
3142	35.609
3143	35.623
3144	35.188
3145	34.71
3146	34.319
3147	35.348
3148	35.029
3149	33.971
3150	33.754
3151	34.159
3152	33.609
3153	34.174
3154	34.246
3155	35.464
3156	34.797
3157	34.319
3158	34.797
3159	34.594
3160	34.899
3161	34.681
3162	33.333
3163	33.101
3164	33.87
3165	33.014
3166	34.087
3167	34.464
3168	32.362
3169	34.145
3170	33.667
3171	33.536
3172	33.319
3173	32.304
3174	33.667
3175	33.188
3176	33.493
3177	31.536
3178	33.449
3179	32.565
3180	34.246
3181	33.725
3182	32.884
3183	33.667
3184	33.87
3185	33.594
3186	32.522
3187	32.377
3188	32.913
3189	32.58
3190	33.043
3191	32.971
3192	32.246
3193	32.304
3194	32.565
3195	32.333
3196	32.261
3197	32.913
3198	32.507
3199	32.783
3200	32.826
3201	32.623
3202	32.797
3203	31.884
3204	32.783
3205	32.246
3206	31.899
3207	31.899
3208	32.464
3209	31.826
3210	33.391
3211	33.203
3212	31.232
3213	32.739
3214	33.29
3215	31.986
3216	32.623
3217	32.362
3218	31.29
3219	33.087
3220	33.159
3221	33.145
3222	32.696
3223	31.594
3224	32.145
3225	32.797
3226	32.594
3227	31.783
3228	31.797
3229	32.739
3230	32.797
3231	32.043
3232	31.58
3233	32.797
3234	33.507
3235	33.188
3236	33.681
3237	32.986
3238	32.449
3239	32.986
3240	32.014
3241	32.391
3242	32.565
3243	31.362
3244	32.377
3245	32.188
3246	32.406
3247	32.609
3248	32.928
3249	31.826
3250	31.232
3251	32.261
3252	32.188
3253	32.754
3254	33.13
3255	32.116
3256	32.246
3257	31.406
3258	32.58
3259	31.391
3260	32.203
3261	32.101
3262	32.377
3263	32.029
3264	32.29
3265	33.014
3266	32.217
3267	31.087
3268	31.826
3269	32
3270	31.942
3271	31.913
3272	31.42
3273	32.551
3274	32.667
3275	31.13
3276	32.957
3277	31.174
3278	30.58
3279	30.71
3280	31.696
3281	31.42
3282	31.188
3283	31.188
3284	33.449
3285	32.478
3286	32.87
3287	32.087
3288	31.319
3289	31.159
3290	31.652
3291	32.638
3292	30.42
3293	32
3294	32.319
3295	32.261
3296	31.391
3297	31.696
3298	31.623
3299	32.232
3300	32.565
3301	32.71
3302	31.478
3303	31.754
3304	31.623
3305	31.841
3306	31.652
3307	31.797
3308	31.58
3309	32.174
3310	31.855
3311	31.855
3312	31.609
3313	32.652
3314	30.739
3315	31.406
3316	32.449
3317	32.275
3318	32.232
3319	30.667
3320	31.87
3321	32.333
3322	30.986
3323	32.841
3324	32.043
3325	31.884
3326	30.768
3327	31.696
3328	31.681
3329	32.13
3330	30.841
3331	31.71
3332	31.464
3333	32.246
3334	31.043
3335	32.13
3336	31.942
3337	32.159
3338	31.942
3339	30.319
3340	31.522
3341	32.087
3342	30.725
3343	31.261
3344	32.101
3345	31.725
3346	31.478
3347	31.246
3348	31.348
3349	31.174
3350	31.507
3351	31.42
3352	31.812
3353	32.58
3354	31.304
3355	31.565
3356	31.478
3357	31.783
3358	31.507
3359	31.391
3360	31.565
3361	31.406
3362	31.377
3363	31.536
3364	31.478
3365	31.971
3366	32.188
3367	31.928
3368	31.986
3369	30.913
3370	31.725
3371	31.986
3372	32.203
3373	31.406
3374	30.928
3375	31.754
3376	31.565
3377	31.725
3378	33.174
3379	31.652
3380	32.623
3381	31.333
3382	32.58
3383	31.594
3384	31.855
3385	31.565
3386	32.043
3387	32.29
3388	31.333
3389	31.928
3390	31.739
3391	31.058
3392	31.754
3393	31.188
3394	31.652
3395	31.826
3396	31.507
3397	31.188
3398	31.725
3399	31.623
3400	32.681
3401	31.826
3402	32.522
3403	31.348
3404	33.174
3405	31.667
3406	32.304
3407	30.681
3408	31.333
3409	32.493
3410	32.362
3411	31.42
3412	31.522
3413	31.522
3414	31.812
3415	32.043
3416	31.391
3417	32
3418	31.609
3419	31.638
3420	30.725
3421	32.058
3422	32.29
3423	31.623
3424	31.609
3425	31.435
3426	32.58
3427	32.754
3428	33.13
3429	34.058
3430	35.71
3431	35.42
3432	35.87
3433	36.696
3434	37.043
3435	37.333
3436	37.362
3437	38.507
3438	37.957
3439	38.058
3440	37.406
3441	38.406
3442	38.174
3443	37.391
3444	38.246
3445	38.145
3446	36.913
3447	37.638
3448	38.449
3449	36.754
3450	37.072
3451	37.464
3452	36.275
3453	36
3454	36.522
3455	35.942
3456	36.754
3457	36.275
3458	36.652
3459	38.493
3460	37.261
3461	37.841
3462	38.246
3463	38.58
3464	37.667
3465	37.391
3466	38.072
3467	36.71
3468	37.855
3469	37.464
3470	37.464
3471	36.174
3472	36.507
3473	36.087
3474	36.435
3475	35.957
3476	35.855
3477	35.783
3478	35.42
3479	35.841
3480	35.899
3481	35.812
3482	35.87
3483	35.667
3484	35.087
3485	36.072
3486	35.913
3487	34.826
3488	35.551
3489	34.609
3490	34.899
3491	34.667
3492	33.681
3493	34.942
3494	34
3495	33.812
3496	33.42
3497	34.174
3498	34.522
3499	33.145
3500	33.681
3501	34.116
3502	33.986
3503	34.464
3504	34
3505	32.13
3506	33.609
3507	33.783
3508	33.652
3509	33.739
3510	33.507
3511	32.739
3512	33.029
3513	33.609
3514	32.478
3515	33.232
3516	32.899
3517	33.203
3518	32.203
3519	34.159
3520	34.522
3521	32.232
3522	32.826
3523	33.768
3524	33.246
3525	33.116
3526	33.841
3527	33.174
3528	33.478
3529	32.667
3530	32.942
3531	32.884
3532	33.116
3533	33.116
3534	32.406
3535	32.826
3536	32.884
3537	32.696
3538	32.522
3539	31.478
3540	34
3541	33.043
3542	33.478
3543	32.377
3544	32.246
3545	32.855
3546	33.058
3547	31.058
3548	31.261
3549	31.377
3550	32.029
3551	32.623
3552	31.464
3553	32.348
3554	32.348
3555	32.855
3556	32.754
3557	32.174
3558	33.333
3559	32.797
3560	32
3561	32.377
3562	31.188
3563	31.855
3564	31.942
3565	32.188
3566	31.333
3567	31.942
3568	32.841
3569	31.986
3570	32.71
3571	32.377
3572	32.174
3573	32.681
3574	32.667
3575	31.246
3576	32.478
3577	30.797
3578	33.116
3579	32.333
3580	32.565
3581	32.493
3582	32.826
3583	32.913
3584	32.754
3585	32.333
3586	32.333
3587	31.957
3588	31.725
3589	31.087
3590	32.565
3591	32.275
3592	32.609
3593	33.087
3594	32.174
3595	32.043
3596	32
3597	32
3598	32.188
3599	31.725
3600	32.348
3601	31.725
3602	31.913
3603	32.058
3604	31.551
3605	32.449
3606	31.942
3607	30.942
3608	32.464
3609	31.13
3610	32.855
3611	31.232
3612	32.072
3613	31.507
3614	32.159
3615	31.783
3616	31.261
3617	32.116
3618	30.493
3619	32.348
3620	32.681
3621	32.609
3622	32.087
3623	32.087
3624	31.58
3625	31.986
3626	32.391
3627	31.435
3628	32.551
3629	32.261
3630	31.681
3631	32.029
3632	31.87
3633	31.812
3634	31.899
3635	31.638
3636	32.043
3637	32.696
3638	31.841
3639	32.043
3640	32.072
3641	32.188
3642	32.58
3643	31.333
3644	32.029
3645	32.043
3646	31.319
3647	31.29
3648	31.826
3649	31.971
3650	31.101
3651	30.855
3652	32.043
3653	33.043
3654	30.884
3655	31.913
3656	31.275
3657	32.13
3658	32.739
3659	31.594
3660	31.899
3661	32.101
3662	32.928
3663	31.681
3664	31.797
3665	31.435
3666	32.594
3667	31.87
3668	32.507
3669	31.696
3670	32.449
3671	31.826
3672	32.072
3673	31.754
3674	32.029
3675	31.739
3676	31.797
3677	32.261
3678	31.87
3679	31.928
3680	32.739
3681	32.391
3682	32.435
3683	32.681
3684	32.739
3685	32.029
3686	32.159
3687	32.551
3688	32.42
3689	32.261
3690	32.449
3691	32.623
3692	33.188
3693	32.188
3694	32.826
3695	31.261
3696	32.29
3697	32.159
3698	31.449
3699	32.478
3700	32
3701	32.101
3702	32.087
3703	31.87
3704	32.507
3705	32.145
3706	32.536
3707	32.043
3708	32.174
3709	32.13
3710	31.957
3711	31.29
3712	31.928
3713	31.391
3714	31.667
3715	32.652
3716	32.536
3717	31.072
3718	31.957
3719	31.957
3720	31.536
3721	31.826
3722	32.188
3723	31.71
3724	32.58
3725	32.348
3726	31.768
3727	31.478
3728	31.696
3729	30.797
3730	32.203
3731	31.841
3732	31.884
3733	31.377
3734	32
3735	31.594
3736	31.623
3737	32.101
3738	31.942
3739	31.87
3740	31.667
3741	31.826
3742	32.043
3743	32.71
3744	31.725
3745	31.841
3746	31.942
3747	31.638
3748	32.928
3749	31.768
3750	32.217
3751	32.391
3752	32.188
3753	31.725
3754	32.406
3755	31.42
3756	31.174
3757	31.957
3758	31.855
3759	31.58
3760	32.333
3761	31.348
3762	31.435
3763	31.493
3764	31.638
3765	31.652
3766	31.449
3767	30.855
3768	30.986
3769	32.058
3770	33.304
3771	32.188
3772	31.826
3773	32.232
3774	32.333
3775	32.174
3776	32.797
3777	33.826
3778	34.913
3779	35.029
3780	35.696
3781	35.797
3782	36.826
3783	37.174
3784	37.13
3785	37.174
3786	38.043
3787	37.623
3788	37.971
3789	36.855
3790	38.087
3791	37
3792	36.014
3793	37.87
3794	38.928
3795	37.884
3796	36.145
3797	37.855
3798	37.362
3799	37.261
3800	36.333
3801	36.203
3802	36.754
3803	36.826
3804	36.739
3805	36.217
3806	36.203
3807	35.507
3808	36.188
3809	36
3810	33.913
3811	34.739
3812	34.188
3813	35.609
3814	35.101
3815	33.971
3816	34.551
3817	34.594
3818	33.739
3819	34.71
3820	34.594
3821	33.232
3822	34.101
3823	34.29
3824	32.594
3825	34.826
3826	34.812
3827	34.188
3828	33.406
3829	34.072
3830	34.116
3831	33.725
3832	33.348
3833	34.217
3834	33.884
3835	33.159
3836	33.493
3837	33.029
3838	32.884
3839	33.884
3840	33.957
3841	32.681
3842	33.841
3843	34.058
3844	33.188
3845	34.812
3846	31.406
3847	32.754
3848	33.783
3849	32.754
3850	33.145
3851	33.739
3852	34.116
3853	33.029
3854	33.986
3855	33.478
3856	33.362
3857	33.304
3858	33.29
3859	33.348
3860	33
3861	32.101
3862	33.71
3863	33.739
3864	33.174
3865	31.855
3866	33.362
3867	33.275
3868	31.565
3869	31.754
3870	32.87
3871	33.188
3872	33.493
3873	32.101
3874	31.522
3875	32.217
3876	32.551
3877	32.942
3878	33.391
3879	32.754
3880	32.391
3881	33.29
3882	32.841
3883	32.232
3884	31.899
3885	32.754
3886	32.203
3887	31.884
3888	31.232
3889	32.855
3890	32.377
3891	32.797
3892	32.275
3893	31.58
3894	32.29
3895	32.464
3896	32.957
3897	32.261
3898	32.029
3899	32.333
3900	32.855
3901	32.203
3902	33.449
3903	31.913
3904	32.217
3905	31.348
3906	31.855
3907	31.058
3908	31.841
3909	32.884
3910	31.188
3911	32.754
3912	32.739
3913	31.841
3914	32.217
3915	31.899
3916	31.768
3917	31.725
3918	32.754
3919	32.638
3920	31.638
3921	31.594
3922	31.739
3923	31.29
3924	31.217
3925	32.29
3926	32.71
3927	32.507
3928	32.319
3929	32.377
3930	32.246
3931	31.58
3932	32.188
3933	32.942
3934	32.725
3935	31.638
3936	33.406
3937	32.116
3938	32.029
3939	30.928
3940	31.551
3941	30.913
3942	30.986
3943	31.942
3944	32.435
3945	31.522
3946	31.913
3947	32.014
3948	33.058
3949	31.174
3950	32.841
3951	31.522
3952	32.014
3953	32.58
3954	31.565
3955	32.232
3956	32.116
3957	33.203
3958	32.348
3959	32.333
3960	32.478
3961	31.551
3962	32.377
3963	32.261
3964	31.768
3965	30.58
3966	31.681
3967	32.203
3968	31.87
3969	32.246
3970	32.449
3971	32.725
3972	32.536
3973	31.942
3974	32.797
3975	31.333
3976	31.855
3977	31.623
3978	31.957
3979	32.58
3980	32.42
3981	31.71
3982	32.275
3983	32.188
3984	32.435
3985	32.348
3986	31.971
3987	32.203
3988	32.348
3989	31.565
3990	32.101
3991	32.13
3992	32.362
3993	31.783
3994	31.493
3995	31.623
3996	31.928
3997	31.812
3998	31.594
3999	32.609
4000	33.145
4001	32.174
4002	32.333
4003	31.203
4004	31.638
4005	31.435
4006	31.913
4007	32.101
4008	32.188
4009	31.478
4010	32.449
4011	32.101
4012	31.696
4013	32.072
4014	32.072
4015	31.565
4016	32.855
4017	31.71
4018	31.884
4019	32.464
4020	32.087
4021	33
4022	32.232
4023	31.551
4024	31.246
4025	32.449
4026	32.232
4027	33.449
4028	34.029
4029	35.029
4030	35.203
4031	35.768
4032	36.913
4033	36.536
4034	37.29
4035	38.652
4036	38.725
4037	38.652
4038	38.609
4039	38.464
4040	38.957
4041	39.232
4042	38.739
4043	38.536
4044	37.623
4045	38.681
4046	38.855
4047	38.333
4048	38.652
4049	37.058
4050	37.522
4051	37.275
4052	37.29
4053	37.203
4054	36.841
4055	35.986
4056	36.942
4057	37.348
4058	36.71
4059	36.101
4060	34.884
4061	37.159
4062	36.232
4063	35.261
4064	35.072
4065	34.203
4066	34.797
4067	35.203
4068	34.884
4069	35.565
4070	34.87
4071	35.159
4072	35.449
4073	35.174
4074	35.696
4075	34.696
4076	34.087
4077	34.696
4078	34.101
4079	34.536
4080	34.449
4081	34.667
4082	34.275
4083	33.623
4084	34.406
4085	33.551
4086	34.217
4087	34.449
4088	34.116
4089	33.435
4090	34.507
4091	33.362
4092	33.87
4093	32.681
4094	34.536
4095	32.942
4096	34.145
4097	32.609
4098	33.609
4099	33.319
4100	32.449
4101	33
4102	33.855
4103	33.797
4104	32.667
4105	32.13
4106	33.261
4107	33.942
4108	33.304
4109	32.696
4110	32.116
4111	33.493
4112	32.449
4113	33.812
4114	32.87
4115	32.449
4116	32
4117	32.261
4118	32.986
4119	32.652
4120	32.087
4121	32.667
4122	32.304
4123	33.029
4124	33.261
4125	34.203
4126	34.797
4127	35.435
4128	36.478
4129	36.58
4130	36.464
4131	36.754
4132	37.551
4133	36.913
4134	38.087
4135	38.667
4136	37.899
4137	37.116
4138	38.681
4139	38.29
4140	38.638
4141	37.188
4142	38.014
4143	37.681
4144	38.406
4145	37.464
4146	37.536
4147	37.884
4148	36.29
4149	36.536
4150	36.855
4151	36.014
4152	36.971
4153	36.145
4154	36.478
4155	36.725
4156	35.29
4157	36.304
4158	35.507
4159	35.638
4160	34.246
4161	34.58
4162	34.783
4163	35.681
4164	34.71
4165	34.812
4166	33.174
4167	33.551
4168	34.739
4169	33.594
4170	33.696
4171	33.246
4172	33.783
4173	34.348
4174	34.014
4175	33.667
4176	33.681
4177	33.464
4178	33.797
4179	32.812
4180	33.232
4181	33.13
4182	33.217
4183	33.058
4184	32.986
4185	33.406
4186	32.667
4187	33.261
4188	33.275
4189	31.986
4190	32.58
4191	32.014
4192	32.174
4193	32.696
4194	33.362
4195	32.304
4196	32.333
4197	33.261
4198	31.899
4199	32.812
4200	32.029
4201	31.638
4202	33.246
4203	32.696
4204	31.826
4205	32.623
4206	32.493
4207	32.42
4208	32.812
4209	33.072
4210	33.029
4211	32.42
4212	31.739
4213	32.072
4214	32.319
4215	32.565
4216	32.232
4217	32.522
4218	31.435
4219	31.638
4220	33.348
4221	31.913
4222	32.797
4223	32.42
4224	33.246
4225	33.13
4226	32.058
4227	31.203
4228	33.29
4229	32.319
4230	32.043
4231	31.13
4232	31.754
4233	32.072
4234	32.217
4235	32.304
4236	32.507
4237	32.609
4238	32.638
4239	31.319
4240	32.435
4241	31.667
4242	32.899
4243	33.043
4244	31.58
4245	31.957
4246	31.464
4247	32.058
4248	32.203
4249	32.812
4250	32.261
4251	32.304
4252	31.609
4253	32.333
4254	32.464
4255	32.42
4256	31.957
4257	31.304
4258	31.681
4259	31.667
4260	31.58
4261	32.116
4262	30.812
4263	31.696
4264	31.58
4265	31.768
4266	31.609
4267	31.42
4268	31.971
4269	31.957
4270	32.029
4271	31.725
4272	31.696
4273	31.783
4274	31.638
4275	31.406
4276	31.71
4277	31.043
4278	32.986
4279	32.42
4280	32.681
4281	32.319
4282	32.87
4283	32.145
4284	31.841
4285	31.507
4286	31.594
4287	31.87
4288	31.014
4289	31.913
4290	31.333
4291	32.116
4292	31.507
4293	32.275
4294	32.101
4295	31.928
4296	31.014
4297	32.71
4298	32.841
4299	32.304
4300	32.188
4301	31.957
4302	31.855
4303	32.116
4304	32.638
4305	31.971
4306	33.145
4307	31.652
4308	32.261
4309	31.942
4310	32.203
4311	31.522
4312	31.362
4313	31.855
4314	32.145
4315	32.551
4316	31.812
4317	31.71
4318	31.623
4319	31.942
4320	32.87
4321	32.913
4322	32.478
4323	32.246
4324	31.362
4325	31.971
4326	32.101
4327	31.797
4328	32.478
4329	31.319
4330	31
4331	31.319
4332	31.478
4333	31.217
4334	31.739
4335	31.449
4336	31.609
4337	32.072
4338	31.333
4339	31.884
4340	32.913
4341	31.783
4342	32.145
4343	31.522
4344	32
4345	31.594
4346	31.348
4347	31.623
4348	31.377
4349	31.609
4350	31.58
4351	31.783
4352	31.783
4353	31.971
4354	31.652
4355	32.159
4356	31.232
4357	31.884
4358	31.884
4359	32.58
4360	32.101
4361	31.884
4362	31.362
4363	31.899
4364	31.768
4365	32.275
4366	31.681
4367	31.159
4368	32.725
4369	32.449
4370	31.783
4371	30.942
4372	32.203
4373	31.304
4374	31.116
4375	32.42
4376	31.754
4377	31.42
4378	31.29
4379	32.029
4380	32.304
4381	31.884
4382	31.71
4383	30.768
4384	31.072
4385	32.159
4386	32.319
4387	31.594
4388	31.029
4389	32.232
4390	32.174
4391	31.203
4392	32.348
4393	31.797
4394	31.855
4395	31.391
4396	32.348
4397	31.551
4398	31.841
4399	31.696
4400	31.986
4401	31.71
4402	30.638
4403	31.188
4404	32.58
4405	32.203
4406	31.536
4407	31.536
4408	31.594
4409	30.797
4410	31.261
4411	31.203
4412	30.42
4413	30.812
4414	30.696
4415	30.449
4416	31.159
4417	31.029
4418	30.42
4419	31.522
4420	32.043
4421	32.174
4422	31.435
4423	32.029
4424	31.536
4425	32.058
4426	31
4427	30.783
4428	31.957
4429	31.304
4430	31.348
4431	30.319
4432	31.232
4433	30.594
4434	31.072
4435	31.986
4436	30.275
4437	32.145
4438	30.58
4439	31.667
4440	31.739
4441	31.696
4442	31.319
4443	31.812
4444	31.652
4445	31.623
4446	31.449
4447	31.464
4448	31.159
4449	32.203
4450	31.087
4451	31.594
4452	31.42
4453	31.565
4454	31.899
4455	32
4456	31.362
4457	32.971
4458	32.246
4459	32.232
4460	30.884
4461	31.58
4462	32.71
4463	32.812
4464	33.725
4465	34.319
4466	34.71
4467	35.768
4468	35.638
4469	37.391
4470	36.696
4471	37.319
4472	36.348
4473	37.478
4474	36.551
4475	37.014
4476	37.261
4477	36.565
4478	37.739
4479	37.913
4480	36.478
4481	37.899
4482	37
4483	36.957
4484	35.812
4485	36.652
4486	35.072
4487	36.377
4488	35.246
4489	35.275
4490	35.667
4491	36.087
4492	34.768
4493	34.058
4494	35.13
4495	34.377
4496	34.377
4497	34.696
4498	34.594
4499	34.884
4500	33.42
4501	34.232
4502	34.652
4503	34.783
4504	34.377
4505	34.333
4506	33.986
4507	35.101
4508	34.493
4509	34.217
4510	33.797
4511	34.362
4512	34.116
4513	34.319
4514	33.536
4515	33.565
4516	33.522
4517	33.928
4518	34.029
4519	33.638
4520	32.855
4521	34.478
4522	34.159
4523	33.942
4524	34.261
4525	32.942
4526	33.275
4527	33.174
4528	32.841
4529	32.754
4530	33.754
4531	32.768
4532	32.855
4533	32.696
4534	32.841
4535	31.942
4536	32.739
4537	32.783
4538	34.014
4539	33.594
4540	32.014
4541	32.014
4542	32.928
4543	33
4544	32.928
4545	32.319
4546	32.478
4547	33.29
4548	32.783
4549	32.478
4550	32.623
4551	32.855
4552	32.217
4553	32.609
4554	32.246
4555	32.246
4556	33.623
4557	32.217
4558	31.667
4559	32.377
4560	32.783
4561	32.58
4562	31.957
4563	32.232
4564	31.464
4565	32.203
4566	33
4567	31.942
4568	32.667
4569	32.87
4570	31.217
4571	33.13
4572	32.29
4573	31.739
4574	32.623
4575	34.014
4576	32.072
4577	32.246
4578	30.928
4579	31.725
4580	31.391
4581	32.159
4582	32.377
4583	31.725
4584	32.232
4585	31.899
4586	32.551
4587	32.696
4588	31.826
4589	31.493
4590	32.246
4591	32.072
4592	32.464
4593	31.768
4594	32.304
4595	31.609
4596	31.87
4597	32.174
4598	32.217
4599	31.681
4600	31.449
4601	32.058
4602	31.681
4603	32.217
4604	32.652
4605	31.986
4606	32.449
4607	31.957
4608	32.391
4609	32.188
4610	32.275
4611	32.145
4612	32.42
4613	32.217
4614	31.565
4615	31.478
4616	31.667
4617	31.841
4618	32.928
4619	32.246
4620	30.812
4621	31.493
4622	32.188
4623	31.58
4624	31.217
4625	31.754
4626	30.841
4627	31.449
4628	32.449
4629	31.043
4630	32.42
4631	32.232
4632	31.681
4633	31.304
4634	32.42
4635	32.565
4636	32.072
4637	32.478
4638	31.145
4639	31.826
4640	31.377
4641	31.768
4642	31.754
4643	31.884
4644	31.986
4645	32.261
4646	32.145
4647	31.565
4648	31.71
4649	31.652
4650	31.536
4651	31.826
4652	32
4653	31.899
4654	30.986
4655	31.261
4656	30.913
4657	31.942
4658	31.986
4659	31.232
4660	31.826
4661	32.072
4662	31.855
4663	31.391
4664	31.841
4665	31.855
4666	32.203
4667	31.319
4668	32.203
4669	32.174
4670	33.217
4671	31.087
4672	31.841
4673	31.232
4674	31.188
4675	32.087
4676	32.754
4677	31.841
4678	31.623
4679	32.377
4680	31.391
4681	32.014
4682	31.71
4683	31.116
4684	32.101
4685	32.072
4686	33.333
4687	30.986
4688	32.203
4689	31.899
4690	31.522
4691	31.899
4692	31.681
4693	31.087
4694	31.13
4695	32.029
4696	31.826
4697	31.13
4698	30.783
4699	31
4700	31.362
4701	31.638
4702	31.667
4703	31.072
4704	32.754
4705	32
4706	31.333
4707	31.855
4708	31.377
4709	31.971
4710	31.928
4711	32.348
4712	32
4713	31.464
4714	32.522
4715	31.362
4716	31.435
4717	31.116
4718	31.884
4719	30.942
4720	30.536
4721	32.13
4722	31.464
4723	31.246
4724	30.551
4725	30.594
4726	31.42
4727	30.638
4728	30.855
4729	31.275
4730	33.014
4731	33.522
4732	34.319
4733	34.043
4734	36.145
4735	35.957
4736	36.87
4737	36.725
4738	37.174
4739	37.667
4740	37.507
4741	36.58
4742	36.536
4743	38.116
4744	37.145
4745	37.377
4746	38.246
4747	36.739
4748	37.406
4749	36.87
4750	36.493
4751	36.478
4752	37.87
4753	36.58
4754	36.333
4755	36.029
4756	36.478
4757	35.449
4758	35.348
4759	35.957
4760	35.841
4761	37.275
4762	36.536
4763	36.058
4764	36.029
4765	35.507
4766	34.986
4767	34.435
4768	35.406
4769	35.58
4770	34.899
4771	34.884
4772	34.551
4773	35.319
4774	34.826
4775	34.652
4776	34.667
4777	35.246
4778	34.652
4779	34
4780	34.377
4781	34.029
4782	34.13
4783	34.377
4784	34.159
4785	34.072
4786	33.609
4787	33.841
4788	34.058
4789	32.696
4790	32.652
4791	34.638
4792	33.478
4793	34.072
4794	33.464
4795	32.855
4796	33.203
4797	33.188
4798	33.464
4799	33.435
4800	32.826
4801	32.406
4802	33.072
4803	32.464
4804	34.014
4805	33.391
4806	33.638
4807	32.232
4808	33.594
4809	33.594
4810	32.826
4811	34.275
4812	34.797
4813	35.681
4814	37.217
4815	36.768
4816	37.536
4817	36.725
4818	37.522
4819	36.275
4820	37.841
4821	36.493
4822	37.188
4823	37.609
4824	36.986
4825	36.986
4826	36.725
4827	36.261
4828	36.884
4829	34.913
4830	36.232
4831	35.232
4832	35.406
4833	35.464
4834	35.101
4835	35.464
4836	34.971
4837	35.739
4838	35.594
4839	34.319
4840	34.797
4841	35.333
4842	33.971
4843	35.377
4844	35.551
4845	35.71
4846	35.304
4847	34.696
4848	34.768
4849	33.536
4850	33.551
4851	34.058
4852	35.159
4853	34.957
4854	33.29
4855	34.536
4856	33.029
4857	33.942
4858	33.522
4859	34.536
4860	33.043
4861	34.014
4862	34.333
4863	33.275
4864	33.464
4865	33.536
4866	32.609
4867	32.928
4868	32.942
4869	33.855
4870	33.406
4871	33.217
4872	32.957
4873	33.319
4874	32.667
4875	32.754
4876	33.029
4877	32.232
4878	32.464
4879	32.797
4880	32.116
4881	32.725
4882	32.87
4883	33.565
4884	33.391
4885	32.957
4886	33.029
4887	33.203
4888	33.319
4889	33.058
4890	33.42
4891	33.304
4892	31.841
4893	32.942
4894	32.667
4895	32.304
4896	32.522
4897	31.507
4898	32.667
4899	31.551
4900	31.623
4901	32.217
4902	31.522
4903	33.058
4904	32.159
4905	31.623
4906	32.13
4907	31.58
4908	31.681
4909	32.304
4910	31.101
4911	31.855
4912	31.609
4913	31.362
4914	31.812
4915	31.464
4916	31.812
4917	31.478
4918	32.058
4919	31.841
4920	32.58
4921	31.652
4922	31.681
4923	31.913
4924	33.174
4925	31.71
4926	31.986
4927	31.681
4928	31.957
4929	31.928
4930	32.188
4931	32.391
4932	32.826
4933	32.29
4934	32.449
4935	31.014
4936	32.754
4937	32
4938	31.623
4939	31.232
4940	30.768
4941	31.623
4942	30.884
4943	31.841
4944	31.362
4945	32.072
4946	31.449
4947	31.609
4948	32.101
4949	31.957
4950	32.478
4951	31.652
4952	31.493
4953	32.174
4954	31.565
4955	31.986
4956	31.261
4957	31.899
4958	31.754
4959	31.768
4960	32.667
4961	32.348
4962	33.145
4963	31.014
4964	30.841
4965	33.029
4966	32.087
4967	31.986
4968	32.116
4969	31.116
4970	30.971
4971	31.478
4972	32.058
4973	31.043
4974	31.913
4975	31.783
4976	31.536
4977	32.391
4978	31.797
4979	32.304
4980	32.304
4981	32.362
4982	31.652
4983	31.159
4984	31.942
4985	31.275
4986	31.29
4987	31.304
4988	31.681
4989	31.855
4990	32.29
4991	32.739
4992	31.435
4993	31.188
4994	31.362
4995	32.551
4996	32.319
4997	30.957
4998	31.594
4999	32.435
5000	30.971
5001	31.536
5002	31.826
5003	31.71
5004	31.667
5005	31.841
5006	31.507
5007	30.942
5008	30.986
5009	30.406
5010	30.928
5011	30.942
5012	31.072
5013	30.783
5014	31.536
5015	31.739
5016	31.971
5017	31.87
5018	33.058
5019	32.261
5020	31.971
5021	32.319
5022	31.072
5023	32.406
5024	32.913
5025	33.638
5026	34.478
5027	34.565
5028	35.667
5029	35.406
5030	36.478
5031	35.667
5032	38.275
5033	37.188
5034	36.884
5035	36.971
5036	37.261
5037	36.696
5038	36.261
5039	37.014
5040	36.188
5041	36.014
5042	35.913
5043	36.188
5044	37.029
5045	36.217
5046	37.087
5047	36.362
5048	36.232
5049	35.435
5050	36.014
5051	35.232
5052	35.522
5053	35.87
5054	34.333
5055	34.812
5056	35.652
5057	34.493
5058	35.783
5059	33.522
5060	34.609
5061	33.391
5062	33.536
5063	33.493
5064	34.362
5065	34.435
5066	34.449
5067	34.043
5068	34.203
5069	33.101
5070	34.377
5071	32.304
5072	33.652
5073	33.362
5074	32.884
5075	34.246
5076	33.304
5077	31.855
5078	33.217
5079	33.13
5080	33.42
5081	32.493
5082	32.913
5083	32.739
5084	33.986
5085	32.942
5086	32.739
5087	33.304
5088	33.188
5089	32.217
5090	32.986
5091	31.739
5092	32.928
5093	31.884
5094	32
5095	32.087
5096	32.623
5097	32.029
5098	33.188
5099	31.739
5100	33.072
5101	32.232
5102	31.406
5103	32.899
5104	31.725
5105	32.986
5106	32.304
5107	32.493
5108	32.797
5109	32.42
5110	32.13
5111	32.652
5112	32.812
5113	32.391
5114	32.87
5115	32.203
5116	32.232
5117	31.449
5118	31.522
5119	31.638
5120	31.681
5121	30.899
5122	32.043
5123	32.058
5124	31.71
5125	32.043
5126	32.536
5127	32.072
5128	32
5129	31.58
5130	31.348
5131	31.435
5132	31.246
5133	32.87
5134	31.87
5135	32.928
5136	32.638
5137	31.957
5138	31.652
5139	31.696
5140	32.464
5141	31.696
5142	32.638
5143	30.638
5144	31.812
5145	31.87
5146	32.29
5147	32.319
5148	32.507
5149	32.101
5150	32.551
5151	30.797
5152	31.507
5153	31.71
5154	31.217
5155	31.449
5156	30.507
5157	31.681
5158	31.594
5159	32.391
5160	32.71
5161	33.072
5162	34.435
5163	34.348
5164	34.058
5165	35
5166	35.493
5167	37.203
5168	36.667
5169	36.536
5170	35.826
5171	36.145
5172	35.551
5173	35.652
5174	36.246
5175	36.507
5176	34.899
5177	35.478
5178	35.652
5179	36.014
5180	36.203
5181	35.275
5182	35.217
5183	34.362
5184	34.899
5185	34.043
5186	34.261
5187	34.435
5188	34.478
5189	33.725
5190	34.188
5191	34.725
5192	33.333
5193	33.826
5194	34.667
5195	34.725
5196	33.928
5197	34
5198	33.739
5199	33.072
5200	33.203
5201	32.478
5202	33.406
5203	32.42
5204	34.377
5205	32.986
5206	33.348
5207	34.29
5208	33.087
5209	33.058
5210	33.232
5211	33.739
5212	33.159
5213	32.072
5214	32.536
5215	32.855
5216	32.609
5217	32.522
5218	33.406
5219	32.435
5220	31.493
5221	32.406
5222	32.754
5223	32.203
5224	31.609
5225	31.913
5226	33.493
5227	32.971
5228	32.667
5229	32.333
5230	31.71
5231	32.116
5232	31.696
5233	31.594
5234	31.565
5235	31.725
5236	32.116
5237	31.928
5238	32.246
5239	31.188
5240	31.551
5241	31.188
5242	31.072
5243	31.609
5244	32.319
5245	32.29
