	cell9
1	37.167
2	37.933
3	38.633
4	38.267
5	37.283
6	38.617
7	37.95
8	39.833
9	39.683
10	41.183
11	40.533
12	41.517
13	40.333
14	41.633
15	39.8
16	41.167
17	40.167
18	40.2
19	41.367
20	40.1
21	40.133
22	39.983
23	40.05
24	40.267
25	39.9
26	40
27	38.4
28	39.367
29	38.333
30	39.833
31	40.017
32	39.083
33	38.6
34	38.25
35	39.6
36	38.783
37	38.5
38	36.767
39	38.367
40	37.983
41	39.317
42	38.333
43	38.017
44	38.95
45	38.767
46	37.417
47	38.533
48	37.717
49	38.083
50	37.3
51	37.8
52	38.1
53	38.367
54	36.683
55	37.967
56	36.917
57	37.517
58	37.983
59	37.55
60	38.583
61	38.15
62	38.233
63	37
64	38.55
65	36.933
66	37.517
67	36.583
68	37.5
69	36.983
70	37.333
71	38.433
72	38.283
73	37.75
74	37.4
75	36.85
76	37.75
77	37.017
78	38.417
79	36.1
80	37.683
81	37.15
82	36.45
83	38.217
84	38.367
85	37.55
86	37.317
87	37.267
88	36.683
89	36.833
90	37.667
91	38.217
92	37.083
93	37.667
94	37.783
95	37.6
96	38
97	38.283
98	36.4
99	36.85
100	36.167
101	36.9
102	38.583
103	37.167
104	37.4
105	38.033
106	37.067
107	39.017
108	37.5
109	37.9
110	37.117
111	37.433
112	37.45
113	38.3
114	37.7
115	37.483
116	36.217
117	36.117
118	37.883
119	37.367
120	37.317
121	37.617
122	37.217
123	37.983
124	37.7
125	38.633
126	38.35
127	38.05
128	38
129	36.517
130	37.4
131	39.117
132	37.55
133	36.85
134	37.567
135	37.783
136	38.417
137	37.667
138	37.8
139	37.3
140	37.2
141	37.75
142	38.017
143	38.117
144	38
145	38.383
146	37.033
147	38.617
148	37.567
149	37.167
150	37.05
151	37.75
152	36.333
153	37.033
154	37.433
155	37.383
156	37.1
157	37.733
158	37.583
159	37.35
160	37.367
161	38.55
162	38.15
163	36.7
164	37.5
165	37.567
166	39.15
167	36.417
168	38.35
169	37.333
170	37.217
171	38.117
172	37.717
173	37.85
174	38.283
175	37.983
176	37.1
177	38.983
178	38.183
179	39.383
180	38.15
181	38.183
182	39.2
183	37.917
184	38.05
185	39.017
186	38.983
187	38.867
188	40.017
189	39.833
190	40.067
191	40.35
192	41.15
193	39.583
194	39.6
195	40.217
196	39.233
197	39.05
198	39.767
199	40.267
200	41.283
201	40.167
202	39.7
203	39.583
204	39.85
205	39
206	39.683
207	39.533
208	38.65
209	38.833
210	40.25
211	39.033
212	40.067
213	39.133
214	39.267
215	38.733
216	38.467
217	37.917
218	38.017
219	37.517
220	39.417
221	38.633
222	37.883
223	38.933
224	37.967
225	38.35
226	38.4
227	37.817
228	38.75
229	38.783
230	38.233
231	38.967
232	38.367
233	37.7
234	38.567
235	37.933
236	37.3
237	37.517
238	38.267
239	37.2
240	37.833
241	38.033
242	38.317
243	37.267
244	37.467
245	36.833
246	38.717
247	37.65
248	38.8
249	37.267
250	38.517
251	38.083
252	38.633
253	38.717
254	38.35
255	39.583
256	38.567
257	38.45
258	37.733
259	37.967
260	38.117
261	38.733
262	37.833
263	38.9
264	37.65
265	37.967
266	37.867
267	38.033
268	37.067
269	38.183
270	38.017
271	38.55
272	37.767
273	37.783
274	37.367
275	38.05
276	37.95
277	38.367
278	37.783
279	37.35
280	38.167
281	38.383
282	37.133
283	39.117
284	37.483
285	37.217
286	37.5
287	38.117
288	37.933
289	37.733
290	37.467
291	38.05
292	37.25
293	37.767
294	37.267
295	38.483
296	38.3
297	37.5
298	36.8
299	38.283
300	37.9
301	38.5
302	37.783
303	37.65
304	36.883
305	38.583
306	37.15
307	38.183
308	38.2
309	38.117
310	38.3
311	37.95
312	37.483
313	37.967
314	38.233
315	37.55
316	38.383
317	37.5
318	37.9
319	38.75
320	37
321	37.65
322	38.2
323	37.75
324	38.333
325	37.717
326	37.433
327	37.667
328	38.133
329	38.2
330	38.25
331	37.417
332	37.967
333	37.967
334	38.017
335	37.317
336	37.783
337	38.2
338	38.533
339	37.983
340	37.867
341	38.633
342	36.983
343	38.267
344	37.85
345	38.317
346	38.583
347	38.617
348	36.417
349	37.867
350	38.783
351	37.817
352	38.733
353	37.9
354	36.417
355	37.633
356	37.883
357	37.7
358	37.517
359	37.05
360	37.117
361	37.65
362	38.117
363	37.95
364	37.55
365	36.75
366	38.333
367	37.933
368	37.417
369	37.783
370	38.517
371	37.083
372	37.483
373	37.483
374	37.767
375	38.133
376	38.817
377	37.117
378	38.4
379	39.017
380	38.4
381	38.083
382	37.933
383	38.2
384	38.667
385	37.283
386	38.4
387	38.2
388	37.75
389	37.983
390	38.167
391	37.733
392	37.133
393	38.233
394	38.283
395	38.2
396	37.917
397	38.117
398	38.783
399	38.85
400	37.85
401	38.6
402	38.017
403	37.7
404	36.983
405	38.183
406	37.383
407	37.133
408	37.6
409	37.683
410	38.033
411	35.817
412	37.633
413	37.467
414	37.5
415	37.583
416	37.417
417	38.7
418	37.483
419	36.617
420	39.383
421	36.933
422	37.217
423	37.317
424	38.2
425	35.9
426	37.067
427	37.183
428	38.45
429	37.65
430	37.2
431	37.267
432	37.317
433	38.067
434	37.867
435	36.5
436	38.65
437	37.867
438	38.767
439	37.217
440	36.733
441	36.933
442	36.8
443	37.283
444	36.833
445	37
446	37.817
447	38.367
448	37.9
449	37.767
450	36.6
451	37.233
452	37.583
453	37.15
454	37.417
455	36.183
456	37.217
457	37.15
458	37.7
459	36.967
460	36.75
461	36.483
462	36.733
463	38.15
464	36.733
465	37.417
466	37.083
467	36.383
468	37.433
469	36.6
470	37.45
471	36.5
472	37.333
473	38.433
474	38.217
475	36.85
476	36.933
477	36.983
478	36.683
479	37.667
480	36.583
481	37.4
482	37.517
483	38.117
484	37.35
485	37.083
486	37.133
487	37.483
488	37.217
489	36.883
490	36.45
491	37.417
492	38.183
493	37.033
494	36.633
495	36.267
496	37.2
497	38.067
498	37.683
499	36.133
500	37.45
501	36.717
502	37.933
503	37.583
504	37.333
505	37.467
506	37.767
507	38.25
508	37.25
509	37.45
510	38.067
511	37.1
512	38.483
513	37.25
514	36.85
515	37.55
516	38.45
517	37.283
518	36.8
519	37.317
520	38.067
521	36.95
522	37.617
523	36.267
524	37.583
525	36.867
526	37.167
527	35.8
528	36.917
529	37.4
530	38.283
531	36
532	37.55
533	36.217
534	36.583
535	36.75
536	37.467
537	38.217
538	37
539	37.583
540	37.4
541	36.917
542	37.833
543	36.833
544	37.717
545	37.217
546	37.067
547	37.467
548	37.45
549	37.25
550	38.133
551	36.133
552	36.233
553	37.783
554	37.517
555	38.617
556	37.267
557	37.717
558	37.033
559	37.167
560	36.717
561	38.017
562	37.433
563	37.4
564	37.45
565	37.833
566	37.083
567	38.217
568	37.117
569	37.7
570	37.967
571	37.5
572	37.933
573	37.033
574	37.567
575	37.267
576	37.683
577	37.5
578	36.917
579	37.567
580	38.4
581	37.917
582	37.6
583	37.833
584	37.867
585	36.783
586	37.117
587	38.15
588	37.833
589	37.3
590	37.683
591	37
592	37.333
593	37.433
594	37.533
595	37.35
596	38.4
597	37.4
598	37.033
599	37.233
600	37.083
601	38.133
602	38.167
603	38.1
604	37.733
605	37.783
606	38.133
607	36.833
608	37.833
609	37.383
610	37.433
611	36.9
612	37
613	37.05
614	37
615	37.933
616	37.417
617	38.267
618	37.367
619	37.583
620	38.567
621	37.15
622	38.45
623	37.033
624	38.117
625	39.95
626	40.233
627	40.333
628	40.533
629	41.017
630	41.15
631	40.483
632	40.767
633	41.533
634	40.5
635	39.65
636	39.667
637	40.267
638	40.517
639	39.317
640	40.583
641	38.75
642	40.933
643	38.6
644	40.233
645	39.633
646	40.117
647	39.767
648	38.833
649	38.517
650	38.733
651	38.617
652	38.433
653	37.95
654	38.55
655	38.767
656	38.933
657	39.017
658	36.9
659	38.4
660	38.9
661	37.6
662	38.15
663	38.317
664	38.517
665	38.75
666	37.767
667	38.867
668	37.483
669	38.767
670	38.217
671	37.817
672	37.8
673	37.283
674	38.817
675	36.933
676	37.767
677	36.3
678	37.35
679	37.067
680	37.6
681	37.15
682	37.1
683	36.483
684	37.667
685	38.133
686	37.417
687	37.867
688	37.133
689	36.817
690	36.6
691	37.867
692	36.6
693	37
694	38.083
695	36.733
696	36.833
697	37.6
698	38.767
699	36.4
700	38.117
701	37.867
702	36.483
703	37.533
704	36.617
705	37.567
706	36.333
707	36.733
708	37.4
709	37.767
710	36.783
711	36.6
712	37.383
713	36.833
714	36.883
715	37.033
716	35.817
717	36.4
718	37.25
719	36.333
720	37.917
721	37.017
722	37.35
723	38.117
724	37.867
725	38.567
726	37.533
727	36.9
728	37.683
729	37.55
730	37.567
731	37.35
732	37.65
733	37.3
734	37.867
735	36.8
736	37.45
737	36.833
738	37.217
739	37.4
740	36.883
741	37.45
742	37.483
743	37.217
744	36
745	37.533
746	37.383
747	36.017
748	37.567
749	37.833
750	37.25
751	38.5
752	37.433
753	37.167
754	38.1
755	37.533
756	37.233
757	37.75
758	36.267
759	38.133
760	37.333
761	36.8
762	37.1
763	36.667
764	38.05
765	36.967
766	37.9
767	36.983
768	37.183
769	36.8
770	39.317
771	37.133
772	36.833
773	37.55
774	36.833
775	37.767
776	36.267
777	37.217
778	37.067
779	36.783
780	37.633
781	36.583
782	38.133
783	36.55
784	38.1
785	37.2
786	38.2
787	37.967
788	36.783
789	37.683
790	37.833
791	37.25
792	36.983
793	36.533
794	37.417
795	36.767
796	38.15
797	38.567
798	37.133
799	36.75
800	37.633
801	38.533
802	37.783
803	38.867
804	37.883
805	37.067
806	37.217
807	37.167
808	38.05
809	37.1
810	36
811	37.383
812	37.983
813	36.733
814	37.333
815	37.067
816	38.133
817	38.233
818	38.95
819	37.067
820	37.55
821	37.683
822	38.033
823	36.35
824	38.767
825	38.517
826	39.533
827	37.833
828	39.067
829	38.15
830	37.95
831	38.05
832	37.783
833	37.95
834	37.55
835	36.667
836	37.233
837	38.683
838	38.15
839	37.35
840	36.85
841	37.533
842	37.567
843	37.8
844	37.917
845	37.367
846	37.417
847	38.833
848	37.317
849	37.533
850	37.167
851	36.383
852	38.85
853	37.717
854	37.5
855	37.6
856	37.3
857	37.133
858	37.067
859	37.4
860	37.433
861	37.033
862	37.667
863	36.733
864	37.883
865	38.65
866	38.4
867	37.25
868	37.533
869	35.567
870	37.9
871	36.9
872	37.333
873	37.7
874	36.5
875	37.067
876	36.633
877	37.433
878	36.75
879	37.933
880	37.517
881	36.267
882	37.65
883	37.067
884	36.35
885	37.867
886	36.567
887	38.767
888	36.517
889	37.767
890	38.017
891	36.183
892	37.833
893	37.3
894	36.867
895	38.1
896	37.55
897	37.033
898	37.683
899	38.3
900	37.267
901	36.467
902	37.117
903	38.283
904	36.5
905	37.6
906	38.067
907	36.933
908	37.733
909	37.583
910	37.017
911	38.033
912	37.083
913	37.633
914	38.3
915	37.8
916	35.833
917	37.383
918	37.667
919	37.5
920	37.533
921	37.767
922	37.533
923	36.55
924	37.017
925	37.317
926	36.95
927	37.183
928	37.4
929	37.133
930	36.9
931	37.4
932	37.95
933	37.133
934	36.317
935	37.283
936	37.933
937	37.383
938	38.117
939	36.233
940	38.2
941	36.8
942	36.417
943	36.717
944	37.017
945	37.717
946	37.683
947	37.15
948	36.45
949	36.583
950	37.1
951	37.283
952	37.317
953	36.783
954	36.75
955	36.433
956	36.883
957	37.817
958	38.017
959	37.967
960	36.433
961	36.7
962	36.95
963	37.1
964	38
965	36.133
966	37.783
967	37.067
968	36.533
969	37.45
970	38.2
971	37.4
972	37.683
973	37.067
974	36.283
975	37.317
976	37.4
977	38.483
978	37.167
979	37.283
980	37.767
981	37.817
982	38
983	38.367
984	37.567
985	37.517
986	37.517
987	37.6
988	38.233
989	38.367
990	38.883
991	37.533
992	38.033
993	37.25
994	38.117
995	38.433
996	36.95
997	37.717
998	37.7
999	38.217
1000	38.017
1001	37.833
1002	38.1
1003	36.667
1004	38.517
1005	35.767
1006	38.367
1007	36.95
1008	38.183
1009	37.383
1010	38.55
1011	37.367
1012	38.167
1013	38.75
1014	36.75
1015	38.167
1016	36.3
1017	38.017
1018	36.883
1019	37.517
1020	38.033
1021	37.7
1022	37.667
1023	36.933
1024	37.25
1025	36.15
1026	37.433
1027	36.45
1028	35.867
1029	37.517
1030	36.55
1031	37.45
1032	37.25
1033	38.017
1034	38.717
1035	37.067
1036	37.133
1037	37.05
1038	38.767
1039	39.433
1040	40.05
1041	39.633
1042	40.383
1043	40.517
1044	40.867
1045	39.433
1046	39.917
1047	39.6
1048	40
1049	40.45
1050	40.8
1051	39.483
1052	40.2
1053	38.75
1054	39.583
1055	38.833
1056	39.65
1057	39.217
1058	38.5
1059	38.6
1060	39.1
1061	39.7
1062	38.85
1063	38.45
1064	39.283
1065	39.917
1066	37.867
1067	37.333
1068	39.55
1069	38.567
1070	39.867
1071	37.983
1072	38.133
1073	39
1074	37.217
1075	37.183
1076	38.483
1077	38.433
1078	38.033
1079	38.367
1080	37.117
1081	37.017
1082	37.75
1083	37.65
1084	38.217
1085	37.85
1086	37.517
1087	37.95
1088	37.8
1089	37.767
1090	38.283
1091	38.167
1092	37.467
1093	37.867
1094	37.433
1095	39.05
1096	36.217
1097	36.65
1098	38.167
1099	37.533
1100	37.333
1101	37.367
1102	37.25
1103	37.733
1104	38.117
1105	36.95
1106	36.65
1107	36.65
1108	38.067
1109	37.567
1110	37.017
1111	36.183
1112	37.533
1113	35.8
1114	37.117
1115	37.583
1116	37.2
1117	37.3
1118	37.067
1119	38.733
1120	37.817
1121	37.133
1122	37.283
1123	36.95
1124	37.767
1125	38.917
1126	36.017
1127	37.317
1128	38.617
1129	37.017
1130	38.1
1131	37.15
1132	36.717
1133	37.333
1134	37.133
1135	36.767
1136	38.45
1137	37.117
1138	38.55
1139	36.967
1140	37.233
1141	37.433
1142	37.817
1143	37.367
1144	36.817
1145	37.35
1146	36.783
1147	36.233
1148	36.783
1149	36.117
1150	38.383
1151	36.75
1152	38.2
1153	37.7
1154	37.467
1155	37
1156	37.033
1157	36.8
1158	36.717
1159	36.683
1160	36.5
1161	37.617
1162	37.45
1163	37.55
1164	37.767
1165	37.5
1166	36.267
1167	36.983
1168	35.333
1169	37.133
1170	36.65
1171	37.55
1172	37.383
1173	36.483
1174	36.067
1175	36.667
1176	38.117
1177	37.4
1178	36.583
1179	37.783
1180	36.95
1181	37.05
1182	36.983
1183	36.883
1184	38.117
1185	37.85
1186	37.417
1187	37.95
1188	37.133
1189	37.617
1190	36.717
1191	37.6
1192	37.7
1193	37.033
1194	37.317
1195	37.85
1196	38.05
1197	37.783
1198	37.667
1199	37.267
1200	36.9
1201	37.05
1202	37.017
1203	36.667
1204	36.683
1205	37.183
1206	36.583
1207	37.717
1208	37.1
1209	37.083
1210	37.333
1211	36.467
1212	36.667
1213	38.367
1214	37.15
1215	35.6
1216	37.183
1217	37.517
1218	36.85
1219	37.85
1220	37.25
1221	37.833
1222	37.367
1223	37.3
1224	37.2
1225	37.183
1226	37.15
1227	38.4
1228	37.583
1229	36.733
1230	38.117
1231	37.467
1232	36.95
1233	37.55
1234	37.367
1235	36.683
1236	37.867
1237	38
1238	37.3
1239	37.017
1240	37.9
1241	37.867
1242	36.767
1243	36.55
1244	37.067
1245	37.783
1246	37.583
1247	36.717
1248	37.283
1249	36.9
1250	37.683
1251	37.983
1252	38.383
1253	36.8
1254	38.417
1255	37.667
1256	37.333
1257	37.483
1258	37.9
1259	35.717
1260	37.533
1261	37.617
1262	36.983
1263	38.533
1264	37.15
1265	36.95
1266	37.617
1267	37.133
1268	37.3
1269	36.183
1270	37.033
1271	37.95
1272	37.533
1273	37.333
1274	37.55
1275	38.367
1276	37
1277	38.583
1278	36.817
1279	36.683
1280	36.7
1281	37.617
1282	35.933
1283	36.383
1284	36.55
1285	37.133
1286	37.417
1287	36.383
1288	36.833
1289	37.583
1290	36.7
1291	37.817
1292	38.567
1293	37.45
1294	37.533
1295	36.95
1296	36.417
1297	36.683
1298	37.033
1299	37.267
1300	36.983
1301	37.95
1302	36.717
1303	37.633
1304	37.867
1305	37.433
1306	37.183
1307	37.517
1308	38.1
1309	37.933
1310	37.717
1311	37.983
1312	36.883
1313	38.517
1314	38.333
1315	36.6
1316	37.633
1317	38.083
1318	37.083
1319	36.317
1320	36.15
1321	35.933
1322	37.8
1323	36.7
1324	37.133
1325	37.983
1326	37.117
1327	37
1328	36.917
1329	37.95
1330	38.083
1331	37.167
1332	36.7
1333	37.55
1334	36.517
1335	36.85
1336	37
1337	37.667
1338	36.883
1339	35.95
1340	36.617
1341	36.95
1342	37.633
1343	37.1
1344	37.4
1345	36.883
1346	37.167
1347	37.633
1348	37.15
1349	37.333
1350	37.767
1351	37
1352	37.383
1353	36.583
1354	36.85
1355	36.8
1356	37.1
1357	36.917
1358	36.083
1359	36.85
1360	36.533
1361	36.55
1362	36.633
1363	37.283
1364	37.667
1365	38.233
1366	38
1367	36.917
1368	36.417
1369	36.6
1370	37.617
1371	37.2
1372	36.45
1373	37.133
1374	36.167
1375	36.017
1376	37.317
1377	35.983
1378	36.75
1379	37.683
1380	35.933
1381	37.483
1382	36.933
1383	36.383
1384	37.75
1385	36.517
1386	37.967
1387	38.167
1388	37.767
1389	36.867
1390	37.45
1391	37.25
1392	36.517
1393	36.85
1394	36.667
1395	36.85
1396	36.133
1397	36.333
1398	37.2
1399	36.283
1400	36.633
1401	37.4
1402	36.217
1403	37.25
1404	37.3
1405	37.2
1406	36.267
1407	35.917
1408	36.95
1409	37.683
1410	38.283
1411	36.65
1412	36.317
1413	36.917
1414	37.65
1415	37.95
1416	35.8
1417	37.317
1418	37.617
1419	36.7
1420	37.033
1421	36.25
1422	36.483
1423	37.25
1424	37.033
1425	37.117
1426	37.983
1427	36.35
1428	35.517
1429	37.333
1430	36.567
1431	37.867
1432	38.333
1433	38.583
1434	37.617
1435	38.983
1436	38.65
1437	38.4
1438	40.7
1439	39.3
1440	39.833
1441	39.617
1442	39.633
1443	39.15
1444	38.6
1445	39.6
1446	39.183
1447	40.167
1448	38.083
1449	39
1450	39.383
1451	38.8
1452	38.967
1453	38.383
1454	38.317
1455	38.883
1456	38.583
1457	38.65
1458	36.567
1459	37.183
1460	38.517
1461	36.983
1462	37.35
1463	36.517
1464	37.767
1465	37.883
1466	38.017
1467	37.417
1468	37.817
1469	37.383
1470	36.967
1471	37.767
1472	37.517
1473	37.25
1474	37.983
1475	37.767
1476	36.8
1477	36.683
1478	37.417
1479	37.733
1480	36.85
1481	37.733
1482	37.25
1483	37.367
1484	37.7
1485	36.083
1486	37.683
1487	36.483
1488	37.067
1489	36.467
1490	36.983
1491	36.617
1492	36.517
1493	37.5
1494	37.633
1495	37.25
1496	36.867
1497	36.9
1498	37.2
1499	36.967
1500	36.983
1501	37.433
1502	37.283
1503	37.333
1504	37.517
1505	37.867
1506	37.1
1507	36.883
1508	37.667
1509	37.4
1510	37.733
1511	36.667
1512	36.5
1513	37.067
1514	37
1515	37.45
1516	38.433
1517	36.75
1518	37.483
1519	36.683
1520	37.2
1521	36.783
1522	37.3
1523	37.383
1524	37.283
1525	38
1526	37.05
1527	37.033
1528	36.65
1529	36.567
1530	37.2
1531	36.183
1532	37.233
1533	36.333
1534	37.533
1535	36.75
1536	36.883
1537	37.217
1538	37.15
1539	36.7
1540	37.967
1541	38.367
1542	36.65
1543	38.117
1544	37.167
1545	35.917
1546	36.4
1547	37.75
1548	37.133
1549	36.25
1550	38.4
1551	37.967
1552	37.967
1553	36.867
1554	36.817
1555	38.2
1556	37.233
1557	37.833
1558	37.8
1559	38.533
1560	36.967
1561	35.617
1562	37.733
1563	36.033
1564	38.383
1565	36.883
1566	36.783
1567	36.967
1568	36.567
1569	36.4
1570	37.3
1571	36.65
1572	37.567
1573	37.117
1574	35.917
1575	35.517
1576	38.35
1577	36.867
1578	35.2
1579	37.5
1580	36.817
1581	36.483
1582	36.317
1583	36.383
1584	36.3
1585	36.733
1586	36.717
1587	37.217
1588	37.133
1589	36.5
1590	37.65
1591	37.767
1592	36.55
1593	36.767
1594	36.283
1595	37.033
1596	37.2
1597	37.267
1598	37.117
1599	36.95
1600	37.367
1601	37.083
1602	37.267
1603	35.45
1604	36.45
1605	37.467
1606	36.4
1607	37.267
1608	36.667
1609	36.833
1610	37.467
1611	37.667
1612	37.983
1613	37.617
1614	38.683
1615	37.267
1616	36.883
1617	37.6
1618	36.733
1619	37.083
1620	37.15
1621	36.683
1622	38.083
1623	37.1
1624	36.817
1625	36.9
1626	35.8
1627	37.05
1628	37
1629	35.9
1630	36.767
1631	37.633
1632	36.317
1633	37.117
1634	36.683
1635	36.483
1636	37.017
1637	36.75
1638	37.45
1639	36.733
1640	36.55
1641	36.483
1642	37.117
1643	36.633
1644	36.167
1645	36.2
1646	37.35
1647	36.933
1648	36.983
1649	37.15
1650	36.867
1651	37.017
1652	36.85
1653	37.3
1654	37.25
1655	36.633
1656	35.733
1657	36.233
1658	37.733
1659	36.167
1660	36.3
1661	36.717
1662	35.933
1663	36.25
1664	37.133
1665	36.217
1666	36.75
1667	35.567
1668	36.817
1669	36.267
1670	36.4
1671	36.883
1672	36.383
1673	36.55
1674	37.267
1675	36.7
1676	37.7
1677	37.517
1678	36.95
1679	37.483
1680	36.533
1681	37.567
1682	38.683
1683	37.483
1684	39.433
1685	37.683
1686	39.117
1687	38.483
1688	39.283
1689	38.733
1690	38.717
1691	39.633
1692	39.6
1693	38.25
1694	39.9
1695	39.883
1696	38.95
1697	38.233
1698	38.933
1699	38.133
1700	38.717
1701	38.967
1702	38.7
1703	38.55
1704	38.717
1705	37.717
1706	38.1
1707	38.15
1708	38.467
1709	37.867
1710	38.717
1711	37.5
1712	37.917
1713	37.5
1714	37.55
1715	37.767
1716	37.583
1717	38.633
1718	37.667
1719	36.5
1720	37.4
1721	35.783
1722	37.533
1723	37.6
1724	37.933
1725	37.533
1726	36
1727	36.2
1728	37.917
1729	37.217
1730	37.55
1731	37.35
1732	38.083
1733	35.833
1734	37.017
1735	37.083
1736	37.6
1737	37.033
1738	38.2
1739	36.8
1740	35.9
1741	38.233
1742	37.683
1743	36.55
1744	36.967
1745	36.983
1746	37.3
1747	35.933
1748	36.15
1749	38.133
1750	37.833
1751	36.867
1752	36.917
1753	37.467
1754	37.817
1755	37.833
1756	37.15
1757	37.433
1758	35.617
1759	36.6
1760	36.9
1761	36.117
1762	37.35
1763	36.7
1764	37.433
1765	36.767
1766	37.167
1767	36.867
1768	36.767
1769	36.65
1770	36.733
1771	37.467
1772	36.733
1773	36.767
1774	37.233
1775	35.15
1776	37.467
1777	35.617
1778	36.733
1779	36.433
1780	37.283
1781	37.683
1782	37.217
1783	36.8
1784	37.9
1785	36.917
1786	37.05
1787	36.283
1788	37.733
1789	37.167
1790	37.233
1791	36.183
1792	39.033
1793	36.567
1794	36.567
1795	37.417
1796	37.55
1797	37.4
1798	35.883
1799	37.25
1800	37.4
1801	36.4
1802	36.367
1803	36.983
1804	36.433
1805	36.7
1806	36.783
1807	36.717
1808	37.15
1809	37.65
1810	36.567
1811	37.633
1812	36.9
1813	37.35
1814	38.033
1815	37.367
1816	37.4
1817	37.817
1818	36.467
1819	37.05
1820	37.883
1821	37.517
1822	38.017
1823	36.7
1824	36.683
1825	37.167
1826	38.167
1827	37.05
1828	37.7
1829	36.917
1830	38.333
1831	38.567
1832	36.783
1833	36.567
1834	37.617
1835	36.467
1836	37.75
1837	37.7
1838	37.217
1839	36.783
1840	36.7
1841	37.417
1842	37.233
1843	37.4
1844	36.75
1845	37.7
1846	37.5
1847	37.4
1848	38.283
1849	38.05
1850	36.667
1851	36.383
1852	37.35
1853	37.05
1854	35.883
1855	36.867
1856	37.533
1857	37.083
1858	36.633
1859	36.6
1860	37.233
1861	37.117
1862	38.35
1863	36.917
1864	36.217
1865	37.133
1866	36.733
1867	36.733
1868	36.55
1869	36.767
1870	37.333
1871	36.017
1872	36.867
1873	36.167
1874	38.933
1875	36.067
1876	36.4
1877	37.383
1878	36.667
1879	36.367
1880	36.5
1881	36.667
1882	37.133
1883	37.167
1884	38.183
1885	35.467
1886	36.067
1887	36.7
1888	36.917
1889	35.917
1890	36.717
1891	36.683
1892	37.517
1893	37.3
1894	35.583
1895	36.05
1896	37.633
1897	36.633
1898	36.8
1899	35.683
1900	36.85
1901	36.083
1902	37.433
1903	36.917
1904	36.017
1905	37.417
1906	36.833
1907	37.35
1908	36.9
1909	36.117
1910	36.55
1911	36.167
1912	37.583
1913	37.017
1914	36.6
1915	37.133
1916	37.55
1917	36.583
1918	36.317
1919	36.933
1920	37.217
1921	36.85
1922	37.3
1923	36.767
1924	35.55
1925	37.367
1926	37.017
1927	36.933
1928	36.45
1929	38.217
1930	37.367
1931	37.3
1932	36.85
1933	35.55
1934	36.983
1935	37.533
1936	36.55
1937	36.467
1938	36.483
1939	37.35
1940	36.583
1941	36.717
1942	36.05
1943	35.433
1944	36.733
1945	37.65
1946	37.15
1947	35.667
1948	35.65
1949	37.65
1950	35.867
1951	36.117
1952	36.983
1953	37.033
1954	37.333
1955	36.333
1956	36.517
1957	36.533
1958	36.217
1959	37.417
1960	36.683
1961	36.417
1962	36.7
1963	36.75
1964	37.483
1965	36.867
1966	36.867
1967	37.083
1968	36.65
1969	36.4
1970	37.25
1971	36.833
1972	36.183
1973	37.783
1974	37.733
1975	37.367
1976	37.067
1977	37.017
1978	36.733
1979	36.217
1980	36.95
1981	37
1982	36.833
1983	35.65
1984	37.717
1985	36.55
1986	36.517
1987	36.583
1988	36.7
1989	36.55
1990	37.25
1991	37.15
1992	37.067
1993	35.967
1994	36.967
1995	36.65
1996	37.283
1997	36.7
1998	34.917
1999	36.967
2000	36.867
2001	36.433
2002	36.983
2003	37.133
2004	36.25
2005	37.15
2006	38.183
2007	37.367
2008	38.333
2009	37.117
2010	37.4
2011	36.783
2012	37.167
2013	37.067
2014	37.117
2015	36.517
2016	37.833
2017	36.5
2018	36.217
2019	36.45
2020	35.117
2021	37.633
2022	37.2
2023	36.167
2024	37.167
2025	35.35
2026	38.067
2027	37.217
2028	37.517
2029	36.017
2030	37.667
2031	37.383
2032	38.9
2033	38.95
2034	38.467
2035	38.05
2036	38.633
2037	39.65
2038	38.45
2039	39.667
2040	38.4
2041	39.217
2042	39.083
2043	39.533
2044	38.817
2045	40.083
2046	38.667
2047	38.917
2048	37.967
2049	37.9
2050	37.933
2051	37.467
2052	38.733
2053	38.133
2054	38.367
2055	37.517
2056	38.117
2057	37.95
2058	37.3
2059	36.75
2060	37.4
2061	38
2062	37.3
2063	36.717
2064	37.133
2065	38.2
2066	37
2067	37.85
2068	38.2
2069	37.433
2070	37
2071	37.967
2072	37.35
2073	36.5
2074	37.25
2075	36.883
2076	36.767
2077	38.117
2078	37.35
2079	35.617
2080	37.883
2081	37.217
2082	35.383
2083	37.017
2084	37.417
2085	37.05
2086	36.867
2087	35.817
2088	36.083
2089	37.483
2090	37.583
2091	37.067
2092	37.167
2093	35.983
2094	37.117
2095	37.2
2096	37.4
2097	36.95
2098	37.233
2099	37.417
2100	35.833
2101	37.4
2102	36.217
2103	36.767
2104	36.867
2105	37.383
2106	36.817
2107	37.567
2108	38.3
2109	37.967
2110	36.683
2111	37.517
2112	36.817
2113	36.95
2114	37.25
2115	36.917
2116	36.7
2117	37.633
2118	36.483
2119	36.75
2120	37.567
2121	36.583
2122	37.617
2123	36.9
2124	37.417
2125	37.617
2126	36.833
2127	37.2
2128	37.867
2129	36.033
2130	37.1
2131	36.467
2132	36.467
2133	36.433
2134	37.283
2135	36.65
2136	36.817
2137	35.75
2138	36.45
2139	36.433
2140	36.883
2141	37.333
2142	36.517
2143	36.567
2144	37.433
2145	35.867
2146	36.883
2147	38.233
2148	36.9
2149	36.8
2150	35.517
2151	36.367
2152	37.833
2153	36.633
2154	36.25
2155	36.117
2156	37.217
2157	37.033
2158	38.033
2159	37.733
2160	37.5
2161	36.417
2162	37.267
2163	37.25
2164	35.817
2165	36.883
2166	35.667
2167	35.7
2168	37.317
2169	36.65
2170	37.3
2171	36.333
2172	38.033
2173	37.967
2174	37.083
2175	37.467
2176	36.067
2177	36.75
2178	37.467
2179	36.667
2180	37.917
2181	38
2182	36.267
2183	37.017
2184	37.95
2185	36.833
2186	37.233
2187	36.7
2188	36.517
2189	35.783
2190	37.583
2191	36.183
2192	37.733
2193	37.083
2194	36.417
2195	36.367
2196	36.7
2197	38.267
2198	36.383
2199	36.183
2200	37.75
2201	36.033
2202	37.033
2203	37.767
2204	37.05
2205	36.733
2206	37.217
2207	36.833
2208	37.333
2209	37.45
2210	37.333
2211	36.833
2212	37.133
2213	36.467
2214	36.183
2215	36.717
2216	37.283
2217	37.883
2218	36.733
2219	35.983
2220	37
2221	37.683
2222	37.2
2223	37.533
2224	38.85
2225	37.933
2226	36.767
2227	37.283
2228	37.233
2229	37.8
2230	37.933
2231	37.067
2232	37.383
2233	37.117
2234	36.767
2235	37.683
2236	37.733
2237	36.133
2238	37.15
2239	36.417
2240	36.867
2241	35.983
2242	37.45
2243	37.383
2244	37.817
2245	37.433
2246	36.167
2247	37.067
2248	37.8
2249	36.983
2250	36.383
2251	37.533
2252	37.35
2253	35.633
2254	36.5
2255	37.217
2256	37.75
2257	36.65
2258	37.017
2259	35.2
2260	36.967
2261	37.167
2262	37.033
2263	38.067
2264	37.633
2265	36.883
2266	38.35
2267	36.65
2268	38
2269	37.683
2270	37.033
2271	37.817
2272	37.183
2273	36.3
2274	38.05
2275	36.233
2276	37.083
2277	37.95
2278	38.483
2279	36.617
2280	37.433
2281	37.35
2282	36.967
2283	37.233
2284	37.333
2285	36.767
2286	36.183
2287	36.533
2288	36.817
2289	36.517
2290	37.55
2291	36.533
2292	37.217
2293	36.767
2294	37.267
2295	36.65
2296	37.717
2297	37.4
2298	36.033
2299	37.783
2300	36.033
2301	36.867
2302	35.983
2303	36.45
2304	37.1
2305	36.833
2306	37.283
2307	37.55
2308	36.383
2309	38.283
2310	38.267
2311	35.7
2312	37.733
2313	37.833
2314	36.867
2315	37.917
2316	35.717
2317	36.817
2318	36.8
2319	36.6
2320	35.617
2321	36.5
2322	36.367
2323	35.833
2324	36.45
2325	35.4
2326	37.617
2327	36.35
2328	37.317
2329	36.833
2330	36.85
2331	37.067
2332	37.65
2333	36.75
2334	37.583
2335	36.867
2336	37.067
2337	37.433
2338	37.15
2339	37.45
2340	37.183
2341	37.683
2342	36.733
2343	36.717
2344	37.867
2345	37.533
2346	35.733
2347	35.9
2348	36.417
2349	36.3
2350	36.6
2351	37.283
2352	36.317
2353	35.733
2354	36.933
2355	36.083
2356	36.567
2357	36.6
2358	36.517
2359	36.017
2360	37.667
2361	35.733
2362	36.983
2363	37.417
2364	36.417
2365	37
2366	37.317
2367	36.067
2368	36.833
2369	37.25
2370	36.3
2371	36.2
2372	36.233
2373	35.35
2374	37.617
2375	37.033
2376	37.983
2377	37.033
2378	37.2
2379	38.017
2380	38.133
2381	37.95
2382	38.867
2383	38.7
2384	39.283
2385	38.983
2386	39.783
2387	39.517
2388	39.517
2389	38.917
2390	37.7
2391	38.417
2392	38.467
2393	38.333
2394	38.383
2395	39.183
2396	39.05
2397	38.5
2398	38.6
2399	39.017
2400	38.317
2401	37
2402	37.917
2403	38.517
2404	37.3
2405	37.267
2406	37.55
2407	38.05
2408	37.517
2409	37.783
2410	37.95
2411	37.467
2412	38.183
2413	37.25
2414	37.517
2415	37.417
2416	37.25
2417	37.2
2418	38.333
2419	37.617
2420	38.5
2421	37.167
2422	37.55
2423	37.633
2424	36.7
2425	37.183
2426	37.133
2427	37.817
2428	36.75
2429	36.733
2430	37.3
2431	38.467
2432	36.583
2433	37.25
2434	37.8
2435	36.35
2436	36.65
2437	36.467
2438	37.083
2439	37.167
2440	37.317
2441	36.633
2442	37.767
2443	37.683
2444	36.567
2445	36.9
2446	37.467
2447	37.45
2448	37.3
2449	37.517
2450	36.583
2451	36.067
2452	36.983
2453	36.717
2454	37.033
2455	37.35
2456	35.633
2457	36.65
2458	37.3
2459	37.833
2460	37.583
2461	37.85
2462	36.8
2463	37.8
2464	36.567
2465	35.867
2466	36.967
2467	37.45
2468	38.083
2469	37
2470	37.283
2471	35.617
2472	37.183
2473	36.683
2474	37.95
2475	37.35
2476	36.767
2477	36.633
2478	37.067
2479	36.983
2480	36.967
2481	36.85
2482	36.2
2483	37.35
2484	36.817
2485	36.633
2486	36.65
2487	36.983
2488	36.933
2489	37.2
2490	36.467
2491	36.267
2492	36.717
2493	37.05
2494	37.583
2495	36.8
2496	36.1
2497	37.25
2498	35.983
2499	35.75
2500	36.967
2501	37.6
2502	36.6
2503	37.2
2504	36.783
2505	36.9
2506	35.217
2507	37.1
2508	36.217
2509	35.733
2510	36.65
2511	36.783
2512	35.717
2513	35.683
2514	36.417
2515	36.35
2516	37.2
2517	36.617
2518	37.067
2519	36.9
2520	36.917
2521	36.883
2522	35.85
2523	37.55
2524	36.4
2525	36.25
2526	37.2
2527	37.4
2528	37.433
2529	36.75
2530	36.75
2531	36.35
2532	37.583
2533	36.717
2534	36.367
2535	37.15
2536	36.05
2537	36.733
2538	35.983
2539	36.367
2540	36.783
2541	36.75
2542	37.6
2543	36.45
2544	37.333
2545	37.033
2546	36.433
2547	36.483
2548	36.983
2549	37.633
2550	37.1
2551	37.583
2552	36.783
2553	35.733
2554	36.5
2555	37.333
2556	36.333
2557	36.7
2558	37.167
2559	37.467
2560	37.45
2561	37.3
2562	37.083
2563	36.65
2564	37.333
2565	38.483
2566	36.333
2567	37
2568	36.6
2569	36.267
2570	37.233
2571	36.583
2572	37.35
2573	37.6
2574	36.683
2575	36.85
2576	38.117
2577	36.833
2578	37.033
2579	36.383
2580	36.717
2581	36.2
2582	36.883
2583	37.017
2584	36.817
2585	37.233
2586	37.167
2587	36.75
2588	36.467
2589	37.083
2590	37.033
2591	35.917
2592	36.333
2593	36.867
2594	36.967
2595	36.6
2596	36.933
2597	36.517
2598	36.217
2599	35.983
2600	37.367
2601	36.833
2602	36.5
2603	35.917
2604	37
2605	37.6
2606	37.033
2607	37.083
2608	38.05
2609	37.017
2610	36.917
2611	35.967
2612	36.483
2613	36.317
2614	36.167
2615	35.383
2616	37.083
2617	35.85
2618	36.633
2619	36.533
2620	36.483
2621	36.767
2622	36.317
2623	37.233
2624	37.45
2625	36.3
2626	36.567
2627	36.95
2628	36.567
2629	36.717
2630	36.583
2631	36.867
2632	36.183
2633	36.15
2634	36.617
2635	37.717
2636	36.133
2637	35.683
2638	36.5
2639	36.267
2640	37.25
2641	38.183
2642	37.75
2643	37.05
2644	37.183
2645	35.517
2646	38.2
2647	37.117
2648	37.483
2649	35.967
2650	37.867
2651	36.267
2652	36.95
2653	37.267
2654	35.533
2655	36.983
2656	36.05
2657	35.883
2658	35.9
2659	35.133
2660	37.1
2661	36.25
2662	37.067
2663	36.767
2664	36.467
2665	36.967
2666	36.617
2667	38.2
2668	37.067
2669	36.25
2670	35.583
2671	36.25
2672	36.5
2673	36.433
2674	35.667
2675	36.817
2676	36.883
2677	36.967
2678	36.283
2679	36.717
2680	37.117
2681	36.2
2682	36.567
2683	36.35
2684	35.917
2685	36.183
2686	36.3
2687	37.167
2688	35.917
2689	35.283
2690	36.25
2691	37.067
2692	36.267
2693	36.1
2694	37.75
2695	35.933
2696	37.117
2697	37.15
2698	36.983
2699	36.85
2700	36
2701	37.083
2702	36.1
2703	36.883
2704	36.483
2705	35.75
2706	36.133
2707	37.85
2708	37.5
2709	37.7
2710	37.267
2711	36.733
2712	36.533
2713	37.667
2714	37.367
2715	36.7
2716	35.75
2717	36.9
2718	36.9
2719	36.75
2720	36.783
2721	36.933
2722	36.217
2723	36.383
2724	36.55
2725	36
2726	36.8
2727	36.017
2728	37.583
2729	37.833
2730	38.517
2731	38.867
2732	37.533
2733	38.467
2734	39.267
2735	39.833
2736	40.233
2737	39.183
2738	39.25
2739	38.167
2740	37.883
2741	38.817
2742	38
2743	39.517
2744	39.35
2745	38.317
2746	39.567
2747	39.1
2748	39.05
2749	38.35
2750	38.35
2751	39.333
2752	38.317
2753	37.883
2754	37.667
2755	37.133
2756	37.067
2757	37.883
2758	37.267
2759	37.117
2760	37.333
2761	36.633
2762	36.2
2763	37.35
2764	36.183
2765	36.8
2766	36.6
2767	36.317
2768	37.117
2769	37.283
2770	36.183
2771	37.267
2772	37.583
2773	35.533
2774	37.283
2775	37.75
2776	36.517
2777	36.217
2778	37.95
2779	35.55
2780	36.967
2781	36.6
2782	36.233
2783	38.5
2784	35.417
2785	37
2786	36.5
2787	37.467
2788	36.8
2789	36.6
2790	36.833
2791	36.017
2792	36.783
2793	37.517
2794	36.917
2795	36.167
2796	36.367
2797	37.667
2798	36.383
2799	37.167
2800	37
2801	35.433
2802	37.65
2803	35.85
2804	36.017
2805	35.683
2806	37.567
2807	36.467
2808	36.367
2809	37.283
2810	37.683
2811	37.5
2812	35.6
2813	36.733
2814	37.583
2815	37.817
2816	37.583
2817	35.8
2818	37.767
2819	36.65
2820	36.183
2821	37.75
2822	37.667
2823	37.383
2824	37.35
2825	35.767
2826	37.083
2827	37.45
2828	36.6
2829	36.467
2830	35.983
2831	38.067
2832	37.1
2833	37.633
2834	35.9
2835	36.017
2836	36.35
2837	37.067
2838	36.9
2839	37.283
2840	37.2
2841	36.65
2842	37.283
2843	36.433
2844	37.067
2845	36.9
2846	38.367
2847	37.317
2848	37.333
2849	37.75
2850	36.55
2851	37.633
2852	36.6
2853	36.717
2854	37.35
2855	38.267
2856	37.717
2857	37.55
2858	36.917
2859	38.067
2860	36.683
2861	36.833
2862	37
2863	37.467
2864	37.2
2865	38.2
2866	38.1
2867	37.217
2868	37.55
2869	36.9
2870	37.6
2871	37.1
2872	36.933
2873	37.4
2874	36.233
2875	37.05
2876	37.733
2877	37.433
2878	37.5
2879	37
2880	37.3
2881	36.983
2882	37.35
2883	35.933
2884	36.7
2885	36.567
2886	36.65
2887	37.533
2888	36.7
2889	38.183
2890	37.617
2891	37.617
2892	37.05
2893	36.583
2894	36.317
2895	37.2
2896	37
2897	35.867
2898	38
2899	37.75
2900	37.067
2901	37.4
2902	36.517
2903	36.983
2904	37.333
2905	37.65
2906	35.517
2907	36.333
2908	37.117
2909	36.75
2910	36.833
2911	36.75
2912	38.067
2913	37.2
2914	37.333
2915	36.967
2916	36.85
2917	35.233
2918	36.883
2919	35.3
2920	36.733
2921	36.617
2922	37.483
2923	37.65
2924	36.4
2925	36.6
2926	38.25
2927	34.967
2928	36.167
2929	35.95
2930	37.217
2931	36.3
2932	36.883
2933	36.633
2934	37.133
2935	35.9
2936	37.5
2937	36
2938	37.05
2939	37.333
2940	35.933
2941	37.65
2942	37.267
2943	36.6
2944	37
2945	36.35
2946	36.817
2947	36.633
2948	36.917
2949	36.717
2950	37.55
2951	37.567
2952	37.25
2953	36.25
2954	36.417
2955	36.5
2956	36.233
2957	36.25
2958	37.9
2959	37.867
2960	37.117
2961	35.767
2962	37.65
2963	37.3
2964	35.833
2965	36.05
2966	37.05
2967	36
2968	35.933
2969	36.533
2970	36.883
2971	36.6
2972	37.15
2973	36.467
2974	36.933
2975	37.2
2976	36.017
2977	35.917
2978	36.133
2979	36.983
2980	36.883
2981	36.633
2982	37.583
2983	36.817
2984	36.95
2985	36.733
2986	37.517
2987	36.967
2988	38.2
2989	36.933
2990	36.3
2991	36.883
2992	36.4
2993	36.317
2994	36.483
2995	37.55
2996	37.6
2997	36.183
2998	35.933
2999	36.867
3000	36.633
3001	35.95
3002	35.95
3003	35.667
3004	35.7
3005	35.717
3006	36.1
3007	36.667
3008	37.6
3009	36.267
3010	37.967
3011	35.4
3012	36.783
3013	36.167
3014	36.383
3015	36.45
3016	37.633
3017	35.7
3018	36.333
3019	36.467
3020	36.1
3021	36.683
3022	36.25
3023	36.567
3024	36.633
3025	36.483
3026	36.667
3027	36.383
3028	35.917
3029	36.117
3030	35.05
3031	35.567
3032	36.967
3033	36.3
3034	37.467
3035	36.817
3036	36.05
3037	36.85
3038	36.617
3039	36.1
3040	36.833
3041	36.8
3042	37.217
3043	36.45
3044	36.683
3045	36.833
3046	37.417
3047	36.333
3048	36.467
3049	36.983
3050	36.4
3051	36.683
3052	36.4
3053	36.117
3054	36.167
3055	36.75
3056	36.817
3057	37.55
3058	36.117
3059	36
3060	36.783
3061	35.6
3062	36.467
3063	36.15
3064	36.833
3065	36.033
3066	36.5
3067	36.233
3068	36.45
3069	35.95
3070	36.383
3071	35.933
3072	36.4
3073	37.017
3074	36.067
3075	36.783
3076	38.033
3077	36.633
3078	36.833
3079	37.933
3080	38.233
3081	38.183
3082	37.983
3083	38.617
3084	38.833
3085	38.417
3086	38.317
3087	37.95
3088	38.7
3089	39.133
3090	38.717
3091	38.267
3092	38.783
3093	36.867
3094	37.233
3095	37.5
3096	36.433
3097	38.617
3098	37.817
3099	38.667
3100	38.65
3101	37.383
3102	37.367
3103	37.717
3104	37.517
3105	37.167
3106	37.667
3107	36.35
3108	37.05
3109	37.05
3110	37.883
3111	38.2
3112	38.3
3113	38.017
3114	36.9
3115	38.5
3116	37.917
3117	36.95
3118	36.983
3119	37
3120	37.267
3121	36.85
3122	36.617
3123	37.4
3124	36.75
3125	35.8
3126	35.85
3127	36.15
3128	37.367
3129	36.167
3130	36.55
3131	36.65
3132	36.017
3133	38.55
3134	36.55
3135	36.767
3136	36.283
3137	35.883
3138	36.117
3139	35.967
3140	38.3
3141	37.317
3142	37.567
3143	37.633
3144	36.5
3145	36.317
3146	36.667
3147	37.117
3148	36.4
3149	36.6
3150	36.8
3151	36.483
3152	36.65
3153	36.633
3154	37.633
3155	36.433
3156	37.15
3157	37.3
3158	37.45
3159	36.917
3160	37.133
3161	36.85
3162	38.233
3163	36.283
3164	37.533
3165	36.55
3166	36.05
3167	36.067
3168	36.833
3169	36.817
3170	38.083
3171	37.6
3172	37.083
3173	35.983
3174	35.95
3175	36.883
3176	36.617
3177	36.05
3178	36.717
3179	36.933
3180	36.7
3181	36.217
3182	37.233
3183	37.383
3184	37.467
3185	36.25
3186	36.133
3187	36.083
3188	36.3
3189	36.417
3190	36.867
3191	36.183
3192	35.1
3193	36.983
3194	36.7
3195	36.167
3196	35.95
3197	35.217
3198	37.083
3199	37
3200	37.5
3201	36.367
3202	37.017
3203	36.433
3204	36.367
3205	36.967
3206	36.917
3207	36.383
3208	35.95
3209	37.067
3210	36.083
3211	37.167
3212	36.767
3213	36.583
3214	36.267
3215	36.417
3216	37.25
3217	35.85
3218	36.833
3219	37.483
3220	37.05
3221	36.75
3222	35.6
3223	36.567
3224	36.3
3225	36.217
3226	37.05
3227	36.85
3228	36.15
3229	36.8
3230	37.45
3231	35.133
3232	37.183
3233	37.617
3234	36.917
3235	37.4
3236	37.333
3237	36.317
3238	36.617
3239	36.15
3240	36.1
3241	37.167
3242	37.067
3243	36.85
3244	36.283
3245	36.6
3246	36.683
3247	36.917
3248	36.75
3249	36.633
3250	36.883
3251	36.933
3252	36.183
3253	37.117
3254	37.05
3255	35.217
3256	35.583
3257	37.483
3258	35.85
3259	36.533
3260	36.35
3261	37.767
3262	37.133
3263	36.117
3264	36.133
3265	37.117
3266	36.733
3267	37.15
3268	36.333
3269	36.167
3270	36.283
3271	36.2
3272	37.5
3273	36.05
3274	36.983
3275	35.667
3276	35.383
3277	36.267
3278	35.75
3279	36.033
3280	36.217
3281	35.35
3282	36.133
3283	36.15
3284	35.85
3285	36.3
3286	36.967
3287	36.983
3288	37.067
3289	36.75
3290	36.05
3291	37.333
3292	36.683
3293	35.917
3294	37.533
3295	36.35
3296	36.617
3297	35.9
3298	36.3
3299	36.35
3300	36.95
3301	35.767
3302	36.183
3303	36.867
3304	36.25
3305	35.517
3306	36.5
3307	36.717
3308	36.867
3309	36.267
3310	36.917
3311	36.517
3312	37.517
3313	36.55
3314	36.45
3315	36.033
3316	36.15
3317	35.7
3318	37.1
3319	37
3320	36.833
3321	36.433
3322	37.15
3323	35.983
3324	36.817
3325	36.85
3326	37.267
3327	37.15
3328	36.467
3329	36.1
3330	36.1
3331	36.667
3332	36.033
3333	36.483
3334	36.067
3335	37.183
3336	36.95
3337	36.917
3338	36.15
3339	36.033
3340	37.117
3341	35.633
3342	36.5
3343	35.567
3344	35.717
3345	36.55
3346	36.233
3347	37.65
3348	35.7
3349	36.233
3350	36.167
3351	36.85
3352	36.283
3353	35.833
3354	35.6
3355	35.4
3356	35.75
3357	36.733
3358	36.3
3359	35.517
3360	35.567
3361	35.867
3362	35.717
3363	36.55
3364	35.683
3365	37.217
3366	36.767
3367	36.25
3368	37.033
3369	36.75
3370	36.633
3371	34.267
3372	36.483
3373	35.617
3374	34.833
3375	35.717
3376	36.15
3377	37.083
3378	37.433
3379	35.533
3380	36.367
3381	35.8
3382	36.533
3383	36.567
3384	37.233
3385	36.3
3386	36.75
3387	35.983
3388	35.933
3389	36.05
3390	35.2
3391	37.083
3392	36.85
3393	34.967
3394	36.7
3395	37.017
3396	37.183
3397	36.533
3398	37.717
3399	36.2
3400	37.05
3401	36.767
3402	35.733
3403	36.233
3404	37.417
3405	36.75
3406	36.05
3407	35.6
3408	36.983
3409	35.85
3410	37.033
3411	35.933
3412	36.317
3413	37.183
3414	36.65
3415	35.633
3416	35.65
3417	35.65
3418	35.7
3419	35.417
3420	36.283
3421	35.183
3422	36.75
3423	36.2
3424	35.933
3425	36.517
3426	36.533
3427	36.883
3428	36.933
3429	37.067
3430	37.567
3431	38.117
3432	37.45
3433	37.95
3434	37.733
3435	37.817
3436	37.067
3437	38.217
3438	37.9
3439	38.183
3440	38.167
3441	37.333
3442	37.633
3443	38.533
3444	37.6
3445	38.933
3446	37.833
3447	37.933
3448	37.983
3449	37.983
3450	38.067
3451	36.567
3452	37.917
3453	37.55
3454	37.3
3455	37.733
3456	36.933
3457	39.083
3458	37.5
3459	38.4
3460	37.017
3461	37.267
3462	38.05
3463	37.8
3464	38.283
3465	38.033
3466	37.317
3467	36.633
3468	37.45
3469	37.55
3470	36.4
3471	36.317
3472	37.45
3473	36.383
3474	37.9
3475	36.6
3476	36.7
3477	36.9
3478	36.283
3479	36.217
3480	37.033
3481	36.033
3482	37.617
3483	37.533
3484	36.05
3485	36.433
3486	36.267
3487	37.4
3488	37.567
3489	37.35
3490	37.517
3491	36.217
3492	35.983
3493	36.617
3494	36.85
3495	37.65
3496	36.133
3497	35.983
3498	35.933
3499	36.983
3500	36.033
3501	35.617
3502	36.8
3503	36.833
3504	36.75
3505	35.967
3506	36.217
3507	35.583
3508	37.033
3509	36.233
3510	35.933
3511	36.517
3512	37.3
3513	36.483
3514	35.933
3515	36.983
3516	36.817
3517	36.45
3518	35.5
3519	36.633
3520	36.667
3521	36.55
3522	36.317
3523	37.117
3524	37.05
3525	36.983
3526	36.15
3527	35.867
3528	35.867
3529	35.767
3530	36.517
3531	36.45
3532	36.433
3533	36
3534	36.017
3535	36.95
3536	36.95
3537	36.583
3538	36.8
3539	37
3540	37.733
3541	36.15
3542	36.317
3543	36.45
3544	36.533
3545	36.4
3546	36.717
3547	36.733
3548	36.5
3549	36.8
3550	36.9
3551	37.283
3552	36.517
3553	35.65
3554	36.067
3555	36.4
3556	36.7
3557	35.8
3558	37.1
3559	37.183
3560	36.217
3561	36.95
3562	37.433
3563	35.933
3564	36.467
3565	36.867
3566	36.067
3567	37.167
3568	36.783
3569	36.9
3570	36.783
3571	36.6
3572	36.3
3573	36.367
3574	36.417
3575	35.6
3576	37.283
3577	36.333
3578	36.167
3579	36.583
3580	35.9
3581	36.417
3582	36.133
3583	38.05
3584	36.367
3585	36.05
3586	36.5
3587	35.95
3588	36.517
3589	37.05
3590	36.4
3591	35.6
3592	37.767
3593	35.1
3594	36.567
3595	36.567
3596	36.933
3597	36.683
3598	37.35
3599	36.35
3600	37.767
3601	36.917
3602	36.133
3603	36.783
3604	36.567
3605	36.75
3606	36.783
3607	36.5
3608	35.95
3609	35.983
3610	36.95
3611	36.833
3612	35.017
3613	35.083
3614	36.683
3615	35.75
3616	36.85
3617	36.783
3618	36.8
3619	36.783
3620	36.417
3621	36.65
3622	36.083
3623	37.433
3624	36.583
3625	35.933
3626	37.033
3627	37.567
3628	37.183
3629	36.25
3630	35.917
3631	37.15
3632	37
3633	36.917
3634	37.1
3635	36.15
3636	36.833
3637	35.25
3638	36.917
3639	37.15
3640	36.117
3641	36.567
3642	36.483
3643	36.667
3644	36.15
3645	36.617
3646	36.867
3647	35.45
3648	36.467
3649	37.467
3650	37
3651	35.883
3652	36.567
3653	37.433
3654	37.267
3655	36.267
3656	37.033
3657	37.217
3658	38.633
3659	36.667
3660	37.517
3661	36.7
3662	37.417
3663	37.85
3664	37.05
3665	37.667
3666	37.8
3667	36.767
3668	37.117
3669	36.65
3670	37.2
3671	36.367
3672	37.85
3673	37.683
3674	37.45
3675	36.8
3676	36.15
3677	36.733
3678	36.767
3679	38.4
3680	37.4
3681	36.9
3682	37.833
3683	37.4
3684	37.933
3685	38.183
3686	36.483
3687	37.283
3688	38.1
3689	37.95
3690	37.683
3691	37.767
3692	37.933
3693	38.05
3694	38.683
3695	37.533
3696	38.333
3697	38.333
3698	37.417
3699	36.8
3700	37.55
3701	39.467
3702	37.967
3703	36.917
3704	37.717
3705	36.917
3706	38.367
3707	37.667
3708	37.8
3709	37.6
3710	37.333
3711	36.967
3712	38.067
3713	36.583
3714	36.967
3715	37.533
3716	37.033
3717	38.933
3718	37.283
3719	37.3
3720	36.917
3721	37.917
3722	37.683
3723	38.417
3724	37.567
3725	36.95
3726	37.45
3727	37.3
3728	36.667
3729	36.933
3730	36.433
3731	37.283
3732	37
3733	38.067
3734	37.2
3735	36.883
3736	37.833
3737	37.217
3738	37.217
3739	38.117
3740	37.817
3741	37.217
3742	36.85
3743	37.183
3744	36.9
3745	36.733
3746	37.733
3747	37.483
3748	37.267
3749	36.633
3750	36.883
3751	37.2
3752	37.367
3753	36.983
3754	37.417
3755	37.317
3756	37.567
3757	37
3758	37.567
3759	37.517
3760	37.383
3761	37.3
3762	37.4
3763	37.467
3764	36.933
3765	35.8
3766	38.3
3767	36.683
3768	36.833
3769	36.667
3770	37.55
3771	36.55
3772	37.033
3773	36.85
3774	36.817
3775	37.25
3776	38.367
3777	37.667
3778	37.617
3779	38.117
3780	38.05
3781	39.133
3782	38.65
3783	39.417
3784	38.95
3785	37.333
3786	38.767
3787	38.567
3788	38.15
3789	39.267
3790	39.217
3791	38.2
3792	38.25
3793	38.4
3794	38.217
3795	37.617
3796	38.55
3797	38.867
3798	38.5
3799	38.667
3800	37.883
3801	37.133
3802	37.4
3803	37.8
3804	38.017
3805	37.25
3806	38
3807	37.567
3808	37.983
3809	37.733
3810	38.017
3811	36.517
3812	37.917
3813	36.4
3814	36.35
3815	36.017
3816	36.017
3817	37.033
3818	36.083
3819	36.583
3820	36.033
3821	37
3822	36.533
3823	38.033
3824	35.65
3825	36.5
3826	36.483
3827	37.933
3828	36.917
3829	36.433
3830	36.85
3831	36.717
3832	36.817
3833	36.833
3834	35.85
3835	36.7
3836	37.133
3837	36.733
3838	36.417
3839	37.267
3840	36.783
3841	36.65
3842	36.267
3843	37.55
3844	37.85
3845	37.383
3846	37
3847	37.117
3848	37.683
3849	36.983
3850	37.017
3851	37.267
3852	37.85
3853	37.983
3854	36.65
3855	37.483
3856	36.833
3857	37.017
3858	36.017
3859	37.367
3860	37.8
3861	37.583
3862	36.9
3863	37.55
3864	38.033
3865	37.067
3866	36.667
3867	36.6
3868	37.05
3869	37.55
3870	36.55
3871	37.2
3872	36.817
3873	36.583
3874	36.8
3875	37.45
3876	37.117
3877	36.933
3878	37.483
3879	37.317
3880	37.417
3881	36.983
3882	37.25
3883	36.9
3884	36.55
3885	37.85
3886	36.717
3887	36.883
3888	37.317
3889	36.383
3890	37.033
3891	36.517
3892	37.283
3893	36.483
3894	37.833
3895	37.633
3896	36.85
3897	37.7
3898	37.517
3899	36.767
3900	37.8
3901	35.283
3902	37.1
3903	36.833
3904	36.267
3905	36.233
3906	37.35
3907	36.667
3908	36.45
3909	36.967
3910	36.617
3911	37.033
3912	38.517
3913	36.717
3914	37.45
3915	37.467
3916	37.633
3917	37.2
3918	37.533
3919	37.517
3920	36.583
3921	37.35
3922	37.4
3923	36.183
3924	37.1
3925	36.017
3926	37.433
3927	36.333
3928	35.667
3929	36.6
3930	37.183
3931	36.65
3932	36.05
3933	36.85
3934	36.4
3935	36.233
3936	38.083
3937	37.2
3938	36.167
3939	37.617
3940	36.717
3941	35.467
3942	36.333
3943	36.95
3944	36.833
3945	36.5
3946	37.217
3947	36.4
3948	37.667
3949	35.55
3950	37.567
3951	36.917
3952	37.483
3953	38
3954	37.433
3955	37.333
3956	37.75
3957	36.983
3958	37.283
3959	37.567
3960	38
3961	36.933
3962	38.3
3963	36.4
3964	37.633
3965	36.1
3966	36.667
3967	37.25
3968	36.167
3969	36.767
3970	37.45
3971	37.15
3972	37.783
3973	36.717
3974	37.133
3975	37.417
3976	37.567
3977	36.433
3978	38.15
3979	37.867
3980	37.717
3981	36.717
3982	38.15
3983	37.033
3984	37.6
3985	37.167
3986	37.25
3987	37.2
3988	37.517
3989	37.217
3990	36.283
3991	36.95
3992	36.333
3993	37.483
3994	37.8
3995	37.15
3996	36.083
3997	36.667
3998	37.383
3999	37.283
4000	37.317
4001	37.017
4002	36.517
4003	37.25
4004	37.333
4005	37.317
4006	38.467
4007	36
4008	37.883
4009	36.833
4010	37.617
4011	37.4
4012	36.717
4013	37.183
4014	37.767
4015	37.9
4016	37.367
4017	36.85
4018	36.867
4019	37
4020	36.8
4021	37.5
4022	37.55
4023	37.033
4024	36.533
4025	37.133
4026	37.667
4027	37.417
4028	37.917
4029	37.367
4030	38.817
4031	37.983
4032	37.833
4033	38.7
4034	38.967
4035	38.833
4036	37.883
4037	39
4038	38.767
4039	39.25
4040	39.517
4041	39.05
4042	38.317
4043	37.367
4044	38.917
4045	38.917
4046	38.883
4047	39.433
4048	38.917
4049	38.15
4050	38.383
4051	37.667
4052	37.567
4053	38.217
4054	37.717
4055	37.65
4056	37.717
4057	37.783
4058	37.5
4059	37.05
4060	38
4061	36.867
4062	37.2
4063	36.983
4064	37.317
4065	37.083
4066	38.483
4067	36.433
4068	36.217
4069	37.35
4070	36.5
4071	36.417
4072	36.833
4073	36.7
4074	37.633
4075	36.733
4076	36.117
4077	36.167
4078	36.833
4079	36.617
4080	37.117
4081	36.85
4082	36.183
4083	36.433
4084	35.817
4085	37.3
4086	36.067
4087	36.85
4088	37.7
4089	36.833
4090	37.167
4091	36.483
4092	36.5
4093	37.25
4094	36.517
4095	36.8
4096	37.033
4097	35.467
4098	35.7
4099	36.367
4100	36.433
4101	37.367
4102	36.933
4103	36.133
4104	36.3
4105	35.767
4106	36.317
4107	36.233
4108	37.583
4109	36.433
4110	37.967
4111	36.45
4112	37.7
4113	36.617
4114	37.45
4115	36.25
4116	36.733
4117	37.017
4118	35.517
4119	36.983
4120	36.733
4121	35.95
4122	36.783
4123	37.983
4124	36.6
4125	37.8
4126	36.85
4127	36.9
4128	38.75
4129	38.333
4130	37.1
4131	38.1
4132	37.533
4133	37.7
4134	37.467
4135	38.917
4136	38.633
4137	38.183
4138	38.267
4139	38.217
4140	37.75
4141	37.633
4142	37.133
4143	36.733
4144	36.95
4145	37.05
4146	38.533
4147	37.433
4148	37.317
4149	37.1
4150	37
4151	37.783
4152	38.133
4153	36.25
4154	36.467
4155	37.067
4156	36.85
4157	36.5
4158	37.433
4159	37.433
4160	36.683
4161	36.033
4162	37.3
4163	36.717
4164	37.317
4165	36.367
4166	36.65
4167	36.85
4168	37.1
4169	36.717
4170	37.283
4171	36.217
4172	37.417
4173	36.1
4174	35.85
4175	36.833
4176	37.133
4177	37.067
4178	37.233
4179	36.733
4180	35.983
4181	37.117
4182	36.067
4183	36.917
4184	36.75
4185	37.117
4186	37
4187	36.967
4188	36.883
4189	36.85
4190	36.583
4191	37.1
4192	37.25
4193	36.45
4194	36.767
4195	36.6
4196	36.667
4197	36.117
4198	35.817
4199	35.95
4200	34.883
4201	36.1
4202	37.083
4203	36.017
4204	36.733
4205	36.733
4206	36.817
4207	37.233
4208	36.8
4209	35.75
4210	36.2
4211	36.3
4212	36.1
4213	36.283
4214	36.7
4215	36.033
4216	36.617
4217	37
4218	36.633
4219	36.95
4220	36.717
4221	36.8
4222	36.767
4223	36.667
4224	37.333
4225	37.167
4226	37.283
4227	36.733
4228	34.9
4229	35.733
4230	37.233
4231	37.167
4232	36.967
4233	36.333
4234	37.5
4235	36.283
4236	36.083
4237	36.433
4238	37.467
4239	36.567
4240	36.083
4241	35.617
4242	36.033
4243	36
4244	37.45
4245	36.767
4246	36.167
4247	36.1
4248	36.1
4249	37.2
4250	35.717
4251	37.4
4252	37.683
4253	36.867
4254	35.867
4255	36.55
4256	37.75
4257	37.15
4258	37.383
4259	35.817
4260	36.517
4261	36.683
4262	36.2
4263	36.067
4264	36.483
4265	36.967
4266	35.617
4267	35.733
4268	37.083
4269	36.55
4270	36.467
4271	36.233
4272	36.433
4273	38.25
4274	36.533
4275	36.683
4276	36.2
4277	36.683
4278	37.383
4279	36.567
4280	37.817
4281	36.483
4282	36.267
4283	35.467
4284	36.317
4285	36.567
4286	36.45
4287	36.617
4288	36.717
4289	36.767
4290	36.817
4291	36.5
4292	36.2
4293	36.833
4294	36
4295	36.283
4296	36.633
4297	36.667
4298	37.017
4299	36.833
4300	36.467
4301	36.1
4302	36.55
4303	35.75
4304	36.033
4305	36.45
4306	36.167
4307	37.45
4308	36.667
4309	37.067
4310	36.1
4311	36.633
4312	35.417
4313	37.15
4314	36.133
4315	36.9
4316	35.75
4317	36.833
4318	36.017
4319	35.883
4320	36.517
4321	36.417
4322	37.267
4323	36.933
4324	36.1
4325	37.267
4326	36.3
4327	37.233
4328	35.7
4329	36.6
4330	35.567
4331	35.883
4332	36.483
4333	36.95
4334	36
4335	37.167
4336	36.75
4337	35.617
4338	36.817
4339	36.2
4340	36.733
4341	36.75
4342	37.483
4343	36.233
4344	36.633
4345	36.883
4346	36.267
4347	36.367
4348	36.583
4349	36.033
4350	37.117
4351	35.833
4352	36.167
4353	35.8
4354	36.283
4355	37.8
4356	36.9
4357	36.483
4358	36.45
4359	37.317
4360	36.683
4361	36.4
4362	35.717
4363	36.7
4364	36.367
4365	37.283
4366	36.9
4367	36.683
4368	36.983
4369	36.5
4370	37
4371	37.417
4372	35.883
4373	36.783
4374	37.25
4375	36.15
4376	37.083
4377	35.917
4378	36.883
4379	36.45
4380	36.383
4381	37.033
4382	36.167
4383	36.083
4384	35.817
4385	37.217
4386	35.75
4387	35.85
4388	36.067
4389	35.083
4390	36.75
4391	37.533
4392	37.283
4393	37.3
4394	37.383
4395	37.05
4396	36.833
4397	37.833
4398	37.7
4399	37.633
4400	36.917
4401	36.1
4402	35.883
4403	36.467
4404	35.8
4405	36.05
4406	35.95
4407	35.383
4408	36.933
4409	34.7
4410	34.9
4411	36.55
4412	35.233
4413	35.8
4414	36.667
4415	34.717
4416	36.6
4417	36.45
4418	35.55
4419	35.483
4420	36.7
4421	35.967
4422	36.217
4423	36.517
4424	36.5
4425	35.233
4426	36.433
4427	36.817
4428	36.4
4429	36.733
4430	36.55
4431	35.283
4432	36.767
4433	35.083
4434	36.25
4435	36.333
4436	36.283
4437	35.783
4438	36.317
4439	36.467
4440	36.083
4441	35.917
4442	36.483
4443	35.667
4444	36.817
4445	36.75
4446	36.067
4447	36.25
4448	37.133
4449	37.283
4450	36.583
4451	36.4
4452	36.067
4453	36.233
4454	35.8
4455	36.917
4456	36.833
4457	36.517
4458	36
4459	36.317
4460	35.833
4461	36.383
4462	37.167
4463	37.35
4464	38
4465	37.183
4466	38.5
4467	38.75
4468	37.917
4469	38.117
4470	39.333
4471	36.933
4472	38.617
4473	38.4
4474	36.833
4475	37.367
4476	37.283
4477	36.383
4478	38.583
4479	37.583
4480	38.117
4481	37.383
4482	37.467
4483	37.167
4484	36.583
4485	37.45
4486	37.6
4487	36.883
4488	36.283
4489	35.95
4490	37.217
4491	35.9
4492	37.25
4493	36.15
4494	36.967
4495	37
4496	36.267
4497	36.65
4498	35.883
4499	36.6
4500	36.367
4501	37.05
4502	36.683
4503	35.483
4504	36.883
4505	37.017
4506	37.167
4507	36.583
4508	35.833
4509	37.483
4510	36.917
4511	36.5
4512	37.85
4513	37.317
4514	35.783
4515	35.3
4516	37.717
4517	36.25
4518	36.983
4519	35.933
4520	37.05
4521	36.6
4522	36.45
4523	37.083
4524	36.317
4525	36.617
4526	36.783
4527	36.567
4528	36.283
4529	36.15
4530	36.367
4531	35.767
4532	35.517
4533	36.05
4534	36.9
4535	36.283
4536	36.45
4537	36.433
4538	36.583
4539	35.967
4540	36.4
4541	36.317
4542	37
4543	35.667
4544	36.067
4545	36.25
4546	35.917
4547	36.983
4548	37.033
4549	36.567
4550	37.3
4551	37.567
4552	36.7
4553	36.667
4554	36.15
4555	37.6
4556	36.717
4557	37.317
4558	37.15
4559	35.967
4560	36.733
4561	36.85
4562	35.75
4563	36.267
4564	36.383
4565	35.183
4566	36.35
4567	36.017
4568	37.05
4569	36.617
4570	37.2
4571	36.333
4572	36.95
4573	36.083
4574	35.6
4575	36.017
4576	36.017
4577	35.817
4578	36.15
4579	35.917
4580	35.667
4581	36.583
4582	36.5
4583	36.217
4584	35.35
4585	37.25
4586	35.117
4587	36.333
4588	36.867
4589	36.117
4590	36.633
4591	35.783
4592	35.667
4593	37.5
4594	35.6
4595	36.433
4596	36.817
4597	37
4598	35.867
4599	36.433
4600	36
4601	37.2
4602	36.95
4603	36.933
4604	37.467
4605	36.95
4606	36.5
4607	36.283
4608	36.167
4609	36.95
4610	35.383
4611	35.3
4612	34.917
4613	35.833
4614	36.65
4615	36.2
4616	36.267
4617	36.333
4618	36.617
4619	35.867
4620	36.4
4621	35.95
4622	37.15
4623	35.967
4624	36.533
4625	35.833
4626	35.25
4627	35.15
4628	36.017
4629	35.45
4630	36.05
4631	35.633
4632	36.483
4633	35.483
4634	35.983
4635	35.833
4636	36.817
4637	36.283
4638	36.583
4639	35.75
4640	35.767
4641	36.3
4642	36.317
4643	36.4
4644	35.9
4645	37.317
4646	36.8
4647	36.483
4648	35.633
4649	36.8
4650	36.45
4651	37.417
4652	36.417
4653	36.583
4654	36.933
4655	36.6
4656	35.683
4657	35.767
4658	36.317
4659	36.25
4660	36.567
4661	36.167
4662	36.233
4663	34.317
4664	35.867
4665	36.383
4666	36.817
4667	35.433
4668	36.383
4669	35.467
4670	36.5
4671	37.083
4672	36.067
4673	35.95
4674	36.75
4675	36.2
4676	36.85
4677	34.583
4678	36.6
4679	36.567
4680	36.667
4681	35.867
4682	35.783
4683	35.45
4684	37.017
4685	36.133
4686	36.75
4687	35.917
4688	35.783
4689	37.217
4690	35.3
4691	36.95
4692	36.467
4693	36.25
4694	36.8
4695	35.6
4696	36.7
4697	35.467
4698	36.133
4699	34.867
4700	36.733
4701	36.883
4702	37.033
4703	36.317
4704	36.567
4705	35.7
4706	36.083
4707	36.617
4708	36.15
4709	37.317
4710	36.6
4711	36.3
4712	37.067
4713	36.35
4714	36.667
4715	36.4
4716	36.517
4717	35.633
4718	35.567
4719	36.767
4720	36.417
4721	35.85
4722	35.667
4723	36.267
4724	35.8
4725	35
4726	35.367
4727	35.15
4728	34.917
4729	36.717
4730	35.883
4731	37.117
4732	38.083
4733	37.017
4734	38.433
4735	38.117
4736	35.883
4737	37.217
4738	38.967
4739	37.5
4740	37.283
4741	37.35
4742	38.033
4743	37.933
4744	37.75
4745	37.517
4746	37.25
4747	37.433
4748	37.2
4749	38.267
4750	36.85
4751	37.383
4752	38.267
4753	36.633
4754	36.967
4755	37.6
4756	36.7
4757	36.183
4758	36.333
4759	36.483
4760	38.033
4761	37.083
4762	36.533
4763	37.333
4764	37.75
4765	36.817
4766	36.167
4767	35.25
4768	36.517
4769	36.717
4770	36.133
4771	36.833
4772	36.567
4773	37.567
4774	36.65
4775	35.933
4776	36.45
4777	37.367
4778	36.5
4779	36.267
4780	35.9
4781	35.583
4782	37.05
4783	35.967
4784	36.183
4785	36.4
4786	35.633
4787	36.467
4788	35.55
4789	35.917
4790	35.533
4791	35.75
4792	36.9
4793	36.4
4794	36.017
4795	35.85
4796	37.333
4797	37.233
4798	36.467
4799	36.167
4800	36.183
4801	35.9
4802	36.017
4803	35.333
4804	35.933
4805	36.783
4806	36.683
4807	36.1
4808	36.817
4809	36.75
4810	35.6
4811	36.517
4812	37.017
4813	36.5
4814	37.933
4815	37.833
4816	38.033
4817	38.183
4818	38.3
4819	36.267
4820	37.95
4821	38.9
4822	37.667
4823	38.117
4824	38.133
4825	37.333
4826	38.2
4827	36.583
4828	36.9
4829	36.717
4830	37.317
4831	36.5
4832	37.533
4833	36.217
4834	36.45
4835	36.167
4836	37.25
4837	36.95
4838	37.2
4839	35.133
4840	36.217
4841	38.067
4842	36.933
4843	36.7
4844	37.167
4845	35.817
4846	36.567
4847	35.9
4848	37.217
4849	37.283
4850	36.317
4851	36.683
4852	36.417
4853	37.05
4854	35.75
4855	36.183
4856	35.917
4857	36.967
4858	35.783
4859	36.217
4860	36.733
4861	36.717
4862	36.433
4863	36.433
4864	35.4
4865	36.017
4866	37.1
4867	36.617
4868	36.35
4869	36.167
4870	35.733
4871	36.383
4872	36.167
4873	36.3
4874	36.267
4875	36.867
4876	36.933
4877	35.967
4878	36.233
4879	36.45
4880	35.867
4881	36.333
4882	35.217
4883	35.767
4884	37.317
4885	36.067
4886	36.217
4887	36.4
4888	37.233
4889	35.85
4890	37.067
4891	36.083
4892	35.567
4893	36.033
4894	35.983
4895	35.533
4896	36.467
4897	36.183
4898	36.433
4899	37.267
4900	36.05
4901	37.5
4902	36.317
4903	36.767
4904	36.8
4905	35.983
4906	35.733
4907	36.333
4908	36.5
4909	35.633
4910	37.25
4911	35.067
4912	36.467
4913	36
4914	37.55
4915	36.567
4916	36.617
4917	35.067
4918	37.067
4919	37.45
4920	34.817
4921	34.767
4922	36.117
4923	36.283
4924	36.167
4925	36.167
4926	36.167
4927	35.733
4928	35.95
4929	35.833
4930	37.067
4931	36.633
4932	36.183
4933	35.833
4934	36.65
4935	37.283
4936	36.367
4937	36.95
4938	34.8
4939	35.85
4940	36.283
4941	35.883
4942	36.717
4943	35.85
4944	36.733
4945	36.483
4946	36.367
4947	36.517
4948	35.783
4949	36.617
4950	36.7
4951	35.8
4952	36.217
4953	36.3
4954	36.367
4955	36.35
4956	37.333
4957	37.5
4958	36.767
4959	36.383
4960	36.85
4961	35.567
4962	35.8
4963	36.217
4964	36.183
4965	36.45
4966	35.617
4967	36.567
4968	35.517
4969	36.633
4970	35.233
4971	36.35
4972	36.8
4973	36.067
4974	35.983
4975	36.65
4976	36.75
4977	35.95
4978	35.55
4979	37.517
4980	37.217
4981	36.467
4982	35.8
4983	37.3
4984	36.017
4985	34.85
4986	37.167
4987	36
4988	36.383
4989	37.45
4990	36.733
4991	36.15
4992	36.767
4993	35.183
4994	36.55
4995	35.783
4996	36.3
4997	35.883
4998	37.367
4999	35.317
5000	36.033
5001	37
5002	36.133
5003	35.35
5004	35.85
5005	35.183
5006	36.75
5007	35.483
5008	36.933
5009	34.817
5010	36.783
5011	36.133
5012	36.417
5013	35.567
5014	36.233
5015	36.567
5016	36.083
5017	36.317
5018	36.05
5019	35.5
5020	36.433
5021	35.467
5022	35.067
5023	35.8
5024	36.567
5025	36.133
5026	37.167
5027	37.833
5028	37.383
5029	37.017
5030	36.233
5031	38.483
5032	38.2
5033	38.167
5034	37.3
5035	37.983
5036	37.65
5037	36.583
5038	37.583
5039	37.533
5040	36.95
5041	36.783
5042	36.817
5043	36.933
5044	38.5
5045	36.45
5046	37.55
5047	37
5048	37.933
5049	35.533
5050	36.533
5051	36.9
5052	36.633
5053	37.45
5054	36.15
5055	37.167
5056	37.217
5057	36.617
5058	36.817
5059	36.633
5060	35.767
5061	35.633
5062	35.567
5063	35.2
5064	36.117
5065	35.933
5066	36.5
5067	35.867
5068	37.033
5069	36.517
5070	36.05
5071	35.483
5072	36.483
5073	36.533
5074	35.317
5075	36.683
5076	36.483
5077	35.2
5078	36.533
5079	35.267
5080	35.85
5081	36.1
5082	36.967
5083	35.45
5084	36.083
5085	36.033
5086	36.283
5087	36.3
5088	36.117
5089	35.95
5090	36.1
5091	36.417
5092	36.533
5093	35.233
5094	35.35
5095	36.883
5096	36.317
5097	36.417
5098	35.917
5099	37.267
5100	36.333
5101	35.083
5102	36.317
5103	35.767
5104	35.9
5105	36.767
5106	35.383
5107	36.983
5108	34.65
5109	36.25
5110	36.833
5111	36.517
5112	35.5
5113	35.683
5114	38.083
5115	35.367
5116	35.133
5117	35.533
5118	35.783
5119	36.4
5120	36.767
5121	35.35
5122	36.217
5123	36.133
5124	36.85
5125	36.717
5126	35.667
5127	35.717
5128	35.467
5129	36.317
5130	34.983
5131	35.983
5132	37.817
5133	36.333
5134	35.967
5135	36.167
5136	37.317
5137	35.867
5138	36.933
5139	36.383
5140	36.967
5141	36.183
5142	35.9
5143	35.6
5144	36.15
5145	34.9
5146	36.567
5147	35.8
5148	35.883
5149	35.667
5150	36.233
5151	36.367
5152	36.683
5153	34.8
5154	36.25
5155	36.333
5156	36.067
5157	36.55
5158	35.667
5159	35.467
5160	35.9
5161	36.65
5162	36.467
5163	36.933
5164	37.4
5165	36.867
5166	37.85
5167	38.167
5168	38.35
5169	37.017
5170	37.1
5171	37.433
5172	37.2
5173	37.817
5174	37.483
5175	37.683
5176	35.7
5177	37.2
5178	38.15
5179	37.817
5180	36.667
5181	35.467
5182	36.567
5183	36.667
5184	36.35
5185	35.617
5186	36.15
5187	36.633
5188	36.567
5189	36.25
5190	36.6
5191	36.6
5192	36
5193	36
5194	36.383
5195	36.483
5196	35.783
5197	35.433
5198	35.583
5199	35.767
5200	35.917
5201	36.767
5202	35.967
5203	36.75
5204	36.733
5205	36.517
5206	36.167
5207	35.467
5208	36.467
5209	35.567
5210	35.85
5211	35.183
5212	36.483
5213	35.7
5214	36.783
5215	36.55
5216	34.75
5217	34.717
5218	36.4
5219	36.467
5220	35.183
5221	35.333
5222	34.85
5223	35.283
5224	36.167
5225	35.583
5226	36.117
5227	36.167
5228	34.967
5229	35.467
5230	35.983
5231	35.217
5232	34.467
5233	35.467
5234	35.05
5235	35.867
5236	36.683
5237	35.583
5238	35.15
5239	35.267
5240	36.367
5241	35.883
5242	35.667
5243	36
5244	35.567
5245	36.417
