1	27.791
2	28.313
3	27.417
4	28.365
5	27.783
6	28.165
7	26.539
8	28.13
9	27.417
10	27.365
11	27.513
12	27.261
13	27.896
14	28.278
15	27.617
16	26.774
17	27.539
18	27.365
19	27.374
20	27.835
21	27.826
22	26.852
23	27.139
24	26.843
25	27.435
26	27.304
27	26.687
28	27.87
29	26.73
30	27.174
31	27.374
32	27.304
33	27.296
34	27.513
35	27.226
36	27.443
37	27
38	27.139
39	27.635
40	27.704
41	27.174
42	27.409
43	27.348
44	27.461
45	27.157
46	27.539
47	27.583
48	26.191
49	26.704
50	26.852
51	27.2
52	27.243
53	27.035
54	27.583
55	26.765
56	26.661
57	26.652
58	26.73
59	26.017
60	26.948
61	25.565
62	26.07
63	25.878
64	26.243
65	26.452
66	26.078
67	26.052
68	26.452
69	25.687
70	26.617
71	27.035
72	27.13
73	26.852
74	26.67
75	26.87
76	26.791
77	26.574
78	25.957
79	25.226
80	26.183
81	26.061
82	25.557
83	26.383
84	26.687
85	27.078
86	26.052
87	26.235
88	26.417
89	26.6
90	25.27
91	26.2
92	26.07
93	25.843
94	25.661
95	26.165
96	26.409
97	26.739
98	26.47
99	26.678
100	26.643
101	25.957
102	25.609
103	25.974
104	25.713
105	25.583
106	25.913
107	25.678
108	26.087
109	25.017
110	27.026
111	26.391
112	25.922
113	26.8
114	26.209
115	24.974
116	25.843
117	25.504
118	25.809
119	26.652
120	27.191
121	25.835
122	26.183
123	26.339
124	26.504
125	25.93
126	25.93
127	26.043
128	27.096
129	27.122
130	25.852
131	25.409
132	25.826
133	25.635
134	26.078
135	26.096
136	26.461
137	26.2
138	26.478
139	26.4
140	26.243
141	25.687
142	25.078
143	25.452
144	26.496
145	26.617
146	26.478
147	26.113
148	26.217
149	26.243
150	26.322
151	25.974
152	26.678
153	26.73
154	26.322
155	25.93
156	26.07
157	26.678
158	26.809
159	25.765
160	26.704
161	25.87
162	25.452
163	25.748
164	25.896
165	26.2
166	26.157
167	25.426
168	26.139
169	26.035
170	25.661
171	25.522
172	25.087
173	25.983
174	25.791
175	26.009
176	25.435
177	25.774
178	25.73
179	25.713
180	26.643
181	25.878
182	25.904
183	25.583
184	26.278
185	25.843
186	26.165
187	25.487
188	26.4
189	25.957
190	25.713
191	26.278
192	25.478
193	25.452
194	25.73
195	26.209
196	26.357
197	26.139
198	26.278
199	25.939
200	25.739
201	26.139
202	26.635
203	26.53
204	26.104
205	25.391
206	26.235
207	25.948
208	26.052
209	26.148
210	26.548
211	25.504
212	26.278
213	26.513
214	26.574
215	26.061
216	26.574
217	25.939
218	27.087
219	26.504
220	26.226
221	25.661
222	25.991
223	25.522
224	26.922
225	26.183
226	26.043
227	26.217
228	26.313
229	25.643
230	25.922
231	25.687
232	26.017
233	25.783
234	26.017
235	26.13
236	25.348
237	25.791
238	25.252
239	26.296
240	25.67
241	26.8
242	27.2
243	26.8
244	26.548
245	26.53
246	26.435
247	26.791
248	26.443
249	26.435
250	26.07
251	26.487
252	26.878
253	26.157
254	25.948
255	26.557
256	25.548
257	25.774
258	26.243
259	25.53
260	26.278
261	26.365
262	26.035
263	25.948
264	25.296
265	26.122
266	26.322
267	26.07
268	25.374
269	25.67
270	26.078
271	25.261
272	25.191
273	25.478
274	25.887
275	25.278
276	25.33
277	25.913
278	26.061
279	26.2
280	25.974
281	26.461
282	26.148
283	26.235
284	26.183
285	26.374
286	26.452
287	25.809
288	25.4
289	25.904
290	25.835
291	25.748
292	25.383
293	25.93
294	26.165
295	26.183
296	26.696
297	26.365
298	26.322
299	26.426
300	25.852
301	26.313
302	25.904
303	26.087
304	26.017
305	26.209
306	26.148
307	26.287
308	26.513
309	25.374
310	26.322
311	26.07
312	26.357
313	26.252
314	26.835
315	26.365
316	25.583
317	26.365
318	25.548
319	25.4
320	26
321	25.948
322	26.435
323	25.983
324	26.774
325	26.07
326	25.009
327	26
328	26.374
329	26.148
330	25.826
331	25.783
332	26.374
333	26.826
334	25.757
335	26.261
336	26.435
337	25.296
338	25.722
339	25.748
340	25.861
341	26.13
342	26.061
343	26.47
344	26.017
345	26.357
346	26.217
347	25.713
348	26.243
349	25.957
350	25.991
351	26.461
352	25.8
353	25.965
354	25.53
355	26.635
356	25.791
357	26.07
358	26.478
359	26.104
360	26.391
361	25.478
362	26.026
363	26.522
364	25.461
365	25.426
366	26.235
367	26.27
368	26.017
369	25.922
370	26.426
371	25.791
372	26.226
373	26.278
374	26.33
375	26.096
376	26.217
377	25.217
378	26.139
379	26.922
380	26.122
381	26.513
382	25.861
383	26.565
384	27.026
385	26.174
386	26.33
387	27.235
388	25.913
389	26.252
390	25.896
391	25.783
392	26.278
393	26.817
394	26.139
395	25.748
396	26.348
397	25.791
398	26.73
399	26.252
400	26.783
401	25.904
402	26.261
403	26.391
404	25.93
405	26.426
406	26.157
407	26.183
408	26.391
409	26.678
410	26.661
411	25.887
412	27.643
413	29.226
414	29.922
415	29.843
416	32.261
417	31.852
418	33.191
419	33.643
420	34.191
421	33.339
422	34.704
423	34.339
424	35.261
425	34.261
426	35.635
427	34.513
428	35.643
429	35.374
430	34.617
431	35.096
432	34.974
433	35.513
434	36.13
435	35.383
436	34.278
437	35.287
438	34.461
439	33.904
440	34.348
441	24.826
442	33.591
443	33.043
444	33.504
445	33.043
446	33.252
447	32.278
448	33.122
449	32.174
450	32.626
451	31.757
452	30.661
453	31.687
454	31.861
455	31.774
456	32.07
457	31.296
458	30.983
459	30.974
460	31.609
461	30.904
462	30.374
463	31.6
464	30.139
465	30.087
466	30.452
467	31.443
468	30.087
469	29.826
470	29.757
471	30.2
472	30.209
473	30.035
474	30.357
475	29.661
476	30.522
477	30.235
478	29.991
479	30.496
480	30.261
481	28.896
482	29.904
483	28.33
484	29.496
485	29.896
486	29
487	29.617
488	30.357
489	28.661
490	29.583
491	29.104
492	29.504
493	28.557
494	29.643
495	28.53
496	28.974
497	27.635
498	28.557
499	28.27
500	28.626
501	28.374
502	28.017
503	28.104
504	28.4
505	28.304
506	28.626
507	29.043
508	28.617
509	29.435
510	28.061
511	27.809
512	28.843
513	28.461
514	28.374
515	27.826
516	27.739
517	27.322
518	27.991
519	27.852
520	26.722
521	27.183
522	28.078
523	27.417
524	27.661
525	27.017
526	27.626
527	27.139
528	26.783
529	26.983
530	27.096
531	27.209
532	27.522
533	27
534	26.374
535	27.47
536	27.722
537	26.53
538	26.722
539	27.235
540	27.348
541	26.704
542	27.383
543	26.096
544	26.843
545	26.357
546	26.313
547	26.243
548	26.052
549	27.035
550	26.191
551	25.73
552	27.183
553	25.391
554	27.435
555	25.757
556	25.722
557	26.809
558	26.148
559	26.652
560	26.209
561	25.991
562	25.983
563	26.583
564	27.2
565	26.939
566	26.365
567	27.322
568	27.026
569	26.391
570	25.974
571	26.783
572	25.774
573	26.235
574	26.852
575	26.748
576	27.157
577	26.261
578	25.983
579	26.113
580	25.391
581	25.47
582	26.783
583	26.33
584	26.296
585	26.287
586	26.687
587	25.739
588	26.713
589	25.461
590	26.957
591	26.504
592	26.565
593	25.948
594	25.722
595	25.983
596	26.4
597	26.687
598	26.443
599	26.696
600	26.652
601	26.087
602	25.643
603	24.983
604	26.87
605	26.687
606	25.861
607	26.513
608	26.165
609	27.217
610	27.174
611	26.278
612	26.957
613	26.643
614	26.243
615	26.322
616	26.678
617	26.826
618	26.235
619	26.461
620	25.47
621	25.443
622	26.557
623	26.374
624	26.278
625	25.878
626	25.487
627	26.339
628	25.087
629	26.2
630	26.07
631	25.783
632	26.652
633	26.191
634	26.548
635	25.835
636	26
637	25.843
638	26.2
639	25.852
640	25.635
641	26.157
642	26.983
643	26.835
644	26.609
645	25.8
646	26.4
647	25.791
648	26.922
649	25.383
650	26.809
651	25.565
652	25.165
653	26.235
654	25.748
655	26
656	25.548
657	25.817
658	26.07
659	26.4
660	25.852
661	26.817
662	26.087
663	26.035
664	26.626
665	26.035
666	25.974
667	26.522
668	25.887
669	25.948
670	25.183
671	25.8
672	25.678
673	25.217
674	25.957
675	25.922
676	26.243
677	26.078
678	25.852
679	24.783
680	25.896
681	25.574
682	25.722
683	26.252
684	25.443
685	25.765
686	25.278
687	25.748
688	26.809
689	26.139
690	26.27
691	26.096
692	26.426
693	25.191
694	26.27
695	26.113
696	26.009
697	27.174
698	25.104
699	26.183
700	25.843
701	25.748
702	26.017
703	26.322
704	26.174
705	25.852
706	26.409
707	26.13
708	26.574
709	25.252
710	26.583
711	26.113
712	26.896
713	26.73
714	26.148
715	25.678
716	25.539
717	24.93
718	25.93
719	25.87
720	25.939
721	25.904
722	26.765
723	26.426
724	26.348
725	25.974
726	25.87
727	25.8
728	27.53
729	26.548
730	25.843
731	26.209
732	25.878
733	25.843
734	25.913
735	26.513
736	26.13
737	25.174
738	26.13
739	26.409
740	26.017
741	25.73
742	26.183
743	25.783
744	26.026
745	25.191
746	25.383
747	25.426
748	26.261
749	25.896
750	25.165
751	25.243
752	25.574
753	25.687
754	26.452
755	25.009
756	25.878
757	25.896
758	25.617
759	25.583
760	26.209
761	25.409
762	25.861
763	24.991
764	26.496
765	26.07
766	26.139
767	25.052
768	26.704
769	25.478
770	25.739
771	25.478
772	25.417
773	25.791
774	25.774
775	25.896
776	26.591
777	25.461
778	26.009
779	26.096
780	26.504
781	26.278
782	25.6
783	25.93
784	26.417
785	26.713
786	26.452
787	25.783
788	25.096
789	26.348
790	27.27
791	27.652
792	29.435
793	30.461
794	31.452
795	33.27
796	32.948
797	33.6
798	33.974
799	34.122
800	34.678
801	34.757
802	34.13
803	35.591
804	34.913
805	34.478
806	25.809
807	25.139
808	32.33
809	33.478
810	32.652
811	34.009
812	34.113
813	33.07
814	32.504
815	32.591
816	31.443
817	32.33
818	32.07
819	31.835
820	31.652
821	32.609
822	31.504
823	30.739
824	31.6
825	31.104
826	31.374
827	30.609
828	31.122
829	30.643
830	25.504
831	26.496
832	30.757
833	30.757
834	30.365
835	29.652
836	29.983
837	29.748
838	30.174
839	29.957
840	29.243
841	29.8
842	28.461
843	29.696
844	30.026
845	29.73
846	29.104
847	29.191
848	29.139
849	29.304
850	29.374
851	25.617
852	28.748
853	28.878
854	28.235
855	28.487
856	28.096
857	28.365
858	28.122
859	28.557
860	28.93
861	28.53
862	28.052
863	28.148
864	27.93
865	27.939
866	28.861
867	26.809
868	27.948
869	26.513
870	27.722
871	27.643
872	27.27
873	28.13
874	28.017
875	25.791
876	25.443
877	27.783
878	26.817
879	27.748
880	27.965
881	27.174
882	27.391
883	27.548
884	27.522
885	27.626
886	27.904
887	27.035
888	28.148
889	28.026
890	27.278
891	28.261
892	26.974
893	27.261
894	27.783
895	27.583
896	27.878
897	26.53
898	27.478
899	27.252
900	27.617
901	26.165
902	26.939
903	26.965
904	27.635
905	25.539
906	27.4
907	27.652
908	26.991
909	26.557
910	27.452
911	27.374
912	27.383
913	27.165
914	27.409
915	27.165
916	27.383
917	26.339
918	26.843
919	26.243
920	26.53
921	25.609
922	27.104
923	26.948
924	26.322
925	26.035
926	26.217
927	26.009
928	26.922
929	25.765
930	26.209
931	26.913
932	26.235
933	25.748
934	26.243
935	25.504
936	26.33
937	25.965
938	26.243
939	26.113
940	27.148
941	26.861
942	26.461
943	25.939
944	25.817
945	26.487
946	25.565
947	25.817
948	25.983
949	25.435
950	25.783
951	26.061
952	27.252
953	26.843
954	26.165
955	25.817
956	26.2
957	26.957
958	25.73
959	26.165
960	26.591
961	25.591
962	26.183
963	25.957
964	26.565
965	26.2
966	25.939
967	26.443
968	26.67
969	25.8
970	26.365
971	26.791
972	25.878
973	26.104
974	25.661
975	26.243
976	26.47
977	26.826
978	26.139
979	26.539
980	26.47
981	26.513
982	26.748
983	25.713
984	26.13
985	26.339
986	25.93
987	26.53
988	26.104
989	26.922
990	27.122
991	25.626
992	26.4
993	25.93
994	26.174
995	25.626
996	25.704
997	26.53
998	26.4
999	25.817
1000	26.748
1001	26.026
1002	25.948
1003	26.591
1004	25.643
1005	25.73
1006	26.583
1007	25.957
1008	26.096
1009	25.73
1010	26.661
1011	26.304
1012	26.13
1013	26.278
1014	26.035
1015	26.348
1016	26.278
1017	25.678
1018	25.365
1019	25.452
1020	26.47
1021	25.609
1022	25.426
1023	25.417
1024	26.557
1025	25.252
1026	25.765
1027	25.052
1028	25.757
1029	25.957
1030	25.609
1031	25.061
1032	25.678
1033	26.748
1034	25.67
1035	25.922
1036	26.148
1037	25.557
1038	25.617
1039	25.383
1040	26.826
1041	26.304
1042	25.522
1043	26.061
1044	25.6
1045	25.991
1046	26.426
1047	26.391
1048	26.33
1049	26.226
1050	26.035
1051	24.965
1052	25.896
1053	26.174
1054	25.626
1055	25.426
1056	25.809
1057	25.052
1058	25.791
1059	25.617
1060	25.478
1061	26.13
1062	25.496
1063	25.861
1064	25.539
1065	25.765
1066	25.643
1067	25.357
1068	25.557
1069	26.261
1070	26.878
1071	25.278
1072	26.243
1073	25.035
1074	26.539
1075	26.635
1076	25.496
1077	26.07
1078	26.2
1079	26.139
1080	27.157
1081	26.296
1082	26.435
1083	25.878
1084	25.983
1085	26.67
1086	26.2
1087	25.87
1088	25.817
1089	25.852
1090	26.087
1091	25.957
1092	26.47
1093	25.696
1094	26.765
1095	25.939
1096	26.722
1097	26.748
1098	26.861
1099	25.913
1100	26.096
1101	26
1102	25.6
1103	25.261
1104	25.626
1105	25.783
1106	25.687
1107	26.2
1108	25.513
1109	25.722
1110	26.322
1111	25.861
1112	26.4
1113	26.104
1114	26.009
1115	25.983
1116	25.443
1117	25.887
1118	26.113
1119	25.609
1120	25.6
1121	25.348
1122	26.27
1123	25.722
1124	26.426
1125	25.487
1126	26.313
1127	25.8
1128	25.487
1129	25.609
1130	26.026
1131	26.252
1132	25.783
1133	25.487
1134	26.087
1135	26.113
1136	25.783
1137	25.261
1138	26.148
1139	26.165
1140	26.13
1141	26.53
1142	26.435
1143	25.522
1144	26.113
1145	26.174
1146	26
1147	27
1148	26.452
1149	26.043
1150	25.661
1151	25.548
1152	26.783
1153	26.009
1154	25.557
1155	24.713
1156	26.174
1157	26.191
1158	25.965
1159	25.922
1160	25.835
1161	25.87
1162	26.191
1163	26.104
1164	26.035
1165	25.983
1166	25.878
1167	26.322
1168	25.278
1169	26.078
1170	26.104
1171	26.27
1172	26.678
1173	25.426
1174	26.026
1175	26.078
1176	25.983
1177	25.852
1178	26.426
1179	26.009
1180	26.052
1181	25.722
1182	26.957
1183	28.243
1184	28.826
1185	28.896
1186	30.235
1187	30.478
1188	32.104
1189	32.391
1190	32.722
1191	33.417
1192	33.713
1193	33.678
1194	34.365
1195	34.504
1196	34.539
1197	34.157
1198	34.096
1199	34.235
1200	34.452
1201	33.652
1202	25.383
1203	34.139
1204	33.435
1205	34.27
1206	34.704
1207	34.052
1208	34.426
1209	33.383
1210	33.835
1211	33.513
1212	32.748
1213	33.383
1214	33.235
1215	32.617
1216	32.565
1217	32.357
1218	32.383
1219	31.374
1220	31.522
1221	31.713
1222	32.078
1223	31.583
1224	31.922
1225	31.261
1226	25.452
1227	31.261
1228	31.104
1229	30.53
1230	31.252
1231	30.652
1232	25.6
1233	30.73
1234	30.33
1235	30.443
1236	30.643
1237	30.243
1238	30.435
1239	29.374
1240	30.078
1241	30.861
1242	29.817
1243	29.478
1244	29.791
1245	29.235
1246	30.73
1247	29.061
1248	29.791
1249	29.4
1250	29.122
1251	29.252
1252	29.435
1253	29.67
1254	29.252
1255	28.93
1256	29.383
1257	29.409
1258	28.47
1259	28.496
1260	28.487
1261	28.757
1262	28.617
1263	28.991
1264	29.13
1265	29.07
1266	28.426
1267	28.391
1268	28.461
1269	28.009
1270	28.835
1271	28
1272	29.104
1273	27.974
1274	28.417
1275	27.113
1276	27.93
1277	28.017
1278	28.896
1279	28.017
1280	27.896
1281	27.661
1282	27.635
1283	27.757
1284	27.922
1285	26.991
1286	27.157
1287	27.696
1288	27.583
1289	28.348
1290	27.226
1291	27.496
1292	27.513
1293	27.643
1294	26.965
1295	27.704
1296	27.339
1297	27.635
1298	27.035
1299	27.026
1300	27.809
1301	27.226
1302	26.478
1303	27.504
1304	26.93
1305	27.009
1306	26.704
1307	26.809
1308	26.948
1309	26.852
1310	25.67
1311	27.017
1312	26.678
1313	26.678
1314	26.835
1315	26.583
1316	26.696
1317	26.748
1318	25.791
1319	26.887
1320	26.922
1321	26.443
1322	26.626
1323	27.226
1324	26.93
1325	26.217
1326	26.504
1327	26.391
1328	26.652
1329	25.209
1330	26.4
1331	26.774
1332	26.061
1333	26.635
1334	27.209
1335	27.183
1336	26.261
1337	27.209
1338	27.122
1339	25.991
1340	26.122
1341	26.139
1342	25.904
1343	26.713
1344	25.87
1345	26.235
1346	26.974
1347	26.704
1348	26.026
1349	26.104
1350	26.835
1351	26.243
1352	26.965
1353	25.757
1354	26.348
1355	25.6
1356	26.243
1357	26.209
1358	25.835
1359	26.574
1360	25.8
1361	25.426
1362	26.287
1363	26.391
1364	26.504
1365	26.261
1366	26.635
1367	25.835
1368	25.939
1369	25.852
1370	25.635
1371	25.548
1372	25.452
1373	26.296
1374	25.678
1375	25.487
1376	26.435
1377	26.052
1378	26.678
1379	25.722
1380	27.139
1381	27.13
1382	29.009
1383	30.035
1384	30.878
1385	31.043
1386	31.835
1387	32.887
1388	32.574
1389	32.322
1390	33.252
1391	33.435
1392	34.357
1393	33.783
1394	33.843
1395	32.713
1396	33.47
1397	33.296
1398	32.913
1399	32.878
1400	33.304
1401	33.217
1402	33.183
1403	33.07
1404	32.643
1405	32.53
1406	33.522
1407	32.365
1408	31.652
1409	31.687
1410	31.661
1411	32.652
1412	32.67
1413	31.6
1414	31.33
1415	31.539
1416	32.148
1417	31.33
1418	25.417
1419	25.904
1420	30.339
1421	30.496
1422	30.922
1423	30.53
1424	30.652
1425	30.957
1426	30.748
1427	30.591
1428	30.565
1429	29.939
1430	30.835
1431	30.348
1432	29.904
1433	29.6
1434	30.722
1435	30.287
1436	30.07
1437	29.583
1438	30.635
1439	29.809
1440	30.113
1441	30.043
1442	30.27
1443	25.374
1444	29.33
1445	29.183
1446	29.626
1447	29.661
1448	29.8
1449	29.626
1450	29.757
1451	29.539
1452	29.443
1453	29.052
1454	28.583
1455	29.252
1456	28.991
1457	29.391
1458	29.304
1459	28.139
1460	29.122
1461	28.278
1462	29.209
1463	29.026
1464	27.965
1465	28.53
1466	28.426
1467	28.904
1468	28.278
1469	27.6
1470	28.643
1471	28.209
1472	27.791
1473	28.026
1474	27.757
1475	27.104
1476	27.87
1477	27.191
1478	28.139
1479	27.417
1480	28.096
1481	27.922
1482	27.591
1483	27.922
1484	27.322
1485	27.6
1486	27.513
1487	27.722
1488	27.539
1489	27.322
1490	27.643
1491	27.704
1492	27.365
1493	27.774
1494	27.27
1495	27.478
1496	26.843
1497	27.435
1498	27.043
1499	27.704
1500	26.661
1501	27.878
1502	26.87
1503	27.104
1504	27.835
1505	26.652
1506	27.426
1507	27.896
1508	27.043
1509	26.809
1510	27.348
1511	26.765
1512	26.313
1513	26.47
1514	26.139
1515	26.27
1516	26.93
1517	26.678
1518	26.617
1519	26.348
1520	26.443
1521	26.817
1522	26.852
1523	26.557
1524	26.591
1525	26.426
1526	26.6
1527	25.843
1528	27.278
1529	25.8
1530	26.957
1531	26.426
1532	27.252
1533	26.643
1534	26.122
1535	26.052
1536	27.139
1537	26.87
1538	26.383
1539	26.522
1540	27.009
1541	26.235
1542	26.522
1543	27.165
1544	26.313
1545	26.835
1546	26.774
1547	25.939
1548	26.148
1549	27.113
1550	25.904
1551	25.913
1552	25.957
1553	26.643
1554	26.513
1555	26.174
1556	26.035
1557	26
1558	26.391
1559	26.07
1560	26.861
1561	26.678
1562	26.696
1563	25.478
1564	25.878
1565	26.478
1566	26.278
1567	26.922
1568	26.704
1569	26.157
1570	26.548
1571	26.226
1572	26.974
1573	26.122
1574	26.8
1575	26.452
1576	25.348
1577	26.296
1578	26.443
1579	25.965
1580	26.478
1581	26.557
1582	26.252
1583	26.739
1584	26.339
1585	26.522
1586	25.957
1587	26
1588	25.365
1589	25.965
1590	26.035
1591	25.835
1592	26.078
1593	26.087
1594	25.496
1595	26.452
1596	25.609
1597	26.035
1598	26.226
1599	26.043
1600	26.304
1601	25.835
1602	26.261
1603	25.496
1604	26.357
1605	25.557
1606	26.713
1607	26.313
1608	26.2
1609	25.983
1610	26.704
1611	25.557
1612	25.435
1613	26.296
1614	26.026
1615	26.652
1616	26.139
1617	25.87
1618	25.843
1619	25.565
1620	26.13
1621	25.852
1622	26.843
1623	25.565
1624	26.313
1625	25.913
1626	26.443
1627	26.87
1628	25.07
1629	25.574
1630	25.852
1631	26.009
1632	25.809
1633	25.539
1634	25.678
1635	25.365
1636	25.261
1637	25.765
1638	25.913
1639	25.548
1640	26.017
1641	25.713
1642	26.017
1643	26.104
1644	24.939
1645	25.374
1646	25.957
1647	26.217
1648	26.261
1649	25.791
1650	25.791
1651	25.139
1652	25.713
1653	26.278
1654	26.026
1655	26.243
1656	25.652
1657	26.73
1658	26.026
1659	25.47
1660	26.148
1661	25.678
1662	25.6
1663	25.896
1664	25.913
1665	25.983
1666	25.896
1667	25.826
1668	26.6
1669	26.278
1670	25.609
1671	26.435
1672	26.565
1673	25.791
1674	26.252
1675	24.652
1676	25.487
1677	26.104
1678	26.287
1679	25.991
1680	25.922
1681	26.313
1682	26.53
1683	27.313
1684	25.8
1685	25.035
1686	25.739
1687	26.243
1688	26.27
1689	25.748
1690	26.348
1691	26.009
1692	25.548
1693	26.4
1694	25.374
1695	26.391
1696	25.67
1697	26.139
1698	25.8
1699	25.774
1700	25.565
1701	25.496
1702	25.609
1703	26.009
1704	25.965
1705	25.53
1706	26.157
1707	25.252
1708	26.026
1709	26.183
1710	25.887
1711	25.504
1712	25.53
1713	25.748
1714	25.409
1715	26.591
1716	25.835
1717	26.539
1718	26.504
1719	25.757
1720	26.678
1721	26.348
1722	25.765
1723	25.843
1724	27.096
1725	25.617
1726	25.322
1727	26
1728	26.157
1729	25.2
1730	26.148
1731	25.835
1732	26.626
1733	25.609
1734	26.2
1735	24.704
1736	25.635
1737	25.2
1738	25.861
1739	24.635
1740	25.4
1741	25.33
1742	25.287
1743	25.504
1744	26.583
1745	26.452
1746	25.878
1747	25.435
1748	25.87
1749	25.887
1750	26.296
1751	26.583
1752	26.217
1753	26.678
1754	25.391
1755	25.243
1756	25.287
1757	26.113
1758	24.904
1759	25.93
1760	25.965
1761	26.296
1762	24.809
1763	25.783
1764	26.017
1765	25.348
1766	25.835
1767	25.27
1768	25.904
1769	24.957
1770	26.304
1771	25.122
1772	25.261
1773	24.87
1774	25.635
1775	25.043
1776	25.539
1777	25.304
1778	24.8
1779	24.861
1780	24.626
1781	25.296
1782	25.296
1783	24.896
1784	25.374
1785	25.722
1786	25.235
1787	24.861
1788	25.93
1789	25.522
1790	25.4
1791	26.47
1792	25.661
1793	26.052
1794	25.67
1795	26.174
1796	24.704
1797	24.574
1798	25.722
1799	24.817
1800	25.626
1801	24.243
1802	25.661
1803	25.496
1804	25.47
1805	25.043
1806	26.443
1807	25.983
1808	25.461
1809	25.93
1810	25.426
1811	25.104
1812	25.878
1813	25.73
1814	25.33
1815	25.478
1816	25.287
1817	25.478
1818	25.252
1819	24.8
1820	25.383
1821	25.6
1822	25.417
1823	25.713
1824	25.609
1825	25.661
1826	25.939
1827	25.287
1828	25.913
1829	25.748
1830	26.07
1831	25.757
1832	26.017
1833	24.983
1834	25.287
1835	25.07
1836	25.539
1837	25.904
1838	25.426
1839	25.061
1840	25.383
1841	26.009
1842	25.939
1843	24.687
1844	25.591
1845	25.096
1846	25.504
1847	24.896
1848	25.113
1849	25.713
1850	25.687
1851	25.287
1852	24.965
1853	24.826
1854	26.148
1855	25.678
1856	25.261
1857	24.8
1858	26.174
1859	25.678
1860	25.635
1861	25.687
1862	26.817
1863	27.696
1864	28.487
1865	30.009
1866	30.183
1867	30.122
1868	31.217
1869	31.113
1870	31.861
1871	32.261
1872	33.2
1873	25.209
1874	33.157
1875	32.965
1876	32.774
1877	32.739
1878	32.443
1879	32.896
1880	32.348
1881	33.252
1882	31.53
1883	32.07
1884	32.235
1885	32.652
1886	32.478
1887	31.243
1888	32.261
1889	31.417
1890	31.557
1891	32.096
1892	31.678
1893	30.991
1894	30.348
1895	29.939
1896	31.174
1897	30.643
1898	31.104
1899	29.165
1900	31.27
1901	29.504
1902	29.626
1903	25.678
1904	29.696
1905	29.687
1906	30.47
1907	29.757
1908	30.009
1909	29.322
1910	29.348
1911	29.426
1912	29.539
1913	29.452
1914	29.2
1915	29.235
1916	28.991
1917	28.913
1918	29.243
1919	28.096
1920	28.748
1921	28.652
1922	28.835
1923	29.2
1924	29.374
1925	28.539
1926	28.626
1927	28.487
1928	28.704
1929	28.383
1930	28.696
1931	28.426
1932	28.53
1933	27.783
1934	28.287
1935	28.226
1936	28.47
1937	28.235
1938	28.33
1939	27.165
1940	28.313
1941	28.478
1942	27.287
1943	27.991
1944	27.974
1945	27.904
1946	27.574
1947	27.53
1948	27.052
1949	26.261
1950	27.539
1951	27.2
1952	27.296
1953	26.983
1954	27.043
1955	27.209
1956	27.009
1957	27.817
1958	26.643
1959	26.626
1960	26.626
1961	26.417
1962	27.235
1963	27.191
1964	25.435
1965	26.948
1966	27.478
1967	27.565
1968	27.27
1969	26.678
1970	26.896
1971	26.609
1972	27.2
1973	26.878
1974	26.252
1975	26.009
1976	26.783
1977	26.765
1978	27.157
1979	26.313
1980	27.165
1981	26.513
1982	27.13
1983	26.096
1984	27.696
1985	26.252
1986	26.87
1987	26.748
1988	27.243
1989	26
1990	27.122
1991	26.591
1992	27.07
1993	26.974
1994	26.217
1995	26.217
1996	27.383
1997	26.139
1998	26.757
1999	26.122
2000	25.591
2001	26.122
2002	26.33
2003	25.452
2004	25.391
2005	26.052
2006	25.565
2007	26.174
2008	27.104
2009	25.722
2010	25.826
2011	25.591
2012	25.948
2013	26.504
2014	26.696
2015	26.548
2016	26.278
2017	26.696
2018	25.861
2019	25.974
2020	26.757
2021	26.591
2022	25.139
2023	25.017
2024	26.809
2025	26.009
2026	26.061
2027	26.104
2028	25.391
2029	25.974
2030	26.513
2031	26.183
2032	26.357
2033	25.6
2034	25.609
2035	25.461
2036	26.652
2037	25.661
2038	25.965
2039	25.722
2040	25.887
2041	25.391
2042	25.896
2043	26.017
2044	25.991
2045	26.209
2046	25.896
2047	26.035
2048	26.052
2049	26.165
2050	26.017
2051	25.896
2052	25.817
2053	24.6
2054	25.183
2055	25.565
2056	25.661
2057	26.139
2058	25.565
2059	25.878
2060	25.713
2061	26.035
2062	25.157
2063	25.783
2064	26.157
2065	25.557
2066	25.791
2067	25.574
2068	25.922
2069	25.496
2070	26.191
2071	25.243
2072	26.096
2073	25.67
2074	25.852
2075	26.183
2076	26.322
2077	25.287
2078	25.913
2079	25.696
2080	25.948
2081	25.852
2082	25.435
2083	25.652
2084	25.061
2085	25.304
2086	26
2087	25.539
2088	26.035
2089	25.861
2090	25.704
2091	25.626
2092	26.165
2093	25.183
2094	25.591
2095	25.826
2096	25.887
2097	25.496
2098	25.096
2099	25.8
2100	26.296
2101	26.078
2102	25.939
2103	26.278
2104	26.009
2105	25.157
2106	26.078
2107	25.513
2108	25.948
2109	25.957
2110	25.417
2111	25.287
2112	25.278
2113	25.939
2114	26.365
2115	25.435
2116	25.478
2117	25.922
2118	25.939
2119	25.452
2120	26.148
2121	25.687
2122	25.6
2123	25.348
2124	25.139
2125	25.426
2126	24.739
2127	25.122
2128	25.174
2129	25.678
2130	25.4
2131	24.704
2132	25.991
2133	25.191
2134	25.243
2135	25.565
2136	25.8
2137	25.783
2138	26.67
2139	26.191
2140	26.539
2141	28.07
2142	29.035
2143	29.835
2144	31
2145	30.391
2146	30.452
2147	31.313
2148	31.957
2149	32.817
2150	32.661
2151	32.017
2152	32.713
2153	31.713
2154	32.548
2155	33.183
2156	31.426
2157	31.983
2158	31.887
2159	31.817
2160	31.643
2161	31.104
2162	33.026
2163	32.748
2164	32.348
2165	32.035
2166	33.165
2167	31.4
2168	32.078
2169	30.843
2170	31.435
2171	31.539
2172	31.383
2173	31.33
2174	31.148
2175	31.409
2176	30.574
2177	30.452
2178	25.235
2179	30.513
2180	26.235
2181	29.443
2182	25.026
2183	30.461
2184	30.2
2185	29.835
2186	29.261
2187	29.139
2188	30.287
2189	29.217
2190	30.426
2191	29.791
2192	29.626
2193	29.704
2194	28.878
2195	28.887
2196	29.357
2197	29.409
2198	29.191
2199	29.07
2200	28.617
2201	28.365
2202	28.478
2203	28.722
2204	28.096
2205	28.27
2206	28.183
2207	28.939
2208	28.461
2209	27.635
2210	28.426
2211	25.357
2212	28.104
2213	28.052
2214	27.661
2215	27.635
2216	27.4
2217	27.991
2218	26.739
2219	27.87
2220	28.53
2221	28.043
2222	27.565
2223	27.374
2224	27.226
2225	27.478
2226	27.443
2227	27.974
2228	27.643
2229	27.496
2230	27.852
2231	28.313
2232	27.47
2233	27.383
2234	27.687
2235	27.4
2236	27.609
2237	26.983
2238	27.661
2239	26.383
2240	28
2241	27.443
2242	26.957
2243	26.791
2244	27.296
2245	27.035
2246	26.922
2247	27.409
2248	26.435
2249	27.783
2250	26.687
2251	27.417
2252	27.391
2253	26.783
2254	27.27
2255	27.07
2256	27.53
2257	27.313
2258	26.835
2259	27.183
2260	27.574
2261	26.948
2262	26.791
2263	26.452
2264	26.339
2265	26.235
2266	26.539
2267	27.07
2268	26.461
2269	26.122
2270	26.435
2271	25.8
2272	25.722
2273	25.93
2274	27.104
2275	25.878
2276	26.87
2277	26.122
2278	26.47
2279	26.061
2280	26.591
2281	26.165
2282	27.87
2283	26.896
2284	26.487
2285	26.904
2286	25.852
2287	26.574
2288	26.878
2289	26.757
2290	26.113
2291	26.357
2292	26.026
2293	26.391
2294	25.635
2295	25.983
2296	26.922
2297	26
2298	26.252
2299	25.843
2300	26.435
2301	25.817
2302	25.887
2303	25.357
2304	26.061
2305	25.043
2306	25.574
2307	25.739
2308	25.539
2309	25.617
2310	25.957
2311	26.061
2312	25.913
2313	25.791
2314	25.739
2315	26.6
2316	25.696
2317	26.409
2318	25.774
2319	25.4
2320	25.913
2321	25.93
2322	25.93
2323	26.087
2324	26.391
2325	25.626
2326	25.922
2327	26.017
2328	25.461
2329	26.217
2330	25.704
2331	26.243
2332	26
2333	25.817
2334	26.461
2335	25.235
2336	25.852
2337	26.443
2338	26.339
2339	25.852
2340	26.296
2341	24.652
2342	25.87
2343	26.313
2344	25.757
2345	25.513
2346	25.322
2347	26.148
2348	25.235
2349	25.27
2350	26.478
2351	25.626
2352	25.896
2353	25.826
2354	25.73
2355	26.278
2356	25.687
2357	25.322
2358	26.122
2359	25.226
2360	24.53
2361	25.687
2362	25.843
2363	25.322
2364	25.591
2365	26
2366	25.991
2367	25.017
2368	26.191
2369	25.826
2370	25.226
2371	25.678
2372	25.922
2373	24.852
2374	25.765
2375	25.765
2376	25.687
2377	26.374
2378	25.583
2379	25.652
2380	26.583
2381	25.67
2382	25.313
2383	26.583
2384	25.287
2385	25.878
2386	25.348
2387	25.939
2388	25.765
2389	25.609
2390	26.557
2391	24.704
2392	25.487
2393	25.104
2394	25.017
2395	25.096
2396	26.652
2397	25.183
2398	25.261
2399	25.513
2400	25.496
2401	24.93
2402	25.774
2403	25.478
2404	25.357
2405	24.652
2406	25.93
2407	26.078
2408	25.313
2409	24.983
2410	25.913
2411	24.678
2412	25.887
2413	25.904
2414	25.426
2415	26.713
2416	26.087
2417	25.07
2418	26.104
2419	25.548
2420	25.661
2421	25.617
2422	26.026
2423	25.209
2424	24.965
2425	25.574
2426	26.296
2427	25.783
2428	25.835
2429	25.704
2430	26.322
2431	25.261
2432	26.113
2433	26.304
2434	25.843
2435	25.739
2436	25.383
2437	25.53
2438	26.409
2439	25.73
2440	25.591
2441	25.383
2442	25.722
2443	25.896
2444	26.261
2445	25.957
2446	25.078
2447	24.957
2448	25.6
2449	25.626
2450	25.409
2451	26.043
2452	25.391
2453	25.678
2454	25.565
2455	25.365
2456	25.452
2457	26.287
2458	25.635
2459	26.052
2460	26.157
2461	26.183
2462	26.661
2463	25.348
2464	25.409
2465	26.417
2466	26.443
2467	26.078
2468	26.104
2469	25.652
2470	26.191
2471	25.626
2472	25.443
2473	25.339
2474	25.487
2475	25.922
2476	25.13
2477	24.722
2478	25.061
2479	25.687
2480	25.374
2481	25.626
2482	25.774
2483	25
2484	25.904
2485	27.296
2486	27.67
2487	28.33
2488	29.122
2489	29.296
2490	30.791
2491	30.722
2492	30.887
2493	30.809
2494	31.93
2495	31.043
2496	31.73
2497	32.426
2498	32.339
2499	31.826
2500	31.904
2501	31.8
2502	31.6
2503	32.4
2504	32.843
2505	32.165
2506	31.235
2507	31.313
2508	31.426
2509	32.252
2510	30.904
2511	31.757
2512	25.87
2513	30.826
2514	31.47
2515	29.974
2516	29.739
2517	30.965
2518	30.487
2519	30.452
2520	30.304
2521	30.617
2522	29.948
2523	30.226
2524	29.461
2525	29.565
2526	29.687
2527	29.93
2528	29.217
2529	28.73
2530	30.635
2531	30.252
2532	29.183
2533	28.774
2534	29.391
2535	29.061
2536	29.461
2537	29.539
2538	27.826
2539	28.983
2540	29.174
2541	28.765
2542	28.835
2543	29.287
2544	28.913
2545	28.765
2546	28.652
2547	28.87
2548	28.522
2549	28.183
2550	28.122
2551	29.417
2552	28.383
2553	28.826
2554	28.565
2555	26.896
2556	28.626
2557	28.591
2558	27.704
2559	26.939
2560	27.878
2561	27.539
2562	27.835
2563	26.557
2564	28.087
2565	27.252
2566	27.052
2567	27.635
2568	27.67
2569	27.557
2570	27.035
2571	27.383
2572	27.191
2573	27.252
2574	27.678
2575	27.191
2576	27.313
2577	27.809
2578	26.991
2579	27.452
2580	27.496
2581	26.93
2582	27.696
2583	25.826
2584	27.591
2585	28.113
2586	27.374
2587	26.278
2588	26.461
2589	26.704
2590	26.835
2591	26.461
2592	26.878
2593	25.661
2594	27.252
2595	26.183
2596	26.539
2597	26.235
2598	27.165
2599	25.87
2600	26.174
2601	26.713
2602	26.365
2603	27.122
2604	25.939
2605	27.139
2606	26.896
2607	26.365
2608	26.27
2609	26.896
2610	25.774
2611	25.626
2612	26.417
2613	26.687
2614	25.348
2615	26.165
2616	26.383
2617	26.704
2618	26.974
2619	25.809
2620	26.07
2621	26.104
2622	25.652
2623	27.061
2624	26.13
2625	26.035
2626	26.443
2627	26.4
2628	25.913
2629	26.243
2630	26.478
2631	25.391
2632	26.2
2633	26.678
2634	25.991
2635	26.374
2636	25.617
2637	26.357
2638	26.078
2639	26.443
2640	25.696
2641	25.522
2642	25.774
2643	25.748
2644	26.157
2645	25.948
2646	25.417
2647	25.748
2648	26.33
2649	25.548
2650	26.713
2651	26.661
2652	26.661
2653	26.009
2654	26.478
2655	25.113
2656	25.496
2657	26.4
2658	26.574
2659	24.887
2660	25.443
2661	25.713
2662	25.235
2663	26.209
2664	25.93
2665	26.365
2666	25.913
2667	24.409
2668	25.609
2669	25.27
2670	26.148
2671	25.409
2672	25.287
2673	25.661
2674	25.661
2675	26
2676	25.643
2677	26.417
2678	25.826
2679	25.087
2680	25.539
2681	25.478
2682	25.296
2683	25.348
2684	24.861
2685	26.261
2686	26.287
2687	25.183
2688	25.73
2689	25.348
2690	25.296
2691	24.826
2692	25.591
2693	25.209
2694	25.87
2695	25.757
2696	25.513
2697	25.852
2698	26.017
2699	25.417
2700	26
2701	25.078
2702	25.774
2703	25.73
2704	25.313
2705	26.017
2706	26.217
2707	25.913
2708	26.478
2709	26.183
2710	26.209
2711	25.522
2712	25.635
2713	25.574
2714	25.661
2715	26.2
2716	25.609
2717	25.626
2718	25.548
2719	25.53
2720	25.73
2721	26.574
2722	25.87
2723	26.043
2724	25.852
2725	24.939
2726	25.93
2727	24.783
2728	25.957
2729	25.774
2730	25.487
2731	25.774
2732	25.27
2733	26.078
2734	25.957
2735	25.461
2736	25.452
2737	25.635
2738	25.452
2739	26.252
2740	25.374
2741	26.452
2742	25.017
2743	25.574
2744	25.591
2745	25.661
2746	25.357
2747	25.835
2748	25.313
2749	26.261
2750	26.148
2751	25.765
2752	25.991
2753	26.009
2754	25.33
2755	25.957
2756	25.391
2757	25.4
2758	25
2759	26.07
2760	24.904
2761	26.035
2762	25.774
2763	25.948
2764	26.096
2765	25.609
2766	25.4
2767	25.643
2768	25.957
2769	25.557
2770	26.113
2771	25.417
2772	26.113
2773	26.087
2774	25.826
2775	25.339
2776	25.461
2777	25.852
2778	25.574
2779	24.922
2780	25.461
2781	25.791
2782	25.13
2783	25.165
2784	25.296
2785	25.67
2786	25.304
2787	25.591
2788	25.93
2789	24.243
2790	26.035
2791	25.47
2792	25.965
2793	25.27
2794	25.2
2795	25.652
2796	25.635
2797	25.183
2798	25.626
2799	26.096
2800	25.461
2801	25.878
2802	25.539
2803	25.548
2804	25.417
2805	25.461
2806	25.626
2807	26.009
2808	25.243
2809	26.47
2810	25.322
2811	25.139
2812	25.513
2813	25.687
2814	25.383
2815	25.104
2816	26.165
2817	25.87
2818	25.183
2819	25.696
2820	26.47
2821	26.809
2822	27.357
2823	28.704
2824	29.061
2825	29.774
2826	30.713
2827	30.878
2828	31.217
2829	31.261
2830	31.904
2831	32.443
2832	32.391
2833	25.722
2834	31.461
2835	25.487
2836	32.374
2837	32.757
2838	31.791
2839	32.704
2840	32.035
2841	31.617
2842	31.8
2843	25.496
2844	31.765
2845	31.591
2846	31.087
2847	31.73
2848	31.817
2849	30.896
2850	31.096
2851	30.957
2852	25.817
2853	31.104
2854	30.174
2855	30.052
2856	30.157
2857	30.191
2858	29.983
2859	29.73
2860	29.87
2861	29.322
2862	29.687
2863	29.304
2864	25.8
2865	29.73
2866	29.443
2867	29.304
2868	29.913
2869	28.504
2870	28.226
2871	29.617
2872	29.243
2873	29
2874	29.461
2875	28.957
2876	28.757
2877	29.339
2878	28.104
2879	28.826
2880	28.713
2881	29.061
2882	28.383
2883	28.339
2884	28.191
2885	28.061
2886	28.122
2887	28.383
2888	27.861
2889	27.635
2890	28.6
2891	27.539
2892	26.235
2893	25.539
2894	25.409
2895	27.061
2896	27.8
2897	27.217
2898	26.583
2899	27.235
2900	27.783
2901	27.87
2902	27.922
2903	27.374
2904	27.878
2905	27.557
2906	26.887
2907	26.809
2908	27.313
2909	26.391
2910	26.835
2911	24.348
2912	26.904
2913	26.487
2914	26.939
2915	26.783
2916	26.817
2917	26.948
2918	27.061
2919	26.661
2920	26.417
2921	25.67
2922	26.93
2923	27.07
2924	26.939
2925	25.878
2926	26.73
2927	26.383
2928	26.278
2929	26.513
2930	25.748
2931	26.948
2932	26.487
2933	26.374
2934	27.391
2935	26.365
2936	26.765
2937	25.139
2938	26.322
2939	25.791
2940	25.278
2941	26.087
2942	26.861
2943	26.574
2944	27.235
2945	26.652
2946	25.965
2947	26.896
2948	26.426
2949	26.452
2950	26.383
2951	26.174
2952	26.33
2953	26.261
2954	26.391
2955	26.522
2956	27.261
2957	25.757
2958	26.209
2959	26.47
2960	25.609
2961	25.8
2962	26.478
2963	25.878
2964	25.009
2965	26.478
2966	26.13
2967	25.452
2968	26.148
2969	25.6
2970	25.87
2971	26.504
2972	26.357
2973	25.296
2974	26.209
2975	26.087
2976	25.87
2977	25.322
2978	26.122
2979	26.522
2980	26.539
2981	25.67
2982	26.078
2983	26.087
2984	25.017
2985	26.183
2986	25.522
2987	25.774
2988	27
2989	25.661
2990	25.522
2991	25.191
2992	25.904
2993	26.209
2994	26
2995	25.878
2996	25.783
2997	25.478
2998	26.452
2999	24.826
3000	25.757
3001	26.148
3002	26.391
3003	25.696
3004	25.774
3005	26.261
3006	25.983
3007	26.113
3008	25.391
3009	25.47
3010	26.296
3011	25.461
3012	26.13
3013	26.296
3014	25.948
3015	25.722
3016	25.983
3017	25.643
3018	24.983
3019	25.878
3020	25.487
3021	25.165
3022	25.948
3023	25.183
3024	25.104
3025	25.365
3026	25.93
3027	25.191
3028	25.426
3029	24.991
3030	25.478
3031	25.096
3032	25.809
3033	25.139
3034	25.504
3035	26.496
3036	25.617
3037	25.791
3038	25.443
3039	26.165
3040	25.539
3041	25.609
3042	25.565
3043	25.435
3044	26.104
3045	25.661
3046	25.93
3047	25.643
3048	25.365
3049	25.617
3050	25.913
3051	25.983
3052	26.052
3053	25.609
3054	25.4
3055	25.217
3056	26
3057	25.383
3058	25.504
3059	25.009
3060	25.452
3061	25.6
3062	25.67
3063	25.209
3064	25.739
3065	25.417
3066	26.339
3067	25.374
3068	25.53
3069	25.8
3070	26.148
3071	26.052
3072	25.617
3073	25.391
3074	25.609
3075	25.565
3076	26.104
3077	25.748
3078	26.174
3079	25.965
3080	25.609
3081	25.296
3082	25.722
3083	25.939
3084	26.157
3085	25.209
3086	26.861
3087	25.678
3088	25.67
3089	25.426
3090	25.435
3091	25.296
3092	25.235
3093	25.913
3094	26.235
3095	26.165
3096	25.522
3097	25.026
3098	25.357
3099	25.722
3100	25.043
3101	25.017
3102	25.504
3103	25.765
3104	26.061
3105	25.852
3106	25.904
3107	25.548
3108	25.661
3109	25.261
3110	26.113
3111	26.304
3112	25.843
3113	25.739
3114	25.896
3115	25.409
3116	25.626
3117	25.87
3118	25.826
3119	25.652
3120	25.617
3121	24.409
3122	25.183
3123	25.991
3124	24.609
3125	24.122
3126	25.774
3127	24.939
3128	24.904
3129	26.078
3130	25.574
3131	26.026
3132	25.965
3133	25.626
3134	25.383
3135	25.722
3136	25.487
3137	25.452
3138	25.817
3139	25.8
3140	26.235
3141	25.539
3142	25.409
3143	24.348
3144	25.67
3145	25.878
3146	25.748
3147	25.139
3148	26.322
3149	25.791
3150	25.278
3151	25.757
3152	25.009
3153	25.296
3154	25.67
3155	25.365
3156	25.93
3157	25.643
3158	25.4
3159	26.339
3160	25.722
3161	25.391
3162	25.617
3163	25.391
3164	25.609
3165	25.13
3166	25.504
3167	24.957
3168	25.991
3169	24.365
3170	25.443
3171	24.835
3172	25.504
3173	24.365
3174	24.835
3175	25.017
3176	25.087
3177	25.243
3178	27.861
3179	27.026
3180	27.904
3181	28.452
3182	29.383
3183	29.27
3184	30.948
3185	29.913
3186	30.47
3187	31.209
3188	31.278
3189	30.983
3190	31.339
3191	31.13
3192	30.774
3193	30.739
3194	31.948
3195	30.922
3196	31.617
3197	31.104
3198	31.017
3199	30.826
3200	31.209
3201	30.887
3202	30.948
3203	31.061
3204	30.426
3205	30.791
3206	29.887
3207	29.487
3208	30.583
3209	29.357
3210	29.278
3211	29.461
3212	30.409
3213	29.078
3214	28.896
3215	29.548
3216	29.348
3217	29.078
3218	28.87
3219	29.009
3220	29.435
3221	28.678
3222	28.765
3223	29.174
3224	29.122
3225	29.33
3226	28.435
3227	28.626
3228	28.626
3229	28.365
3230	28.139
3231	27.852
3232	28.583
3233	27.817
3234	29
3235	27.243
3236	28.035
3237	27.443
3238	27.922
3239	27.913
3240	27.922
3241	26.652
3242	27.809
3243	27.6
3244	27.983
3245	26.957
3246	27.409
3247	27.183
3248	26.583
3249	27.635
3250	27.513
3251	26.948
3252	25.087
3253	27.365
3254	26.591
3255	26.313
3256	27.348
3257	26.609
3258	27.287
3259	25.243
3260	26.93
3261	27.174
3262	27.191
3263	26.809
3264	26.409
3265	26.4
3266	27.313
3267	26.478
3268	26.617
3269	26.591
3270	26.035
3271	26.139
3272	26.661
3273	25.609
3274	27.226
3275	26.67
3276	26.6
3277	26.652
3278	27.191
3279	26.409
3280	26.73
3281	27.6
3282	27.026
3283	27.904
3284	26.27
3285	25.991
3286	26.217
3287	28.452
3288	26.687
3289	26.765
3290	26.626
3291	26.4
3292	26.339
3293	26.539
3294	26.078
3295	26.261
3296	25.887
3297	25.852
3298	25.426
3299	25.504
3300	29.383
3301	25.339
3302	25.791
3303	26.243
3304	25.896
3305	26.643
3306	26.139
3307	26.183
3308	26.287
3309	26.078
3310	25.452
3311	26.452
3312	26.287
3313	26.417
3314	26.313
3315	26.365
3316	26.348
3317	26.348
3318	25.957
3319	26.574
3320	25.591
3321	26.157
3322	25.809
3323	25.696
3324	26.417
3325	26.113
3326	26.417
3327	25.374
3328	26.2
3329	26.435
3330	30.948
3331	25.443
3332	25.522
3333	26.061
3334	26.104
3335	25.739
3336	25.965
3337	25.878
3338	25.513
3339	25.548
3340	24.922
3341	25.904
3342	24.957
3343	26.061
3344	25.522
3345	25.557
3346	25.53
3347	25.522
3348	25.4
3349	25.383
3350	25.409
3351	25.391
3352	25.67
3353	25.817
3354	25.835
3355	26.209
3356	24.817
3357	25.452
3358	26.643
3359	25.765
3360	25.122
3361	29.913
3362	25.609
3363	25.878
3364	26.183
3365	25.73
3366	25.948
3367	25.974
3368	25.487
3369	26.026
3370	25.339
3371	25.957
3372	26.061
3373	25.809
3374	26.339
3375	25.504
3376	25.165
3377	25.861
3378	25.626
3379	26.035
3380	24.443
3381	25.122
3382	25.183
3383	26.07
3384	25.461
3385	25.722
3386	25.017
3387	25.661
3388	25.417
3389	25.278
3390	25.765
3391	25.861
3392	25.852
3393	25.965
3394	25.348
3395	25.565
3396	25.226
3397	25.983
3398	25.461
3399	26.461
3400	25.522
3401	30.47
3402	25.8
3403	25.226
3404	25.626
3405	26.009
3406	25.374
3407	25.487
3408	25.322
3409	25.243
3410	24.904
3411	25.739
3412	25.565
3413	25.643
3414	25.783
3415	31.209
3416	25.296
3417	25.939
3418	25.765
3419	25.861
3420	25.557
3421	26.2
3422	25.913
3423	26.235
3424	25.087
3425	25.417
3426	26.087
3427	25.626
3428	25.435
3429	25.27
3430	26.4
3431	31.278
3432	26.113
3433	26.183
3434	25.826
3435	25.278
3436	26.261
3437	25.53
3438	24.809
3439	25.357
3440	25.6
3441	26.139
3442	25.765
3443	25.643
3444	26.296
3445	25.522
3446	26
3447	25.878
3448	25.122
3449	25.165
3450	25.183
3451	25.287
3452	25.722
3453	25.878
3454	25.348
3455	25.304
3456	26.096
3457	26.243
3458	25.757
3459	25.53
3460	26.461
3461	25.391
3462	25.748
3463	25.583
3464	25.47
3465	25.635
3466	25.087
3467	25.296
3468	25.817
3469	25.487
3470	25.739
3471	25.426
3472	25.226
3473	25.2
3474	25.409
3475	25.191
3476	24.53
3477	25.791
3478	24.8
3479	25.617
3480	25.626
3481	25.826
3482	25.435
3483	25.209
3484	24.687
3485	25.287
3486	25.53
3487	25.696
3488	25.487
3489	25.443
3490	25.965
3491	25.47
3492	30.983
3493	25.8
3494	25.583
3495	25.278
3496	24.67
3497	25.026
3498	25.852
3499	31.339
3500	25.678
3501	26.522
3502	25.704
3503	31.13
3504	25.322
3505	25.426
3506	24.922
3507	24.965
3508	25.252
3509	25.348
3510	25.409
3511	24.817
3512	25.939
3513	25.296
3514	24.887
3515	25.609
3516	25.748
3517	25.487
3518	25.748
3519	25.809
3520	25.009
3521	25.539
3522	25.252
3523	27.078
3524	27.652
3525	27.809
3526	28.4
3527	28.809
3528	30.235
3529	30.157
3530	29.722
3531	30.93
3532	31.122
3533	30.765
3534	30.817
3535	31.235
3536	31.391
3537	31.704
3538	31.443
3539	31.322
3540	30.513
3541	31.043
3542	31.148
3543	31.278
3544	30.913
3545	30.765
3546	30.722
3547	30.73
3548	30.426
3549	30.33
3550	29.93
3551	29.461
3552	29.426
3553	29.226
3554	29.678
3555	29.617
3556	30.174
3557	29.087
3558	28.757
3559	29.148
3560	29.783
3561	28.765
3562	28.565
3563	29.061
3564	29.539
3565	28.365
3566	28.922
3567	28.07
3568	28.635
3569	28.574
3570	28.183
3571	28.426
3572	28.104
3573	28.504
3574	28.522
3575	27.765
3576	27.783
3577	27.452
3578	27.435
3579	27.887
3580	28.174
3581	27.774
3582	27.8
3583	28.113
3584	27.504
3585	26.983
3586	27.078
3587	27.539
3588	27.426
3589	27.33
3590	27.791
3591	27.635
3592	27.252
3593	27.487
3594	27.226
3595	27.183
3596	28.174
3597	27.287
3598	27.209
3599	30.739
3600	27.391
3601	27.635
3602	27.217
3603	26.496
3604	27.243
3605	26.487
3606	27.583
3607	26.504
3608	26.878
3609	27.687
3610	27.304
3611	26.278
3612	26.426
3613	26.678
3614	26.678
3615	26.87
3616	26.452
3617	26.4
3618	27.635
3619	27.635
3620	26.765
3621	26.617
3622	26.357
3623	26.826
3624	26.617
3625	27.33
3626	26.817
3627	26.13
3628	25.852
3629	27.017
3630	26.461
3631	25.974
3632	26.226
3633	26.13
3634	26.243
3635	26.435
3636	26.548
3637	26.278
3638	26.287
3639	25.922
3640	25.357
3641	26.565
3642	26.426
3643	26.183
3644	26.165
3645	26.539
3646	27.165
3647	25.878
3648	26.487
3649	25.478
3650	25.652
3651	26.417
3652	26.009
3653	26.13
3654	25.539
3655	26.209
3656	25.591
3657	25.67
3658	25.939
3659	25.53
3660	25.87
3661	26.096
3662	25.13
3663	25.887
3664	25.93
3665	25.843
3666	25.696
3667	26.252
3668	25.043
3669	25.896
3670	26.348
3671	26.278
3672	25.139
3673	26.009
3674	25.835
3675	26.139
3676	25.591
3677	25.957
3678	26.226
3679	25.183
3680	25.722
3681	25.652
3682	26.591
3683	26.139
3684	25.461
3685	25.696
3686	25.157
3687	25.783
3688	25.539
3689	25.73
3690	25.148
3691	31.948
3692	26.139
3693	30.922
3694	26.209
3695	25.913
3696	25.635
3697	26.443
3698	25.835
3699	25.348
3700	24.73
3701	26.13
3702	25.226
3703	25.765
3704	25.748
3705	25.157
3706	25.391
3707	25.139
3708	25.574
3709	25.426
3710	25.157
3711	25.704
3712	25.6
3713	25.678
3714	26.104
3715	25.217
3716	25.922
3717	25.574
3718	25.791
3719	26.13
3720	26.07
3721	25.417
3722	25.583
3723	25.304
3724	24.93
3725	25.139
3726	25.33
3727	26.052
3728	25.487
3729	25
3730	24.896
3731	25.417
3732	25.191
3733	25.139
3734	25.2
3735	25.852
3736	25.435
3737	25.809
3738	25.791
3739	25.939
3740	25.957
3741	25.191
3742	26.583
3743	25.835
3744	25.365
3745	25.461
3746	26.087
3747	25.652
3748	25.591
3749	24.809
3750	25.043
3751	25.148
3752	25.93
3753	25.348
3754	25.183
3755	25.687
3756	25.487
3757	25.652
3758	25.026
3759	25.73
3760	25.783
3761	25.296
3762	25.374
3763	24.922
3764	25.035
3765	25.652
3766	25.183
3767	25.383
3768	25.922
3769	25.687
3770	25.513
3771	26.113
3772	25.174
3773	24.73
3774	25.365
3775	25.835
3776	25.261
3777	25.278
3778	25.617
3779	26.061
3780	31.617
3781	25.391
3782	31.017
3783	26.487
3784	25.226
3785	25.487
3786	25.113
3787	25.27
3788	24.991
3789	25.226
3790	25.983
3791	25.278
3792	24.826
3793	25.435
3794	25.348
3795	25.635
3796	25.304
3797	25.922
3798	25.878
3799	25.609
3800	25.704
3801	24.8
3802	25.67
3803	25.47
3804	25.017
3805	24.426
3806	25.565
3807	25.817
3808	24.87
3809	25.748
3810	25.87
3811	24.661
3812	24.861
3813	25.191
3814	24.583
3815	25.365
3816	25.078
3817	24.791
3818	25.261
3819	25.217
3820	25.191
3821	25.87
3822	25.574
3823	25.757
3824	25.261
3825	24.896
3826	25.443
3827	24.904
3828	25.2
3829	25.383
3830	24.93
3831	26.209
3832	26.035
3833	25.026
3834	25.148
3835	25.591
3836	25.322
3837	25.557
3838	25.304
3839	25.539
3840	25.843
3841	25.687
3842	25.843
3843	25.235
3844	25.6
3845	25.748
3846	25.296
3847	25.435
3848	25.487
3849	25.087
3850	25.522
3851	25.339
3852	24.957
3853	25.4
3854	25.035
3855	25.896
3856	25.357
3857	25.609
3858	25.583
3859	25.661
3860	24.67
3861	25.443
3862	25.539
3863	25.609
3864	25.191
3865	24.939
3866	25.087
3867	24.983
3868	25.304
3869	26.113
3870	30.826
3871	27.652
3872	28.252
3873	29.043
3874	29.383
3875	29.061
3876	29.661
3877	29.835
3878	30.443
3879	29.852
3880	30.487
3881	30.652
3882	30.417
3883	31.496
3884	30.261
3885	31.009
3886	30.739
3887	30.591
3888	30.4
3889	30.965
3890	30.009
3891	30
3892	29.817
3893	30.261
3894	30.27
3895	29.104
3896	30.913
3897	30.957
3898	30.217
3899	30.348
3900	29.704
3901	29.713
3902	29.191
3903	29.191
3904	29.139
3905	29.226
3906	29.643
3907	29.174
3908	29.078
3909	28.722
3910	28.287
3911	27.991
3912	28.165
3913	28.878
3914	28.374
3915	28.591
3916	28.539
3917	27.843
3918	28.217
3919	28.235
3920	27.661
3921	27.261
3922	27.67
3923	27.939
3924	27.122
3925	28.243
3926	27.565
3927	27.357
3928	27.122
3929	26.13
3930	27.478
3931	27.365
3932	26.791
3933	27.443
3934	27.843
3935	27.252
3936	26.896
3937	27.443
3938	27.122
3939	27.887
3940	27.478
3941	26.913
3942	26.261
3943	27.113
3944	25.922
3945	27.452
3946	26.861
3947	27.139
3948	27.104
3949	27.513
3950	26.461
3951	26.504
3952	26.704
3953	27.052
3954	26.313
3955	26.87
3956	27.261
3957	26.391
3958	26.139
3959	30.948
3960	30.426
3961	26.852
3962	26.13
3963	25.852
3964	26.8
3965	26.783
3966	26.652
3967	26.6
3968	26.652
3969	25.443
3970	26.6
3971	25.843
3972	26.504
3973	26.461
3974	26.313
3975	25.939
3976	26.339
3977	26.148
3978	26.696
3979	25.957
3980	26.043
3981	27.339
3982	26.861
3983	26.591
3984	25.722
3985	26.678
3986	25.73
3987	26.957
3988	26.07
3989	26.591
3990	26.07
3991	26.643
3992	25.8
3993	25.565
3994	26.052
3995	25.965
3996	25.574
3997	25.704
3998	25.626
3999	26.043
4000	26.13
4001	26.887
4002	26.643
4003	26
4004	25.609
4005	25.417
4006	25.878
4007	25.53
4008	25.609
4009	25.87
4010	25.757
4011	25.287
4012	25.226
4013	26.296
4014	25.426
4015	26.122
4016	25.426
4017	24.861
4018	25.991
4019	25.313
4020	25.452
4021	25.643
4022	25.383
4023	24.843
4024	25.496
4025	26.226
4026	26.043
4027	25.783
4028	25.939
4029	25.965
4030	25.513
4031	25.304
4032	26.183
4033	26.139
4034	26.104
4035	25.565
4036	26.487
4037	26.009
4038	25.922
4039	25.252
4040	25.061
4041	25.713
4042	25.322
4043	25.948
4044	25.017
4045	30.791
4046	29.887
4047	29.487
4048	25.417
4049	25.965
4050	25.122
4051	25.287
4052	25.026
4053	25.217
4054	25.043
4055	25.861
4056	25.391
4057	25.539
4058	25.148
4059	26.348
4060	25.165
4061	26.365
4062	25.487
4063	24.383
4064	25.322
4065	25.365
4066	25.957
4067	26.565
4068	25.852
4069	25.096
4070	25.626
4071	25.678
4072	24.678
4073	25.278
4074	24.565
4075	25.557
4076	26.783
4077	30.583
4078	25.687
4079	25.296
4080	25.643
4081	25.626
4082	25.052
4083	26.391
4084	25.243
4085	25.017
4086	25.991
4087	25.93
4088	26.122
4089	25.374
4090	25.348
4091	25.339
4092	25.235
4093	25.165
4094	25.574
4095	26.261
4096	26.174
4097	26.104
4098	25.652
4099	25.504
4100	25.391
4101	25.626
4102	25.539
4103	25.357
4104	25.278
4105	25.426
4106	26.104
4107	25.461
4108	25.791
4109	25.296
4110	25.461
4111	24.93
4112	29.357
4113	25.6
4114	25.087
4115	26.07
4116	25.2
4117	25.887
4118	25.609
4119	26.296
4120	24.974
4121	25.87
4122	25.757
4123	26.052
4124	25.522
4125	26.365
4126	25.809
4127	26.304
4128	25.13
4129	25.843
4130	25.957
4131	25.783
4132	26.026
4133	25.435
4134	25.617
4135	25.835
4136	25.478
4137	26.096
4138	25.226
4139	25.409
4140	25.096
4141	24.783
4142	29.461
4143	24.826
4144	30.409
4145	25.661
4146	25.2
4147	26.104
4148	24.687
4149	26.461
4150	25.774
4151	23.974
4152	26.052
4153	24.478
4154	24.478
4155	25.443
4156	25.435
4157	25.452
4158	25.974
4159	25.47
4160	24.783
4161	25.896
4162	25.983
4163	25.809
4164	25.052
4165	25.07
4166	25.443
4167	25.835
4168	24.896
4169	25.435
4170	24.643
4171	25.026
4172	25.383
4173	25.243
4174	24.8
4175	24.391
4176	25.504
4177	25.93
4178	25.322
4179	25.678
4180	25.487
4181	25.757
4182	25.113
4183	26.296
4184	25.443
4185	25.73
4186	25.348
4187	25.574
4188	25.948
4189	26.67
4190	25.496
4191	25.809
4192	24.757
4193	25.443
4194	25.609
4195	25.504
4196	25.417
4197	25.652
4198	25.078
4199	25.93
4200	25.539
4201	26.07
4202	25.461
4203	25.252
4204	25.113
4205	25.357
4206	25.252
4207	25.443
4208	25.017
4209	25.191
4210	24.617
4211	25
4212	25.287
4213	26.513
4214	25.8
4215	27.252
4216	27.174
4217	28.426
4218	28.661
4219	29.609
4220	29.965
4221	29.078
4222	29.617
4223	29.965
4224	30.757
4225	30.4
4226	30.478
4227	29.348
4228	30.443
4229	31.243
4230	31.009
4231	30.843
4232	29.078
4233	29.904
4234	31.043
4235	30.183
4236	30.583
4237	30.339
4238	30.061
4239	30.104
4240	30.096
4241	29.687
4242	29.835
4243	30.296
4244	30.278
4245	29.504
4246	29.391
4247	29.348
4248	29.609
4249	29.017
4250	28.826
4251	30.304
4252	28.904
4253	28.87
4254	28.696
4255	28.861
4256	28.122
4257	28.496
4258	29.496
4259	28
4260	27.652
4261	27.983
4262	27.887
4263	28.504
4264	28.722
4265	28.104
4266	27.974
4267	28.07
4268	27.548
4269	27.73
4270	27.809
4271	27.678
4272	27.078
4273	27.252
4274	27.061
4275	27.965
4276	27.365
4277	27.365
4278	27.47
4279	27.852
4280	27.974
4281	27.765
4282	26.687
4283	27.643
4284	26.991
4285	27.122
4286	26.452
4287	26.748
4288	26.157
4289	29.435
4290	27.339
4291	27.174
4292	26.783
4293	26.696
4294	27.617
4295	26.443
4296	26.435
4297	26.609
4298	26.574
4299	26.948
4300	27.104
4301	27.174
4302	27.296
4303	26.8
4304	26.261
4305	27.835
4306	26.817
4307	27.035
4308	28.678
4309	26.713
4310	26.07
4311	28.765
4312	26.53
4313	26.278
4314	26.296
4315	26.322
4316	26.583
4317	26.748
4318	26.365
4319	26.357
4320	26.043
4321	26.348
4322	25.713
4323	26.548
4324	25.93
4325	26.252
4326	26.296
4327	26.826
4328	26.174
4329	26.339
4330	26.374
4331	25.47
4332	26.835
4333	26.965
4334	26.47
4335	29.174
4336	29.122
4337	25.617
4338	29.33
4339	28.435
4340	28.626
4341	28.626
4342	26.296
4343	26.07
4344	25.8
4345	26.261
4346	26.009
4347	25.904
4348	26.322
4349	25.878
4350	25.843
4351	26.296
4352	25.861
4353	28.365
4354	26.104
4355	26.565
4356	25.339
4357	25.6
4358	24.557
4359	26.504
4360	26.591
4361	25.774
4362	25.522
4363	25.739
4364	25.635
4365	26.017
4366	25.496
4367	25.409
4368	26.313
4369	25.53
4370	25.896
4371	25.235
4372	25.261
4373	25.939
4374	25.791
4375	25.774
4376	24.739
4377	24.783
4378	25.843
4379	28.139
4380	27.852
4381	25.878
4382	26.052
4383	25.957
4384	25.93
4385	25.487
4386	25.174
4387	25.304
4388	26.287
4389	25.626
4390	25.148
4391	25.826
4392	25.391
4393	26.217
4394	25.887
4395	26.052
4396	26.122
4397	25.826
4398	25.887
4399	25.383
4400	25.739
4401	25.643
4402	28.583
4403	25.687
4404	25.287
4405	25.635
4406	25.617
4407	25.183
4408	25.07
4409	26
4410	25.304
4411	24.73
4412	25.565
4413	25.4
4414	25.278
4415	25.296
4416	26.009
4417	25.426
4418	25.252
4419	25.626
4420	26.296
4421	25.6
4422	24.757
4423	25.783
4424	25.287
4425	25.443
4426	24.591
4427	26.47
4428	25.235
4429	25.557
4430	25.748
4431	25.896
4432	26.026
4433	27.817
4434	25.965
4435	25.652
4436	25.67
4437	26.026
4438	25.591
4439	25.748
4440	29
4441	25.696
4442	25.609
4443	25.252
4444	25.426
4445	27.009
4446	25.67
4447	25.357
4448	26.365
4449	25.426
4450	26
4451	25.983
4452	25.73
4453	26.522
4454	25.452
4455	25.826
4456	26.009
4457	25.652
4458	25.452
4459	25.635
4460	26.052
4461	25.696
4462	25.73
4463	25.313
4464	24.443
4465	24.774
4466	25.635
4467	25.609
4468	25.583
4469	24.922
4470	24.93
4471	25.165
4472	25.713
4473	25.087
4474	25.548
4475	25.183
4476	25.339
4477	25.591
4478	24.548
4479	25.157
4480	25.4
4481	25.27
4482	25.322
4483	25.826
4484	25.817
4485	25.861
4486	25.157
4487	24.67
4488	25.704
4489	25.287
4490	25.496
4491	25.339
4492	25.096
4493	25.73
4494	25.843
4495	25.774
4496	25.13
4497	25.878
4498	24.835
4499	25.826
4500	25.53
4501	25.07
4502	25.73
4503	25.478
4504	25.583
4505	25.739
4506	25.478
4507	25.139
4508	25.087
4509	25.904
4510	25.757
4511	24.913
4512	25.304
4513	25.783
4514	25.626
4515	25.722
4516	25.409
4517	25.93
4518	25.026
4519	25.843
4520	25.409
4521	25.678
4522	25.504
4523	25.713
4524	25.417
4525	25.609
4526	28.035
4527	26.078
4528	25.417
4529	25.061
4530	25.357
4531	25.435
4532	25.6
4533	27.443
4534	25.904
4535	25.887
4536	27.922
4537	25.809
4538	25.643
4539	26.591
4540	27.035
4541	28.217
4542	28.93
4543	29.009
4544	28.983
4545	29.278
4546	29.4
4547	30.217
4548	30.33
4549	29.626
4550	29.565
4551	30.443
4552	30.817
4553	29.574
4554	29.957
4555	30.4
4556	30.078
4557	30.009
4558	29.278
4559	29.33
4560	30.27
4561	27.922
4562	30.722
4563	29.922
4564	31.478
4565	30.974
4566	31.287
4567	30.209
4568	30.4
4569	29.983
4570	30.565
4571	29.591
4572	29.748
4573	30.122
4574	28.765
4575	29.139
4576	28.226
4577	29.261
4578	29.113
4579	29.009
4580	28.052
4581	29.043
4582	28.8
4583	28.287
4584	28.07
4585	28.557
4586	28.461
4587	28.27
4588	27.826
4589	28.583
4590	27.652
4591	28.13
4592	26.652
4593	26.957
4594	27.739
4595	28.374
4596	28.8
4597	27.13
4598	27.704
4599	28.757
4600	28.087
4601	27.774
4602	28.452
4603	28.052
4604	27.548
4605	27.461
4606	27.061
4607	28.139
4608	27.748
4609	27.504
4610	27.261
4611	27.313
4612	27.722
4613	27.287
4614	27.174
4615	26.852
4616	27.4
4617	26.896
4618	27.148
4619	27.409
4620	26.635
4621	26.835
4622	26.435
4623	26.243
4624	26.426
4625	26.496
4626	27.052
4627	26.826
4628	27.209
4629	26.565
4630	26.374
4631	27.009
4632	26.757
4633	26.835
4634	25.948
4635	26.791
4636	26.096
4637	26.643
4638	26.696
4639	27.017
4640	26.148
4641	26.791
4642	26.591
4643	26.252
4644	26.548
4645	26.243
4646	25.296
4647	26.661
4648	26.313
4649	26.174
4650	26.8
4651	26.278
4652	26.383
4653	25.93
4654	26.33
4655	26.322
4656	26.104
4657	26.391
4658	26.217
4659	26.487
4660	26.983
4661	26.896
4662	26.07
4663	26.548
4664	26.696
4665	26.33
4666	26.304
4667	26.722
4668	25.426
4669	26.139
4670	25.765
4671	26.983
4672	25.896
4673	25.896
4674	25.73
4675	25.835
4676	25.896
4677	25.87
4678	26.191
4679	25.8
4680	25.739
4681	25.287
4682	27.183
4683	25.322
4684	24.852
4685	26.017
4686	25.122
4687	25.887
4688	25.861
4689	25.557
4690	25.896
4691	25.417
4692	26.322
4693	25.235
4694	26.165
4695	26.017
4696	26.009
4697	25.643
4698	25.417
4699	26.33
4700	26.722
4701	25.8
4702	25.887
4703	26.061
4704	25.278
4705	26.252
4706	25.922
4707	24.957
4708	24.991
4709	25.487
4710	24.991
4711	25.209
4712	25.896
4713	26.583
4714	25.513
4715	25.948
4716	25.035
4717	27.635
4718	25.357
4719	25.87
4720	26.374
4721	26.417
4722	25.791
4723	26.104
4724	25.878
4725	25.87
4726	25.478
4727	25.122
4728	25.635
4729	25.591
4730	25.6
4731	25.487
4732	25.713
4733	25.791
4734	25.061
4735	26.904
4736	25.443
4737	25.47
4738	25.339
4739	25.687
4740	24.765
4741	26.252
4742	25.017
4743	26.07
4744	24.861
4745	25.513
4746	25.696
4747	25.852
4748	27.757
4749	25.913
4750	24.391
4751	25.6
4752	24.217
4753	24.791
4754	24.878
4755	25.235
4756	24.67
4757	25.296
4758	25.435
4759	25.878
4760	25.417
4761	25.626
4762	24.348
4763	25.426
4764	24.843
4765	25.391
4766	25.53
4767	25.504
4768	24.6
4769	25.061
4770	25.287
4771	25.87
4772	25.565
4773	25.565
4774	25.713
4775	25.026
4776	25.826
4777	25.47
4778	26.591
4779	25.174
4780	25.357
4781	25.052
4782	24.965
4783	24.974
4784	25.4
4785	24.696
4786	25.809
4787	25.609
4788	25.235
4789	25.026
4790	24.626
4791	26.313
4792	25.191
4793	25.609
4794	25.861
4795	24.957
4796	25.391
4797	25.357
4798	24.826
4799	24.791
4800	25.591
4801	25.887
4802	25.504
4803	27.348
4804	25.2
4805	26.043
4806	24.696
4807	25.748
4808	25.783
4809	25.078
4810	26.609
4811	24.835
4812	25.452
4813	25.096
4814	24.817
4815	25.087
4816	24.365
4817	25.896
4818	25.757
4819	25.252
4820	24.983
4821	27.287
4822	25.904
4823	25.078
4824	24.67
4825	24.365
4826	25.443
4827	24.026
4828	24.443
4829	24.983
4830	25.617
4831	24.965
4832	24.591
4833	25.643
4834	25.583
4835	25.609
4836	24.73
4837	24.974
4838	25.635
4839	24.73
4840	24.835
4841	25.157
4842	24.191
4843	25.548
4844	24.791
4845	24.548
4846	24.687
4847	25.635
4848	25.791
4849	25.087
4850	25.322
4851	24.93
4852	25.148
4853	25.383
4854	25.287
4855	24.322
4856	25.991
4857	25.652
4858	24.991
4859	25.035
4860	24.983
4861	24.73
4862	25.113
4863	23.913
4864	24.913
4865	25.809
4866	24.426
4867	25.557
4868	25.113
4869	25.287
4870	24.035
4871	25.461
4872	27.174
4873	25.443
4874	24.93
4875	25.409
4876	25.357
4877	24.67
4878	25.209
4879	24.774
4880	24.4
4881	24.843
4882	24.774
4883	25.53
4884	24.652
4885	25.017
4886	25.635
4887	25.209
4888	25.487
4889	25.113
4890	25.096
4891	24.617
4892	24.826
4893	25.696
4894	25.365
4895	24.878
4896	24.609
4897	25.096
4898	24.939
4899	25.496
4900	27.174
4901	27.191
4902	24.878
4903	25.652
4904	24.835
4905	24.687
4906	24.739
4907	25.913
4908	26.87
4909	27.287
4910	27.383
4911	28.713
4912	28.122
4913	29.061
4914	29.287
4915	29.826
4916	29.4
4917	29.826
4918	29.617
4919	29.991
4920	30.304
4921	30.061
4922	30.557
4923	29.522
4924	30.104
4925	29.861
4926	29.087
4927	29.409
4928	30.139
4929	29.774
4930	29.226
4931	29.113
4932	28.678
4933	28.948
4934	28.461
4935	28.817
4936	29.583
4937	29.913
4938	29.939
4939	29.687
4940	29.643
4941	30.017
4942	30.148
4943	30.017
4944	29.757
4945	29.957
4946	29.617
4947	29.47
4948	28.296
4949	29.122
4950	28.67
4951	28.435
4952	28.348
4953	29.487
4954	26.809
4955	26.409
4956	27.591
4957	28.67
4958	28.565
4959	28.148
4960	28.243
4961	27.93
4962	27.643
4963	28.096
4964	27.861
4965	28.113
4966	27.73
4967	28.052
4968	27.765
4969	27.826
4970	28.304
4971	27.53
4972	28.357
4973	27.591
4974	27.435
4975	28
4976	27.757
4977	27.635
4978	27.391
4979	27.122
4980	27.478
4981	27.817
4982	27.739
4983	27.591
4984	27.183
4985	27.591
4986	27.009
4987	26.774
4988	26.339
4989	27.713
4990	26.948
4991	25.904
4992	27.461
4993	26.643
4994	26.435
4995	26.548
4996	26.757
4997	26.835
4998	26.383
4999	26.4
5000	26.339
5001	26.261
5002	26.209
5003	26.53
5004	25.687
5005	26.4
5006	25.713
5007	26.774
5008	26.643
5009	26.948
5010	25.939
5011	26.209
5012	27
5013	26.235
5014	26.278
5015	26.078
5016	26.522
5017	27.313
5018	25.983
5019	26.609
5020	26.209
5021	26.235
5022	25.452
5023	25.87
5024	26.478
5025	26.443
5026	25.357
5027	26.078
5028	26.27
5029	26.487
5030	25.93
5031	25.991
5032	26.157
5033	26.27
5034	25.713
5035	26.07
5036	26.226
5037	26.626
5038	25.922
5039	26.652
5040	25.922
5041	26.078
5042	26.209
5043	26.609
5044	25.6
5045	25.809
5046	25.722
5047	26.035
5048	25.757
5049	25.974
5050	26.078
5051	26.078
5052	24.965
5053	25.783
5054	26.765
5055	25.357
5056	25.026
5057	26.565
5058	25.261
5059	26.217
5060	25.113
5061	25.93
5062	24.948
5063	25.948
5064	26.009
5065	25.922
5066	25.513
5067	25.757
5068	25.122
5069	25.583
5070	25.635
5071	25.73
5072	25.696
5073	25.27
5074	25.791
5075	25.035
5076	25.557
5077	25.643
5078	25.174
5079	25.643
5080	25.557
5081	25.948
5082	25.87
5083	25.574
5084	26.113
5085	25.261
5086	25.296
5087	25.696
5088	25.591
5089	25.183
5090	25.939
5091	25.061
5092	24.913
5093	25.278
5094	25.991
5095	25.278
5096	25.6
5097	25.33
5098	24.635
5099	26.617
5100	26.591
5101	26.035
5102	25.217
5103	25.704
5104	24.843
5105	24.704
5106	24.661
5107	25.391
5108	25.183
5109	25.513
5110	24.835
5111	25.922
5112	25.061
5113	25.443
5114	24.948
5115	25.357
5116	25.235
5117	24.548
5118	24.913
5119	24.574
5120	24.948
5121	24.878
5122	25.565
5123	25.13
5124	25.07
5125	25.026
5126	24.852
5127	24.565
5128	24.809
5129	24.948
5130	25.252
5131	25.696
5132	25.348
5133	25.035
5134	25.47
5135	25.774
5136	25.122
5137	25.565
5138	25.261
5139	25.139
5140	24.652
5141	26.035
5142	25.226
5143	24.783
5144	25.087
5145	24.722
5146	24.6
5147	24.565
5148	25
5149	24.826
5150	24.487
5151	24.983
5152	25.217
5153	25.252
5154	25.043
5155	24.6
5156	24.687
5157	25.026
5158	24.548
5159	27.226
5160	25.791
5161	24.357
5162	25.148
5163	25.443
5164	25.313
5165	25.261
5166	25.765
5167	24.696
5168	24.974
5169	25.557
5170	25.835
5171	25.522
5172	24.757
5173	24.722
5174	24.643
5175	25.565
5176	25.513
5177	25.148
5178	24.617
5179	24.835
5180	24.017
5181	25.322
5182	24.617
5183	25.4
5184	26.191
5185	25.504
5186	25.209
5187	25.73
5188	24.878
5189	26.6
5190	25.043
5191	24.409
5192	25.148
5193	25.739
5194	25.252
5195	25.174
5196	25.061
5197	24.757
5198	25.522
5199	25.287
5200	25.939
5201	26.652
5202	24.67
5203	24.913
5204	25.017
5205	24.904
5206	24.243
5207	25.983
5208	24.548
5209	25.374
5210	25.157
5211	23.93
5212	25.009
5213	24.617
5214	25.122
5215	24.861
5216	25.487
5217	25.061
5218	25.548
5219	25.287
5220	26.174
5221	24.548
5222	24.817
5223	24.626
5224	24.861
5225	26.052
5226	25.574
5227	24.843
5228	25.47
5229	24.913
5230	24.261
5231	25.678
5232	24.93
5233	25.148
5234	25.739
5235	25.043
5236	25.043
5237	25.043
5238	25.861
5239	25.478
5240	24.948
5241	25.061
5242	23.904
5243	24.8
5244	24.957
5245	25.191
5246	24.774
5247	25.104
5248	25.061
5249	25.417
5250	24.965
5251	25.417
5252	25.957
5253	25.243
5254	26.148
5255	27.017
5256	27.643
5257	26.774
5258	28.139
5259	28.096
5260	28.748
5261	29.426
5262	29.035
5263	29.165
5264	28.722
5265	29.252
5266	30.035
5267	30
5268	29.652
5269	29.365
5270	29.339
5271	29.217
5272	29.565
5273	29.365
5274	28.704
5275	29.261
5276	29.33
5277	29.322
5278	28.496
5279	29.339
5280	28.774
5281	28.643
5282	28.713
5283	29.061
5284	29.139
5285	29.235
5286	28.217
5287	28.435
