1	20.112
2	20.288
3	20.388
4	19.925
5	20.112
6	20.35
7	20.1
8	21.062
9	20.538
10	20.512
11	20.55
12	20.462
13	19.638
14	19.938
15	19.962
16	20.062
17	19.688
18	20.112
19	19.588
20	20.338
21	19.862
22	19.762
23	19.075
24	19.6
25	19.762
26	20.188
27	19.125
28	19.725
29	19.912
30	19.9
31	20.3
32	18.925
33	19.338
34	20.138
35	19.525
36	20.525
37	19.888
38	20.525
39	19.875
40	19.95
41	18.362
42	20.912
43	20.025
44	20.188
45	20.088
46	19.225
47	19.912
48	18.95
49	19.975
50	18.488
51	19.45
52	19.775
53	18.875
54	19.9
55	19.425
56	20.638
57	19.025
58	19.588
59	19.362
60	19.988
61	19.175
62	18.8
63	18.888
64	19.375
65	18.1
66	19.312
67	18.725
68	18.612
69	19.488
70	18.95
71	19.512
72	19.462
73	19.5
74	19.788
75	19.7
76	19.612
77	18.738
78	18.788
79	18.25
80	19.55
81	18.762
82	19.05
83	18.1
84	19.188
85	18.425
86	19.312
87	18.638
88	18.55
89	19.088
90	19.2
91	19.3
92	18.225
93	19.912
94	18.675
95	19.712
96	19.338
97	18.775
98	18.762
99	18.225
100	18.625
101	19.55
102	17.638
103	18.562
104	19.062
105	18.762
106	18.762
107	18.688
108	18.8
109	19.438
110	19.488
111	19.912
112	18.875
113	18.512
114	18.788
115	18.425
116	19.1
117	18.675
118	18.375
119	19.438
120	18.762
121	19.15
122	19.425
123	18.312
124	19.725
125	19.525
126	19.462
127	18.262
128	19.4
129	18.812
130	19.25
131	19.212
132	18.962
133	18.912
134	19.038
135	18.588
136	19.025
137	18.812
138	18.888
139	19.525
140	18.075
141	19.338
142	19.038
143	18.438
144	19.962
145	19
146	18.15
147	19.612
148	18.888
149	18.588
150	19.5
151	18.5
152	19.112
153	18.788
154	19.388
155	18.988
156	19.512
157	19.438
158	18.362
159	19.162
160	18.338
161	17.875
162	18.662
163	18.875
164	18.25
165	18.712
166	18.538
167	18.388
168	18.188
169	18.375
170	18.512
171	18.45
172	19
173	18.525
174	18.838
175	18.438
176	18.35
177	18.262
178	19.388
179	18.912
180	17.712
181	18.912
182	18.7
183	18.338
184	18.675
185	18.038
186	18.488
187	19.138
188	18.288
189	18.338
190	20.112
191	19.625
192	19.062
193	18.375
194	19.538
195	18.625
196	18.375
197	18.788
198	18.012
199	18.738
200	18.75
201	18.612
202	18.675
203	18.638
204	18.162
205	19.888
206	20.388
207	19.012
208	19.462
209	18.8
210	19.412
211	18.875
212	19
213	18.925
214	19.888
215	19
216	19.275
217	18.888
218	19.075
219	18.7
220	18.062
221	17.888
222	19.525
223	18.012
224	19.75
225	19.112
226	19.35
227	20
228	19.538
229	18.288
230	19.238
231	18.038
232	18.575
233	18.438
234	18.938
235	19.012
236	18.825
237	19.388
238	19.088
239	19.788
240	18.5
241	19.325
242	19.412
243	19.112
244	18.888
245	19.062
246	20.1
247	18.662
248	19.562
249	19.025
250	19.162
251	19.488
252	19.475
253	19.225
254	19.012
255	18.438
256	18.838
257	18.275
258	18.062
259	18.7
260	18.612
261	17.962
262	18.65
263	18.838
264	18.762
265	18.55
266	18.9
267	19.125
268	18.5
269	18.85
270	18.312
271	18.4
272	19.2
273	17.75
274	19.05
275	19.138
276	18.65
277	18.112
278	19.338
279	18.775
280	18.775
281	19.125
282	19.125
283	18.862
284	18.575
285	19.175
286	18.525
287	18.65
288	18.462
289	17.875
290	18.388
291	18.625
292	19.25
293	18.6
294	18.125
295	18.862
296	19.05
297	18.562
298	19.5
299	18.55
300	19.588
301	18.788
302	19.375
303	19.7
304	18.762
305	18.012
306	19.075
307	19.15
308	18.312
309	19.325
310	19.25
311	19.438
312	19.212
313	18.812
314	18.938
315	19.138
316	19.2
317	19.05
318	18.8
319	18.738
320	18.75
321	18.862
322	18.362
323	18.788
324	18.85
325	18.575
326	19.05
327	19.4
328	19.525
329	19.225
330	19.388
331	19.425
332	19.462
333	18.788
334	19.125
335	20.062
336	18.525
337	18.838
338	19.225
339	18.212
340	18.25
341	19.138
342	18.125
343	19.3
344	18.125
345	18.488
346	17.975
347	18.325
348	18.575
349	18.312
350	18.25
351	18.1
352	18.688
353	18.712
354	19.125
355	18.3
356	19.55
357	19.55
358	19.088
359	19.238
360	18.8
361	18.762
362	18.225
363	19.175
364	18.712
365	19.05
366	18.438
367	18.65
368	18.975
369	18.65
370	19.488
371	19.1
372	18.812
373	18.588
374	19.45
375	17.988
376	18.35
377	19.038
378	19.05
379	19.325
380	18.712
381	19.475
382	19.35
383	19.488
384	18.838
385	19.762
386	19.038
387	19.3
388	19
389	19.388
390	18.575
391	19.15
392	18.562
393	18.65
394	19.212
395	18.05
396	18.288
397	18.262
398	18.975
399	18.775
400	19.338
401	19.612
402	19.012
403	19.275
404	19.65
405	19.125
406	19
407	19.6
408	18.562
409	19.375
410	18.862
411	19.725
412	20.25
413	21.925
414	23.238
415	23.45
416	24.688
417	26.025
418	26.9
419	26.312
420	27.088
421	27.162
422	27.988
423	27.612
424	27.525
425	28.212
426	28.225
427	27.462
428	28.462
429	28.625
430	28.288
431	28.112
432	27.438
433	27.638
434	27.688
435	27.588
436	27.138
437	26.688
438	25.75
439	26.738
440	26.325
441	25.412
442	25.662
443	26.012
444	25.375
445	24.6
446	25.112
447	24.675
448	23.838
449	23.912
450	23.288
451	24.012
452	21.912
453	24.275
454	23.4
455	23.675
456	23.862
457	23.138
458	23.838
459	22.6
460	23.488
461	22.662
462	22.738
463	23.05
464	23.212
465	22.312
466	21.988
467	21.925
468	20.938
469	21.975
470	20.812
471	21.175
472	22.038
473	22.425
474	22.275
475	22.162
476	20.7
477	21.3
478	21.275
479	21.762
480	21.488
481	21.875
482	21.025
483	20.45
484	21.262
485	20.55
486	21.3
487	21.15
488	21.125
489	21.312
490	19.875
491	20.738
492	20.75
493	21.338
494	20.875
495	21.225
496	21.088
497	20.65
498	20.212
499	20.188
500	19.875
501	20.2
502	20.838
503	20.75
504	19.838
505	20.375
506	20.638
507	19.825
508	20.9
509	19.988
510	20.025
511	20.4
512	20.125
513	19.962
514	20.538
515	20.425
516	19.975
517	19.55
518	20.175
519	19.975
520	19.738
521	19.638
522	19.562
523	20.012
524	19.312
525	19.812
526	19.525
527	19.175
528	19.838
529	19.05
530	20.212
531	19.088
532	19.45
533	19.05
534	20.05
535	19.85
536	19.475
537	19.925
538	18.588
539	19.662
540	20.038
541	18.762
542	20.512
543	19.538
544	18.9
545	19.45
546	18.762
547	19.662
548	18.588
549	19.362
550	19.312
551	17.8
552	18.288
553	18.575
554	19.8
555	18.312
556	18.475
557	18.875
558	20.138
559	19.6
560	18.338
561	18.7
562	19.288
563	19.7
564	18.962
565	20.05
566	20.162
567	18.65
568	19.138
569	19.488
570	19.35
571	18.675
572	19.712
573	18.962
574	19.212
575	18.988
576	18.85
577	19.55
578	18.762
579	18.738
580	19.038
581	18.562
582	18.862
583	18.35
584	18.6
585	19.025
586	19.725
587	19.412
588	19.262
589	19.45
590	19.025
591	18.475
592	19.65
593	19.212
594	19.512
595	18.975
596	18.975
597	18.812
598	18.95
599	18.388
600	20.038
601	18.962
602	18.838
603	19.5
604	19.062
605	19.088
606	18.8
607	18.888
608	19.025
609	19.525
610	19.412
611	19.688
612	18.862
613	18.688
614	18.9
615	18.538
616	19.038
617	18.362
618	19.212
619	18.412
620	19.375
621	18.2
622	19.562
623	19.862
624	18.55
625	18.912
626	18.4
627	19.412
628	17.862
629	19.188
630	19.138
631	18.162
632	18.812
633	19.75
634	19.825
635	19.15
636	18.288
637	19.038
638	18.588
639	18.212
640	19.188
641	17.988
642	18.825
643	18.862
644	19.175
645	19.312
646	19.725
647	18.912
648	18.338
649	18.738
650	18.112
651	19.488
652	18.75
653	19.2
654	18.038
655	19.288
656	18.925
657	18.812
658	19.088
659	18.288
660	19.638
661	17.95
662	18.925
663	19.525
664	19.2
665	19.075
666	17.738
667	19.362
668	18.875
669	19.362
670	19.112
671	19.5
672	18.775
673	19.225
674	19.238
675	19.625
676	18.6
677	18.025
678	19.062
679	18.288
680	19.562
681	18.262
682	19.962
683	19.425
684	18.425
685	18.938
686	18.112
687	19.65
688	18.212
689	18.362
690	18.975
691	18.925
692	18.8
693	19.362
694	18.8
695	19.412
696	19.338
697	17.962
698	18.375
699	19.075
700	19.25
701	19.038
702	18.238
703	19.112
704	20.162
705	18.7
706	19.238
707	18.7
708	19.175
709	18.538
710	18.7
711	18.9
712	18.788
713	19.662
714	18.112
715	18.862
716	18.725
717	18.812
718	19.638
719	18.612
720	20.238
721	17.838
722	19.2
723	18.262
724	19.088
725	18.538
726	18.675
727	19.1
728	18.7
729	18.988
730	18.4
731	19.788
732	18.838
733	18.625
734	19.25
735	18.888
736	18.35
737	18.325
738	19.45
739	19.012
740	19.088
741	18.525
742	18
743	18.925
744	18.538
745	19.675
746	18.8
747	17.512
748	18.362
749	18.8
750	17.562
751	18.3
752	18.075
753	18.75
754	18.538
755	18.338
756	17.925
757	18.875
758	18.312
759	18.138
760	19.012
761	19.575
762	18.612
763	17.925
764	18.962
765	19.5
766	19.275
767	18.225
768	18.7
769	18.812
770	18.4
771	19.288
772	19.25
773	18.725
774	19.712
775	19.312
776	19.6
777	18.888
778	19.238
779	19.4
780	19.7
781	19.975
782	19.288
783	18.575
784	18.962
785	18.512
786	18.212
787	18.962
788	18.988
789	19.75
790	20.075
791	21.45
792	23.412
793	24.35
794	24.812
795	25.762
796	26.2
797	26.188
798	26.488
799	26.438
800	27.925
801	27
802	18.162
803	27.725
804	28.038
805	27.488
806	27.225
807	26.975
808	27.188
809	27.612
810	26.875
811	26.475
812	26.775
813	26.375
814	25.725
815	25.6
816	25.525
817	24.338
818	24.975
819	24.75
820	25.025
821	24.138
822	24.2
823	24.55
824	24.25
825	23.575
826	23.388
827	23.275
828	22.962
829	24.125
830	22.112
831	22.275
832	22.288
833	22.1
834	22.662
835	22.025
836	21.338
837	22.138
838	22.925
839	21.45
840	21.912
841	21.188
842	21.45
843	21.638
844	22.338
845	22.15
846	21.362
847	22.112
848	20.912
849	20.275
850	21.125
851	21.05
852	21.938
853	21.5
854	20.812
855	20.625
856	20.925
857	21
858	20.488
859	20.562
860	21.45
861	21.2
862	21.025
863	20.338
864	19.425
865	19.688
866	19.488
867	20.775
868	20.112
869	20.488
870	19.062
871	20.925
872	19.7
873	19.375
874	21.025
875	19.675
876	20.188
877	19.762
878	20.675
879	19.4
880	20.938
881	19.875
882	19.45
883	20.175
884	19.038
885	20.038
886	19.575
887	19.838
888	20.025
889	20.05
890	19.812
891	20.25
892	19.862
893	19.775
894	19.175
895	19.162
896	20.212
897	19.162
898	20.5
899	20.488
900	19.912
901	20.112
902	19.912
903	19.975
904	19.775
905	20.188
906	19.15
907	19.375
908	20.438
909	19.462
910	19.212
911	19.638
912	19.838
913	19.225
914	19.55
915	18.95
916	19.862
917	19.738
918	20.212
919	19.138
920	19.6
921	19.712
922	19.7
923	19.112
924	19.1
925	19.225
926	18.312
927	18.875
928	18.012
929	18.162
930	18.562
931	19.1
932	18.875
933	19.162
934	19.375
935	18.4
936	19.6
937	18.775
938	19.375
939	18.05
940	19.65
941	18.188
942	19.662
943	18.488
944	18.888
945	18.925
946	18.7
947	19.475
948	18.575
949	19.838
950	18.788
951	18.325
952	19.075
953	18.788
954	18.975
955	18.512
956	18.35
957	18.488
958	18.012
959	17.75
960	18.762
961	19.175
962	18.45
963	18.7
964	19.312
965	19.15
966	19.35
967	18.438
968	19.3
969	18.225
970	19.125
971	19.2
972	19.325
973	18.25
974	18.35
975	19
976	19.562
977	19.012
978	19.25
979	18.288
980	19.375
981	18.6
982	18.825
983	18.838
984	18.712
985	19.812
986	18.838
987	19.512
988	18.912
989	19.162
990	19.862
991	19.088
992	19.888
993	18.45
994	19.4
995	18.488
996	18.775
997	19.075
998	18.5
999	19.325
1000	18.962
1001	19.3
1002	19.25
1003	18.775
1004	18.9
1005	19.025
1006	18.8
1007	19.288
1008	19.35
1009	18.988
1010	18.838
1011	18.562
1012	19.262
1013	18.738
1014	19.7
1015	18.95
1016	19.25
1017	18.875
1018	18.638
1019	18.65
1020	18.45
1021	18.288
1022	18.875
1023	19.4
1024	18.3
1025	19.075
1026	19
1027	18
1028	18.65
1029	18.425
1030	18.7
1031	18.875
1032	19.062
1033	19.188
1034	19.388
1035	19.375
1036	18.912
1037	18.85
1038	19.2
1039	18.725
1040	19.2
1041	18.938
1042	19.162
1043	19
1044	19.125
1045	18.875
1046	19.825
1047	19.088
1048	19.725
1049	18.138
1050	18.425
1051	17.7
1052	18.738
1053	18.375
1054	18.662
1055	19.2
1056	18.9
1057	19.212
1058	19.012
1059	19.012
1060	18.025
1061	19.525
1062	18.725
1063	19.7
1064	18.412
1065	18.488
1066	19.012
1067	18.862
1068	18.512
1069	19.112
1070	19.688
1071	18.6
1072	18.688
1073	18.838
1074	18.575
1075	19.2
1076	18.338
1077	18.35
1078	18.8
1079	18.975
1080	18.862
1081	19
1082	17.712
1083	19.075
1084	19.188
1085	19.275
1086	18.625
1087	19.425
1088	18.025
1089	19.125
1090	19.612
1091	19.05
1092	19.062
1093	18.4
1094	19.362
1095	18.812
1096	18.925
1097	19.075
1098	19.088
1099	19.4
1100	18.825
1101	19.225
1102	19.412
1103	18.425
1104	19.262
1105	18.812
1106	20.175
1107	19.062
1108	19.462
1109	18.025
1110	18.95
1111	18.7
1112	18.775
1113	18.588
1114	18.1
1115	18.538
1116	18.962
1117	19.062
1118	18.675
1119	19.95
1120	19.038
1121	18.45
1122	18.712
1123	19.462
1124	19.425
1125	17.862
1126	19.375
1127	18.762
1128	18.475
1129	19.35
1130	19.488
1131	18.388
1132	18.812
1133	19.912
1134	18.462
1135	18.375
1136	18.212
1137	18.538
1138	19.088
1139	19.412
1140	19.025
1141	19.95
1142	19.388
1143	19.062
1144	18.875
1145	19.225
1146	19.9
1147	17.488
1148	19.8
1149	19.012
1150	18.662
1151	18.9
1152	18.925
1153	18.825
1154	19.4
1155	19.412
1156	18.538
1157	18.45
1158	18.925
1159	18.512
1160	19.55
1161	18.812
1162	19.125
1163	19.038
1164	19.512
1165	19.138
1166	18.512
1167	18.988
1168	18.825
1169	18.95
1170	19.138
1171	19.95
1172	19.438
1173	18.838
1174	18.65
1175	18.962
1176	18.7
1177	18.3
1178	19.15
1179	18.612
1180	19.538
1181	19.188
1182	20.662
1183	21.025
1184	22.488
1185	22.588
1186	24.15
1187	24.75
1188	25.15
1189	25.325
1190	25.45
1191	27.088
1192	26.4
1193	26.475
1194	27.038
1195	28
1196	27.288
1197	26.85
1198	27.65
1199	26.625
1200	27.412
1201	26.15
1202	26.45
1203	26.812
1204	26.475
1205	26.512
1206	26.112
1207	27.45
1208	26.675
1209	25.962
1210	25.888
1211	25.488
1212	25.6
1213	25.425
1214	25.55
1215	25.025
1216	24.325
1217	25
1218	24.312
1219	23.775
1220	23.4
1221	23.238
1222	23.475
1223	23.05
1224	23.738
1225	23.25
1226	23.975
1227	22.938
1228	22.662
1229	22.788
1230	22.362
1231	23
1232	22.762
1233	22.688
1234	18.188
1235	21.375
1236	21.762
1237	18.888
1238	22.112
1239	21.1
1240	21.975
1241	21.875
1242	21.725
1243	22.038
1244	21.488
1245	21.6
1246	21.388
1247	21.338
1248	21.812
1249	20.8
1250	22.038
1251	21.7
1252	21.712
1253	21.5
1254	20.925
1255	21.975
1256	21.75
1257	21.55
1258	21.075
1259	20.612
1260	21.062
1261	20.338
1262	20.988
1263	20.788
1264	20.638
1265	20.5
1266	21.025
1267	20.988
1268	20.65
1269	20.4
1270	20.062
1271	20.538
1272	20.85
1273	20.25
1274	20.538
1275	20.162
1276	20.7
1277	21.175
1278	20.938
1279	19.6
1280	20.45
1281	20.362
1282	20.488
1283	19.875
1284	20.612
1285	20.275
1286	20.1
1287	19.55
1288	19.55
1289	19.962
1290	20.112
1291	19.5
1292	20.162
1293	19.9
1294	19.212
1295	20.088
1296	19.975
1297	19.988
1298	20.425
1299	19.912
1300	19.975
1301	19.488
1302	20.225
1303	19.625
1304	19.438
1305	19.25
1306	20.3
1307	18.688
1308	20.412
1309	19.912
1310	18.95
1311	19.938
1312	19.912
1313	19.35
1314	19.65
1315	19.925
1316	19.412
1317	19.975
1318	19.325
1319	19.775
1320	20.1
1321	19.275
1322	19.812
1323	19.788
1324	19.45
1325	19.15
1326	19.225
1327	19.162
1328	18.925
1329	19.725
1330	19.775
1331	19.988
1332	18.962
1333	19.362
1334	20.138
1335	19.362
1336	19.325
1337	19.462
1338	19.012
1339	19.95
1340	19.462
1341	18.738
1342	19.212
1343	19.4
1344	19.15
1345	18.638
1346	18.675
1347	19.488
1348	19.375
1349	18.812
1350	18.362
1351	19.262
1352	18.712
1353	19.225
1354	19.088
1355	19.025
1356	19.225
1357	19.562
1358	18.05
1359	19.05
1360	19.45
1361	17.725
1362	18.475
1363	17.838
1364	18.525
1365	19
1366	19.762
1367	18.45
1368	18.588
1369	18.2
1370	18.538
1371	18.9
1372	18.512
1373	18.9
1374	18.975
1375	19.562
1376	18.888
1377	17.475
1378	17.888
1379	18.45
1380	19.7
1381	20.912
1382	22.562
1383	23.588
1384	24.55
1385	24.275
1386	24.675
1387	25.8
1388	26.325
1389	26.6
1390	26.2
1391	27.55
1392	26.575
1393	27.025
1394	27.225
1395	27.325
1396	27.375
1397	25.85
1398	25.975
1399	26.062
1400	27.312
1401	26.962
1402	26.612
1403	26.838
1404	25.675
1405	25.662
1406	24.975
1407	24.575
1408	23.5
1409	23.562
1410	24.375
1411	24.875
1412	24.038
1413	24.175
1414	23.9
1415	24.475
1416	24.088
1417	23.075
1418	22.912
1419	22.562
1420	22.762
1421	22.475
1422	22.875
1423	22.6
1424	19.012
1425	22.2
1426	22.975
1427	21.625
1428	21.912
1429	22.675
1430	21.65
1431	21.6
1432	21.5
1433	22.188
1434	21.462
1435	21.762
1436	21.412
1437	21.8
1438	21.388
1439	21.225
1440	21.638
1441	21.475
1442	22.012
1443	21.262
1444	21.162
1445	21.4
1446	20.85
1447	21.1
1448	21.675
1449	20.725
1450	20.662
1451	21.35
1452	20.188
1453	21.438
1454	20.025
1455	21.012
1456	20.812
1457	20.85
1458	20.838
1459	20.6
1460	20.875
1461	19.85
1462	21.088
1463	19.962
1464	21.225
1465	20
1466	19.788
1467	20.775
1468	20.025
1469	20.35
1470	19.962
1471	19.975
1472	19.6
1473	20.412
1474	18.925
1475	20.062
1476	20.412
1477	19.725
1478	20.35
1479	19.925
1480	20.612
1481	20.525
1482	20.4
1483	20.725
1484	19.85
1485	19.412
1486	20.338
1487	19.362
1488	19.125
1489	20.838
1490	20.012
1491	19.85
1492	20.438
1493	20.325
1494	19.025
1495	20
1496	19.488
1497	20.4
1498	19.538
1499	19.225
1500	19.588
1501	18.725
1502	19.525
1503	18.775
1504	19.175
1505	19.488
1506	19.262
1507	19.362
1508	18.675
1509	19.45
1510	19.212
1511	18.85
1512	19.512
1513	19.088
1514	19.712
1515	20.162
1516	20.35
1517	19.688
1518	19.712
1519	19.35
1520	18.588
1521	19.738
1522	19.4
1523	19.262
1524	20
1525	19.375
1526	19.562
1527	19.238
1528	20.362
1529	19.462
1530	19.575
1531	19.25
1532	19.775
1533	19.038
1534	19.162
1535	18.812
1536	19.688
1537	20.15
1538	19
1539	19.062
1540	19.325
1541	20
1542	19.25
1543	19.688
1544	19.362
1545	19.138
1546	20.1
1547	18.838
1548	18.962
1549	19.625
1550	19.162
1551	18.762
1552	19.175
1553	19.825
1554	18.95
1555	18.725
1556	18.3
1557	18.85
1558	19.538
1559	19.45
1560	19.1
1561	19.838
1562	19.025
1563	19.2
1564	19.488
1565	18.538
1566	18.95
1567	19.425
1568	19.175
1569	19.525
1570	19.388
1571	18.725
1572	18.4
1573	19.55
1574	18.838
1575	19.312
1576	18.675
1577	19.038
1578	19.25
1579	18.475
1580	19.05
1581	17.762
1582	19.425
1583	18.612
1584	19
1585	19.45
1586	19.488
1587	19.012
1588	19.525
1589	19.612
1590	18.688
1591	18.95
1592	19.538
1593	19.65
1594	19.162
1595	19.538
1596	19.212
1597	19.075
1598	18.575
1599	18.388
1600	19.675
1601	19.125
1602	19.212
1603	18.562
1604	18.162
1605	19.125
1606	19.15
1607	18.638
1608	18.95
1609	19.388
1610	18.9
1611	19.738
1612	19.35
1613	19.088
1614	19.712
1615	19.025
1616	18.688
1617	19.175
1618	19.662
1619	18.738
1620	19.512
1621	18.462
1622	19.362
1623	19.825
1624	18.888
1625	18.912
1626	19.025
1627	18.488
1628	18.488
1629	18.95
1630	18.938
1631	18.712
1632	18.988
1633	18.875
1634	18.588
1635	18.562
1636	18.112
1637	17.838
1638	18.488
1639	18.6
1640	18.388
1641	18.912
1642	18.762
1643	18.638
1644	18.575
1645	18.088
1646	18.338
1647	17.938
1648	18.738
1649	18.25
1650	17.312
1651	18.2
1652	18.938
1653	18.838
1654	19.162
1655	19.162
1656	19.262
1657	18.725
1658	17.9
1659	18.325
1660	19.512
1661	19.45
1662	19.45
1663	18.162
1664	18.95
1665	18.438
1666	18.788
1667	19.35
1668	18.925
1669	19.8
1670	18.2
1671	19.2
1672	18.925
1673	18.875
1674	19.325
1675	18.125
1676	18.762
1677	19
1678	19.212
1679	18.288
1680	19.288
1681	19.025
1682	19.125
1683	18.35
1684	19.475
1685	18.738
1686	18.662
1687	19.725
1688	18.425
1689	18.85
1690	19
1691	18.925
1692	18.7
1693	19.15
1694	19.5
1695	18.638
1696	18.525
1697	19.188
1698	19.35
1699	19.412
1700	18.75
1701	18.4
1702	19.312
1703	19.038
1704	19.062
1705	19.038
1706	18.575
1707	19.538
1708	18.488
1709	18.95
1710	18.575
1711	18.975
1712	18.4
1713	18.588
1714	18.125
1715	18.425
1716	19.112
1717	18.975
1718	19.412
1719	18.188
1720	18.85
1721	19.062
1722	20.138
1723	19.3
1724	18.988
1725	18.475
1726	17.95
1727	19.575
1728	19.375
1729	19.2
1730	19.275
1731	18.788
1732	18.062
1733	18.95
1734	18.45
1735	17.888
1736	18.75
1737	19.525
1738	18.838
1739	18.275
1740	18.075
1741	18.2
1742	19.3
1743	18.5
1744	19.625
1745	18.362
1746	19.062
1747	18.375
1748	18.775
1749	18.488
1750	19.338
1751	18.688
1752	19.738
1753	18.688
1754	19.138
1755	17.7
1756	18.825
1757	18.538
1758	17.762
1759	18.7
1760	17.55
1761	17.925
1762	18.588
1763	18.712
1764	19.175
1765	18.338
1766	18.738
1767	18.462
1768	19.425
1769	19.125
1770	18.25
1771	18.462
1772	18.65
1773	19.138
1774	18.088
1775	18.612
1776	18.45
1777	18.6
1778	18.662
1779	18.75
1780	17.575
1781	17.675
1782	18.412
1783	19.45
1784	18.788
1785	18.375
1786	18.5
1787	18.3
1788	19.288
1789	19.788
1790	18.662
1791	18.438
1792	19.388
1793	19.088
1794	18.5
1795	18.838
1796	18.65
1797	17.838
1798	17.825
1799	18.425
1800	19.162
1801	18.125
1802	18.738
1803	17.975
1804	18.512
1805	18.225
1806	18.938
1807	19.175
1808	18.7
1809	18.5
1810	18.138
1811	18.162
1812	19.4
1813	18.625
1814	18.762
1815	18.362
1816	19.112
1817	17.85
1818	19.112
1819	17.65
1820	18.525
1821	18.262
1822	18.5
1823	18.312
1824	18.65
1825	18.9
1826	19.812
1827	18.538
1828	18.012
1829	18.2
1830	18.3
1831	18.262
1832	19.012
1833	18.425
1834	19.075
1835	18.612
1836	17.938
1837	18.812
1838	19.062
1839	18.488
1840	19.175
1841	19.038
1842	18.1
1843	18.575
1844	18.788
1845	17.7
1846	18.7
1847	17.6
1848	18.9
1849	18.538
1850	19.612
1851	19.212
1852	18.438
1853	18.262
1854	18.775
1855	18.788
1856	18.025
1857	17.712
1858	19.138
1859	19.062
1860	19.238
1861	18.562
1862	20.575
1863	21.075
1864	22.875
1865	23.075
1866	23.812
1867	23.9
1868	23.812
1869	25.85
1870	26.15
1871	25.775
1872	25.212
1873	26.338
1874	25.975
1875	26.2
1876	26.188
1877	26.088
1878	26.562
1879	18.975
1880	25.6
1881	25.625
1882	25.925
1883	25.338
1884	25.35
1885	23.862
1886	24.538
1887	24.275
1888	24.188
1889	24.05
1890	24.775
1891	23.988
1892	23.338
1893	23.412
1894	22.65
1895	22.588
1896	22.538
1897	23.1
1898	18.512
1899	23
1900	22.375
1901	21.225
1902	21.975
1903	22.475
1904	22.2
1905	21.862
1906	19.988
1907	21.775
1908	21.5
1909	22.362
1910	23.225
1911	21.788
1912	20.35
1913	20.775
1914	21.912
1915	21.038
1916	21.512
1917	21.2
1918	20.962
1919	20.7
1920	21.525
1921	20.325
1922	22.388
1923	21.275
1924	20.812
1925	21.175
1926	20.65
1927	20.8
1928	21.475
1929	21.088
1930	20.688
1931	19.85
1932	20.338
1933	21
1934	20.875
1935	20.125
1936	21.45
1937	19.85
1938	21.2
1939	20.012
1940	20.112
1941	20.238
1942	20.95
1943	20.088
1944	20.275
1945	19.612
1946	19.175
1947	19.975
1948	19.862
1949	19.55
1950	19.65
1951	19.912
1952	20.3
1953	19.875
1954	19.575
1955	19.625
1956	21.025
1957	20.012
1958	19.838
1959	19.912
1960	20.462
1961	19.388
1962	19.025
1963	19.712
1964	19.875
1965	19.775
1966	19.15
1967	19.988
1968	19.312
1969	19.375
1970	19.488
1971	19.788
1972	19.512
1973	18.475
1974	19.488
1975	19.175
1976	19.25
1977	18.9
1978	20.338
1979	19.438
1980	20.075
1981	19.312
1982	19.25
1983	19.762
1984	20.312
1985	18.5
1986	18.712
1987	19.712
1988	19.512
1989	19.05
1990	19.15
1991	19.262
1992	19.875
1993	19
1994	19.588
1995	19.538
1996	19.825
1997	19.438
1998	19.475
1999	19
2000	18.688
2001	18.05
2002	19.175
2003	18.138
2004	18.7
2005	19.175
2006	19.5
2007	17.862
2008	19.538
2009	19.538
2010	18.962
2011	19.088
2012	18.525
2013	18.612
2014	19.075
2015	19.725
2016	18.6
2017	19.188
2018	19.712
2019	18.862
2020	18.725
2021	18.288
2022	18.6
2023	17.812
2024	18.362
2025	19.25
2026	18.688
2027	18.488
2028	18.288
2029	19.488
2030	18.238
2031	19.6
2032	18.2
2033	18.688
2034	18.612
2035	18.4
2036	18.888
2037	18.288
2038	19.3
2039	19.075
2040	19.438
2041	18.462
2042	19.325
2043	18.588
2044	19.812
2045	19.3
2046	18.838
2047	18.688
2048	18.9
2049	19.4
2050	19.362
2051	19.012
2052	18.412
2053	19.1
2054	18.6
2055	18.575
2056	18.362
2057	18.675
2058	19.125
2059	18.362
2060	18.738
2061	18.788
2062	19.212
2063	19.312
2064	18.662
2065	19.475
2066	19.175
2067	18.15
2068	18.638
2069	19.588
2070	18.412
2071	18.975
2072	18.412
2073	18.625
2074	18.912
2075	18.488
2076	18.888
2077	19.788
2078	19.325
2079	19.075
2080	18.638
2081	19.138
2082	18.575
2083	18.738
2084	19.2
2085	18.788
2086	19.438
2087	18.125
2088	18.938
2089	18.15
2090	18.938
2091	18.812
2092	18.45
2093	17.85
2094	18.575
2095	18.612
2096	18.475
2097	18.45
2098	18.962
2099	19.3
2100	19.1
2101	18.238
2102	18.612
2103	19.125
2104	18.9
2105	19.588
2106	18.662
2107	18.775
2108	19.312
2109	19.138
2110	18.912
2111	18.65
2112	18.775
2113	18.788
2114	19.012
2115	18.638
2116	19.212
2117	18.275
2118	18.6
2119	19.325
2120	19.375
2121	19.2
2122	18.875
2123	18.838
2124	18.988
2125	17.688
2126	18.438
2127	18.15
2128	18.088
2129	18.175
2130	18.262
2131	18.462
2132	18.838
2133	19.125
2134	18.825
2135	18.7
2136	18.95
2137	19.388
2138	19.138
2139	19.188
2140	21.138
2141	22.75
2142	22.6
2143	22.725
2144	24.225
2145	24.025
2146	24.575
2147	24.838
2148	25.875
2149	26.075
2150	25.388
2151	25.75
2152	25.95
2153	25.675
2154	26.188
2155	25.638
2156	24.862
2157	25.675
2158	25.038
2159	24.425
2160	24.975
2161	24.925
2162	25.088
2163	25.238
2164	25.288
2165	24.8
2166	25.262
2167	24.462
2168	24.912
2169	23.85
2170	24.05
2171	24.238
2172	24.112
2173	24.275
2174	22.688
2175	24.35
2176	23.912
2177	22.1
2178	22.788
2179	22.075
2180	23.288
2181	23.212
2182	22.65
2183	21.825
2184	22.475
2185	21.712
2186	22.512
2187	21.975
2188	22.125
2189	22.438
2190	22.312
2191	22.538
2192	20.925
2193	22.138
2194	21.125
2195	21.838
2196	21.775
2197	21.525
2198	21.3
2199	20.762
2200	20.662
2201	20.15
2202	20.7
2203	19.912
2204	20.912
2205	21.238
2206	20.725
2207	20.988
2208	20.712
2209	18.712
2210	19.275
2211	21.75
2212	20.725
2213	20.338
2214	20.075
2215	19.85
2216	20.8
2217	19.688
2218	20.488
2219	19.75
2220	19.15
2221	19.388
2222	20.725
2223	20.025
2224	20.85
2225	20.05
2226	19.588
2227	20.212
2228	19.6
2229	19.775
2230	20.312
2231	20.562
2232	18.4
2233	19.162
2234	19.738
2235	20.1
2236	19.275
2237	20.262
2238	19.775
2239	20.45
2240	19.625
2241	18.762
2242	20.175
2243	19.912
2244	18.35
2245	19.35
2246	19.375
2247	19.675
2248	19.362
2249	19.525
2250	19.75
2251	19.5
2252	19.5
2253	20.312
2254	19.625
2255	19.575
2256	20.212
2257	19.562
2258	19.788
2259	19.012
2260	19.612
2261	18.875
2262	19.638
2263	19.438
2264	19.362
2265	19.425
2266	19.55
2267	19.8
2268	18.825
2269	19.088
2270	19.675
2271	19.638
2272	19.775
2273	19.088
2274	19.4
2275	18.775
2276	19
2277	18.5
2278	19.188
2279	19.3
2280	19.1
2281	19.938
2282	19.525
2283	19.662
2284	19.325
2285	18.012
2286	19.362
2287	19.225
2288	18.812
2289	19.375
2290	19.062
2291	18.862
2292	18.738
2293	18.912
2294	18.775
2295	18.562
2296	19.425
2297	19.15
2298	18.8
2299	19.112
2300	19.325
2301	18.275
2302	19.038
2303	18.8
2304	18.95
2305	18.738
2306	17.662
2307	18.112
2308	18.075
2309	18.938
2310	19.325
2311	19.162
2312	18.425
2313	19.25
2314	18.825
2315	19.1
2316	19.7
2317	18.412
2318	19.175
2319	19.075
2320	18.112
2321	18.8
2322	19.3
2323	19.112
2324	18.962
2325	18.938
2326	18.912
2327	18.788
2328	18.6
2329	18.812
2330	19.762
2331	18.55
2332	18.488
2333	18.3
2334	18.712
2335	18.512
2336	18.188
2337	19.225
2338	20.012
2339	18.412
2340	19.25
2341	18.662
2342	19.388
2343	18.475
2344	18.488
2345	18.15
2346	18.238
2347	19.688
2348	18.688
2349	19.062
2350	19.062
2351	17.912
2352	18.85
2353	18.662
2354	18.938
2355	18.688
2356	19.288
2357	18.138
2358	18.075
2359	18.7
2360	17.95
2361	19.038
2362	18.612
2363	18.538
2364	19.675
2365	17.688
2366	17.875
2367	18.175
2368	18.838
2369	19.088
2370	18.412
2371	18.012
2372	18.088
2373	18.9
2374	18.975
2375	17.988
2376	18.888
2377	18.988
2378	18.45
2379	18.175
2380	18.8
2381	18.712
2382	19.712
2383	18.038
2384	19.212
2385	18.688
2386	18.912
2387	18.562
2388	18.425
2389	19.225
2390	18.525
2391	19.65
2392	18.05
2393	18.025
2394	17.475
2395	18.988
2396	18
2397	18.6
2398	19.162
2399	18.738
2400	19.075
2401	17.812
2402	19.15
2403	18.088
2404	18.488
2405	17.012
2406	18.162
2407	18.138
2408	18.812
2409	18.275
2410	18.412
2411	18.45
2412	19.8
2413	18.362
2414	17.912
2415	18.262
2416	20.412
2417	19
2418	19.125
2419	18.275
2420	18.962
2421	19.025
2422	18.988
2423	18.7
2424	18.462
2425	18.85
2426	19.725
2427	18.925
2428	19.538
2429	18.8
2430	18.888
2431	18.275
2432	18.95
2433	18.7
2434	19.825
2435	18.45
2436	19.325
2437	18.062
2438	19.062
2439	18.825
2440	18.325
2441	18.338
2442	18.638
2443	19.112
2444	18.25
2445	18.838
2446	19.175
2447	19.312
2448	18.562
2449	19.338
2450	18.625
2451	18.388
2452	18.6
2453	18.512
2454	18.05
2455	18.025
2456	19.288
2457	18.15
2458	18.762
2459	19.538
2460	18.35
2461	19.3
2462	18.488
2463	18.75
2464	17.638
2465	19.512
2466	18.688
2467	18.85
2468	19.325
2469	18.6
2470	18.675
2471	19.262
2472	19.4
2473	18.475
2474	18.9
2475	17.938
2476	18.2
2477	17.525
2478	19.388
2479	19.25
2480	18.575
2481	19.362
2482	18.95
2483	19.575
2484	18.525
2485	18.95
2486	20.062
2487	21.388
2488	23.175
2489	23.55
2490	24.5
2491	24.275
2492	26.412
2493	24.725
2494	25.2
2495	24.938
2496	25.562
2497	25.112
2498	25.638
2499	25.375
2500	25.538
2501	25.038
2502	26.162
2503	25.088
2504	25.4
2505	24.388
2506	25.025
2507	24.3
2508	24.638
2509	23.375
2510	24.312
2511	24.8
2512	23.162
2513	22.862
2514	23.325
2515	23.538
2516	23.512
2517	23.3
2518	22.838
2519	22.925
2520	22.45
2521	21.588
2522	22.662
2523	21.5
2524	21.1
2525	22.45
2526	22.038
2527	21.45
2528	22.812
2529	21.538
2530	22.062
2531	21.775
2532	21.25
2533	20.988
2534	21.012
2535	20.812
2536	21.6
2537	19.925
2538	21.1
2539	22.3
2540	21.325
2541	21.512
2542	20.612
2543	20.688
2544	20.975
2545	21.025
2546	21.275
2547	20.988
2548	20.388
2549	20.225
2550	20.862
2551	20.862
2552	21.075
2553	20.35
2554	21.5
2555	20.025
2556	20.325
2557	19.588
2558	20.75
2559	20.638
2560	20.412
2561	20.188
2562	20.625
2563	20.1
2564	20.35
2565	20.625
2566	19.288
2567	19.988
2568	19.638
2569	19.212
2570	20.05
2571	19.838
2572	20.138
2573	19.775
2574	20.175
2575	19.225
2576	19.875
2577	18.925
2578	20.612
2579	19.912
2580	19.388
2581	19.225
2582	20.238
2583	19.712
2584	19.788
2585	19.388
2586	19.938
2587	19.25
2588	20.15
2589	19.675
2590	19.4
2591	19.175
2592	19.175
2593	19.025
2594	19.125
2595	19.075
2596	19.112
2597	19.138
2598	19.788
2599	19
2600	18.875
2601	19.55
2602	19.362
2603	19.612
2604	19.475
2605	18.038
2606	20.112
2607	17.275
2608	19.238
2609	18.438
2610	19.262
2611	18.262
2612	18.575
2613	19
2614	18.8
2615	19.088
2616	19.388
2617	19.738
2618	19.238
2619	19.038
2620	19.25
2621	19.15
2622	20.125
2623	19.962
2624	19.5
2625	18.762
2626	18.862
2627	19
2628	19.775
2629	18.788
2630	19.35
2631	19.325
2632	19.95
2633	19.55
2634	17.712
2635	19.412
2636	19.3
2637	19.05
2638	18.988
2639	19.85
2640	18.225
2641	19.375
2642	19.088
2643	18.812
2644	18.45
2645	19.125
2646	17.975
2647	19.2
2648	18.762
2649	19.162
2650	18.45
2651	19.312
2652	18.288
2653	18.8
2654	19.738
2655	18.812
2656	18.975
2657	19.25
2658	18.85
2659	18.875
2660	19.075
2661	18.662
2662	19
2663	18.562
2664	18.6
2665	18.862
2666	17.962
2667	19.512
2668	17.138
2669	19.025
2670	18.725
2671	18.612
2672	18.75
2673	18.088
2674	19.075
2675	18.962
2676	19
2677	18.725
2678	18.9
2679	18.475
2680	17.888
2681	19.35
2682	18.875
2683	17.862
2684	17.588
2685	18.175
2686	18.288
2687	18.038
2688	19.638
2689	18.1
2690	18.512
2691	18.275
2692	18.425
2693	19.275
2694	17.975
2695	19.012
2696	18.112
2697	18.975
2698	18.862
2699	18.488
2700	18.975
2701	18.725
2702	18.338
2703	18.262
2704	18.75
2705	19
2706	18.662
2707	18.612
2708	19.262
2709	18.088
2710	19.112
2711	17.85
2712	19.338
2713	18.662
2714	18.838
2715	20.062
2716	18.412
2717	19.038
2718	18.15
2719	18.888
2720	17.888
2721	19.175
2722	19.1
2723	18.325
2724	19.412
2725	18.725
2726	18.4
2727	18.775
2728	18.788
2729	18.688
2730	18.862
2731	18.812
2732	18.625
2733	19
2734	18.675
2735	18.825
2736	18.412
2737	18.05
2738	18.675
2739	19
2740	18.725
2741	18.112
2742	19.025
2743	18.888
2744	19.312
2745	19.088
2746	19.212
2747	18.8
2748	19.025
2749	18.062
2750	18.938
2751	18.762
2752	18.5
2753	18.4
2754	18.912
2755	18.275
2756	18.4
2757	18.375
2758	18.338
2759	18.662
2760	19.175
2761	19.075
2762	19.45
2763	17.512
2764	18.075
2765	18.35
2766	18.388
2767	19
2768	18.975
2769	18.438
2770	18.688
2771	18.538
2772	18.488
2773	18.962
2774	19.388
2775	19.075
2776	18.938
2777	18.175
2778	17.825
2779	17.838
2780	18.1
2781	18.512
2782	17.888
2783	19.2
2784	18.5
2785	18.5
2786	18.962
2787	18.2
2788	18.725
2789	18.312
2790	17.638
2791	18.538
2792	17.912
2793	19
2794	19.55
2795	18.425
2796	19.038
2797	18
2798	18.288
2799	18.6
2800	18.625
2801	18.812
2802	19.288
2803	18.9
2804	19.225
2805	18.65
2806	18.525
2807	18.838
2808	18.412
2809	19.312
2810	18.638
2811	17.775
2812	18.575
2813	17.75
2814	18.425
2815	17.975
2816	18.45
2817	19.112
2818	17.975
2819	19.075
2820	19.338
2821	19.475
2822	20.3
2823	22.325
2824	22.312
2825	22.675
2826	24.175
2827	24.4
2828	24.3
2829	24.188
2830	25.738
2831	24.95
2832	24.75
2833	25.575
2834	25.725
2835	25.3
2836	25.475
2837	25.65
2838	24.712
2839	24.925
2840	24.275
2841	24.688
2842	25.4
2843	24.262
2844	24.188
2845	23.462
2846	24.425
2847	23.725
2848	23.575
2849	24.138
2850	23.038
2851	23.838
2852	23.5
2853	23.212
2854	22.912
2855	22.588
2856	21.788
2857	22.812
2858	21.725
2859	21.375
2860	22.162
2861	22.475
2862	21.775
2863	21.85
2864	21
2865	21.638
2866	21.912
2867	21.312
2868	21.512
2869	21.35
2870	22.025
2871	20.75
2872	20.875
2873	21.225
2874	20.275
2875	20.788
2876	20.788
2877	20.188
2878	21.225
2879	21.1
2880	21.412
2881	20.175
2882	20.138
2883	20.688
2884	20.725
2885	20.75
2886	19.388
2887	19.812
2888	20.1
2889	20.238
2890	20.425
2891	20.475
2892	19.6
2893	19.775
2894	20.6
2895	20.275
2896	21.7
2897	20.162
2898	20.225
2899	20.3
2900	19.462
2901	19.938
2902	19.7
2903	18.8
2904	19.738
2905	20.188
2906	19.35
2907	19.725
2908	19.55
2909	19.662
2910	19.438
2911	18.75
2912	19.462
2913	18.925
2914	20.038
2915	19.025
2916	19.425
2917	19.862
2918	19.438
2919	19.588
2920	19.525
2921	19.85
2922	18.9
2923	18.962
2924	19.125
2925	19.05
2926	19.962
2927	18.625
2928	18.688
2929	18.75
2930	20
2931	18.888
2932	19.2
2933	18.738
2934	20.075
2935	18.712
2936	19.588
2937	20.05
2938	19.688
2939	19.4
2940	19.6
2941	19.55
2942	19.175
2943	19.825
2944	19.45
2945	18.75
2946	19.35
2947	18.862
2948	19.638
2949	19.175
2950	20.275
2951	19.338
2952	19.1
2953	18.975
2954	18.962
2955	18.8
2956	18.475
2957	19.112
2958	19.2
2959	19.388
2960	18.838
2961	18.288
2962	17.812
2963	18.388
2964	18.412
2965	18.638
2966	19.212
2967	19.088
2968	19.175
2969	18.6
2970	19.088
2971	18.8
2972	18.688
2973	18.625
2974	18.6
2975	18.338
2976	18.275
2977	18.612
2978	19.675
2979	19.025
2980	18.238
2981	18.688
2982	18.562
2983	18.562
2984	17.925
2985	19.3
2986	19.462
2987	18.162
2988	18.438
2989	19.412
2990	18.425
2991	18.862
2992	17.938
2993	18.3
2994	18.162
2995	18.612
2996	18.45
2997	18.888
2998	19.912
2999	17.462
3000	18.625
3001	18.3
3002	18.875
3003	19.012
3004	19.138
3005	18.975
3006	18.762
3007	19.288
3008	18.688
3009	18.238
3010	18.3
3011	18.038
3012	18.675
3013	19.775
3014	19.2
3015	18.275
3016	19.15
3017	18.038
3018	19.4
3019	17.875
3020	18.388
3021	17.975
3022	17.875
3023	18.212
3024	18.462
3025	18.538
3026	18.362
3027	19.088
3028	17.762
3029	18.6
3030	18.8
3031	18.812
3032	19.262
3033	18.738
3034	18.312
3035	18.188
3036	18.188
3037	18.025
3038	18.95
3039	18.338
3040	18.95
3041	19.375
3042	18.85
3043	19.162
3044	18.438
3045	17.875
3046	18.175
3047	18.65
3048	19.488
3049	19.538
3050	19.175
3051	19.775
3052	19.35
3053	19.062
3054	17.8
3055	18.9
3056	18.712
3057	18.75
3058	17.438
3059	18.175
3060	18.662
3061	19.425
3062	19.238
3063	18.425
3064	19.162
3065	18.538
3066	19.75
3067	18.612
3068	18.725
3069	19
3070	19.825
3071	18.925
3072	17.912
3073	18.662
3074	18.2
3075	18.562
3076	17.625
3077	18.688
3078	18.5
3079	18.9
3080	18.588
3081	18.825
3082	18.85
3083	19.112
3084	17.9
3085	18.175
3086	19.462
3087	18.725
3088	19.138
3089	19.462
3090	18.462
3091	18.288
3092	18.15
3093	18.55
3094	18.988
3095	19.712
3096	18.362
3097	17.988
3098	18.275
3099	18.538
3100	19.112
3101	19.012
3102	19.075
3103	18.712
3104	18.925
3105	18.65
3106	18.7
3107	19.05
3108	19.138
3109	18.662
3110	18.2
3111	18.975
3112	17.825
3113	17.85
3114	18.662
3115	18.825
3116	19.338
3117	17.788
3118	18.05
3119	18.775
3120	18.575
3121	17.138
3122	18.062
3123	17.75
3124	18.95
3125	18.675
3126	18.875
3127	18.475
3128	17.875
3129	17.962
3130	18.162
3131	17.925
3132	18.438
3133	18.788
3134	18.975
3135	18.55
3136	18.675
3137	18.288
3138	19.162
3139	19.262
3140	18.85
3141	18.012
3142	18.562
3143	18.912
3144	18.788
3145	19.362
3146	18.688
3147	18.738
3148	18.862
3149	18.325
3150	18.488
3151	19.388
3152	18.575
3153	18.112
3154	19.038
3155	18.7
3156	19.4
3157	18.912
3158	18.65
3159	18.925
3160	18.65
3161	20
3162	17.825
3163	19.212
3164	18.512
3165	18.625
3166	18.8
3167	17.825
3168	18.1
3169	19.325
3170	17.612
3171	18.512
3172	19.188
3173	17.375
3174	18.862
3175	18.338
3176	19.588
3177	18.662
3178	20.05
3179	21.462
3180	21.862
3181	22.138
3182	21.838
3183	22.925
3184	23.55
3185	23.838
3186	23.562
3187	24.088
3188	24.188
3189	24.375
3190	24.838
3191	24
3192	24.25
3193	24.75
3194	24.238
3195	24.4
3196	24.312
3197	24.912
3198	23.95
3199	24.288
3200	24.088
3201	22.762
3202	23.588
3203	22.475
3204	23.95
3205	23
3206	22.888
3207	21.912
3208	23.15
3209	22.725
3210	21.012
3211	22.15
3212	22.275
3213	21.75
3214	22.425
3215	20.312
3216	21.45
3217	22.025
3218	20.925
3219	21.5
3220	22.25
3221	21.412
3222	20.862
3223	20.762
3224	22.125
3225	20.938
3226	21.225
3227	21.312
3228	20.312
3229	20.85
3230	21.1
3231	20.75
3232	20.275
3233	19.775
3234	19.538
3235	19.812
3236	20.188
3237	19.575
3238	19.638
3239	18.938
3240	20.075
3241	18.975
3242	20.988
3243	19.575
3244	18.688
3245	19.538
3246	19.825
3247	19.7
3248	19.75
3249	19.688
3250	19.8
3251	20.325
3252	19.888
3253	20.162
3254	20.388
3255	19.438
3256	19.388
3257	18.762
3258	19.25
3259	19.85
3260	19.988
3261	19.038
3262	20.212
3263	18.512
3264	19.462
3265	19.7
3266	19.85
3267	18.738
3268	19.362
3269	18.35
3270	19.112
3271	19.538
3272	19.412
3273	19.275
3274	18.962
3275	19.038
3276	18.962
3277	19.562
3278	19.625
3279	19.238
3280	19.712
3281	19.925
3282	19.45
3283	18.4
3284	18.975
3285	19.188
3286	19.088
3287	18.038
3288	18.2
3289	19.65
3290	19.675
3291	18.738
3292	18.862
3293	18.038
3294	18.95
3295	18.15
3296	19.275
3297	18.925
3298	18.488
3299	18.212
3300	18.688
3301	18.062
3302	18.725
3303	18.938
3304	19.762
3305	18.588
3306	19.012
3307	18.588
3308	18.812
3309	18.862
3310	18.7
3311	19.662
3312	19.45
3313	19.362
3314	19.475
3315	19.538
3316	19.225
3317	18.725
3318	18.8
3319	18.55
3320	19.85
3321	18.575
3322	18.9
3323	18.725
3324	18.55
3325	19.088
3326	18.35
3327	18.912
3328	19.262
3329	18.588
3330	18.438
3331	19.112
3332	18.288
3333	18.588
3334	18.338
3335	18.238
3336	18.975
3337	19.025
3338	18.775
3339	19.775
3340	17.2
3341	18.862
3342	18.875
3343	19.588
3344	18.688
3345	19.25
3346	18.788
3347	19.075
3348	18.5
3349	19.338
3350	18.012
3351	18.25
3352	18.888
3353	18.875
3354	18.55
3355	18.988
3356	19.025
3357	19.088
3358	18.9
3359	19.438
3360	18.538
3361	18.588
3362	19.3
3363	19.425
3364	18.812
3365	18.425
3366	19.112
3367	17.9
3368	18.038
3369	18.788
3370	17.825
3371	18.562
3372	18.75
3373	18.025
3374	18.588
3375	18.238
3376	18.912
3377	18.725
3378	18.588
3379	18.612
3380	18.2
3381	18.375
3382	19.025
3383	17.738
3384	18.1
3385	19.188
3386	18.7
3387	18.712
3388	19.1
3389	18.725
3390	18.325
3391	18.7
3392	18.25
3393	19.875
3394	18.675
3395	18.8
3396	18.425
3397	19.238
3398	18.35
3399	18.738
3400	18.612
3401	18.025
3402	19.212
3403	17.125
3404	18.888
3405	19.012
3406	19.088
3407	18.125
3408	19.025
3409	19.088
3410	18.5
3411	19.512
3412	17.988
3413	19.45
3414	17.638
3415	19.225
3416	18.062
3417	18.438
3418	18.312
3419	17.8
3420	19.35
3421	18.788
3422	18.725
3423	18.212
3424	18.425
3425	19.312
3426	18.375
3427	18.488
3428	19.15
3429	19.238
3430	18.038
3431	19.262
3432	18.375
3433	18.662
3434	18.1
3435	18.588
3436	18.938
3437	18.825
3438	18.838
3439	18.162
3440	18.125
3441	17.712
3442	18.488
3443	18.6
3444	19.338
3445	18.512
3446	18.162
3447	18.525
3448	18.238
3449	18.875
3450	18.4
3451	18.4
3452	17.888
3453	18.275
3454	18.612
3455	18.112
3456	18.862
3457	18.238
3458	18.438
3459	19.275
3460	18.438
3461	19.388
3462	18.525
3463	18.588
3464	18.65
3465	18.125
3466	18.325
3467	18.538
3468	19.012
3469	18.55
3470	18.55
3471	18.312
3472	18.362
3473	17.962
3474	18.788
3475	18.525
3476	17.738
3477	18.638
3478	18.325
3479	18.55
3480	18.125
3481	17.838
3482	19.375
3483	19.15
3484	18.812
3485	18.338
3486	19.088
3487	18.888
3488	19.012
3489	18.838
3490	18.662
3491	19.012
3492	18.762
3493	18.375
3494	17.988
3495	19.188
3496	19.2
3497	18.612
3498	18.5
3499	18.475
3500	19.05
3501	18.525
3502	19.662
3503	18.738
3504	19.388
3505	18.85
3506	17.762
3507	18.475
3508	18.175
3509	18.775
3510	18.038
3511	19.025
3512	18.275
3513	19.038
3514	18.212
3515	17.3
3516	18.825
3517	18.325
3518	18.612
3519	18.188
3520	18.362
3521	18.425
3522	18.388
3523	20.15
3524	20.2
3525	21.212
3526	22.425
3527	22.262
3528	23.525
3529	23.662
3530	24.562
3531	24.525
3532	23.788
3533	23.975
3534	24.812
3535	24.55
3536	24.462
3537	25.025
3538	25.05
3539	24.512
3540	24.412
3541	24.238
3542	24.012
3543	24.425
3544	24.125
3545	23.838
3546	23.788
3547	23.738
3548	23.312
3549	23.788
3550	22.9
3551	22.55
3552	22.15
3553	21.962
3554	21.812
3555	21.75
3556	21.312
3557	22.45
3558	21.425
3559	21.788
3560	21.612
3561	21.812
3562	21.438
3563	21.362
3564	21.638
3565	20.938
3566	20.688
3567	21.162
3568	20.95
3569	20.712
3570	20.275
3571	21.362
3572	20.862
3573	20.938
3574	20.738
3575	20.925
3576	20.775
3577	21.212
3578	19.762
3579	20.15
3580	19.975
3581	21
3582	20.812
3583	19.925
3584	20.025
3585	20.762
3586	19.338
3587	19.725
3588	19.912
3589	20.125
3590	19.962
3591	19.688
3592	19.462
3593	20.488
3594	19.662
3595	20
3596	19.438
3597	19.275
3598	20.2
3599	19.862
3600	19.262
3601	19.775
3602	20.075
3603	19.775
3604	19.7
3605	18.762
3606	18.925
3607	19.388
3608	19.162
3609	19.688
3610	18.688
3611	20.238
3612	19.075
3613	18.562
3614	19.725
3615	19.125
3616	19.188
3617	18.738
3618	18.638
3619	19.638
3620	19.738
3621	19.95
3622	18.95
3623	19.638
3624	18.95
3625	19.162
3626	19.575
3627	19.825
3628	19.338
3629	20.212
3630	18.812
3631	18.912
3632	19.3
3633	19.05
3634	18.7
3635	19.45
3636	18.838
3637	19.412
3638	19.312
3639	18.65
3640	19.338
3641	19.312
3642	18.15
3643	19.175
3644	18.412
3645	18.65
3646	19.6
3647	18.5
3648	18.8
3649	17.488
3650	19.362
3651	19.112
3652	17.9
3653	19.062
3654	18.25
3655	18.612
3656	19
3657	18.562
3658	18.188
3659	19.15
3660	17.925
3661	19.525
3662	19.575
3663	18.1
3664	18.412
3665	19.175
3666	19.7
3667	18.825
3668	18.938
3669	19.225
3670	18.612
3671	19.05
3672	17.988
3673	18.65
3674	18.75
3675	19.025
3676	18.7
3677	18.775
3678	18.15
3679	18.812
3680	18.425
3681	19.125
3682	19.225
3683	19.012
3684	19.062
3685	18.425
3686	18.375
3687	18.438
3688	17.762
3689	18.65
3690	19.438
3691	18.562
3692	18.812
3693	18.912
3694	18.838
3695	18.625
3696	19.45
3697	18.912
3698	18.688
3699	19.162
3700	18.9
3701	18.9
3702	19.262
3703	18.5
3704	17.975
3705	17.825
3706	18.6
3707	18.2
3708	18.938
3709	17.988
3710	19.388
3711	18.262
3712	20.062
3713	18.538
3714	19.8
3715	18.038
3716	18.1
3717	18.475
3718	17.875
3719	18.762
3720	18.038
3721	18.5
3722	17.688
3723	17.738
3724	18.75
3725	18.275
3726	18.225
3727	18.288
3728	17.662
3729	18.162
3730	18.588
3731	18.175
3732	18.4
3733	18.35
3734	18.812
3735	19.325
3736	18.3
3737	19.075
3738	19.012
3739	18.725
3740	18.575
3741	19.15
3742	18.525
3743	18.175
3744	18.662
3745	18.562
3746	18.3
3747	19.462
3748	19.238
3749	18.6
3750	18.088
3751	19
3752	17.9
3753	18.812
3754	17.925
3755	18.85
3756	18.525
3757	18.112
3758	18.662
3759	18.862
3760	18.188
3761	19.4
3762	18.538
3763	18.4
3764	18.362
3765	18.462
3766	18.188
3767	18.85
3768	17.862
3769	19.25
3770	17.45
3771	18.475
3772	18.3
3773	18.775
3774	18.025
3775	18.55
3776	18.238
3777	17.95
3778	18.388
3779	18.275
3780	18.225
3781	18.988
3782	18.438
3783	18.575
3784	18.8
3785	19
3786	18.55
3787	18.412
3788	18.25
3789	18.275
3790	18.4
3791	18.462
3792	19.212
3793	18.175
3794	18.625
3795	18.688
3796	18.388
3797	19.138
3798	19.05
3799	19.725
3800	18.825
3801	19.05
3802	18.438
3803	18.538
3804	18.812
3805	17.775
3806	18.025
3807	17.962
3808	18.288
3809	17.675
3810	18.2
3811	17.912
3812	17.975
3813	18.112
3814	17.925
3815	17.612
3816	19
3817	17.912
3818	17.425
3819	18.15
3820	18.588
3821	18.325
3822	18.438
3823	17.662
3824	18.788
3825	17.838
3826	19.125
3827	17.75
3828	17.688
3829	17.762
3830	17.9
3831	18.1
3832	18.338
3833	18.362
3834	18.312
3835	18.75
3836	19
3837	18.25
3838	18.688
3839	18.175
3840	19.275
3841	18.475
3842	18.738
3843	18.175
3844	18.538
3845	19.288
3846	17.825
3847	18.85
3848	18.75
3849	19.05
3850	17.75
3851	18.425
3852	19.238
3853	18.012
3854	19.075
3855	18.95
3856	18.812
3857	18.15
3858	18.588
3859	18.825
3860	18.888
3861	19.375
3862	18.325
3863	18.662
3864	19.138
3865	18.112
3866	19.175
3867	19.125
3868	19.488
3869	20.312
3870	20.538
3871	21.888
3872	21.188
3873	22.8
3874	23.25
3875	23.175
3876	24.612
3877	24.475
3878	23.975
3879	23.988
3880	23.338
3881	24.475
3882	23.812
3883	24.012
3884	23.95
3885	24.525
3886	24.7
3887	23.75
3888	22.962
3889	23.788
3890	23.312
3891	23.312
3892	23.162
3893	22.862
3894	23.312
3895	23.125
3896	21.85
3897	23.038
3898	22.025
3899	22.825
3900	22.262
3901	22.15
3902	21.75
3903	22.275
3904	22.2
3905	21.475
3906	21.5
3907	21.188
3908	20.85
3909	20.788
3910	21.262
3911	21.025
3912	20.925
3913	20.662
3914	20.925
3915	21.175
3916	20.15
3917	21.125
3918	20.138
3919	20.425
3920	21.188
3921	19.862
3922	20.95
3923	20.412
3924	20.738
3925	20.662
3926	19.238
3927	20.338
3928	19.788
3929	20.038
3930	19.238
3931	19.75
3932	19.188
3933	19.162
3934	19.925
3935	19.95
3936	19.825
3937	19.488
3938	19.988
3939	20.15
3940	19.175
3941	19.675
3942	19.588
3943	18.775
3944	19.112
3945	19.062
3946	19.038
3947	19.288
3948	20.025
3949	19.238
3950	19.575
3951	19.85
3952	20.175
3953	19.275
3954	18.938
3955	19.875
3956	18.988
3957	19.55
3958	19.362
3959	19.2
3960	19.5
3961	19.162
3962	18.7
3963	18.05
3964	18.938
3965	19.05
3966	18.925
3967	19.662
3968	18.888
3969	20.1
3970	19.212
3971	19.112
3972	19.825
3973	18.838
3974	19.538
3975	18.25
3976	19.412
3977	18.588
3978	19.225
3979	18.375
3980	18.9
3981	19.475
3982	19.688
3983	19.1
3984	18.75
3985	19.012
3986	19.312
3987	18.462
3988	18.262
3989	18.925
3990	19.575
3991	18.088
3992	19.338
3993	18.825
3994	18.462
3995	18.438
3996	19.362
3997	18.362
3998	19.488
3999	19.375
4000	18.438
4001	18.712
4002	20.438
4003	18.775
4004	18.588
4005	18.088
4006	18.4
4007	18.312
4008	18.075
4009	18.438
4010	18.875
4011	18.575
4012	18.738
4013	17.812
4014	18.75
4015	18.55
4016	17.738
4017	18.9
4018	18.75
4019	17.825
4020	18.738
4021	19.012
4022	18.25
4023	18.712
4024	18.388
4025	18.7
4026	18.862
4027	18.188
4028	18.838
4029	19.062
4030	19.162
4031	18.1
4032	18.038
4033	18.538
4034	18.338
4035	18.35
4036	19.212
4037	18.525
4038	19.275
4039	18.65
4040	18.188
4041	19.038
4042	18.625
4043	18.125
4044	18.662
4045	18.138
4046	18.25
4047	18.425
4048	18.6
4049	17.962
4050	17.962
4051	17.788
4052	18.5
4053	17.875
4054	18.212
4055	18
4056	19.012
4057	18.988
4058	18.25
4059	18.675
4060	19.075
4061	17.562
4062	18.175
4063	17.95
4064	18.25
4065	18.1
4066	18.912
4067	17.962
4068	17.55
4069	18.925
4070	17.65
4071	19.012
4072	17.575
4073	18.3
4074	18.112
4075	19.35
4076	17.875
4077	18.35
4078	18.075
4079	17.512
4080	18.35
4081	18.175
4082	18.162
4083	18.025
4084	18.45
4085	17.788
4086	18.375
4087	19.012
4088	18.9
4089	18.612
4090	18.175
4091	17.762
4092	18.388
4093	17.962
4094	17.662
4095	18.962
4096	18.138
4097	18.812
4098	18.425
4099	19.112
4100	17.65
4101	18.488
4102	18.038
4103	19.275
4104	18.712
4105	17.638
4106	17.8
4107	18.262
4108	18.838
4109	18.412
4110	18.862
4111	17.9
4112	18.15
4113	18.675
4114	17.65
4115	18.262
4116	18.112
4117	18.862
4118	18.312
4119	19.575
4120	18.888
4121	18.462
4122	18.8
4123	18.725
4124	18.488
4125	18.325
4126	18.825
4127	19.762
4128	18.262
4129	18.112
4130	18.325
4131	19.712
4132	18.838
4133	19.125
4134	18.612
4135	18.762
4136	18.362
4137	17.888
4138	18.538
4139	17.9
4140	18.862
4141	17.862
4142	18.475
4143	18.1
4144	18.262
4145	18.725
4146	17.662
4147	17.838
4148	17.562
4149	18.375
4150	18.25
4151	18.288
4152	19.125
4153	17.9
4154	18.762
4155	17
4156	18.075
4157	17.975
4158	18.312
4159	18.512
4160	18.362
4161	18.688
4162	18.25
4163	18.112
4164	18.075
4165	18
4166	18.025
4167	18.275
4168	18.425
4169	18.575
4170	18.1
4171	18.55
4172	18.35
4173	19.812
4174	17.538
4175	17.45
4176	17.95
4177	18.312
4178	19.625
4179	18.538
4180	18.512
4181	19.625
4182	18.075
4183	18.988
4184	18.512
4185	17.862
4186	19.175
4187	18.875
4188	18.4
4189	19.025
4190	18.325
4191	18.675
4192	18.388
4193	18.275
4194	18.475
4195	18.588
4196	18.1
4197	18.962
4198	18.588
4199	19.062
4200	18.312
4201	18.525
4202	18.025
4203	18.388
4204	17.888
4205	18.838
4206	19.325
4207	18.388
4208	19.512
4209	18
4210	18.475
4211	17.912
4212	18.438
4213	18.175
4214	19.962
4215	21.138
4216	20.85
4217	21.162
4218	22.038
4219	22.938
4220	23.388
4221	23.512
4222	23.225
4223	23.975
4224	23.238
4225	23.638
4226	23.725
4227	24.462
4228	23.038
4229	23.8
4230	24.1
4231	23.612
4232	23.462
4233	24.025
4234	23.3
4235	23.938
4236	23.538
4237	23.95
4238	22.988
4239	23.388
4240	22.475
4241	22.838
4242	23.175
4243	22.525
4244	22.225
4245	21.538
4246	22.15
4247	21.488
4248	21.375
4249	22.412
4250	20.988
4251	22.475
4252	21.412
4253	20.275
4254	19.975
4255	21.475
4256	20.362
4257	20.725
4258	20.612
4259	21.1
4260	19.925
4261	20.225
4262	20.175
4263	20.775
4264	20.412
4265	20.288
4266	19.75
4267	19.912
4268	18.45
4269	20.525
4270	19.3
4271	19.662
4272	19.988
4273	20.938
4274	20.325
4275	19.688
4276	19.975
4277	19.712
4278	19.55
4279	19.638
4280	20.3
4281	20.075
4282	19.475
4283	18.55
4284	19.988
4285	19.288
4286	19.188
4287	19.562
4288	19.112
4289	19.225
4290	19.775
4291	19.962
4292	19.525
4293	19.4
4294	19.425
4295	18.8
4296	19.762
4297	19.85
4298	18.65
4299	19.25
4300	19.175
4301	19.988
4302	18.338
4303	19.538
4304	18.975
4305	19.925
4306	17.762
4307	18.6
4308	19.925
4309	19.038
4310	18.138
4311	18.975
4312	18.725
4313	19.062
4314	19.45
4315	19.4
4316	18.338
4317	19.3
4318	18.5
4319	19.55
4320	18.75
4321	18.438
4322	18.575
4323	17.988
4324	18.112
4325	19.188
4326	19.462
4327	19.375
4328	18.825
4329	18.462
4330	18.738
4331	19.112
4332	19.262
4333	19.188
4334	19.138
4335	18.45
4336	19.312
4337	18.438
4338	19.5
4339	19.075
4340	18.362
4341	18.888
4342	19.75
4343	19.575
4344	18.612
4345	19.288
4346	18.312
4347	18.9
4348	19.225
4349	18.725
4350	19.375
4351	19.075
4352	18.05
4353	18.75
4354	17.862
4355	18.912
4356	18.675
4357	19.138
4358	18.838
4359	19.225
4360	19.338
4361	19.125
4362	18
4363	19.275
4364	18.312
4365	19.488
4366	17.838
4367	18.525
4368	19.212
4369	19.312
4370	18.062
4371	17.525
4372	18.625
4373	17.9
4374	18.125
4375	17.438
4376	19.162
4377	18.012
4378	18.775
4379	18.95
4380	18.562
4381	19.075
4382	18.975
4383	18.775
4384	19.375
4385	17.762
4386	19.075
4387	18.125
4388	18.912
4389	18.238
4390	18.925
4391	18.425
4392	18.562
4393	18.375
4394	19.325
4395	19
4396	18.938
4397	18.788
4398	18.3
4399	18.662
4400	19.575
4401	18.262
4402	18.888
4403	18.275
4404	17.75
4405	18.65
4406	18.962
4407	20.225
4408	17.6
4409	19.25
4410	17.875
4411	18.5
4412	18.45
4413	19.212
4414	17.688
4415	18.375
4416	18.65
4417	18.35
4418	18.488
4419	18.962
4420	18.525
4421	18.15
4422	18.8
4423	18.65
4424	18.388
4425	18.212
4426	17.625
4427	18.638
4428	17.812
4429	18.45
4430	18
4431	19.112
4432	18.962
4433	19.075
4434	19.05
4435	18.55
4436	17.775
4437	18.538
4438	18.4
4439	18.8
4440	18.5
4441	19.112
4442	17.85
4443	18.5
4444	18.988
4445	18.775
4446	18.875
4447	19.412
4448	17.875
4449	19.162
4450	18.425
4451	18.375
4452	18.05
4453	18.325
4454	18.538
4455	19.125
4456	18.425
4457	18.4
4458	18.375
4459	19.075
4460	18.088
4461	17.225
4462	17.275
4463	18.925
4464	17.725
4465	18.775
4466	18.938
4467	18.025
4468	18.95
4469	18.175
4470	18.862
4471	18.662
4472	18.15
4473	19.025
4474	17.825
4475	18.975
4476	18.125
4477	18.85
4478	19.15
4479	17.988
4480	17.85
4481	18.5
4482	19.2
4483	18.362
4484	18.462
4485	17.175
4486	19.175
4487	18.825
4488	18.062
4489	18.262
4490	18.612
4491	18.6
4492	18.025
4493	18.462
4494	19.012
4495	18.425
4496	17.55
4497	19.088
4498	18.588
4499	17.85
4500	17.812
4501	18.662
4502	17.575
4503	18.788
4504	18.2
4505	19.162
4506	17.9
4507	18.912
4508	17.825
4509	18.788
4510	18.688
4511	18.188
4512	18.275
4513	17.862
4514	19.375
4515	18.162
4516	18.875
4517	18.412
4518	18.162
4519	18.325
4520	18.5
4521	19.1
4522	18.5
4523	18.65
4524	18.75
4525	19.312
4526	19.012
4527	19.175
4528	18.675
4529	17.612
4530	18.362
4531	18.988
4532	19.175
4533	19.225
4534	17.7
4535	18.088
4536	18.288
4537	18.7
4538	19.362
4539	20.088
4540	21.262
4541	20.05
4542	22.1
4543	22.425
4544	22.212
4545	22.8
4546	22.862
4547	22.825
4548	22.738
4549	23.112
4550	23.3
4551	23.162
4552	22.5
4553	24.038
4554	23.725
4555	23.05
4556	23.412
4557	22.738
4558	23.55
4559	23.725
4560	22.638
4561	22.6
4562	22.15
4563	22.875
4564	23.438
4565	23.962
4566	23.1
4567	23.088
4568	21.675
4569	23.15
4570	22.712
4571	23.038
4572	21.712
4573	22.525
4574	22.875
4575	22.038
4576	21.888
4577	21.362
4578	21.675
4579	21.05
4580	20.688
4581	20.4
4582	20.875
4583	21.088
4584	20.3
4585	20.112
4586	20.062
4587	19.488
4588	19.762
4589	20.75
4590	20.8
4591	21.45
4592	20.312
4593	20.575
4594	21.125
4595	20.875
4596	20.45
4597	19.788
4598	19.8
4599	19.825
4600	21.262
4601	19.275
4602	19.775
4603	19.8
4604	20.5
4605	19.3
4606	19.362
4607	21.05
4608	20.638
4609	20
4610	18.588
4611	20.138
4612	20.15
4613	20.15
4614	19.212
4615	19.975
4616	19.788
4617	19
4618	19.138
4619	19.212
4620	19.3
4621	19.588
4622	18.6
4623	19.562
4624	18.538
4625	18.988
4626	19.525
4627	19.25
4628	18.65
4629	19.438
4630	18.938
4631	18.9
4632	18.888
4633	19.438
4634	19.1
4635	19.088
4636	19.138
4637	19.088
4638	18.312
4639	18.725
4640	18.938
4641	19.138
4642	18.988
4643	18.875
4644	19.3
4645	18.75
4646	19.288
4647	18.95
4648	18.488
4649	18.15
4650	18.65
4651	19
4652	18.538
4653	18.65
4654	17.962
4655	18.212
4656	18.95
4657	18.738
4658	18.338
4659	18.775
4660	19.338
4661	19.162
4662	19.862
4663	18.888
4664	19.012
4665	18.538
4666	19.1
4667	19.675
4668	19.1
4669	19.588
4670	18.912
4671	18.612
4672	17.975
4673	18.5
4674	19.662
4675	18.988
4676	18.188
4677	18.538
4678	18.675
4679	18.238
4680	19.475
4681	19.4
4682	18.4
4683	19.288
4684	19.112
4685	18.038
4686	18.288
4687	18.462
4688	18.075
4689	18.7
4690	18.425
4691	18.25
4692	18.362
4693	18.562
4694	18.688
4695	18.725
4696	18.55
4697	18.925
4698	18.112
4699	18.662
4700	18.125
4701	18.612
4702	18.838
4703	18.875
4704	17.938
4705	19.288
4706	18.612
4707	18.375
4708	18.038
4709	18.062
4710	18.05
4711	18.2
4712	18.95
4713	19.025
4714	17.6
4715	18.762
4716	18.512
4717	18.088
4718	18.488
4719	18.575
4720	18.7
4721	17.612
4722	18.038
4723	18.512
4724	17.25
4725	18.412
4726	17.262
4727	18.862
4728	19.225
4729	18.725
4730	18.375
4731	19.012
4732	18.612
4733	18.438
4734	18.112
4735	18.775
4736	18.662
4737	19.375
4738	17.838
4739	18.25
4740	18.775
4741	16.875
4742	18.925
4743	16.988
4744	17.525
4745	17.988
4746	17.638
4747	17.362
4748	18.15
4749	17.575
4750	17.75
4751	19.125
4752	17.312
4753	18.812
4754	17.562
4755	18.375
4756	18.762
4757	18.888
4758	17.988
4759	18.838
4760	19.388
4761	18.338
4762	17.5
4763	18.788
4764	19.138
4765	18.675
4766	18.3
4767	18.888
4768	18.412
4769	18.712
4770	18.675
4771	17.725
4772	17.588
4773	18.3
4774	18.65
4775	19.288
4776	17.575
4777	18.138
4778	19.175
4779	19.225
4780	18.5
4781	18.7
4782	18.288
4783	18.475
4784	18.988
4785	17.6
4786	18.862
4787	18.25
4788	18.312
4789	17.962
4790	18.65
4791	18.812
4792	18.038
4793	17.6
4794	17.612
4795	17.35
4796	18.55
4797	18.762
4798	18.138
4799	17.775
4800	18.175
4801	18.712
4802	19.062
4803	18.388
4804	18.675
4805	19.175
4806	18.125
4807	18.688
4808	17.712
4809	17.612
4810	17.062
4811	18
4812	17.988
4813	18.138
4814	18.425
4815	17.925
4816	18.45
4817	18.075
4818	18.025
4819	18.662
4820	18.5
4821	17.85
4822	18.538
4823	18.175
4824	17.912
4825	17.962
4826	17.975
4827	18.725
4828	17.188
4829	17.65
4830	18.45
4831	17.438
4832	18.075
4833	17.975
4834	17.85
4835	17.512
4836	17.075
4837	18.325
4838	18.862
4839	18.012
4840	19.15
4841	18.138
4842	17.812
4843	18.125
4844	17.225
4845	18.725
4846	17.438
4847	18.675
4848	18.15
4849	17.362
4850	17.688
4851	17.438
4852	17.212
4853	18.75
4854	18.425
4855	17.238
4856	18.825
4857	17.875
4858	18.588
4859	18.375
4860	16.962
4861	18.225
4862	17.975
4863	18.425
4864	18.2
4865	17.475
4866	17.825
4867	18.25
4868	19
4869	18.475
4870	17.938
4871	18.738
4872	18.138
4873	18.638
4874	18.338
4875	18.425
4876	18.062
4877	17.538
4878	18.588
4879	18.7
4880	17.45
4881	18.662
4882	17.55
4883	18.675
4884	17.588
4885	18.025
4886	17.612
4887	18
4888	17.775
4889	18.512
4890	18.7
4891	17.662
4892	18.425
4893	18.2
4894	18.138
4895	17.75
4896	17.375
4897	17.762
4898	18.65
4899	19.3
4900	18.462
4901	18.6
4902	18.112
4903	17.988
4904	17.725
4905	17.875
4906	18.088
4907	18.975
4908	20.712
4909	20.838
4910	21.562
4911	21.038
4912	22.538
4913	22.462
4914	22.675
4915	23.188
4916	22.588
4917	23.025
4918	23.212
4919	24.075
4920	23.038
4921	23.15
4922	23.788
4923	23.05
4924	23.475
4925	23.25
4926	22.562
4927	22.4
4928	21.95
4929	22.425
4930	21.9
4931	21.8
4932	21.288
4933	22.062
4934	21.138
4935	22.075
4936	21.388
4937	22.388
4938	23.238
4939	22.1
4940	22.75
4941	23.338
4942	22.525
4943	23.112
4944	22.65
4945	22.65
4946	22.8
4947	21.612
4948	21.35
4949	21.588
4950	20.738
4951	20.738
4952	22.088
4953	21.575
4954	20.45
4955	20.188
4956	21.225
4957	20.888
4958	20.3
4959	21.3
4960	20.088
4961	20.662
4962	20.388
4963	21.538
4964	19.875
4965	20.55
4966	19.975
4967	20.475
4968	20.338
4969	20.325
4970	20.812
4971	20.475
4972	20.4
4973	20.05
4974	19.425
4975	19.438
4976	20.45
4977	21.025
4978	20.15
4979	20.288
4980	19.25
4981	20.112
4982	19.138
4983	19.375
4984	19.375
4985	19.875
4986	19.35
4987	19.838
4988	19.888
4989	19.65
4990	19.55
4991	19.438
4992	19.325
4993	18.988
4994	19.85
4995	21
4996	19.088
4997	19.95
4998	19.762
4999	19.1
5000	19.488
5001	18.875
5002	18.162
5003	19.525
5004	18.825
5005	19.175
5006	19.262
5007	19.1
5008	18.838
5009	19.525
5010	18.438
5011	19.05
5012	19.538
5013	19.538
5014	18.988
5015	17.962
5016	18.388
5017	19.188
5018	18.425
5019	18.688
5020	19.138
5021	19.85
5022	18.975
5023	18.988
5024	19.2
5025	18.688
5026	18.012
5027	18.475
5028	19.038
5029	18.338
5030	18.875
5031	18.65
5032	18.65
5033	18.675
5034	18.55
5035	18.7
5036	19.138
5037	18.175
5038	18.6
5039	19.938
5040	19.062
5041	19.338
5042	18.162
5043	18.238
5044	18.288
5045	18.75
5046	18.588
5047	18.912
5048	18.3
5049	19.55
5050	18.825
5051	19.012
5052	19.012
5053	18.938
5054	18.025
5055	19.125
5056	18.912
5057	18.538
5058	19.562
5059	18.112
5060	18.138
5061	18.325
5062	19.075
5063	18.275
5064	19.1
5065	19.1
5066	18.988
5067	18.575
5068	18.788
5069	18.3
5070	18.162
5071	18.825
5072	18.062
5073	18.175
5074	18.112
5075	18.062
5076	17.662
5077	18.35
5078	18.212
5079	18.55
5080	18.362
5081	18.6
5082	18.512
5083	18.512
5084	17.788
5085	18.275
5086	17.938
5087	19.162
5088	18.338
5089	19.525
5090	18.425
5091	18.1
5092	17.95
5093	18.838
5094	17.988
5095	16.9
5096	18.388
5097	18.538
5098	17.812
5099	18.238
5100	18.4
5101	18.8
5102	18.088
5103	18.138
5104	17.812
5105	18.038
5106	17.275
5107	18.275
5108	17.688
5109	17.1
5110	17.062
5111	17.862
5112	17.7
5113	18.25
5114	18.238
5115	17.812
5116	17.125
5117	17.75
5118	17.638
5119	18.488
5120	18.262
5121	17.338
5122	17.962
5123	18.05
5124	17.312
5125	17.875
5126	17.588
5127	18.15
5128	17.65
5129	18.575
5130	17.438
5131	18
5132	17.15
5133	18.225
5134	19.175
5135	18.375
5136	18.162
5137	17.1
5138	18.262
5139	17.4
5140	18.725
5141	17.025
5142	18.425
5143	18.1
5144	17.55
5145	19.175
5146	17.55
5147	17.862
5148	17.425
5149	18.088
5150	18.075
5151	17.738
5152	18.012
5153	18.262
5154	18.238
5155	17.438
5156	18.625
5157	18.225
5158	19.588
5159	18.188
5160	17.8
5161	18.688
5162	18.012
5163	18.15
5164	17.25
5165	18.65
5166	17.65
5167	18.15
5168	18.062
5169	17.475
5170	18.862
5171	18.05
5172	17.812
5173	18.025
5174	18.05
5175	18.288
5176	17.45
5177	18
5178	18.838
5179	18.262
5180	17.8
5181	18.338
5182	18.325
5183	18.938
5184	18.962
5185	18.175
5186	18.7
5187	18.775
5188	17.788
5189	17.438
5190	17.788
5191	18.175
5192	18.038
5193	18.088
5194	17.775
5195	18.688
5196	18.6
5197	17.988
5198	18.6
5199	18.25
5200	18.275
5201	17.988
5202	18.475
5203	18.2
5204	17.262
5205	18.275
5206	17.15
5207	17.788
5208	18.125
5209	18.425
5210	17.7
5211	17.625
5212	18.162
5213	18.05
5214	19.25
5215	18.025
5216	17.538
5217	17.812
5218	18.925
5219	17.775
5220	17.975
5221	18.162
5222	16.95
5223	18.538
5224	19.012
5225	18.775
5226	17.262
5227	18.7
5228	16.438
5229	18.55
5230	18.688
5231	18.212
5232	19.325
5233	18.262
5234	18.575
5235	18.188
5236	18.262
5237	18.65
5238	18.188
5239	18.4
5240	17.3
5241	18.65
5242	18.438
5243	18.462
5244	18.388
5245	17.812
5246	18.412
5247	18.625
5248	18.925
5249	17.775
5250	18.438
5251	18.488
5252	18.388
5253	18.162
5254	19.662
5255	19.988
5256	20.85
5257	21.638
5258	22.488
5259	21.675
5260	21.688
5261	22.825
5262	23.25
5263	23.025
5264	22.525
5265	22.525
5266	22.225
5267	23.425
5268	22.662
5269	21.612
5270	22.012
5271	22.112
5272	22.375
5273	22.1
5274	22.725
5275	21.95
5276	22.425
5277	22.912
5278	21.775
5279	22.288
5280	22.025
5281	22.55
5282	21.712
5283	21.55
5284	21.725
5285	21.538
5286	20.9
5287	20.462
