1	27.117
2	26.133
3	25.317
4	26.067
5	25.75
6	26.017
7	26.183
8	25.567
9	26.533
10	25.433
11	25.533
12	24.967
13	25.25
14	25.717
15	25.867
16	26.65
17	24.983
18	25.317
19	26.617
20	25.583
21	25.967
22	25.833
23	25
24	25.45
25	25.3
26	26.017
27	26.033
28	25.983
29	26.267
30	25.933
31	25.417
32	24.517
33	25.583
34	25.633
35	26.083
36	25.483
37	25.4
38	24.917
39	25.767
40	25.917
41	25.683
42	25.933
43	25.317
44	26.05
45	25.65
46	25.667
47	24.967
48	26.067
49	25.633
50	25.867
51	24.95
52	25.25
53	25.35
54	25.933
55	25.383
56	26.017
57	25
58	24.833
59	24.85
60	25.15
61	24.367
62	25.283
63	25.367
64	24.667
65	24.233
66	25.7
67	24.55
68	24.967
69	24.567
70	26.05
71	25.883
72	24.75
73	25.717
74	24.517
75	25.6
76	26.233
77	25.35
78	24.833
79	25.767
80	25.4
81	25.2
82	24.75
83	25.217
84	24.383
85	24.5
86	24.783
87	25.483
88	24.033
89	24.933
90	25.733
91	25.867
92	24.85
93	24.817
94	25.35
95	25.65
96	25.867
97	26.167
98	26.117
99	24.95
100	25.4
101	25.067
102	24.3
103	25.383
104	24.167
105	24.35
106	25.683
107	24.683
108	26.233
109	25.25
110	25.717
111	25.183
112	25.067
113	25.133
114	25.65
115	25.717
116	24.433
117	24.5
118	24.85
119	25.233
120	26.1
121	25.8
122	24.667
123	25.367
124	24.817
125	24.9
126	25
127	24.983
128	24.833
129	25.633
130	25.067
131	25.283
132	25.067
133	24.85
134	25.233
135	25.483
136	24.35
137	24.583
138	25.867
139	25.65
140	24.817
141	25.417
142	24.783
143	25.283
144	24.583
145	25.267
146	25.167
147	26
148	25.333
149	24.567
150	25.117
151	25.083
152	25.4
153	25.65
154	25.417
155	25.15
156	25.55
157	24.85
158	26.517
159	24.317
160	24.7
161	25.4
162	25.067
163	24.717
164	24.967
165	24.7
166	24.417
167	24.567
168	25.233
169	24.783
170	24.733
171	24.867
172	24.267
173	25.3
174	24.5
175	25.167
176	23.483
177	24.933
178	24.283
179	24.05
180	24.367
181	24.667
182	24.533
183	23.95
184	25.283
185	25.317
186	25.633
187	24.433
188	24.567
189	24.367
190	24.883
191	24.767
192	25.2
193	24.733
194	24.433
195	25.383
196	24.55
197	24.433
198	25.15
199	24.7
200	25.7
201	24.717
202	24.733
203	25.617
204	25.4
205	25.083
206	25.4
207	24.967
208	24.683
209	26.133
210	25.117
211	24.4
212	24.567
213	25.217
214	25.15
215	25.283
216	25.433
217	24.683
218	24.817
219	24.65
220	25.583
221	25
222	24.767
223	25.783
224	25.15
225	26.317
226	25.917
227	24.867
228	25.217
229	25.183
230	25.733
231	24.017
232	25.65
233	25.417
234	24.283
235	24.183
236	24.633
237	26.417
238	25.3
239	26.067
240	25.2
241	25.633
242	25.7
243	25.633
244	24.417
245	26
246	25.167
247	25.933
248	25.317
249	24.233
250	25.2
251	25.767
252	24.4
253	25.25
254	25.45
255	24.567
256	25.733
257	24.733
258	24.717
259	24.317
260	25.75
261	24.467
262	25
263	25.283
264	23.983
265	25.317
266	23.433
267	25.7
268	24.967
269	24.55
270	24.133
271	24.433
272	24.783
273	25.6
274	25.617
275	24.633
276	26.483
277	25.1
278	25.217
279	26.233
280	24.833
281	25.85
282	25.017
283	25.017
284	25.383
285	24.717
286	25.533
287	25.3
288	24.983
289	25.983
290	25.517
291	24.567
292	25.667
293	24.767
294	25.567
295	25.783
296	25.55
297	26.2
298	25.433
299	25.65
300	25.317
301	25.3
302	25.3
303	25.483
304	25.283
305	25.55
306	24.25
307	25.083
308	25.15
309	25.417
310	25.567
311	24.933
312	25.533
313	24.7
314	26.1
315	25.183
316	24.817
317	25.317
318	24.667
319	25.367
320	25.183
321	25.233
322	25
323	25.2
324	25.45
325	25.95
326	25.3
327	25.6
328	25.817
329	25.017
330	25.333
331	25.65
332	25.917
333	25.35
334	25.6
335	25.033
336	25.35
337	25.567
338	24.583
339	25.533
340	24.617
341	25.533
342	24.733
343	25.55
344	24.9
345	24.033
346	24.767
347	24.433
348	24.967
349	25.417
350	24.917
351	25.133
352	24.083
353	25.25
354	24.667
355	24.567
356	25.25
357	25.2
358	25.483
359	24.617
360	25.217
361	25.317
362	23.967
363	25.55
364	25.7
365	25.317
366	25.633
367	24.6
368	24.417
369	25.267
370	24.85
371	24.983
372	25.583
373	25.533
374	24.767
375	24.117
376	25.517
377	25.2
378	24.55
379	25.5
380	25.233
381	25.75
382	25.667
383	24.617
384	25.25
385	25
386	24.933
387	26.133
388	24.4
389	25.9
390	26
391	24.95
392	25.617
393	24.5
394	25.133
395	25.567
396	25.867
397	24.567
398	25.933
399	24.95
400	24.867
401	25.1
402	25.367
403	24.867
404	25.733
405	25.333
406	25.267
407	25.667
408	25.633
409	25.05
410	25.267
411	25.5
412	26.167
413	26.517
414	28.05
415	27.883
416	28.233
417	29.283
418	29.233
419	29.383
420	29.783
421	30.683
422	31.233
423	30.367
424	31.717
425	31.4
426	30.933
427	31.95
428	31.55
429	31.95
430	31.583
431	31.45
432	29.717
433	30.333
434	30.867
435	30.083
436	30.917
437	30.017
438	30.483
439	30.3
440	29.517
441	29.55
442	29.8
443	28.567
444	29.05
445	28.933
446	29.267
447	24.767
448	29.35
449	27.15
450	28.3
451	28.433
452	27.467
453	27.767
454	28.133
455	27.683
456	27.867
457	27.517
458	27.683
459	27.767
460	27.667
461	28.167
462	27.6
463	27.067
464	26.983
465	27.567
466	27.183
467	27.033
468	26.35
469	27.4
470	26.45
471	25.717
472	26.6
473	27.383
474	27.533
475	26.867
476	26.75
477	26.7
478	26.95
479	26.917
480	26.683
481	24.95
482	27.05
483	25.633
484	26.667
485	26.8
486	27.2
487	26.083
488	25.683
489	26.817
490	26.533
491	26.333
492	26.167
493	27.367
494	26.183
495	25.55
496	26.783
497	25.767
498	25.85
499	25.733
500	25.567
501	26.1
502	25.333
503	26.017
504	26.05
505	26.367
506	25.583
507	26.417
508	25.6
509	26.283
510	25.983
511	25.983
512	25.783
513	26.367
514	26.25
515	26
516	26.517
517	25.283
518	25.483
519	24.933
520	25.35
521	25.433
522	25.583
523	26.283
524	23.383
525	25.867
526	26.033
527	25.067
528	25.017
529	25.083
530	25.8
531	26
532	25.967
533	26.6
534	25.683
535	24.85
536	24.817
537	25.15
538	25.467
539	25.767
540	25.2
541	25.233
542	25.967
543	25.8
544	24.967
545	24.833
546	25.383
547	26.25
548	25.617
549	24.25
550	25.75
551	25.017
552	25.4
553	25.35
554	25.867
555	24.917
556	24.5
557	25.567
558	24.933
559	25.467
560	25.183
561	25.35
562	24.767
563	25.633
564	25.733
565	24.917
566	25.383
567	24.7
568	24.7
569	26.233
570	25.567
571	25.633
572	25.067
573	25.033
574	25.633
575	24.983
576	25.9
577	26.067
578	25.167
579	24.883
580	24.683
581	24.917
582	25.767
583	26.133
584	24.95
585	24.767
586	25.25
587	25.35
588	25.483
589	25.4
590	25.5
591	25.3
592	24.867
593	25.75
594	25.667
595	25.617
596	24.967
597	24.2
598	25.917
599	24.883
600	25.717
601	24.833
602	25.883
603	24.35
604	25.633
605	25.217
606	25.783
607	25.533
608	25.517
609	26.467
610	25.25
611	24.1
612	25.117
613	24.883
614	25.933
615	26.267
616	25.85
617	25.467
618	25.333
619	25.417
620	26.033
621	24.767
622	25.85
623	25.583
624	24.983
625	25.7
626	25.083
627	25.483
628	25.317
629	25.15
630	25.267
631	25.533
632	24.417
633	25.15
634	25
635	25.6
636	24.45
637	25.433
638	24.85
639	25.733
640	25.8
641	24.883
642	25.917
643	25.233
644	25.2
645	25.8
646	25.167
647	25.083
648	25.817
649	24.75
650	25.083
651	25.367
652	24.717
653	24.817
654	25.6
655	23.8
656	25.15
657	24.733
658	24.85
659	25.183
660	24.15
661	24.817
662	24.6
663	25.967
664	24.617
665	24.917
666	24.95
667	24.067
668	24.7
669	24.867
670	25.083
671	25.117
672	25.35
673	24.6
674	25.083
675	25.233
676	25.867
677	25.033
678	24.15
679	24.567
680	25.05
681	26.467
682	24.933
683	24.967
684	24.483
685	24.1
686	23.567
687	24.433
688	25.033
689	25.583
690	25.083
691	24.3
692	25.283
693	24.467
694	24.917
695	24.7
696	24.85
697	24.983
698	26.167
699	25.283
700	24.467
701	25.783
702	25.983
703	25.433
704	25.183
705	25.55
706	25.683
707	24.133
708	24.733
709	25.767
710	25.15
711	25.483
712	25.867
713	24.933
714	25.533
715	25.483
716	24.267
717	25.883
718	25.383
719	25.433
720	25.45
721	25.167
722	24.983
723	25.433
724	25.067
725	25.333
726	25.65
727	25.717
728	25.467
729	25.433
730	25.583
731	25.283
732	25.317
733	25.267
734	24.483
735	25.733
736	25.383
737	25.183
738	24.967
739	24.783
740	25.3
741	25.167
742	25.433
743	24.9
744	25.533
745	24.283
746	24.133
747	24.35
748	24.7
749	25.483
750	24.9
751	24.117
752	24.283
753	24.567
754	24.917
755	23.183
756	23.883
757	24.667
758	24.267
759	24.067
760	24.4
761	24.1
762	24.533
763	25.35
764	25
765	25.75
766	24.883
767	24.467
768	25.15
769	24.467
770	25.233
771	25.5
772	24.617
773	25.667
774	24.3
775	25.617
776	25.533
777	24.517
778	24
779	25.317
780	24.95
781	24.983
782	25.55
783	24.867
784	25.517
785	24.633
786	25.75
787	25.767
788	25.283
789	25.15
790	26.367
791	26.767
792	27.783
793	28.133
794	28.583
795	29.85
796	29.067
797	29.167
798	29.617
799	29.667
800	30.333
801	29.867
802	29.333
803	31.617
804	30.233
805	29.95
806	30.55
807	30.933
808	30.017
809	30.167
810	30.333
811	30.833
812	29.45
813	29.717
814	29.683
815	29.083
816	28.717
817	28.85
818	28.217
819	27.767
820	28.55
821	28.283
822	28.7
823	28.717
824	28.633
825	28.583
826	28.467
827	28.4
828	27.3
829	28.717
830	27.6
831	27.917
832	27.55
833	27.65
834	27.017
835	27.6
836	26.717
837	27.667
838	27.5
839	27.45
840	26.767
841	27.217
842	26.117
843	27.283
844	27.117
845	26.65
846	28.083
847	26.867
848	26.45
849	27.817
850	26.767
851	26.617
852	26.867
853	26.483
854	25.883
855	26
856	26.867
857	26.2
858	26.717
859	27.367
860	25.9
861	25.85
862	25.617
863	26.35
864	26.367
865	26.5
866	27
867	25.017
868	25.733
869	25.65
870	26.517
871	25.867
872	26.383
873	26.833
874	26.117
875	26.417
876	26
877	25.55
878	24.883
879	27.1
880	26.05
881	25.85
882	26.017
883	25.783
884	25.017
885	26.05
886	26.3
887	27.033
888	25.75
889	25.867
890	25.3
891	26.367
892	25.533
893	26.083
894	25.433
895	25.317
896	25.25
897	25.3
898	25.65
899	24.65
900	25.967
901	26.317
902	25.533
903	25.85
904	25.267
905	25.783
906	26.4
907	26.25
908	25.367
909	24.6
910	25.417
911	25.95
912	25.25
913	25.917
914	25.367
915	25.833
916	25.833
917	25.483
918	25.183
919	24.65
920	24.483
921	25.617
922	25.683
923	25.067
924	24.5
925	25.583
926	24.967
927	24.8
928	24.067
929	24.95
930	25
931	24.633
932	24.467
933	24.733
934	25.417
935	25.367
936	25.1
937	25.3
938	25.867
939	24.717
940	25.1
941	24.217
942	24.683
943	24.583
944	24.7
945	24.767
946	24.367
947	25.017
948	25.683
949	25.483
950	25.267
951	24.933
952	24.733
953	24.717
954	25.333
955	24.233
956	24.883
957	24.633
958	24.467
959	25.367
960	25.067
961	24.283
962	24.883
963	24.567
964	25.433
965	24.5
966	25.033
967	24.717
968	25.383
969	25.083
970	25.367
971	25.317
972	25.933
973	25.1
974	24.517
975	24.8
976	25.4
977	24.283
978	24.817
979	24.217
980	26.133
981	25.65
982	24.683
983	24.267
984	25.5
985	25.117
986	24.733
987	24.633
988	25.567
989	25.033
990	25.533
991	25.75
992	25.05
993	24.683
994	25.1
995	25.05
996	24.833
997	24.917
998	25.117
999	25.317
1000	25.617
1001	24.7
1002	25.333
1003	25.317
1004	26.35
1005	25.75
1006	25.55
1007	25.733
1008	24.967
1009	25.517
1010	24.65
1011	25.75
1012	24.95
1013	25.75
1014	25.35
1015	24.15
1016	24.567
1017	25.967
1018	25.9
1019	24
1020	25.8
1021	24.4
1022	24.383
1023	24.083
1024	25.1
1025	25.783
1026	24.467
1027	23.883
1028	25.383
1029	24.85
1030	24.033
1031	23.933
1032	25.417
1033	25.35
1034	25.917
1035	25.367
1036	24.9
1037	25.583
1038	25.783
1039	25.05
1040	24.717
1041	24.733
1042	24.833
1043	24.15
1044	24.6
1045	24.667
1046	25.65
1047	24.333
1048	25.383
1049	24
1050	24.55
1051	24.3
1052	24.567
1053	25.417
1054	24.2
1055	24.95
1056	24.317
1057	23.717
1058	24.133
1059	24.417
1060	24.2
1061	24.367
1062	25.667
1063	25.05
1064	25.617
1065	24.2
1066	25.467
1067	25.433
1068	24.733
1069	25.2
1070	26.067
1071	24.967
1072	24.817
1073	25.1
1074	24.767
1075	24.833
1076	24.967
1077	25.6
1078	25.1
1079	24.25
1080	25.783
1081	24.65
1082	25.667
1083	26.083
1084	24.35
1085	24.783
1086	24.717
1087	24.983
1088	24.783
1089	24.317
1090	25.583
1091	25.8
1092	25.633
1093	24.633
1094	25.083
1095	24.15
1096	25.1
1097	25.5
1098	25.4
1099	24.65
1100	25.517
1101	24.883
1102	25.167
1103	24.483
1104	25.3
1105	24.867
1106	25.25
1107	24.75
1108	24.683
1109	25.117
1110	25.1
1111	24.867
1112	25.45
1113	25.717
1114	24.5
1115	23.8
1116	24.9
1117	25.667
1118	23.983
1119	25
1120	25.117
1121	24.483
1122	25.1
1123	25.05
1124	24.317
1125	25.333
1126	25.067
1127	24.383
1128	24.25
1129	25.683
1130	24.733
1131	25.367
1132	23.833
1133	25.617
1134	24.417
1135	25.7
1136	25.65
1137	24.583
1138	25.083
1139	25.4
1140	26.117
1141	24.833
1142	25.733
1143	25.3
1144	25.55
1145	24.75
1146	26.1
1147	25.117
1148	25.767
1149	25.1
1150	24.767
1151	24.117
1152	25.733
1153	24.4
1154	25.117
1155	25.617
1156	24.567
1157	25.15
1158	25.333
1159	24.95
1160	25.167
1161	24.983
1162	25.033
1163	25.417
1164	25.05
1165	24.717
1166	24.4
1167	26.1
1168	25.033
1169	25.117
1170	24.783
1171	25
1172	25.35
1173	25.333
1174	25.1
1175	25.983
1176	24.917
1177	25.383
1178	25.133
1179	25.417
1180	25.35
1181	24.75
1182	26.133
1183	26.033
1184	26.167
1185	27.717
1186	27.2
1187	27.95
1188	29.067
1189	29.233
1190	29.5
1191	30.283
1192	30.25
1193	29.95
1194	30.45
1195	30.383
1196	29.817
1197	30.9
1198	29.967
1199	30.25
1200	30.1
1201	29.683
1202	29.133
1203	30.533
1204	30
1205	30.283
1206	30.3
1207	29.967
1208	31.067
1209	29.783
1210	29.283
1211	29.283
1212	28.85
1213	29.85
1214	29.617
1215	29.1
1216	28.45
1217	29.517
1218	27.933
1219	28.3
1220	27.95
1221	27.983
1222	28.167
1223	27.917
1224	27.85
1225	28.683
1226	26.767
1227	27.6
1228	27.867
1229	28.2
1230	25.867
1231	27.717
1232	28.25
1233	28.067
1234	27.667
1235	27.183
1236	27.333
1237	27
1238	26.617
1239	26.883
1240	27.1
1241	27.05
1242	27.167
1243	26.967
1244	27.017
1245	26.867
1246	27.667
1247	26.5
1248	26.333
1249	26.817
1250	26.7
1251	26.6
1252	26.733
1253	25.333
1254	26.2
1255	27.117
1256	26.167
1257	27.7
1258	25.367
1259	26.383
1260	27.083
1261	26.067
1262	26.35
1263	26.067
1264	26.65
1265	26.75
1266	26.483
1267	25.7
1268	26.233
1269	26.85
1270	26.817
1271	26
1272	25.55
1273	26.367
1274	26.333
1275	25.267
1276	26.55
1277	26.6
1278	26.167
1279	26.25
1280	26.35
1281	26.7
1282	26.05
1283	25.733
1284	25.55
1285	25.333
1286	25.883
1287	25.667
1288	26.433
1289	25.5
1290	26.067
1291	25.767
1292	26.067
1293	25.017
1294	26.5
1295	25.683
1296	25.883
1297	25.983
1298	25.7
1299	25.483
1300	25.667
1301	25.767
1302	25.683
1303	24.95
1304	25.5
1305	25.283
1306	25.217
1307	25.883
1308	25.033
1309	24.217
1310	25.967
1311	26.117
1312	26
1313	26.45
1314	25.25
1315	25.833
1316	25.633
1317	25.183
1318	25.683
1319	25.817
1320	24.633
1321	26.1
1322	25.25
1323	25.333
1324	25.9
1325	26.033
1326	24.55
1327	26.067
1328	24.817
1329	24.917
1330	24.467
1331	25.833
1332	25.667
1333	24.75
1334	25.467
1335	26.633
1336	25.983
1337	25.217
1338	25.267
1339	25.217
1340	24.883
1341	25.483
1342	25.467
1343	25.6
1344	24.75
1345	24.85
1346	24.7
1347	24.383
1348	25.35
1349	25.8
1350	25.983
1351	25.917
1352	25.167
1353	25.017
1354	26.083
1355	24.383
1356	24.45
1357	25.05
1358	25.05
1359	25.533
1360	25.7
1361	24.717
1362	25.367
1363	24.4
1364	24.85
1365	25.017
1366	24.217
1367	25.233
1368	25.45
1369	25.767
1370	24.9
1371	24.617
1372	24.95
1373	25.017
1374	24.967
1375	25.517
1376	25.467
1377	24.7
1378	25.2
1379	24.8
1380	24.85
1381	26.917
1382	26.3
1383	27.3
1384	25
1385	28.783
1386	28.667
1387	28.733
1388	29.75
1389	29.583
1390	30.383
1391	29.933
1392	30.067
1393	29.483
1394	30.083
1395	29.15
1396	28.8
1397	29.75
1398	29.083
1399	29.267
1400	30.9
1401	30.4
1402	30.033
1403	28.933
1404	29.283
1405	29.55
1406	29.667
1407	29.5
1408	28.633
1409	28.733
1410	28.833
1411	28.95
1412	28.517
1413	27.9
1414	28.333
1415	28.967
1416	28.55
1417	27.35
1418	26.917
1419	25.983
1420	27.817
1421	26.833
1422	27.933
1423	27.633
1424	28.183
1425	27.417
1426	28.1
1427	26.533
1428	28.683
1429	27.383
1430	26.683
1431	27.267
1432	26.583
1433	26.983
1434	26.717
1435	26.067
1436	27.55
1437	27.033
1438	26.133
1439	26.65
1440	26.467
1441	26.183
1442	27.167
1443	26.733
1444	26.617
1445	25.5
1446	26.283
1447	26.9
1448	26.183
1449	27.35
1450	26.117
1451	27.583
1452	26.05
1453	26.367
1454	25.833
1455	26.75
1456	26.183
1457	26.833
1458	26.733
1459	26.233
1460	26.517
1461	25.983
1462	26.333
1463	25.883
1464	25.75
1465	25.883
1466	26.583
1467	27.017
1468	25.817
1469	26.017
1470	26.017
1471	25.833
1472	25.5
1473	25.85
1474	25.95
1475	26.567
1476	24.967
1477	26.467
1478	25.433
1479	25.933
1480	25.4
1481	25.933
1482	25.8
1483	24.767
1484	25.583
1485	25.65
1486	25.067
1487	25.333
1488	25.983
1489	25.35
1490	26.083
1491	25.917
1492	25
1493	25.633
1494	25.233
1495	24.75
1496	25.617
1497	25.317
1498	25.55
1499	25
1500	25.4
1501	26.183
1502	26.317
1503	25.983
1504	25.4
1505	25.267
1506	24.717
1507	25.333
1508	24.95
1509	25.783
1510	25.633
1511	26.083
1512	24.617
1513	25.2
1514	25.633
1515	25.65
1516	25.917
1517	24.9
1518	25.267
1519	25.417
1520	25.05
1521	25.8
1522	25.267
1523	25.5
1524	25.667
1525	25.217
1526	25.817
1527	25.117
1528	24.583
1529	25.967
1530	24.8
1531	24.917
1532	25.717
1533	25.633
1534	26.117
1535	26.233
1536	25.567
1537	26.3
1538	25.767
1539	25.35
1540	25.4
1541	25.2
1542	25.3
1543	25.65
1544	25.917
1545	24.9
1546	25.483
1547	25.383
1548	25.433
1549	24.017
1550	24
1551	25.1
1552	25.683
1553	25.383
1554	24.567
1555	25.233
1556	24.133
1557	25.05
1558	25.017
1559	25.2
1560	26.05
1561	24.683
1562	24.7
1563	25.167
1564	25.917
1565	26.367
1566	25.283
1567	24.217
1568	25.483
1569	24.467
1570	25.717
1571	25.133
1572	24.933
1573	24.65
1574	25.033
1575	24.8
1576	24.933
1577	24.917
1578	24.417
1579	25.533
1580	25.033
1581	25.75
1582	25.35
1583	24.733
1584	25.2
1585	25.9
1586	25.133
1587	25.05
1588	24.6
1589	25.35
1590	25.283
1591	25.75
1592	24.883
1593	25.683
1594	24.65
1595	25.067
1596	25.3
1597	25.917
1598	25.9
1599	23.917
1600	25.15
1601	24.683
1602	26.233
1603	25.417
1604	24.1
1605	25.3
1606	24.8
1607	24.6
1608	26.233
1609	25.35
1610	25.567
1611	24.8
1612	25.35
1613	25.167
1614	24.9
1615	25.35
1616	25.333
1617	25.6
1618	25.767
1619	24.5
1620	25
1621	25.383
1622	25.633
1623	25.567
1624	25.433
1625	26.017
1626	25.317
1627	23.95
1628	25.2
1629	25.183
1630	24.467
1631	25.067
1632	24.133
1633	24.15
1634	24.1
1635	25.067
1636	24.433
1637	25.4
1638	25.667
1639	24.133
1640	24.5
1641	24.733
1642	24.183
1643	25.267
1644	24.417
1645	24.317
1646	24.333
1647	25.15
1648	23.667
1649	24.667
1650	25.15
1651	23.733
1652	24.567
1653	25.017
1654	25.533
1655	24.883
1656	25.533
1657	24.35
1658	25.067
1659	25.05
1660	25.017
1661	24.417
1662	25.733
1663	25.05
1664	25.017
1665	24.683
1666	24.55
1667	24.917
1668	25.567
1669	23.4
1670	24.05
1671	24.8
1672	24.683
1673	24.917
1674	25.183
1675	24.883
1676	25.583
1677	24.8
1678	24.867
1679	25.283
1680	25.167
1681	25.25
1682	25.683
1683	25.717
1684	25.617
1685	25.2
1686	24.633
1687	25.3
1688	25.833
1689	25.667
1690	25.117
1691	24.883
1692	25.833
1693	24.75
1694	24.2
1695	25.4
1696	23.9
1697	24.883
1698	25.75
1699	25.817
1700	24.75
1701	24.417
1702	25.433
1703	25.183
1704	25.083
1705	25.433
1706	25
1707	25.85
1708	24.717
1709	24.9
1710	24.7
1711	25.367
1712	25.467
1713	24.667
1714	24.4
1715	24.983
1716	26.733
1717	25.417
1718	24.883
1719	25.6
1720	25.567
1721	24.417
1722	25.567
1723	25.267
1724	24.033
1725	25.3
1726	25.133
1727	24.683
1728	25.583
1729	25.867
1730	26.183
1731	24.117
1732	25.117
1733	25.667
1734	25.533
1735	25.183
1736	24.317
1737	25.583
1738	24.867
1739	24.783
1740	25.05
1741	24.583
1742	24.817
1743	24.95
1744	24.95
1745	26.45
1746	25.983
1747	26
1748	24.7
1749	25.617
1750	25.55
1751	25.917
1752	25.133
1753	25.683
1754	24.95
1755	24.767
1756	25.35
1757	24.133
1758	24.033
1759	24.8
1760	25.583
1761	24.583
1762	24.233
1763	25.35
1764	23.75
1765	24.833
1766	24.7
1767	24.733
1768	24.6
1769	24.717
1770	24.75
1771	25.45
1772	24.95
1773	25.1
1774	25.333
1775	25.683
1776	25.167
1777	24.65
1778	24.917
1779	24.167
1780	25.7
1781	24.25
1782	24.5
1783	25.017
1784	25.283
1785	24.367
1786	23.517
1787	24.95
1788	24.767
1789	25.65
1790	24.833
1791	24.233
1792	24.833
1793	25.483
1794	24.967
1795	25.25
1796	25.033
1797	25.1
1798	25.25
1799	24.783
1800	24.233
1801	24.517
1802	25.4
1803	25.05
1804	24.283
1805	25.283
1806	24.633
1807	25.217
1808	24.65
1809	24.667
1810	24.883
1811	23.983
1812	25.767
1813	25.383
1814	24.267
1815	23.7
1816	23.617
1817	25.35
1818	25.25
1819	23.767
1820	25.067
1821	24.783
1822	24.683
1823	25.117
1824	24.667
1825	25.083
1826	24.9
1827	24.417
1828	24.9
1829	24.917
1830	25.183
1831	23.783
1832	24.417
1833	25.767
1834	25.217
1835	24.25
1836	24.833
1837	24.133
1838	25.267
1839	23.817
1840	24.383
1841	25.167
1842	25.267
1843	24.1
1844	25.133
1845	24.2
1846	24.7
1847	24.4
1848	24.767
1849	24.917
1850	24.25
1851	24.383
1852	25.967
1853	24.167
1854	24.8
1855	23.9
1856	24.867
1857	24.533
1858	25.567
1859	25.417
1860	24.5
1861	25.033
1862	25.117
1863	26.967
1864	26.15
1865	27.517
1866	27.583
1867	27.45
1868	28.767
1869	28.533
1870	29.733
1871	29.783
1872	30.583
1873	28.883
1874	30
1875	29.217
1876	29.75
1877	29.8
1878	29.467
1879	28.65
1880	29.467
1881	29.167
1882	28.8
1883	29.1
1884	29.6
1885	28.9
1886	28.483
1887	28.117
1888	28.033
1889	27.883
1890	28.017
1891	27.533
1892	27.633
1893	28.717
1894	26.633
1895	27.967
1896	27.8
1897	27.1
1898	27.133
1899	27.8
1900	27.533
1901	26.217
1902	26.65
1903	27.217
1904	27
1905	26.4
1906	27.067
1907	26.917
1908	26.95
1909	26.667
1910	26.317
1911	26.133
1912	25.9
1913	26.233
1914	26.35
1915	26.7
1916	26.867
1917	26.15
1918	26.633
1919	26.133
1920	25.533
1921	26.95
1922	25.783
1923	26.55
1924	26.3
1925	26.483
1926	26.483
1927	26.067
1928	25.3
1929	25.5
1930	26.117
1931	25.9
1932	25.467
1933	26.083
1934	26.85
1935	26.65
1936	25.133
1937	26.15
1938	26.417
1939	24.983
1940	26.383
1941	26.083
1942	25.8
1943	25.467
1944	25.367
1945	26.067
1946	26.117
1947	25.367
1948	25.533
1949	26.65
1950	26.1
1951	25.783
1952	25.583
1953	25.05
1954	25.267
1955	25.433
1956	26.467
1957	25.683
1958	26.317
1959	24.267
1960	25.233
1961	25.1
1962	25.7
1963	25.767
1964	25.383
1965	25.317
1966	25.483
1967	24.933
1968	25.217
1969	25.9
1970	25.25
1971	25.367
1972	25.417
1973	25.25
1974	25.483
1975	24.717
1976	25.417
1977	25.267
1978	25.617
1979	25.467
1980	24.833
1981	25.267
1982	25.85
1983	25.433
1984	26.2
1985	25.4
1986	25.5
1987	24.867
1988	25.567
1989	25.383
1990	25.333
1991	25.117
1992	25.267
1993	25.583
1994	25.15
1995	25.667
1996	24.983
1997	24.517
1998	24.667
1999	26
2000	24.8
2001	25.75
2002	25.733
2003	24.683
2004	23.883
2005	24.617
2006	23.933
2007	25.067
2008	25.317
2009	24.883
2010	24.9
2011	24.2
2012	24.983
2013	25.133
2014	24.983
2015	25.1
2016	25.05
2017	24.683
2018	25.217
2019	25.967
2020	25.067
2021	24.367
2022	24.55
2023	24.85
2024	25.133
2025	25.267
2026	25.117
2027	24.783
2028	24.917
2029	25.567
2030	25.483
2031	24.383
2032	24.167
2033	24.567
2034	23.733
2035	24.467
2036	25.417
2037	25.367
2038	24.517
2039	24.2
2040	24.05
2041	24.267
2042	25.067
2043	24.75
2044	24.383
2045	25.733
2046	25.067
2047	24.6
2048	24.933
2049	25.25
2050	24.917
2051	24.55
2052	25.133
2053	23.9
2054	23.15
2055	24.95
2056	25.15
2057	24.683
2058	23.867
2059	25.167
2060	25.833
2061	26.067
2062	24.017
2063	24.367
2064	25.517
2065	25.183
2066	23.883
2067	24.6
2068	24.783
2069	24.8
2070	25.117
2071	24.783
2072	24.85
2073	24.967
2074	24.233
2075	24.7
2076	24.8
2077	24.267
2078	24.933
2079	25.133
2080	25.533
2081	25.4
2082	24.9
2083	25.317
2084	25.283
2085	25.033
2086	24.917
2087	25.317
2088	25.433
2089	25.467
2090	25.65
2091	24.567
2092	24.7
2093	24.833
2094	25.5
2095	25.033
2096	25.033
2097	25.567
2098	24.917
2099	24.517
2100	24.867
2101	25.417
2102	25.133
2103	24.2
2104	24.85
2105	25.133
2106	25
2107	25
2108	25.067
2109	25.05
2110	24.133
2111	25.35
2112	24.633
2113	25.05
2114	25.383
2115	24.883
2116	24.85
2117	24.317
2118	25.683
2119	25.017
2120	24.8
2121	24.383
2122	24.767
2123	25.067
2124	24.817
2125	24.483
2126	24.1
2127	23.533
2128	24.067
2129	24.583
2130	25.25
2131	25.517
2132	24.617
2133	25.1
2134	25.217
2135	24.883
2136	24.983
2137	24.133
2138	25.2
2139	24.683
2140	26.617
2141	27.5
2142	27.583
2143	27.883
2144	28.083
2145	28.1
2146	28.617
2147	28.217
2148	28.183
2149	29.433
2150	28.867
2151	29.067
2152	28.783
2153	29.517
2154	28.65
2155	28.8
2156	29.067
2157	29.083
2158	28.95
2159	27.567
2160	28.95
2161	28.417
2162	29.133
2163	28.867
2164	28.983
2165	28.6
2166	28.117
2167	28.933
2168	28.733
2169	28.25
2170	26.967
2171	28.417
2172	28.1
2173	27.733
2174	27.017
2175	27.983
2176	27.45
2177	26.917
2178	26.95
2179	26.883
2180	27.617
2181	27.283
2182	27.767
2183	26.6
2184	26.567
2185	27.3
2186	26.9
2187	26.833
2188	26.233
2189	27.017
2190	27.4
2191	26.717
2192	26.55
2193	26.7
2194	26.35
2195	26.45
2196	26.6
2197	26.4
2198	26.7
2199	26.517
2200	26.733
2201	26.517
2202	25.567
2203	26.417
2204	25.95
2205	26.333
2206	26.633
2207	26.683
2208	24.917
2209	26.367
2210	25.25
2211	25.017
2212	25.717
2213	25.45
2214	25.9
2215	25.833
2216	26.033
2217	25.033
2218	25.45
2219	25.167
2220	25.85
2221	25.1
2222	25.65
2223	25.767
2224	25.983
2225	26.1
2226	26
2227	25.933
2228	25.717
2229	25.8
2230	26.083
2231	24.433
2232	25.733
2233	25.85
2234	26.5
2235	25.783
2236	25.083
2237	24.6
2238	25.983
2239	25.767
2240	25.1
2241	25.183
2242	24.917
2243	24.983
2244	25.217
2245	25.617
2246	24.3
2247	25.133
2248	25.4
2249	25.733
2250	24.783
2251	25.75
2252	24.583
2253	26.017
2254	25.1
2255	25.517
2256	25.4
2257	26.283
2258	25.833
2259	25.017
2260	25.217
2261	24.3
2262	25.133
2263	24.933
2264	24.2
2265	25.567
2266	25.3
2267	24.583
2268	25.967
2269	24.967
2270	24.95
2271	25.367
2272	25.867
2273	25.133
2274	25.95
2275	25.283
2276	24.533
2277	24.883
2278	25.65
2279	25
2280	23.617
2281	25.45
2282	26.067
2283	24.883
2284	25.8
2285	26.217
2286	24.767
2287	25.333
2288	25.4
2289	25.183
2290	24.767
2291	24.967
2292	24.4
2293	26.133
2294	25.45
2295	24.917
2296	24.383
2297	25.767
2298	25.183
2299	25.583
2300	25.25
2301	25
2302	25.267
2303	25.467
2304	25.55
2305	26.1
2306	25.317
2307	24.167
2308	25.25
2309	24.65
2310	25.6
2311	25.05
2312	24.583
2313	24.55
2314	24.567
2315	24.017
2316	24.75
2317	24.95
2318	23.7
2319	25.1
2320	25.4
2321	25.733
2322	23.867
2323	26.05
2324	25.3
2325	25.033
2326	25.667
2327	25.95
2328	26.183
2329	24.55
2330	24.75
2331	25.133
2332	25.233
2333	24.9
2334	26.25
2335	25.617
2336	25.1
2337	25.617
2338	24.383
2339	25.233
2340	25.567
2341	24.7
2342	24.967
2343	24.633
2344	24.683
2345	23.733
2346	25.433
2347	25.033
2348	25.383
2349	25.783
2350	24.517
2351	25.5
2352	24.317
2353	24.517
2354	24.1
2355	25.333
2356	24.833
2357	25.867
2358	23.883
2359	24.667
2360	23.4
2361	24.617
2362	23.433
2363	24.8
2364	24.067
2365	24.917
2366	24.367
2367	25.017
2368	23.8
2369	25.083
2370	24.217
2371	23.733
2372	25.5
2373	24.883
2374	24.933
2375	25.583
2376	24.75
2377	25.283
2378	24.8
2379	25.583
2380	25.4
2381	24.833
2382	25.483
2383	24.783
2384	24.75
2385	25.617
2386	24.333
2387	23.617
2388	25.017
2389	25.583
2390	24.733
2391	24.867
2392	24.3
2393	24.783
2394	23.983
2395	23.583
2396	24.233
2397	24.883
2398	24.383
2399	24.6
2400	24.083
2401	24.217
2402	24
2403	24.467
2404	24.767
2405	24.267
2406	24.883
2407	24.767
2408	24.3
2409	25.6
2410	24.517
2411	24.817
2412	24.65
2413	24.917
2414	24.817
2415	25.6
2416	25.7
2417	24.65
2418	24.967
2419	24.433
2420	23.483
2421	25.833
2422	25.433
2423	25.283
2424	25.083
2425	24.583
2426	25.367
2427	25.4
2428	25.467
2429	25.217
2430	24.867
2431	25.433
2432	25.167
2433	24.783
2434	25.35
2435	25.083
2436	25.4
2437	25.783
2438	25.6
2439	25.35
2440	24.55
2441	23.65
2442	25.783
2443	25.767
2444	24.217
2445	24.417
2446	24.35
2447	24.7
2448	24.867
2449	25.017
2450	24.65
2451	25.233
2452	25.617
2453	24.983
2454	24.917
2455	24.667
2456	24.1
2457	24.883
2458	25.2
2459	25.033
2460	23.85
2461	25.45
2462	25.15
2463	25.133
2464	26.15
2465	24.517
2466	24.917
2467	24.833
2468	24.233
2469	24.917
2470	25.383
2471	26.367
2472	24.75
2473	25.717
2474	23.8
2475	25.183
2476	24.233
2477	25.1
2478	24.367
2479	24.45
2480	24.717
2481	24.533
2482	24.383
2483	25.85
2484	25.283
2485	25.233
2486	26.017
2487	26.7
2488	26.867
2489	26.267
2490	28.933
2491	28.367
2492	29.267
2493	28.5
2494	28.45
2495	28.733
2496	28.65
2497	28.05
2498	28.567
2499	30.083
2500	29.167
2501	30.033
2502	29.567
2503	28.833
2504	28.433
2505	28.1
2506	28.533
2507	28.367
2508	29.633
2509	28.35
2510	28.4
2511	27.883
2512	27.483
2513	27.967
2514	27.25
2515	27.167
2516	27.15
2517	28.117
2518	27.033
2519	28.417
2520	28.367
2521	26.617
2522	27.567
2523	24.983
2524	26.983
2525	26.417
2526	27.283
2527	27.133
2528	25.633
2529	26.567
2530	27.05
2531	28.2
2532	27.267
2533	27.667
2534	26.317
2535	27.75
2536	26.617
2537	26.717
2538	27.15
2539	27.167
2540	26.5
2541	26.617
2542	25.967
2543	26.667
2544	26.767
2545	26.2
2546	26.817
2547	26.7
2548	26.533
2549	26.767
2550	26.133
2551	26.5
2552	26.833
2553	26.65
2554	26.183
2555	26.367
2556	26.967
2557	26.5
2558	25.683
2559	26.833
2560	25.933
2561	25.567
2562	26.067
2563	26.25
2564	25.2
2565	25.75
2566	26.117
2567	26.55
2568	25.9
2569	25.433
2570	26.033
2571	26.383
2572	24.883
2573	26.35
2574	26.367
2575	26.133
2576	25.4
2577	26.2
2578	25.1
2579	24.9
2580	25.717
2581	26.45
2582	25.583
2583	25.033
2584	25.65
2585	25.817
2586	25.133
2587	25.567
2588	26.533
2589	25.367
2590	25.6
2591	26.217
2592	25.1
2593	25.067
2594	25.717
2595	25.9
2596	25.333
2597	25.083
2598	24.45
2599	25.65
2600	25.183
2601	25.65
2602	25.583
2603	24.117
2604	25.383
2605	25.667
2606	25.05
2607	25.633
2608	24.717
2609	26.083
2610	25.7
2611	25.333
2612	25.117
2613	24.683
2614	25.4
2615	25.183
2616	24.85
2617	25.4
2618	25.417
2619	25.867
2620	25.617
2621	25.517
2622	25.217
2623	25.433
2624	24.917
2625	25.433
2626	25.783
2627	24.35
2628	24.5
2629	25.517
2630	24.95
2631	24.383
2632	25.933
2633	25.2
2634	25.817
2635	25.05
2636	25.533
2637	25.683
2638	25.733
2639	24.133
2640	26.067
2641	25.483
2642	24.883
2643	26.267
2644	25.683
2645	25.783
2646	24.85
2647	24.717
2648	25.383
2649	24.483
2650	25.9
2651	25.4
2652	25.3
2653	25.95
2654	24.85
2655	25.333
2656	24.917
2657	25.217
2658	24.833
2659	24.083
2660	24.95
2661	25.383
2662	24.483
2663	26.117
2664	25.417
2665	24.433
2666	25
2667	25.233
2668	24.733
2669	24.95
2670	24.367
2671	24.95
2672	24.467
2673	25.133
2674	24.517
2675	24.167
2676	25.183
2677	24.533
2678	24.45
2679	24.033
2680	24.467
2681	24.483
2682	24.15
2683	23.383
2684	24.733
2685	24.483
2686	25.2
2687	23.767
2688	24.883
2689	24.4
2690	24.317
2691	24.1
2692	25
2693	25.733
2694	25.267
2695	24.8
2696	25.667
2697	25.033
2698	25.583
2699	24.883
2700	24.917
2701	25.083
2702	23.983
2703	24.733
2704	24.3
2705	24.783
2706	24.333
2707	25.117
2708	25.333
2709	23.95
2710	23.95
2711	24.683
2712	25.35
2713	24.417
2714	24.5
2715	25.217
2716	25.733
2717	25.083
2718	24.733
2719	25.483
2720	24.833
2721	25.75
2722	24.767
2723	24.817
2724	24.983
2725	24.917
2726	25.283
2727	24.95
2728	25.433
2729	24.3
2730	24.983
2731	24.283
2732	24.867
2733	24.917
2734	24.817
2735	25.383
2736	24.183
2737	24.683
2738	24.367
2739	24.967
2740	25.117
2741	25.05
2742	24.583
2743	24.583
2744	23.533
2745	24.567
2746	23.75
2747	23.917
2748	25.283
2749	25.267
2750	24.517
2751	25.35
2752	24.933
2753	24.767
2754	24.1
2755	24.9
2756	25.183
2757	24.617
2758	24.05
2759	24.983
2760	25.133
2761	24.75
2762	24.183
2763	24.6
2764	24.933
2765	24.467
2766	24.283
2767	25.633
2768	24.6
2769	25.483
2770	25.517
2771	24.6
2772	25.083
2773	24.933
2774	25.083
2775	25
2776	24.883
2777	23.75
2778	25.667
2779	23.917
2780	24.267
2781	24.683
2782	24.167
2783	25.083
2784	24.317
2785	24.217
2786	24.417
2787	24.883
2788	23.533
2789	24.167
2790	24.767
2791	25.5
2792	24.383
2793	24.75
2794	24.8
2795	25.4
2796	24.083
2797	24.183
2798	24.583
2799	24.167
2800	24.567
2801	24.817
2802	24.417
2803	24.717
2804	24.717
2805	25.567
2806	25.5
2807	25.5
2808	25.183
2809	25.367
2810	24.267
2811	23.567
2812	23.467
2813	24.817
2814	24.95
2815	24.083
2816	25.383
2817	24.183
2818	24.45
2819	24.683
2820	25.283
2821	25.833
2822	26.617
2823	27.233
2824	27.15
2825	26.7
2826	28.617
2827	27.45
2828	28.483
2829	28.017
2830	28.667
2831	28.433
2832	29.433
2833	28.85
2834	29
2835	29.283
2836	28.517
2837	28.783
2838	28.933
2839	28.817
2840	28.917
2841	28.8
2842	28.867
2843	29.033
2844	28.3
2845	27.667
2846	28.583
2847	27.2
2848	27.55
2849	28.417
2850	28.117
2851	28
2852	27.183
2853	28.283
2854	27.433
2855	27
2856	27.467
2857	27.517
2858	27.833
2859	27.633
2860	26.933
2861	27.95
2862	27.45
2863	26.767
2864	27.083
2865	26.667
2866	26.8
2867	26.75
2868	26.8
2869	26.933
2870	26.583
2871	26.917
2872	25.85
2873	24.95
2874	26.383
2875	26.733
2876	26.133
2877	25.8
2878	26.45
2879	26.483
2880	26.917
2881	26.433
2882	26.15
2883	25.717
2884	26.117
2885	26.8
2886	25.933
2887	26.4
2888	25.567
2889	26.233
2890	26.55
2891	25.867
2892	26.283
2893	25.983
2894	24.6
2895	25.867
2896	24.467
2897	25.383
2898	25.983
2899	25.6
2900	25.533
2901	25.1
2902	25.35
2903	25.1
2904	25.85
2905	25.6
2906	25.067
2907	25.783
2908	24.267
2909	25.317
2910	24.417
2911	24.95
2912	25.4
2913	25.317
2914	25.9
2915	25.45
2916	25.533
2917	25.183
2918	25.667
2919	25.633
2920	24.867
2921	24.967
2922	26.067
2923	24.767
2924	25.883
2925	25.45
2926	25.817
2927	25.267
2928	25.633
2929	25.95
2930	26.067
2931	26.45
2932	25.317
2933	26.05
2934	24.733
2935	25.417
2936	24.333
2937	24.683
2938	25.1
2939	24.217
2940	25.2
2941	25.4
2942	25.3
2943	25.067
2944	25.15
2945	24.35
2946	25.5
2947	25.75
2948	25.083
2949	25.85
2950	25.283
2951	24.717
2952	25
2953	24.833
2954	25.35
2955	25.333
2956	25.017
2957	25.267
2958	25.633
2959	25.633
2960	24.833
2961	24.333
2962	25.55
2963	24.05
2964	24.55
2965	24.5
2966	24.7
2967	23.717
2968	25.317
2969	24.583
2970	25
2971	25.833
2972	25.333
2973	24.9
2974	25.233
2975	24.6
2976	25.85
2977	25.1
2978	25.117
2979	24.217
2980	24.783
2981	24.383
2982	24.517
2983	24.35
2984	24.833
2985	24.617
2986	25.467
2987	25.417
2988	24.433
2989	25.167
2990	24.817
2991	25.583
2992	25
2993	25.967
2994	24.55
2995	25.9
2996	24.783
2997	25.6
2998	25.05
2999	25.033
3000	24.717
3001	25.567
3002	24.367
3003	24.983
3004	24.383
3005	25.433
3006	25.183
3007	25.95
3008	24.717
3009	24.967
3010	25.133
3011	25.467
3012	25.367
3013	24.883
3014	24.717
3015	24.833
3016	24.9
3017	25.083
3018	25.15
3019	25.1
3020	24.083
3021	24.317
3022	24.217
3023	23.733
3024	23.55
3025	24.3
3026	24.317
3027	24.717
3028	24.05
3029	24.683
3030	24.867
3031	23.933
3032	24.583
3033	24.8
3034	23.95
3035	24.667
3036	24.8
3037	25.417
3038	25.017
3039	24.6
3040	25.333
3041	25.217
3042	25.717
3043	23.617
3044	26.167
3045	24.25
3046	25.333
3047	24.75
3048	25.033
3049	25.1
3050	24.233
3051	24.417
3052	24.883
3053	24.983
3054	24.6
3055	24.883
3056	24.95
3057	25.467
3058	24.383
3059	25.033
3060	24.183
3061	24.433
3062	24.333
3063	24.733
3064	24.3
3065	25.583
3066	24.733
3067	26.133
3068	24.7
3069	25.333
3070	25.35
3071	25.467
3072	24.8
3073	24.733
3074	24.817
3075	25.767
3076	23.9
3077	24.617
3078	24.367
3079	24.517
3080	26.15
3081	24.95
3082	24.733
3083	25.7
3084	25.267
3085	24.433
3086	25.233
3087	25.017
3088	24.15
3089	25.333
3090	25.35
3091	24.55
3092	25.233
3093	25.1
3094	24.967
3095	24.967
3096	24.8
3097	24.433
3098	25.233
3099	25.033
3100	24.533
3101	25.617
3102	24.967
3103	24.967
3104	24.667
3105	23.85
3106	25.433
3107	23.617
3108	24.183
3109	26.117
3110	25.217
3111	24.383
3112	24.633
3113	25.217
3114	24.983
3115	24.883
3116	24.383
3117	24.883
3118	25.15
3119	24.317
3120	24.183
3121	25.4
3122	24.133
3123	24.85
3124	23.683
3125	25.867
3126	24.35
3127	24.833
3128	24.117
3129	25.6
3130	24.75
3131	24.533
3132	24.867
3133	25.55
3134	23.983
3135	24.383
3136	24.883
3137	24.067
3138	24.45
3139	24.65
3140	24.75
3141	24.183
3142	22.583
3143	24.917
3144	24.967
3145	24.883
3146	25.183
3147	25.5
3148	24.533
3149	25.033
3150	23.75
3151	24.167
3152	23.917
3153	25.65
3154	24.333
3155	24.833
3156	24.833
3157	25.9
3158	24.633
3159	25.2
3160	25.15
3161	25.033
3162	24.3
3163	24.333
3164	25.267
3165	24.5
3166	24.817
3167	23.333
3168	24.517
3169	25.033
3170	25.333
3171	24.3
3172	24.217
3173	23.917
3174	24.567
3175	24.45
3176	24.083
3177	24.333
3178	25.033
3179	25.783
3180	26.133
3181	26.483
3182	26.9
3183	26.917
3184	27.3
3185	28.367
3186	28.083
3187	28.567
3188	27.133
3189	28.967
3190	28.617
3191	29.7
3192	28.15
3193	28.583
3194	27.983
3195	28.983
3196	28.633
3197	27.733
3198	28.917
3199	27.9
3200	27.983
3201	28.8
3202	28.233
3203	27.617
3204	27.783
3205	27.617
3206	27.9
3207	27.183
3208	27.533
3209	26.95
3210	25.733
3211	26.583
3212	27.55
3213	27.667
3214	26.117
3215	26.7
3216	27.3
3217	27.3
3218	26.267
3219	26
3220	26.167
3221	26.383
3222	26.683
3223	28.017
3224	26.45
3225	27.167
3226	27.633
3227	26.683
3228	26.55
3229	27.55
3230	26.133
3231	26.033
3232	26.133
3233	26.833
3234	25.733
3235	26.583
3236	25.65
3237	25.2
3238	25.633
3239	24.8
3240	26.183
3241	25.75
3242	25.533
3243	25.683
3244	26.117
3245	25.767
3246	25.1
3247	25.317
3248	24.783
3249	25.267
3250	24.85
3251	25.517
3252	24.733
3253	25.6
3254	24.667
3255	25.133
3256	25.917
3257	25.95
3258	25.383
3259	24.317
3260	25.833
3261	25.183
3262	25.217
3263	23.883
3264	24.717
3265	25.833
3266	25.467
3267	25.3
3268	24.767
3269	24.783
3270	24.85
3271	24.367
3272	25.8
3273	24.867
3274	26.083
3275	24.667
3276	24.9
3277	24.783
3278	25.2
3279	24.417
3280	25.2
3281	25.45
3282	24.983
3283	25.583
3284	24.3
3285	25.367
3286	25.083
3287	25.75
3288	24.9
3289	24.8
3290	24.733
3291	24.583
3292	25.383
3293	25.467
3294	25.433
3295	24.983
3296	24.25
3297	25.2
3298	25.417
3299	23.933
3300	25.083
3301	24.35
3302	24.433
3303	25.167
3304	25.017
3305	24.9
3306	24.7
3307	24.767
3308	24.817
3309	24.7
3310	24.917
3311	25.2
3312	25.917
3313	25.85
3314	25.367
3315	24.583
3316	24.933
3317	25.967
3318	24.7
3319	25.017
3320	24.967
3321	25.117
3322	24.233
3323	25.233
3324	25.55
3325	24.883
3326	25.833
3327	24.1
3328	25.167
3329	26.3
3330	25.667
3331	24.5
3332	25.05
3333	24.917
3334	25.833
3335	25.2
3336	24.983
3337	24.917
3338	24.2
3339	24.333
3340	24.433
3341	24
3342	25.05
3343	25.1
3344	24.967
3345	24.367
3346	24.833
3347	24.883
3348	24.433
3349	25.117
3350	24
3351	24.45
3352	25.483
3353	25.633
3354	24.533
3355	24.867
3356	25.033
3357	24.633
3358	24.933
3359	24.967
3360	24.45
3361	24.95
3362	25.35
3363	24.383
3364	24.817
3365	25.667
3366	25.1
3367	25.35
3368	25.333
3369	25.733
3370	25.25
3371	24.483
3372	25.083
3373	24.95
3374	25.583
3375	24.85
3376	24.967
3377	25.783
3378	24.15
3379	24.15
3380	24.767
3381	24.633
3382	24.95
3383	25.6
3384	24.433
3385	25.067
3386	24.267
3387	24.483
3388	23.967
3389	24.617
3390	25.233
3391	24.833
3392	25.067
3393	25.35
3394	25.033
3395	23.983
3396	24.867
3397	24.7
3398	24.233
3399	24.55
3400	25.15
3401	24.917
3402	25.65
3403	23.567
3404	24.9
3405	25.683
3406	24.817
3407	24.817
3408	25.317
3409	24.817
3410	24.083
3411	24.15
3412	24.867
3413	24.617
3414	25.783
3415	24.75
3416	24.867
3417	24.533
3418	25.133
3419	25.05
3420	24.983
3421	25.55
3422	25.417
3423	25.133
3424	24.733
3425	25.533
3426	25.133
3427	24.683
3428	25.6
3429	24.7
3430	24.1
3431	25.183
3432	24.833
3433	24.833
3434	25.517
3435	24.517
3436	24.65
3437	25.083
3438	25.317
3439	24.917
3440	25.35
3441	23.917
3442	24.45
3443	24.967
3444	25.183
3445	24.933
3446	25.367
3447	25
3448	24.983
3449	24.4
3450	25.65
3451	24.85
3452	25.283
3453	23.733
3454	25.483
3455	24.833
3456	25.317
3457	24.983
3458	25.367
3459	24.367
3460	24.367
3461	25.45
3462	25.15
3463	24.817
3464	25.45
3465	25.05
3466	25.217
3467	25.35
3468	25.133
3469	24.883
3470	24.667
3471	24.033
3472	25.067
3473	25.6
3474	24.667
3475	25.383
3476	24.3
3477	24.583
3478	25.55
3479	25.133
3480	25.417
3481	24.517
3482	24.95
3483	24.717
3484	23.95
3485	24.917
3486	25.917
3487	24.517
3488	24.683
3489	24.95
3490	24.75
3491	23.883
3492	25.283
3493	25.167
3494	24.033
3495	23.917
3496	25.617
3497	24.533
3498	24.2
3499	25.183
3500	24.75
3501	25
3502	25.283
3503	24.283
3504	25.183
3505	24.75
3506	25.05
3507	25.533
3508	24.683
3509	24.483
3510	24.533
3511	24.767
3512	25.3
3513	24.717
3514	25.05
3515	23.733
3516	24.317
3517	24.75
3518	24.65
3519	24.667
3520	24.967
3521	24.233
3522	24.583
3523	25.217
3524	25.133
3525	25.517
3526	26.967
3527	27.233
3528	27.967
3529	27.65
3530	27.833
3531	28.667
3532	29.217
3533	29.7
3534	28.883
3535	27.55
3536	28.667
3537	29.1
3538	28.983
3539	28.867
3540	28.65
3541	28.3
3542	28.467
3543	28.033
3544	28.85
3545	28.05
3546	28.6
3547	27.717
3548	27.633
3549	27.983
3550	28.233
3551	26.467
3552	27.267
3553	28.117
3554	26.85
3555	26.217
3556	26.1
3557	27.383
3558	26.95
3559	27.3
3560	27.35
3561	27.1
3562	26.517
3563	26.867
3564	27.167
3565	26.483
3566	25.6
3567	26.25
3568	27.667
3569	26.667
3570	26.533
3571	25.567
3572	26.7
3573	26.483
3574	26.917
3575	25.617
3576	25.817
3577	26.483
3578	25.75
3579	26.233
3580	25.6
3581	26.417
3582	26.483
3583	27.067
3584	26.183
3585	26.417
3586	25.817
3587	25.617
3588	26.783
3589	25.317
3590	25.233
3591	25.933
3592	25.483
3593	25.95
3594	25.95
3595	26.1
3596	25.667
3597	25.667
3598	26.117
3599	25.483
3600	25.183
3601	25.883
3602	25.867
3603	25.55
3604	25.017
3605	26.183
3606	26.9
3607	25.5
3608	25.833
3609	26.617
3610	25.867
3611	25.3
3612	26.4
3613	25.883
3614	25.367
3615	25.267
3616	25.683
3617	25.583
3618	25.783
3619	25.6
3620	24.75
3621	25.6
3622	26.5
3623	25.183
3624	25.7
3625	25.467
3626	25.667
3627	25.583
3628	26.083
3629	25.15
3630	25.833
3631	24.6
3632	24.783
3633	24.767
3634	24.967
3635	25.017
3636	24.767
3637	24.733
3638	25
3639	24.483
3640	24.817
3641	24.867
3642	24.983
3643	25.533
3644	24.9
3645	24.9
3646	25.1
3647	25.233
3648	24.867
3649	26
3650	25.417
3651	24.617
3652	25.017
3653	24.933
3654	25.367
3655	25.033
3656	25.533
3657	25.617
3658	25.2
3659	25.033
3660	24.95
3661	24.3
3662	25.483
3663	25.283
3664	25.6
3665	25.467
3666	24.633
3667	25.033
3668	24.7
3669	25.2
3670	24.533
3671	25.783
3672	25.817
3673	25.5
3674	25.633
3675	25.9
3676	24.7
3677	25.217
3678	25.633
3679	24.467
3680	25.033
3681	25.583
3682	25.5
3683	24.75
3684	24.6
3685	24.717
3686	25.2
3687	25.033
3688	25.1
3689	24.633
3690	24.75
3691	23.9
3692	24.8
3693	24.017
3694	26.283
3695	25.033
3696	25.6
3697	23.917
3698	24.717
3699	25.017
3700	25.35
3701	25.333
3702	25.233
3703	26.033
3704	24.283
3705	24.9
3706	24.633
3707	24.5
3708	24.5
3709	24.7
3710	25.467
3711	23.767
3712	25.3
3713	25.333
3714	24.933
3715	24.7
3716	24.633
3717	25.1
3718	24.55
3719	25.367
3720	26.017
3721	24.933
3722	24.383
3723	24.433
3724	23.333
3725	24.217
3726	24.4
3727	24.567
3728	25.233
3729	24.583
3730	24.05
3731	24.733
3732	25.167
3733	24.25
3734	25.35
3735	24.517
3736	25.267
3737	25.317
3738	25.167
3739	24.6
3740	24.183
3741	25.133
3742	25.517
3743	24.5
3744	25.1
3745	24.9
3746	26
3747	25.483
3748	25.117
3749	24.683
3750	24.833
3751	24.2
3752	24.55
3753	25.767
3754	23.917
3755	25.1
3756	25.3
3757	25.083
3758	25
3759	25.233
3760	25.65
3761	25.333
3762	24.3
3763	24.733
3764	24.95
3765	24.9
3766	24.767
3767	25.717
3768	24.783
3769	24.067
3770	25.033
3771	24.883
3772	24.383
3773	25.35
3774	24.85
3775	24.517
3776	24.667
3777	25.317
3778	24.9
3779	25.667
3780	25.733
3781	25.517
3782	24.95
3783	25.217
3784	24.717
3785	24.883
3786	25.9
3787	24.3
3788	23.683
3789	24.383
3790	24.2
3791	24.95
3792	25.017
3793	24.1
3794	25.067
3795	25.85
3796	25.517
3797	25.517
3798	24.517
3799	25.483
3800	24.283
3801	24.767
3802	25.483
3803	23.933
3804	23.9
3805	24.883
3806	25.233
3807	24.75
3808	24.667
3809	24.6
3810	24.217
3811	24.267
3812	24.117
3813	25.05
3814	24.6
3815	23.133
3816	23.45
3817	24.95
3818	24.75
3819	24.767
3820	24.8
3821	24.183
3822	26.033
3823	24.45
3824	23.683
3825	24.133
3826	24.267
3827	24.3
3828	24.1
3829	25.417
3830	24.683
3831	24.65
3832	24.9
3833	24.6
3834	24.183
3835	24.817
3836	25.35
3837	24.667
3838	25.783
3839	25.267
3840	24.233
3841	24.583
3842	24.45
3843	25
3844	24.733
3845	24.817
3846	24.683
3847	23.717
3848	25.567
3849	25.8
3850	25.95
3851	25.567
3852	25.017
3853	24.8
3854	25.4
3855	25.017
3856	25
3857	24.967
3858	24.4
3859	25.233
3860	24.5
3861	24.483
3862	25.117
3863	25.35
3864	24.917
3865	25.283
3866	25.15
3867	24.567
3868	25.4
3869	26.017
3870	25.75
3871	27.333
3872	27.583
3873	26.733
3874	28.417
3875	27.683
3876	28.5
3877	28.367
3878	28.133
3879	27.55
3880	28.167
3881	27.533
3882	28.933
3883	28.383
3884	28.3
3885	28.8
3886	29.267
3887	28.167
3888	28.483
3889	27.167
3890	27.6
3891	27.833
3892	27.4
3893	27.983
3894	27.333
3895	28.367
3896	27.767
3897	27.817
3898	27.117
3899	27.433
3900	26.9
3901	26.833
3902	27.15
3903	27.317
3904	27.45
3905	27.167
3906	26.65
3907	27.517
3908	26.45
3909	26.717
3910	27.217
3911	26.233
3912	27.567
3913	27.133
3914	27.633
3915	26.05
3916	26.95
3917	26.733
3918	26.033
3919	27.05
3920	26.25
3921	25.883
3922	26.417
3923	25.783
3924	25.483
3925	26.05
3926	26.217
3927	26.267
3928	26.2
3929	25.217
3930	25.683
3931	26.65
3932	25.6
3933	26.167
3934	25.65
3935	26.35
3936	26.583
3937	26.2
3938	26.317
3939	25.433
3940	26.3
3941	26
3942	25.55
3943	26.217
3944	27.05
3945	25.217
3946	26.3
3947	25.467
3948	26.65
3949	25.833
3950	26.1
3951	25.9
3952	25.4
3953	25.15
3954	25.667
3955	25.833
3956	25.167
3957	26.25
3958	24.95
3959	26.05
3960	26.083
3961	25.7
3962	25.633
3963	25.283
3964	24.9
3965	26.117
3966	25.317
3967	24.9
3968	24.517
3969	26.433
3970	25.083
3971	25.217
3972	26.1
3973	26.05
3974	25.367
3975	25.417
3976	25.583
3977	24.667
3978	25.45
3979	25.9
3980	24.8
3981	25.45
3982	26.15
3983	25.5
3984	25.583
3985	25.217
3986	25.133
3987	25.483
3988	24.783
3989	26.167
3990	25.4
3991	25.533
3992	25.5
3993	24.75
3994	24.517
3995	25.117
3996	24.467
3997	25.233
3998	25.567
3999	25.083
4000	26.2
4001	25.2
4002	25.45
4003	25.2
4004	25.4
4005	25.217
4006	25.55
4007	24.417
4008	24.55
4009	25.4
4010	24.467
4011	24.7
4012	25.05
4013	24.733
4014	24.867
4015	25.05
4016	23.983
4017	24.55
4018	25.317
4019	24.733
4020	25.367
4021	24.7
4022	24.517
4023	25.2
4024	26.117
4025	25.15
4026	25.267
4027	25.883
4028	25.317
4029	26.2
4030	25.433
4031	24
4032	24.917
4033	25.1
4034	25.133
4035	24.85
4036	25.417
4037	24.917
4038	25
4039	25.1
4040	25.75
4041	25.55
4042	25.717
4043	25.35
4044	25.2
4045	25.267
4046	25.267
4047	25.217
4048	25.35
4049	23.833
4050	25.383
4051	25.2
4052	24.6
4053	24.867
4054	24.467
4055	25
4056	24.417
4057	24.617
4058	24.133
4059	24.5
4060	24.65
4061	25.667
4062	25.333
4063	25.083
4064	24.3
4065	25.133
4066	25.083
4067	24.667
4068	25.967
4069	25.55
4070	25.117
4071	25.3
4072	24.767
4073	23.95
4074	24.067
4075	25.5
4076	23.967
4077	24.35
4078	24.5
4079	24.667
4080	25.133
4081	24.667
4082	25.467
4083	23.85
4084	24.9
4085	24.283
4086	25.55
4087	24.75
4088	25.733
4089	25.7
4090	25.117
4091	24.883
4092	24.883
4093	24.683
4094	25.25
4095	25.7
4096	24.617
4097	25.5
4098	25.017
4099	26.8
4100	24.733
4101	24.2
4102	24.883
4103	25.517
4104	23.55
4105	23.883
4106	25.3
4107	23.983
4108	25.75
4109	25.5
4110	24.783
4111	25.1
4112	25.15
4113	25.15
4114	25.083
4115	25.417
4116	25.3
4117	25.567
4118	24.9
4119	24.65
4120	25.467
4121	24.55
4122	24.533
4123	24.167
4124	25.567
4125	24.4
4126	23.95
4127	24.917
4128	25.267
4129	25.483
4130	25.383
4131	25.433
4132	25.1
4133	25.017
4134	25.5
4135	24.55
4136	25.733
4137	25.133
4138	24.233
4139	25.133
4140	24.683
4141	24.15
4142	26
4143	24.067
4144	24.85
4145	24.833
4146	24.883
4147	24.783
4148	24.667
4149	26.017
4150	25.067
4151	25.767
4152	24.3
4153	24.517
4154	24.6
4155	25.35
4156	25
4157	24.533
4158	24.833
4159	25.067
4160	25.167
4161	25.9
4162	24.517
4163	25.417
4164	24.95
4165	25.167
4166	23.95
4167	25.25
4168	24.8
4169	24.733
4170	24.017
4171	25.167
4172	25.317
4173	24.817
4174	25.533
4175	25.233
4176	24.4
4177	24.45
4178	24.567
4179	24.2
4180	24.85
4181	25.183
4182	25.267
4183	25.7
4184	25.533
4185	25.117
4186	25.6
4187	25.45
4188	24.9
4189	24.45
4190	24.583
4191	25.867
4192	24.9
4193	24.7
4194	25.517
4195	25.067
4196	25.333
4197	24.733
4198	25.35
4199	24.917
4200	25.233
4201	24.567
4202	25.083
4203	25.117
4204	24.75
4205	24.65
4206	25.217
4207	25.133
4208	24.333
4209	24.95
4210	25.033
4211	25.317
4212	24.067
4213	24.667
4214	25.583
4215	25.7
4216	26.483
4217	26.8
4218	26.383
4219	27.267
4220	27.617
4221	27.433
4222	27.667
4223	28.6
4224	27.3
4225	29.733
4226	28.567
4227	28.533
4228	28.25
4229	28.267
4230	28.533
4231	27.883
4232	27.8
4233	27.083
4234	27.8
4235	28.05
4236	28.667
4237	27.483
4238	27.983
4239	27.017
4240	27.333
4241	28.367
4242	26.533
4243	27.5
4244	28.267
4245	27.5
4246	26.633
4247	27.067
4248	27.033
4249	27.117
4250	26.583
4251	27.033
4252	27.367
4253	26.8
4254	26.417
4255	27.217
4256	25.783
4257	26.4
4258	26.033
4259	25.417
4260	26.083
4261	26.517
4262	25.817
4263	26.45
4264	26.017
4265	25.5
4266	25.267
4267	26.467
4268	26.167
4269	25.767
4270	25.667
4271	26.033
4272	26.133
4273	25.9
4274	26.25
4275	25.083
4276	25.75
4277	24.833
4278	25.55
4279	25.9
4280	26.2
4281	26.033
4282	24.683
4283	25.333
4284	24.533
4285	25.15
4286	25.017
4287	25.267
4288	24.767
4289	25.267
4290	25.117
4291	25.567
4292	25.2
4293	25.3
4294	25.417
4295	24.783
4296	25.667
4297	25.533
4298	25.083
4299	24.75
4300	25.317
4301	25.8
4302	25.617
4303	25.667
4304	25.933
4305	26.3
4306	26.267
4307	25.467
4308	26.083
4309	26.283
4310	25.75
4311	24.733
4312	25.6
4313	24.1
4314	26.117
4315	24.333
4316	25.067
4317	24.9
4318	25.517
4319	26.333
4320	25.3
4321	24.567
4322	24.017
4323	25.2
4324	25.567
4325	24.867
4326	24.5
4327	25.4
4328	25.633
4329	24.617
4330	25.333
4331	25.517
4332	25.717
4333	24.5
4334	25.217
4335	25.217
4336	24.583
4337	25.817
4338	25.067
4339	24.617
4340	24.533
4341	24.517
4342	24.917
4343	25.117
4344	25.733
4345	25
4346	24.983
4347	25.317
4348	25.067
4349	25.833
4350	25.45
4351	25.133
4352	26.233
4353	24.817
4354	24.9
4355	24.75
4356	24.083
4357	23.683
4358	25.133
4359	24.65
4360	24.317
4361	25.433
4362	25.233
4363	25.1
4364	24.583
4365	24.45
4366	24.967
4367	23.917
4368	25.333
4369	24.117
4370	24.217
4371	24.117
4372	25.25
4373	23.767
4374	24.583
4375	25.483
4376	24.75
4377	24.333
4378	24.1
4379	23.067
4380	24.95
4381	24.45
4382	25.117
4383	25.483
4384	25.067
4385	25.267
4386	25.783
4387	24.933
4388	23.933
4389	24.15
4390	25.55
4391	24.717
4392	25.383
4393	25.867
4394	24.717
4395	24.917
4396	25.433
4397	24.683
4398	24.817
4399	25.75
4400	24.983
4401	24.583
4402	25.067
4403	24.667
4404	25.083
4405	24.117
4406	25.683
4407	25.167
4408	24.517
4409	24.367
4410	25.6
4411	24.95
4412	25.267
4413	25.033
4414	24.533
4415	24.917
4416	24.467
4417	25.067
4418	24.867
4419	24.95
4420	24.417
4421	24.367
4422	25.5
4423	24.333
4424	25.15
4425	25.55
4426	24.6
4427	24.533
4428	24.517
4429	24.783
4430	25.383
4431	25.1
4432	24.217
4433	25.4
4434	25.317
4435	25.467
4436	25.217
4437	25.033
4438	24.883
4439	24.467
4440	24.4
4441	24.85
4442	24.4
4443	25.1
4444	24.4
4445	24.667
4446	24.7
4447	25.083
4448	25.117
4449	24.85
4450	25.15
4451	25.2
4452	24.517
4453	24.667
4454	25.267
4455	24.717
4456	25.233
4457	24.833
4458	25.25
4459	24.667
4460	24.583
4461	25.583
4462	24.033
4463	25.05
4464	26.3
4465	25.183
4466	24.517
4467	24.883
4468	24.85
4469	25.3
4470	25.033
4471	24.617
4472	24.633
4473	25.317
4474	25.883
4475	25.2
4476	24.767
4477	24.85
4478	23.967
4479	25.2
4480	25.25
4481	24.75
4482	23.967
4483	24.9
4484	24.017
4485	25.217
4486	24.55
4487	24.7
4488	25.733
4489	24.267
4490	25.867
4491	25.917
4492	24.5
4493	24.867
4494	25.05
4495	25.217
4496	24.833
4497	24.817
4498	24.367
4499	24.8
4500	24.883
4501	25.283
4502	25.033
4503	25.033
4504	24.583
4505	24.783
4506	25.167
4507	24.417
4508	24.967
4509	24.667
4510	24.867
4511	25.133
4512	24.917
4513	24.9
4514	24.633
4515	25.233
4516	24.6
4517	24.983
4518	24.583
4519	25.317
4520	25.633
4521	24.183
4522	25
4523	24.333
4524	24.367
4525	24.733
4526	25.083
4527	25.2
4528	25.033
4529	25.117
4530	24.733
4531	25.283
4532	25.617
4533	25.383
4534	25.367
4535	24.967
4536	24.167
4537	24.817
4538	25
4539	24.767
4540	26.283
4541	26.117
4542	27.367
4543	26.35
4544	27.783
4545	27.667
4546	28.5
4547	27.133
4548	28.45
4549	28.2
4550	27.967
4551	27.517
4552	28.717
4553	27.683
4554	28.183
4555	27.85
4556	27.5
4557	27.683
4558	27.167
4559	28.45
4560	28.117
4561	27.917
4562	28.033
4563	28.367
4564	26.983
4565	27.933
4566	27.783
4567	27.083
4568	27
4569	27.8
4570	28.217
4571	27.3
4572	27.883
4573	27
4574	28.45
4575	26.817
4576	27.067
4577	26.417
4578	26.833
4579	26.033
4580	26.7
4581	26.7
4582	25.133
4583	26.05
4584	25.4
4585	25.783
4586	26.117
4587	26.883
4588	26.167
4589	25.383
4590	26.05
4591	27.15
4592	25.533
4593	25.7
4594	27.367
4595	26.283
4596	25.983
4597	26.367
4598	26.25
4599	25.633
4600	25.817
4601	26.167
4602	25.55
4603	25.4
4604	25.317
4605	26.533
4606	26.283
4607	25.667
4608	25.6
4609	25.283
4610	25.833
4611	25.8
4612	25.383
4613	26.417
4614	25.95
4615	25.983
4616	25.633
4617	25.45
4618	26.55
4619	24.783
4620	24.483
4621	25.4
4622	25.433
4623	24.95
4624	24.883
4625	25.417
4626	25.017
4627	25.617
4628	25.217
4629	25.367
4630	25.133
4631	25.833
4632	25.3
4633	25.617
4634	24.767
4635	26.45
4636	25.133
4637	25.45
4638	26.067
4639	25.75
4640	25.917
4641	26.05
4642	25.75
4643	25.4
4644	25.533
4645	25.433
4646	26.083
4647	25.25
4648	25.317
4649	24.383
4650	25.25
4651	25.2
4652	24.683
4653	25.95
4654	26.15
4655	25.483
4656	26.083
4657	25.417
4658	25.9
4659	25.55
4660	24.85
4661	25.483
4662	25.533
4663	25.317
4664	25.5
4665	26.367
4666	25.033
4667	25.467
4668	24.933
4669	24.883
4670	25.783
4671	24.3
4672	25.85
4673	24.7
4674	26.233
4675	24.8
4676	25.733
4677	24.917
4678	25.167
4679	25.05
4680	24.617
4681	25.767
4682	25.033
4683	24.883
4684	24.517
4685	25.767
4686	24.017
4687	24.9
4688	25.65
4689	24.517
4690	25.35
4691	24.75
4692	23.733
4693	24.9
4694	24.367
4695	25.017
4696	24.5
4697	25.033
4698	25.033
4699	24.967
4700	24.733
4701	26.717
4702	24.917
4703	24.8
4704	24.617
4705	24.85
4706	25.767
4707	25.367
4708	24.75
4709	24.517
4710	24.217
4711	24.35
4712	25.333
4713	25.933
4714	24.367
4715	24.217
4716	23.5
4717	25.783
4718	25.283
4719	24.733
4720	24.817
4721	24.983
4722	24.083
4723	25.1
4724	25.017
4725	24.267
4726	24.75
4727	25.117
4728	24.25
4729	24.1
4730	25.35
4731	24.617
4732	24.467
4733	25.05
4734	24.25
4735	24.933
4736	24.833
4737	24.7
4738	24.883
4739	24.917
4740	24.417
4741	25.167
4742	24.7
4743	25.017
4744	24.533
4745	24.95
4746	24.767
4747	25.133
4748	24.317
4749	24.95
4750	24.567
4751	24.9
4752	23.35
4753	24.367
4754	23.9
4755	24.417
4756	24.483
4757	24.35
4758	24.383
4759	23.917
4760	25.233
4761	24.717
4762	24.167
4763	25.167
4764	25.1
4765	25.383
4766	25.383
4767	24.433
4768	24.75
4769	24.483
4770	24.883
4771	25.117
4772	25.467
4773	24.95
4774	24.633
4775	24.9
4776	25.433
4777	25.15
4778	25.75
4779	25.117
4780	24.917
4781	25.517
4782	25.05
4783	25.383
4784	24.883
4785	24.283
4786	24.183
4787	24.45
4788	25.233
4789	24.1
4790	23.467
4791	23.283
4792	25.083
4793	23.817
4794	24.5
4795	24.667
4796	25.15
4797	24.917
4798	25.317
4799	23.75
4800	24.867
4801	24.117
4802	24.267
4803	23.833
4804	25.483
4805	24.35
4806	25.333
4807	24.083
4808	24.433
4809	24.05
4810	24.217
4811	23.7
4812	24.3
4813	24.933
4814	24.6
4815	25.5
4816	24.05
4817	24.733
4818	24.517
4819	24.483
4820	25.717
4821	23.65
4822	25.4
4823	25.017
4824	23.867
4825	24
4826	24.517
4827	24.167
4828	23.567
4829	23.983
4830	25.517
4831	24.117
4832	24.95
4833	24.217
4834	24.6
4835	23.067
4836	24.65
4837	24.15
4838	23.983
4839	24.767
4840	25.05
4841	24.133
4842	24.95
4843	24.95
4844	23.95
4845	23.883
4846	24
4847	25.367
4848	25.083
4849	24.15
4850	24.367
4851	25.183
4852	24.95
4853	24.15
4854	24.417
4855	24.617
4856	25.167
4857	23.733
4858	24.15
4859	24.383
4860	24.083
4861	22.983
4862	24.517
4863	24.5
4864	24.283
4865	24.517
4866	24.15
4867	24.483
4868	25.05
4869	24.667
4870	24.967
4871	24.767
4872	24.05
4873	24.817
4874	23.95
4875	24.017
4876	24.783
4877	24.7
4878	25.067
4879	24.75
4880	24.467
4881	24.3
4882	24.583
4883	24.733
4884	24.983
4885	24.733
4886	24.95
4887	24.933
4888	24.95
4889	24.2
4890	24.617
4891	24.3
4892	25.05
4893	24.45
4894	24.883
4895	24.55
4896	24.083
4897	24.583
4898	24.1
4899	24.517
4900	24.217
4901	24.283
4902	24.8
4903	25.133
4904	23.8
4905	24.617
4906	24.567
4907	25.383
4908	26.767
4909	25.683
4910	25.683
4911	25.4
4912	27.983
4913	26.917
4914	27.167
4915	28.267
4916	28.233
4917	27.317
4918	28.117
4919	27.15
4920	27.783
4921	27.1
4922	27.7
4923	28.2
4924	27.683
4925	26.95
4926	28.1
4927	27.133
4928	27.017
4929	27.517
4930	27.117
4931	26.483
4932	25.833
4933	26.833
4934	27.1
4935	26.783
4936	27.15
4937	28.067
4938	27.767
4939	27.167
4940	27.4
4941	27.333
4942	26.633
4943	26.45
4944	27.667
4945	27.75
4946	27.833
4947	26.133
4948	25.817
4949	26.717
4950	27.4
4951	26.367
4952	27.1
4953	26.4
4954	26.3
4955	26
4956	26.783
4957	25.217
4958	27.1
4959	25.633
4960	26.05
4961	24.967
4962	26.067
4963	25.35
4964	26.817
4965	25.933
4966	26.033
4967	24.75
4968	25.883
4969	25.6
4970	25.767
4971	25.333
4972	25.917
4973	25.533
4974	25.367
4975	26.183
4976	25.733
4977	26.25
4978	25.617
4979	25.533
4980	26.117
4981	26.167
4982	26.317
4983	25.25
4984	26.067
4985	25.633
4986	25.483
4987	25.183
4988	25.417
4989	25.65
4990	25.417
4991	25.15
4992	24.6
4993	24.617
4994	25.133
4995	25.8
4996	25.7
4997	26.183
4998	24.617
4999	24.867
5000	25.85
5001	25.433
5002	25.7
5003	25
5004	25.25
5005	25.5
5006	24.2
5007	25.367
5008	25.433
5009	24.5
5010	25.2
5011	25.05
5012	25.15
5013	24.65
5014	25.45
5015	25.3
5016	25.667
5017	24.8
5018	25.333
5019	25.217
5020	25.017
5021	24.633
5022	25.1
5023	24.25
5024	23.867
5025	24.4
5026	25.25
5027	25.733
5028	24.733
5029	25.6
5030	26.483
5031	26.233
5032	24.833
5033	25.383
5034	24.933
5035	25.267
5036	25.267
5037	24.617
5038	24.183
5039	25.65
5040	25.067
5041	25.1
5042	24.483
5043	26.117
5044	25
5045	25.617
5046	25.433
5047	25.233
5048	25.2
5049	24.817
5050	25.467
5051	24.75
5052	24.167
5053	25.4
5054	24.517
5055	25.333
5056	25.4
5057	24.833
5058	25.4
5059	25.317
5060	25.083
5061	25.333
5062	24.7
5063	25.017
5064	24.967
5065	25.117
5066	24.233
5067	25.233
5068	23.683
5069	24.883
5070	25.417
5071	25.683
5072	24.733
5073	25.133
5074	25.167
5075	23.817
5076	25.467
5077	24.7
5078	24.983
5079	25.65
5080	24.65
5081	24.533
5082	23.8
5083	25.1
5084	23.733
5085	24.683
5086	25
5087	25.267
5088	25.4
5089	24.6
5090	24.667
5091	24.667
5092	24.4
5093	23.4
5094	24.133
5095	24.917
5096	24.283
5097	25.483
5098	23.35
5099	24.367
5100	25.317
5101	24.167
5102	25.317
5103	24.367
5104	24.767
5105	23.717
5106	24.6
5107	24.317
5108	24.5
5109	24.5
5110	24.433
5111	24.833
5112	24.9
5113	24.017
5114	24.317
5115	24.817
5116	24.033
5117	24.767
5118	24.85
5119	25.717
5120	24.617
5121	25.183
5122	24.467
5123	23.967
5124	24
5125	24.7
5126	24.283
5127	24.083
5128	24.417
5129	24.067
5130	24.617
5131	24.583
5132	23.85
5133	25.317
5134	24.583
5135	23.7
5136	24.167
5137	24.167
5138	23.967
5139	23.783
5140	24.767
5141	24.483
5142	24.95
5143	24.783
5144	24.55
5145	23.667
5146	24.25
5147	24.717
5148	24.017
5149	25.417
5150	24.6
5151	24.167
5152	24
5153	25.083
5154	25.367
5155	24.683
5156	24.467
5157	23.733
5158	24.367
5159	24.367
5160	24.65
5161	24.45
5162	23.783
5163	24.8
5164	25.083
5165	25.2
5166	24.483
5167	24.183
5168	24.7
5169	24.167
5170	23.5
5171	24.783
5172	25.45
5173	23.95
5174	24.617
5175	24.383
5176	24.083
5177	25.6
5178	25.533
5179	24.95
5180	24.85
5181	23.6
5182	24.517
5183	24.9
5184	25.35
5185	24.233
5186	24.65
5187	25.467
5188	24.617
5189	24.383
5190	25.433
5191	24.083
5192	25.2
5193	24.333
5194	24.533
5195	25.45
5196	25.083
5197	24.967
5198	24.833
5199	24.267
5200	24.283
5201	24.383
5202	25.233
5203	24.55
5204	25.467
5205	25.483
5206	25.467
5207	24.717
5208	24.067
5209	24.517
5210	23.883
5211	24.367
5212	24.483
5213	24.583
5214	25.233
5215	25.083
5216	24.25
5217	24.183
5218	23.917
5219	23.717
5220	24.867
5221	24.283
5222	24.367
5223	24.533
5224	24.667
5225	25.333
5226	24.917
5227	24.817
5228	25.183
5229	24.117
5230	24.067
5231	24.6
5232	25.267
5233	25.25
5234	24.5
5235	25.317
5236	24.433
5237	24.667
5238	24.667
5239	24.383
5240	23.833
5241	24.45
5242	24.167
5243	25.117
5244	25.333
5245	24.6
5246	24.6
5247	24.833
5248	25.517
5249	25.817
5250	25.2
5251	24.483
5252	24.383
5253	24.933
5254	25.467
5255	25.733
5256	26.2
5257	26.317
5258	26.35
5259	26.8
5260	26.933
5261	27.317
5262	27.533
5263	27.583
5264	26.817
5265	27.283
5266	27.417
5267	27.6
5268	27.833
5269	26.617
5270	27.2
5271	26.35
5272	26.933
5273	27.167
5274	26.717
5275	27.433
5276	26.617
5277	26.65
5278	27.117
5279	27.15
5280	26.233
5281	26.217
5282	26.317
5283	27.183
5284	26.7
5285	27.05
5286	27.417
5287	26.783
