1	24.862
2	24.719
3	23.781
4	24.462
5	24.288
6	24.212
7	23.119
8	23.95
9	24.712
10	24.831
11	23.612
12	23.75
13	24.025
14	23.794
15	24.375
16	24.369
17	23.744
18	23.7
19	24.006
20	24.075
21	24.019
22	23.881
23	24.788
24	23.881
25	23.65
26	23.931
27	23.094
28	23.962
29	23.375
30	23.806
31	23.712
32	23.325
33	24.394
34	24.456
35	23.862
36	24.038
37	24.125
38	23.381
39	23.831
40	23.875
41	23.488
42	23.906
43	23.469
44	24.044
45	23.394
46	24.162
47	23.75
48	23.781
49	23.762
50	23.869
51	23.769
52	23.888
53	23.369
54	23.65
55	23.45
56	23.162
57	23.469
58	23.088
59	23.494
60	22.912
61	23.631
62	23.525
63	23.038
64	23.388
65	23.256
66	22.925
67	23.044
68	23.031
69	23.294
70	23.762
71	23.619
72	22.494
73	23.525
74	23.169
75	23.019
76	23.194
77	23.288
78	23.075
79	23.194
80	22.981
81	22.85
82	23.106
83	22.919
84	23.025
85	22.888
86	23.462
87	23.331
88	23.131
89	23.012
90	23.6
91	23.869
92	22.988
93	23.1
94	23.381
95	23.669
96	23.319
97	23.169
98	22.912
99	22.762
100	22.75
101	23.362
102	22.181
103	22.906
104	23.375
105	22.912
106	23.588
107	23.025
108	23.362
109	22.906
110	23.244
111	22.644
112	22.931
113	22.975
114	23.325
115	22.825
116	22.862
117	23.494
118	22.669
119	23.456
120	23.481
121	23.281
122	23.425
123	23.375
124	23.338
125	23.706
126	23.094
127	22.75
128	23.725
129	23.138
130	23.131
131	23.425
132	23.431
133	23.812
134	23.388
135	22.269
136	23.388
137	22.344
138	22.956
139	23.788
140	23.225
141	23.362
142	22.975
143	23.569
144	23.631
145	23.3
146	23.356
147	22.919
148	23.188
149	23.512
150	23.188
151	23.119
152	23.569
153	23.138
154	23.45
155	22.725
156	23.9
157	23.538
158	23.05
159	23.319
160	23.2
161	23.412
162	22.656
163	22.644
164	22.569
165	23.15
166	22.438
167	23.062
168	22.825
169	22.55
170	22.756
171	22.756
172	22.594
173	22.75
174	22.862
175	22.562
176	22.788
177	22.781
178	23.4
179	23.119
180	23.275
181	23.088
182	23.306
183	22.788
184	23.119
185	22.719
186	23.338
187	23.212
188	22.994
189	22.362
190	23.388
191	23.188
192	22.681
193	23.25
194	22.625
195	23.025
196	23.425
197	22.762
198	23.469
199	23.481
200	23.512
201	23.281
202	23.35
203	23.019
204	22.644
205	22.881
206	23.906
207	22.862
208	22.706
209	23.15
210	23.75
211	23.219
212	23.212
213	23.388
214	23.169
215	23.912
216	23.144
217	23.45
218	22.919
219	23.394
220	22.806
221	23.062
222	24.238
223	23.65
224	23.538
225	22.825
226	23.738
227	23.406
228	23.612
229	22.95
230	22.869
231	22.869
232	22.519
233	23.644
234	23.438
235	23.406
236	23.156
237	23.119
238	23.412
239	23.25
240	22.669
241	23.356
242	23.338
243	23.681
244	23.444
245	22.512
246	23.519
247	22.975
248	23.75
249	23.144
250	23.35
251	23.456
252	23.275
253	23.725
254	22.688
255	23.162
256	23.006
257	23.288
258	22.956
259	23.475
260	22.719
261	22.688
262	22.731
263	22.706
264	21.981
265	23.206
266	23.319
267	22.925
268	22.994
269	22.712
270	23.888
271	23.181
272	23.194
273	22.775
274	22.881
275	21.969
276	22.675
277	22.912
278	23.075
279	23.081
280	23.338
281	23.269
282	23.788
283	22.975
284	22.775
285	23.156
286	22.962
287	22.494
288	23.3
289	23.325
290	23.675
291	22.475
292	23.388
293	22.619
294	22.9
295	22.844
296	23.256
297	23.206
298	23.306
299	22.75
300	23.288
301	22.938
302	23.388
303	22.994
304	23.412
305	23.294
306	23.556
307	23.494
308	23.062
309	23.344
310	23.275
311	23.344
312	23.6
313	23.312
314	23.575
315	23.369
316	23.712
317	22.35
318	23.506
319	23.106
320	23.25
321	22.906
322	23.225
323	23.35
324	22.488
325	23.3
326	23.269
327	23.156
328	22.631
329	23.35
330	23.5
331	23.312
332	23.5
333	23.419
334	23.662
335	23.275
336	23.162
337	23.444
338	23.388
339	22.894
340	23.656
341	23.512
342	23.069
343	23.725
344	22.588
345	23.394
346	22.594
347	22.806
348	21.944
349	22.819
350	22.369
351	23.656
352	22.575
353	23.062
354	22.662
355	23.15
356	22.669
357	23.038
358	22.988
359	23.006
360	23.125
361	22.694
362	23.181
363	22.975
364	23.181
365	23.481
366	22.888
367	22.494
368	23.369
369	22.862
370	22.612
371	24.175
372	22.806
373	23.812
374	23.15
375	22.919
376	23.088
377	23.319
378	23.056
379	23.488
380	23.275
381	23.106
382	23.838
383	22.912
384	23.131
385	23.212
386	22.856
387	22.812
388	23.231
389	23.269
390	22.625
391	23.556
392	23.269
393	23.15
394	22.862
395	23.694
396	23.162
397	22.85
398	23.669
399	23.262
400	23.612
401	23.269
402	23.35
403	22.812
404	24.031
405	23.681
406	23.106
407	24.225
408	23.069
409	23.744
410	23.375
411	23.594
412	24.319
413	25.012
414	26.25
415	27.069
416	27.206
417	28.175
418	28.35
419	28.519
420	29.325
421	28.612
422	29.556
423	29.819
424	29.694
425	29.825
426	29.925
427	30.538
428	30.012
429	29.869
430	29.612
431	29.906
432	29.806
433	29.862
434	29.469
435	29.962
436	28.85
437	29.188
438	28.944
439	29.2
440	29.319
441	28.594
442	29.125
443	28.475
444	28.762
445	28.194
446	28.181
447	28.169
448	27.525
449	26.994
450	27.219
451	27.812
452	27.256
453	27.456
454	26.525
455	27.4
456	26.875
457	27.656
458	27.219
459	26.962
460	26.506
461	26.681
462	26.6
463	26.406
464	25.994
465	26.062
466	26.325
467	26.294
468	25.669
469	26.506
470	25.75
471	25.481
472	26.231
473	25.994
474	26.35
475	26.038
476	25.719
477	25.875
478	25.9
479	25.888
480	24.812
481	25.531
482	25.094
483	25.338
484	25.256
485	25.269
486	24.975
487	25.019
488	25.919
489	25.5
490	24.556
491	24.819
492	24.388
493	24.3
494	25.262
495	24.85
496	24.225
497	24.356
498	24.388
499	24.081
500	24.081
501	24.138
502	24.025
503	24.656
504	24.144
505	24.856
506	24.9
507	24.125
508	24.65
509	24.125
510	24.012
511	24.275
512	24.644
513	24.106
514	24.306
515	23.562
516	24.2
517	23.744
518	23.838
519	23.706
520	23.775
521	23.412
522	23.719
523	24.025
524	24.131
525	23.538
526	23.244
527	23.756
528	23.412
529	23.469
530	23.225
531	23.088
532	24.175
533	23.388
534	23.306
535	23.369
536	23.631
537	23.412
538	23.731
539	24.462
540	23.606
541	23.6
542	23.169
543	22.975
544	22.588
545	23.525
546	22.7
547	23.612
548	22.688
549	23.256
550	23.494
551	22.206
552	22.819
553	23.062
554	22.5
555	23.031
556	22.288
557	22.769
558	22.825
559	22.862
560	23.081
561	23.45
562	23.238
563	23.044
564	23.55
565	23.181
566	22.944
567	23.275
568	23.731
569	23.7
570	23.219
571	23.344
572	23.338
573	22.562
574	23.181
575	22.631
576	23.075
577	23.581
578	23.162
579	23.119
580	22.938
581	22.838
582	23.744
583	22.725
584	22.95
585	23.65
586	22.719
587	23.231
588	23.031
589	23.344
590	23.144
591	23.294
592	22.831
593	23.438
594	23.594
595	23.412
596	23.094
597	23.144
598	23.644
599	23.206
600	23.169
601	22.606
602	22.912
603	23.25
604	23.625
605	23.1
606	22.825
607	23.65
608	23.25
609	23.781
610	22.975
611	23.3
612	23.138
613	23.025
614	23.512
615	23.319
616	23.306
617	23.35
618	23.369
619	23.006
620	22.675
621	22.431
622	23.394
623	23.612
624	23.362
625	23.112
626	23.594
627	23.106
628	22.838
629	22.562
630	22.862
631	22.844
632	22.881
633	23.262
634	23.344
635	22.969
636	23.262
637	23.725
638	24.244
639	23.394
640	22.769
641	21.988
642	22.831
643	23.138
644	23.525
645	22.838
646	23.381
647	22.744
648	23.244
649	23.112
650	22.788
651	23.35
652	23.175
653	23.481
654	22.25
655	23.344
656	23.088
657	22.788
658	22.762
659	23.269
660	22.888
661	22.969
662	23.931
663	22.625
664	23.169
665	22.725
666	22.5
667	23.344
668	23.075
669	22.575
670	23.288
671	22.662
672	22.875
673	22.956
674	23.219
675	23.219
676	22.725
677	23.05
678	22.881
679	22.338
680	23.762
681	23.038
682	23.35
683	23.1
684	22.469
685	22.544
686	23.125
687	23.088
688	22.769
689	23.112
690	22.588
691	23.394
692	23.156
693	22.838
694	23.094
695	23.375
696	23.294
697	23.15
698	22.9
699	23.212
700	23.362
701	23.2
702	23.25
703	23.556
704	23.631
705	23.056
706	23.062
707	23.5
708	23.444
709	22.6
710	23.5
711	23.119
712	23.212
713	23.344
714	23.575
715	22.625
716	23.094
717	22.781
718	23.412
719	23.25
720	23.044
721	23.156
722	23.369
723	23.1
724	23.725
725	23.65
726	23.325
727	23.45
728	23.206
729	23.469
730	23.212
731	22.781
732	22.95
733	23.619
734	22.906
735	23.412
736	22.906
737	22.25
738	23.175
739	22.431
740	22.862
741	22.456
742	22.538
743	22.531
744	23.312
745	23.119
746	23.281
747	22.275
748	22.919
749	22.306
750	22.619
751	22.988
752	23.269
753	22.531
754	22.406
755	22.7
756	22.519
757	22.7
758	22.806
759	22.419
760	23.569
761	22.131
762	23.144
763	22.6
764	23.362
765	22.55
766	23.375
767	23.156
768	22.969
769	23.212
770	22.688
771	22.588
772	22.912
773	23.562
774	23.294
775	23.262
776	22.969
777	23.044
778	23.331
779	23.244
780	22.938
781	23.475
782	23.025
783	22.794
784	22.644
785	23.2
786	23.2
787	23.181
788	22.762
789	22.706
790	23.912
791	25.119
792	25.719
793	26.831
794	26.925
795	28.019
796	27.938
797	27.888
798	27.719
799	28.612
800	29.112
801	28.438
802	29.019
803	28.95
804	28.919
805	28.944
806	28.731
807	28.281
808	28.55
809	29.506
810	29.025
811	29.081
812	28.575
813	28.456
814	28.156
815	28.631
816	27.562
817	28.6
818	27.35
819	27
820	27.212
821	27.944
822	27.6
823	27.144
824	27.469
825	26.812
826	26.45
827	26.738
828	26.912
829	26.994
830	26.1
831	26.131
832	26.475
833	26.869
834	26.331
835	26.45
836	26.006
837	26.081
838	25.081
839	25.519
840	25.988
841	25.819
842	26.55
843	25.569
844	25.106
845	25.194
846	25.512
847	25.506
848	25.188
849	25.288
850	24.919
851	24.956
852	25.225
853	25.362
854	24.956
855	25.331
856	24.6
857	24.344
858	24.694
859	25.194
860	25.112
861	24.844
862	24.275
863	24.219
864	24.35
865	24.25
866	23.4
867	24.225
868	23.662
869	24.462
870	24.156
871	24.419
872	23.275
873	24.35
874	24.55
875	24.069
876	24.156
877	24.125
878	24.531
879	23.838
880	24.344
881	23.756
882	24.081
883	23.969
884	23.956
885	23.644
886	23.3
887	24.462
888	23.812
889	23.831
890	23.612
891	24.075
892	23.744
893	23.794
894	23.525
895	23.294
896	23.15
897	23.8
898	23.675
899	23.412
900	24.1
901	23.631
902	23.319
903	23.019
904	23.631
905	23.838
906	23.756
907	23.738
908	23.388
909	23.706
910	23.412
911	23.656
912	23.275
913	23.5
914	23.938
915	22.969
916	23.15
917	23.306
918	23.869
919	22.775
920	23.762
921	23.319
922	23.162
923	22.725
924	23.412
925	23.562
926	22.825
927	22.781
928	22.638
929	23.469
930	22.588
931	23.294
932	22.538
933	22.594
934	22.85
935	23.112
936	22.694
937	22.638
938	23.362
939	22.931
940	23.819
941	22.812
942	23.125
943	23.4
944	22.2
945	23.156
946	22.619
947	22.75
948	23.1
949	23.088
950	22.819
951	22.788
952	23.406
953	23.606
954	22.894
955	23.219
956	23.375
957	22.625
958	23.338
959	22.569
960	23.181
961	23.038
962	23.062
963	23.344
964	22.888
965	23.156
966	22.912
967	22.894
968	22.444
969	23.175
970	23.331
971	22.869
972	23.125
973	22.775
974	22.506
975	23.319
976	23.562
977	23.5
978	23.056
979	22.494
980	23.462
981	22.744
982	23.375
983	22.925
984	23.538
985	23.462
986	22.338
987	23.488
988	22.894
989	23.438
990	22.738
991	23.25
992	22.919
993	22.962
994	23.169
995	22.788
996	22.531
997	23.581
998	22.956
999	23.094
1000	23.556
1001	22.8
1002	22.819
1003	22.894
1004	23.281
1005	23.525
1006	22.875
1007	22.856
1008	22.969
1009	23.312
1010	22.7
1011	23.225
1012	22.606
1013	23.331
1014	23.369
1015	22.788
1016	22.988
1017	22.762
1018	23.419
1019	22.45
1020	23.238
1021	23.156
1022	22.731
1023	22.675
1024	23.094
1025	23.056
1026	22.175
1027	22.269
1028	23.412
1029	22.662
1030	22.981
1031	22.775
1032	23.15
1033	23.288
1034	23.388
1035	22.862
1036	23.362
1037	22.688
1038	22.469
1039	23.031
1040	23.319
1041	23.075
1042	23.175
1043	23.131
1044	22.756
1045	23.662
1046	23.275
1047	22.519
1048	23.831
1049	22.675
1050	23.406
1051	22.106
1052	23.275
1053	22.738
1054	22.288
1055	22.556
1056	22.906
1057	23.65
1058	22.212
1059	22.762
1060	23
1061	22.788
1062	22.612
1063	23.212
1064	23.106
1065	22.725
1066	23.206
1067	22.375
1068	23.569
1069	22.819
1070	22.719
1071	22.738
1072	23.762
1073	22.344
1074	23.212
1075	23.456
1076	22.906
1077	23.431
1078	22.925
1079	23.269
1080	23.444
1081	23.556
1082	22.875
1083	23.15
1084	23.45
1085	23.612
1086	23.356
1087	23.144
1088	23.144
1089	22.881
1090	23.481
1091	22.944
1092	22.8
1093	22.719
1094	23.288
1095	23.312
1096	23.038
1097	23.556
1098	23.3
1099	23.231
1100	23.394
1101	22.919
1102	23.1
1103	22.875
1104	22.756
1105	23.062
1106	23.019
1107	22.369
1108	22.688
1109	22.431
1110	23.044
1111	23.35
1112	23.638
1113	22.138
1114	22.994
1115	23.631
1116	23.238
1117	22.869
1118	22.662
1119	22.756
1120	22.506
1121	21.994
1122	22.188
1123	22.775
1124	22.9
1125	22.262
1126	23.131
1127	22.525
1128	23.531
1129	22.738
1130	22.844
1131	22.375
1132	23
1133	23.219
1134	23.619
1135	22.688
1136	22.819
1137	22.925
1138	23.35
1139	23.762
1140	23.156
1141	22.888
1142	23.144
1143	23.412
1144	23.406
1145	23.062
1146	23.788
1147	23.025
1148	23.269
1149	22.831
1150	23.544
1151	23.019
1152	22.869
1153	23.3
1154	22.981
1155	23.294
1156	22.788
1157	23.056
1158	22.638
1159	23
1160	22.956
1161	22.562
1162	22.688
1163	22.7
1164	23.144
1165	23.175
1166	23.706
1167	22.425
1168	22.912
1169	23.1
1170	23.494
1171	22.844
1172	23.406
1173	23
1174	23.175
1175	22.594
1176	22.744
1177	22.944
1178	22.644
1179	22.544
1180	23.175
1181	22.981
1182	23.594
1183	24.25
1184	25.394
1185	25.781
1186	26.669
1187	26.712
1188	27.794
1189	28.094
1190	27.794
1191	28.056
1192	28.456
1193	28.438
1194	28.556
1195	28.65
1196	28.588
1197	29.638
1198	28.894
1199	28.481
1200	28.944
1201	28.725
1202	29.025
1203	28.844
1204	28.781
1205	29.262
1206	28.9
1207	28.744
1208	29.106
1209	28.469
1210	29.006
1211	28.3
1212	27.938
1213	28.431
1214	28.138
1215	27.756
1216	26.975
1217	28.425
1218	27.569
1219	28.25
1220	27.5
1221	27.362
1222	27.044
1223	26.794
1224	27.456
1225	26.631
1226	27.038
1227	26.144
1228	26.506
1229	26.788
1230	26.625
1231	26.45
1232	26.444
1233	26.631
1234	26.725
1235	26.312
1236	25.688
1237	26.431
1238	25.969
1239	25.531
1240	26.15
1241	26.356
1242	26.444
1243	25.725
1244	25.719
1245	25.825
1246	25.581
1247	25.681
1248	25.544
1249	24.912
1250	26.194
1251	25.094
1252	24.819
1253	24.988
1254	25.45
1255	25.55
1256	25.15
1257	26
1258	24.619
1259	24.756
1260	24.862
1261	24.806
1262	25.1
1263	25.138
1264	25.119
1265	25.081
1266	25.081
1267	24.831
1268	24.838
1269	24.694
1270	25.294
1271	24.644
1272	24.875
1273	24.144
1274	24.262
1275	24.6
1276	24.288
1277	24.925
1278	24.119
1279	24.244
1280	24.219
1281	24.606
1282	24.188
1283	24.619
1284	24.5
1285	24.119
1286	23.906
1287	23.9
1288	24.769
1289	23.844
1290	24.031
1291	24.256
1292	24.381
1293	24.069
1294	23.469
1295	23.912
1296	23.612
1297	23.894
1298	24.394
1299	24.294
1300	23.769
1301	23.956
1302	24.381
1303	23.231
1304	24.275
1305	23.794
1306	24.062
1307	23.788
1308	23.712
1309	22.975
1310	23.712
1311	23.225
1312	23.038
1313	23.569
1314	23.919
1315	24.2
1316	23.362
1317	23.538
1318	23.038
1319	23.975
1320	23.5
1321	23.9
1322	23.394
1323	23.988
1324	23.869
1325	23.388
1326	23.3
1327	23.256
1328	23.581
1329	22.938
1330	23.45
1331	23.719
1332	23.281
1333	23.944
1334	24.05
1335	23.256
1336	23.706
1337	23.156
1338	22.25
1339	23.331
1340	23
1341	22.756
1342	22.762
1343	23.212
1344	22.938
1345	23.012
1346	22.181
1347	23.531
1348	23.344
1349	23.425
1350	23.312
1351	23.425
1352	23.512
1353	23.006
1354	23.681
1355	23.075
1356	23.194
1357	23.031
1358	22.388
1359	23.181
1360	23.106
1361	22.706
1362	23.088
1363	23.344
1364	22.956
1365	22.869
1366	23.262
1367	22.269
1368	23.219
1369	23.438
1370	22.969
1371	23.1
1372	22.838
1373	23.381
1374	22.888
1375	23.588
1376	23.038
1377	23.538
1378	22.769
1379	22.756
1380	23.675
1381	24.544
1382	26.056
1383	25.931
1384	26.85
1385	26.438
1386	26.875
1387	27.438
1388	28.175
1389	27.844
1390	27.488
1391	28.588
1392	27.862
1393	28.456
1394	28.825
1395	28.738
1396	28.269
1397	28.312
1398	27.931
1399	28.894
1400	28.575
1401	29
1402	28.462
1403	28.469
1404	28.1
1405	28.062
1406	28.206
1407	26.725
1408	27.769
1409	27.481
1410	27.225
1411	27.7
1412	27.469
1413	27.438
1414	26.825
1415	27.019
1416	27.275
1417	26.512
1418	26.488
1419	26.656
1420	26.694
1421	26.025
1422	26.875
1423	26.619
1424	26.369
1425	26.312
1426	26.85
1427	25.644
1428	25.988
1429	25.731
1430	26.644
1431	25.725
1432	25.238
1433	25.662
1434	26.15
1435	25.944
1436	25.581
1437	26
1438	24.825
1439	26.119
1440	25.4
1441	25.344
1442	25.694
1443	25.825
1444	25.769
1445	25.5
1446	25.131
1447	25.656
1448	24.944
1449	25.288
1450	24.812
1451	25.131
1452	25.025
1453	24.8
1454	24.188
1455	25.019
1456	24.45
1457	25.388
1458	24.725
1459	24.831
1460	24.688
1461	24.119
1462	24.531
1463	24.338
1464	24.9
1465	24.181
1466	24.206
1467	24.744
1468	24.169
1469	24.406
1470	24.312
1471	24.419
1472	23.988
1473	24.231
1474	23.681
1475	24.362
1476	24.081
1477	24.325
1478	24.181
1479	24.3
1480	24.075
1481	24.281
1482	23.769
1483	23.838
1484	24.169
1485	23.85
1486	24.1
1487	23.856
1488	24.025
1489	24.081
1490	23.906
1491	24.581
1492	23.9
1493	24.206
1494	24.306
1495	24.038
1496	23.256
1497	24.012
1498	23.675
1499	24.194
1500	23.375
1501	23.575
1502	23.719
1503	23.075
1504	24.262
1505	23.381
1506	23.475
1507	23.919
1508	22.838
1509	23.812
1510	23.05
1511	23.112
1512	23.362
1513	23.181
1514	23.281
1515	23.825
1516	23.356
1517	23.325
1518	22.85
1519	23.438
1520	23.475
1521	23.019
1522	22.894
1523	23.738
1524	23.631
1525	23.525
1526	23.106
1527	23.169
1528	23.506
1529	23.269
1530	23.331
1531	23.45
1532	24.088
1533	23.225
1534	23.538
1535	23.319
1536	23.294
1537	23.875
1538	23.162
1539	23.194
1540	23.494
1541	23.662
1542	23.525
1543	23.219
1544	22.712
1545	22.831
1546	23.281
1547	23.794
1548	23.069
1549	23.244
1550	23.631
1551	22.512
1552	23.069
1553	23.438
1554	23.488
1555	23.619
1556	23
1557	23.612
1558	23.656
1559	23.212
1560	23.031
1561	22.681
1562	22.769
1563	23.094
1564	23.212
1565	23.244
1566	23.644
1567	23.512
1568	23.375
1569	22.075
1570	23.525
1571	23.338
1572	23.869
1573	23.25
1574	23.244
1575	23.531
1576	23.044
1577	22.825
1578	23.269
1579	23.181
1580	23.675
1581	23.106
1582	23.238
1583	22.212
1584	22.888
1585	23.062
1586	23.494
1587	23.162
1588	23.244
1589	23.056
1590	23.025
1591	23
1592	23.244
1593	23.188
1594	22.788
1595	23.488
1596	22.806
1597	23.488
1598	23.456
1599	23.05
1600	23.8
1601	23.106
1602	23.569
1603	23.25
1604	23
1605	22.55
1606	23.188
1607	23.381
1608	23.088
1609	23.55
1610	22.975
1611	22.844
1612	23.238
1613	23.412
1614	22.969
1615	23.525
1616	23.081
1617	23.406
1618	22.881
1619	23.906
1620	22.8
1621	23.35
1622	23.181
1623	23.294
1624	23.175
1625	23
1626	22.812
1627	22.844
1628	22.969
1629	22.512
1630	22.8
1631	22.212
1632	22.544
1633	22.475
1634	23.1
1635	23.575
1636	23.012
1637	22.781
1638	23.506
1639	22.725
1640	22.444
1641	22.319
1642	22.35
1643	22.431
1644	22.456
1645	22.881
1646	22.694
1647	22.531
1648	23.288
1649	23.062
1650	21.981
1651	23.012
1652	22.738
1653	23.738
1654	22.794
1655	22.95
1656	23.038
1657	23.162
1658	22.381
1659	23.006
1660	22.688
1661	22.475
1662	22.906
1663	22.975
1664	23.219
1665	22.575
1666	22.762
1667	23.319
1668	23.544
1669	23.238
1670	22.65
1671	23.462
1672	22.65
1673	22.994
1674	22.831
1675	22.562
1676	22.219
1677	23.012
1678	23.306
1679	23.212
1680	23.125
1681	23.081
1682	23.394
1683	23.906
1684	23.469
1685	22.969
1686	23.55
1687	23.594
1688	22.631
1689	22.888
1690	22.925
1691	23.612
1692	23.081
1693	23.725
1694	23.575
1695	22.781
1696	23
1697	22.362
1698	22.812
1699	23.344
1700	22.825
1701	22.988
1702	23.144
1703	23.3
1704	23.05
1705	23.088
1706	22.669
1707	22.925
1708	22.894
1709	22.681
1710	23.412
1711	22.738
1712	22.612
1713	23.019
1714	22.031
1715	23.038
1716	23.575
1717	22.544
1718	22.962
1719	22.969
1720	22.975
1721	22.738
1722	23.125
1723	22.625
1724	23.038
1725	23.088
1726	22.225
1727	22.412
1728	22.75
1729	22.531
1730	22.869
1731	22.831
1732	22.888
1733	23.175
1734	22.931
1735	22.175
1736	22.256
1737	22.425
1738	22.225
1739	22.475
1740	22.812
1741	22.312
1742	22.506
1743	22.25
1744	22.8
1745	22.506
1746	23.062
1747	23.144
1748	23.675
1749	22.806
1750	22.981
1751	23.456
1752	23.194
1753	23.219
1754	22.719
1755	22.806
1756	23.256
1757	23.312
1758	22.538
1759	22.75
1760	22.631
1761	21.962
1762	22.594
1763	22.888
1764	22.875
1765	22.294
1766	22.756
1767	22.075
1768	23.3
1769	22.238
1770	22.85
1771	22.175
1772	22.638
1773	22.906
1774	22.925
1775	22.9
1776	22.275
1777	22.588
1778	22.531
1779	22.712
1780	22.5
1781	21.794
1782	22.412
1783	23.006
1784	22.575
1785	22.912
1786	22.081
1787	22.619
1788	22.644
1789	22.512
1790	22.331
1791	22.744
1792	22.4
1793	22.319
1794	22.219
1795	22.45
1796	22.562
1797	22.512
1798	22.556
1799	22.55
1800	23.062
1801	23.094
1802	22.45
1803	22.812
1804	22.862
1805	21.538
1806	22.819
1807	22.619
1808	22.481
1809	22.906
1810	23.05
1811	22.881
1812	22.675
1813	22.256
1814	22.038
1815	22.744
1816	22.256
1817	23.1
1818	23.431
1819	22.175
1820	22.15
1821	23.3
1822	22.225
1823	23.006
1824	23.119
1825	22.45
1826	22.631
1827	22.288
1828	23.169
1829	22.938
1830	22.844
1831	22.181
1832	22.756
1833	21.95
1834	23.019
1835	22.381
1836	23.2
1837	22.506
1838	22.062
1839	22.831
1840	22.95
1841	22.125
1842	21.488
1843	22.325
1844	22.425
1845	22.175
1846	22.825
1847	21.856
1848	22.744
1849	21.825
1850	22.819
1851	21.944
1852	22.888
1853	22.394
1854	22.769
1855	23.556
1856	22.719
1857	23.112
1858	22.419
1859	22.694
1860	22.238
1861	23.175
1862	23.969
1863	25.012
1864	25.681
1865	24.981
1866	26.381
1867	26.294
1868	26.838
1869	26.975
1870	27.5
1871	28.131
1872	28.038
1873	28.119
1874	27.469
1875	28.431
1876	28.231
1877	28.044
1878	27.256
1879	27.856
1880	27.456
1881	27.781
1882	27.619
1883	27.631
1884	27.638
1885	27.406
1886	27.681
1887	26.338
1888	27.575
1889	27.75
1890	27.05
1891	26.912
1892	26.131
1893	26.462
1894	26.369
1895	26.988
1896	26.056
1897	26.95
1898	26.231
1899	26.569
1900	26.525
1901	25.825
1902	25.781
1903	26.412
1904	25.425
1905	25.631
1906	25.2
1907	25.894
1908	25.781
1909	25.494
1910	25.519
1911	25.5
1912	25.881
1913	25.131
1914	25.056
1915	24.662
1916	24.581
1917	24.731
1918	24.525
1919	24.675
1920	24
1921	25.538
1922	25.019
1923	25.125
1924	25.069
1925	24.125
1926	25.75
1927	24.494
1928	24.525
1929	23.919
1930	24.575
1931	23.2
1932	24.462
1933	24.7
1934	24.569
1935	24.444
1936	24.519
1937	24.275
1938	24.231
1939	24.169
1940	24.044
1941	24.062
1942	23.644
1943	23.775
1944	23.85
1945	23.55
1946	23.975
1947	24.25
1948	23.731
1949	22.325
1950	23.831
1951	23.156
1952	23.888
1953	24.131
1954	23.044
1955	23.756
1956	23.719
1957	23.975
1958	23.469
1959	23.725
1960	23.212
1961	23.612
1962	23.181
1963	23.481
1964	24.394
1965	23.969
1966	22.862
1967	23.256
1968	23.938
1969	22.975
1970	23.575
1971	23.575
1972	23.181
1973	22.869
1974	23.106
1975	22.506
1976	23.219
1977	24.281
1978	23.938
1979	23.088
1980	23.694
1981	23.312
1982	23.438
1983	23.294
1984	23.812
1985	23.275
1986	23.156
1987	23.15
1988	23.869
1989	23.05
1990	23.594
1991	23.306
1992	23.644
1993	22.688
1994	23.331
1995	22.625
1996	23.194
1997	23.35
1998	23.088
1999	23.4
2000	22.906
2001	23.181
2002	22.531
2003	22.106
2004	22.9
2005	22.331
2006	23.3
2007	22.681
2008	23.438
2009	22.844
2010	23.394
2011	22.931
2012	23.069
2013	22.756
2014	22.769
2015	22.769
2016	21.788
2017	22.681
2018	23.712
2019	23.05
2020	22.888
2021	22.906
2022	23.025
2023	22.45
2024	22.275
2025	22.5
2026	22.869
2027	22.706
2028	22.7
2029	22.769
2030	23.131
2031	22.9
2032	22.7
2033	23.312
2034	22.306
2035	23.069
2036	22.15
2037	22.8
2038	23.325
2039	23.738
2040	22.556
2041	22.481
2042	23.169
2043	22.806
2044	22.475
2045	23.094
2046	23.131
2047	23.281
2048	23.262
2049	23.5
2050	23.088
2051	22.656
2052	23.225
2053	22.138
2054	22.588
2055	22.631
2056	22.788
2057	23.156
2058	23.4
2059	23.031
2060	23.144
2061	22.944
2062	22.694
2063	22.912
2064	22.844
2065	22.35
2066	23.238
2067	22.581
2068	23.131
2069	22.531
2070	23.35
2071	22.675
2072	22.581
2073	22.456
2074	22.638
2075	22.756
2076	23.75
2077	22.775
2078	22.35
2079	23.269
2080	22.669
2081	23.175
2082	22.481
2083	22.638
2084	22.525
2085	22.831
2086	23.056
2087	22.462
2088	22.712
2089	23.138
2090	23.062
2091	23.181
2092	23.1
2093	22.594
2094	22.138
2095	22.812
2096	22.569
2097	23.1
2098	22.469
2099	22.781
2100	22.625
2101	22.812
2102	23.038
2103	23
2104	23.519
2105	22.344
2106	23.631
2107	22.162
2108	23.05
2109	22.775
2110	22.944
2111	22.862
2112	22.544
2113	22.406
2114	22.806
2115	22.594
2116	22.862
2117	22.431
2118	22.619
2119	23.262
2120	22.994
2121	22.65
2122	22.538
2123	22.206
2124	23.031
2125	22.038
2126	23.05
2127	23.238
2128	22.731
2129	21.788
2130	22.481
2131	22.906
2132	22.512
2133	23.712
2134	22.775
2135	22.906
2136	22.4
2137	22.919
2138	23.512
2139	23.362
2140	24.438
2141	25.119
2142	25.306
2143	25.969
2144	25.762
2145	26.788
2146	26.875
2147	26.481
2148	27.762
2149	27.362
2150	27.119
2151	27.212
2152	27.575
2153	28.281
2154	27.744
2155	27.756
2156	27.325
2157	27.406
2158	27.288
2159	26.55
2160	26.969
2161	27.262
2162	27.312
2163	27.65
2164	27.469
2165	27.238
2166	27.869
2167	27.356
2168	26.506
2169	27.044
2170	27.7
2171	26.762
2172	27.012
2173	27.1
2174	26.556
2175	27.162
2176	26.85
2177	26.625
2178	26.219
2179	26.106
2180	26.306
2181	25.581
2182	25.475
2183	25.556
2184	25.706
2185	25.531
2186	25.9
2187	26.069
2188	25.662
2189	25.588
2190	25.869
2191	25.762
2192	25.581
2193	25.556
2194	25.031
2195	25.238
2196	24.431
2197	25.55
2198	25.075
2199	24.969
2200	24.381
2201	24.825
2202	24.312
2203	24.556
2204	24.631
2205	24.294
2206	25.006
2207	25.138
2208	24.344
2209	23.988
2210	23.562
2211	23.919
2212	24.381
2213	24.631
2214	23.969
2215	23.85
2216	23.544
2217	24.356
2218	24.206
2219	24.269
2220	24.044
2221	24.456
2222	24.394
2223	23.906
2224	22.969
2225	24.112
2226	24.325
2227	23.338
2228	24.131
2229	24.312
2230	23.869
2231	24.156
2232	24.356
2233	23.038
2234	23.756
2235	23.825
2236	23.25
2237	24.125
2238	24.212
2239	23.275
2240	23.094
2241	23.681
2242	23.456
2243	22.988
2244	23.725
2245	23.45
2246	24.181
2247	23.9
2248	23.231
2249	24.319
2250	23.569
2251	23.388
2252	22.838
2253	23.606
2254	23.588
2255	23.731
2256	23.494
2257	23.575
2258	23.669
2259	22.975
2260	23.831
2261	22.838
2262	23.469
2263	23.369
2264	23.281
2265	23.394
2266	22.888
2267	23.144
2268	23.181
2269	23.444
2270	22.925
2271	22.638
2272	23.919
2273	22.638
2274	23.062
2275	23.512
2276	23.262
2277	22.4
2278	23.156
2279	22.45
2280	22.906
2281	23.156
2282	23.188
2283	22.406
2284	23.438
2285	22.944
2286	23.088
2287	23.362
2288	23.394
2289	23.275
2290	22.925
2291	23.238
2292	22.694
2293	22.594
2294	23.175
2295	22.838
2296	23.512
2297	23.344
2298	23.869
2299	22.931
2300	23.688
2301	23.419
2302	23.044
2303	22.919
2304	23.331
2305	23.188
2306	22.119
2307	23.138
2308	22.581
2309	22.381
2310	22.825
2311	23.1
2312	22.712
2313	23.362
2314	23.075
2315	22.988
2316	23.581
2317	23.138
2318	22.762
2319	23.225
2320	23.044
2321	22.762
2322	22.938
2323	22.881
2324	22.831
2325	23.169
2326	23.581
2327	23.338
2328	23.075
2329	23.169
2330	22.812
2331	22.712
2332	23.006
2333	22.562
2334	23.325
2335	22.338
2336	22.862
2337	23.088
2338	23.188
2339	23.306
2340	23.038
2341	23.144
2342	22.062
2343	23.169
2344	22.656
2345	23.325
2346	22.325
2347	23.15
2348	23.094
2349	23.006
2350	22.781
2351	22.244
2352	22.55
2353	22.988
2354	23.588
2355	22.306
2356	23.244
2357	22.662
2358	22.75
2359	22.756
2360	21.938
2361	22.494
2362	22.594
2363	22.706
2364	22.1
2365	21.862
2366	22.269
2367	22.05
2368	22.762
2369	22.494
2370	22.188
2371	22.131
2372	22.431
2373	22.562
2374	23.294
2375	21.788
2376	22.706
2377	22.719
2378	23.144
2379	23.119
2380	23.525
2381	22.756
2382	22.088
2383	23.431
2384	23.112
2385	21.906
2386	22.85
2387	22.806
2388	22.756
2389	22.875
2390	22.706
2391	22.069
2392	22.112
2393	22.512
2394	23.169
2395	23.062
2396	22.494
2397	22.231
2398	22.525
2399	22.781
2400	22.706
2401	22.594
2402	22.612
2403	22.562
2404	22.581
2405	21.906
2406	23.088
2407	22.481
2408	22.719
2409	22.688
2410	23.219
2411	23.081
2412	23.062
2413	22.744
2414	22.169
2415	23.119
2416	22.95
2417	23.188
2418	22.881
2419	23.019
2420	22.494
2421	23.469
2422	23.462
2423	22.6
2424	22.925
2425	23.388
2426	23.125
2427	22.525
2428	22.994
2429	23.45
2430	23.325
2431	22.638
2432	22.738
2433	23.062
2434	22.869
2435	22.231
2436	22.269
2437	22.738
2438	23.069
2439	22.869
2440	23.5
2441	22.606
2442	23.488
2443	22.344
2444	22.362
2445	22.55
2446	22.788
2447	22.662
2448	23.325
2449	23.294
2450	22.212
2451	22.956
2452	22.625
2453	22.494
2454	23.162
2455	22.675
2456	22.669
2457	22.462
2458	22.975
2459	22.912
2460	22.962
2461	23.025
2462	22.638
2463	23.806
2464	22.688
2465	23.05
2466	23.381
2467	22.619
2468	22.3
2469	22.125
2470	22.638
2471	22.894
2472	22.688
2473	22.562
2474	23.181
2475	22.488
2476	22.625
2477	22.525
2478	22.344
2479	22.531
2480	22.288
2481	22.838
2482	22.45
2483	22.912
2484	23.144
2485	23.562
2486	23.719
2487	25.062
2488	25.838
2489	25.694
2490	25.769
2491	26.556
2492	27.238
2493	26.531
2494	27.825
2495	27.631
2496	26.881
2497	27.6
2498	27.394
2499	27.512
2500	27.512
2501	27.1
2502	27.681
2503	27.412
2504	27.775
2505	27.169
2506	27.069
2507	26.919
2508	27.562
2509	26.581
2510	26.856
2511	26.544
2512	26.862
2513	26.206
2514	26.881
2515	26.088
2516	26.431
2517	26.494
2518	25.775
2519	26.45
2520	25.969
2521	25.606
2522	26.05
2523	25.131
2524	25.8
2525	24.9
2526	25.488
2527	25.894
2528	25.662
2529	25.244
2530	25.3
2531	25.819
2532	25.338
2533	25.306
2534	25.194
2535	24.881
2536	25.225
2537	24.969
2538	24.906
2539	25.438
2540	24.844
2541	24.9
2542	25.238
2543	24.781
2544	24.912
2545	24.412
2546	24.938
2547	24.575
2548	24.988
2549	24.712
2550	23.762
2551	24.794
2552	24.006
2553	23.962
2554	24.394
2555	24.75
2556	24.231
2557	24.594
2558	24.669
2559	23.7
2560	25
2561	24.069
2562	23.538
2563	23.95
2564	24.412
2565	23.188
2566	23.588
2567	23.875
2568	23.512
2569	23.362
2570	23.662
2571	24.406
2572	23.756
2573	23.894
2574	23.794
2575	23.75
2576	23.762
2577	24.288
2578	23.356
2579	23.662
2580	23.756
2581	23.356
2582	24.069
2583	23.85
2584	23.569
2585	23.912
2586	23.469
2587	23.769
2588	23.612
2589	23.138
2590	23.094
2591	22.988
2592	23.538
2593	23.1
2594	23.231
2595	22.888
2596	23.612
2597	23.4
2598	23.019
2599	23.781
2600	23.575
2601	23.425
2602	22.894
2603	23.331
2604	22.55
2605	23.388
2606	22.912
2607	22.738
2608	23.181
2609	23.044
2610	23.162
2611	23.506
2612	24.062
2613	23.119
2614	23.144
2615	22.706
2616	23.438
2617	23.45
2618	22.881
2619	23.388
2620	23.044
2621	22.906
2622	23.244
2623	22.919
2624	23.35
2625	22.744
2626	23.3
2627	22.544
2628	23.262
2629	22.769
2630	22.956
2631	22.288
2632	23.262
2633	22.969
2634	22.919
2635	23.162
2636	22.475
2637	23.412
2638	23.044
2639	22.881
2640	22.85
2641	22.775
2642	22.369
2643	22.588
2644	22.638
2645	22.688
2646	23.106
2647	22.425
2648	23.65
2649	22.862
2650	23.262
2651	23.35
2652	23.269
2653	23.65
2654	22.538
2655	23.1
2656	23.319
2657	23.162
2658	22.806
2659	22.5
2660	23.25
2661	22.369
2662	23.319
2663	22.769
2664	23.006
2665	22.6
2666	23.1
2667	22.619
2668	22.562
2669	22.756
2670	23.181
2671	22.825
2672	22.562
2673	23.4
2674	22.556
2675	22.394
2676	22.669
2677	22.925
2678	22.775
2679	23.25
2680	22.188
2681	22.888
2682	22.356
2683	22.169
2684	21.631
2685	22.456
2686	22.538
2687	23.331
2688	22.756
2689	22.875
2690	22.256
2691	22.869
2692	22.206
2693	22.544
2694	22.594
2695	23.038
2696	22.6
2697	22.206
2698	22.875
2699	22.294
2700	22.625
2701	23.119
2702	21.788
2703	23.038
2704	22.85
2705	21.875
2706	22.65
2707	22.15
2708	23.025
2709	22.356
2710	23.05
2711	22.894
2712	22.769
2713	23.75
2714	23.112
2715	22.45
2716	23.081
2717	23.031
2718	22.875
2719	23.312
2720	22.675
2721	23.025
2722	22.625
2723	22.7
2724	22.362
2725	23.425
2726	22.294
2727	22.794
2728	22.906
2729	23.281
2730	22.506
2731	22.694
2732	23.325
2733	22.788
2734	22.244
2735	23.075
2736	22.475
2737	22.662
2738	22.575
2739	22.9
2740	22.569
2741	23.481
2742	22.588
2743	22.7
2744	22.725
2745	23.194
2746	22.762
2747	22.269
2748	22.788
2749	23.012
2750	22.456
2751	22.388
2752	22.688
2753	22.625
2754	22.688
2755	23.062
2756	22.631
2757	23.15
2758	22.744
2759	22.938
2760	23.044
2761	23.062
2762	23.375
2763	22.594
2764	23.075
2765	22.881
2766	22.612
2767	22.1
2768	23.362
2769	22.719
2770	22.875
2771	22.794
2772	23.025
2773	22.519
2774	23.294
2775	23.031
2776	22.55
2777	22.588
2778	22.306
2779	22.194
2780	23.2
2781	22.45
2782	22.131
2783	22.838
2784	23.219
2785	22.206
2786	21.825
2787	22.688
2788	23.1
2789	22.306
2790	22.794
2791	23.075
2792	22.519
2793	23.119
2794	22.55
2795	22.519
2796	22.969
2797	21.9
2798	22.875
2799	22.131
2800	22.894
2801	22.838
2802	23.062
2803	22.5
2804	22.588
2805	22.619
2806	23.012
2807	22.944
2808	22.744
2809	22.669
2810	22.488
2811	22.381
2812	22.306
2813	21.712
2814	23.188
2815	22.775
2816	22.119
2817	22.812
2818	23.081
2819	22.794
2820	22.369
2821	23.538
2822	24.112
2823	24.544
2824	25.069
2825	26.275
2826	26.688
2827	26.438
2828	26.431
2829	26.019
2830	27.238
2831	27.481
2832	27.794
2833	27.2
2834	27.288
2835	27.344
2836	27.275
2837	27.162
2838	27
2839	27.45
2840	27.231
2841	27.138
2842	28.056
2843	27.238
2844	27.856
2845	27.088
2846	27.006
2847	26.944
2848	26.525
2849	26.975
2850	26.231
2851	27.019
2852	26.85
2853	26.306
2854	26.125
2855	25.956
2856	25.744
2857	26.519
2858	26.1
2859	25.962
2860	26.562
2861	25.444
2862	26.131
2863	25.006
2864	25.106
2865	24.719
2866	25.219
2867	24.962
2868	25.406
2869	25.75
2870	25.112
2871	25.4
2872	25.194
2873	25.225
2874	25.9
2875	25.481
2876	25.012
2877	25.044
2878	24.594
2879	24.062
2880	24.55
2881	24.594
2882	24.769
2883	24.244
2884	24.056
2885	23.675
2886	24.788
2887	24.169
2888	24.188
2889	24.481
2890	24.131
2891	23.844
2892	24.044
2893	24.269
2894	24.05
2895	23.831
2896	23.762
2897	23.669
2898	24.319
2899	24.169
2900	23.881
2901	23.95
2902	24.2
2903	23.312
2904	24.369
2905	23.288
2906	23.85
2907	23.456
2908	22.638
2909	23.469
2910	23.062
2911	22.8
2912	22.644
2913	24.181
2914	23.312
2915	23.594
2916	23.206
2917	23.662
2918	23.338
2919	23.375
2920	23.244
2921	23.456
2922	23.419
2923	23.619
2924	23.044
2925	23.656
2926	22.444
2927	23.3
2928	22.862
2929	23.369
2930	23.394
2931	23.506
2932	22.994
2933	23.356
2934	22.875
2935	23.188
2936	23.55
2937	23.119
2938	23.275
2939	23.356
2940	23.544
2941	23.906
2942	23.15
2943	23.681
2944	23.512
2945	23.056
2946	22.688
2947	23.062
2948	23.525
2949	23.256
2950	22.975
2951	23.219
2952	23.444
2953	23.106
2954	23.556
2955	23.369
2956	23.731
2957	23.069
2958	23.306
2959	22.944
2960	23.088
2961	23.588
2962	22.762
2963	22.794
2964	22.25
2965	23.069
2966	23.112
2967	22.675
2968	23.306
2969	22.188
2970	22.906
2971	22.412
2972	23.681
2973	22.838
2974	22.406
2975	22.906
2976	22.056
2977	23.369
2978	23.05
2979	22.744
2980	22.994
2981	23.031
2982	22.688
2983	22.712
2984	23.094
2985	22.538
2986	23.481
2987	23
2988	22.812
2989	22.938
2990	22.625
2991	22.594
2992	22.856
2993	23
2994	22.156
2995	23.744
2996	22.544
2997	23
2998	23.275
2999	22.406
3000	23.15
3001	22.944
3002	23.081
3003	22.956
3004	23.156
3005	22.856
3006	23.356
3007	23.475
3008	22.581
3009	22.881
3010	22.975
3011	23.038
3012	22.444
3013	22.981
3014	23.019
3015	22.331
3016	23.144
3017	22.738
3018	22.9
3019	22.394
3020	22.975
3021	22.875
3022	23.162
3023	22.606
3024	22.644
3025	23.206
3026	22.55
3027	22.506
3028	22.025
3029	22.975
3030	22.494
3031	22.406
3032	23.475
3033	22.656
3034	22.55
3035	22.569
3036	22.581
3037	22.669
3038	22.919
3039	22.288
3040	22.938
3041	22.794
3042	22.969
3043	23.194
3044	22.281
3045	22.706
3046	21.712
3047	22.85
3048	23.188
3049	22.312
3050	22.45
3051	23.169
3052	22.262
3053	22.875
3054	22.512
3055	22.6
3056	23.25
3057	22.531
3058	22.356
3059	22.888
3060	22.588
3061	22.512
3062	23
3063	22.306
3064	22.694
3065	22.938
3066	22.981
3067	22.381
3068	22.819
3069	23.081
3070	22.938
3071	22.975
3072	22.838
3073	22.431
3074	22.894
3075	22.944
3076	22.131
3077	22.544
3078	23.194
3079	23.012
3080	22.431
3081	23.012
3082	23.175
3083	23.4
3084	22.962
3085	22.806
3086	23.388
3087	23.038
3088	22.444
3089	23.012
3090	22.975
3091	22.012
3092	23.206
3093	22.3
3094	22.381
3095	22.569
3096	22.056
3097	22.925
3098	22.519
3099	22.556
3100	22.781
3101	23.231
3102	22.919
3103	23.012
3104	22.456
3105	22.688
3106	22.556
3107	23.144
3108	23.062
3109	22.388
3110	23.031
3111	23.044
3112	22.194
3113	23.175
3114	23.2
3115	22.962
3116	23.031
3117	22.631
3118	22.706
3119	22.562
3120	22.738
3121	22.488
3122	22.862
3123	22.719
3124	22.138
3125	22.9
3126	22.794
3127	22.606
3128	22.75
3129	22.994
3130	22.019
3131	22.644
3132	22.838
3133	23.175
3134	22.881
3135	23.475
3136	23.212
3137	22.344
3138	22.738
3139	22.375
3140	23.088
3141	22.381
3142	23
3143	22.162
3144	23.075
3145	22.738
3146	22.725
3147	22.344
3148	23.05
3149	23.075
3150	23.219
3151	23.156
3152	22.669
3153	22.312
3154	22.45
3155	23.419
3156	22.925
3157	22.569
3158	23.012
3159	22.9
3160	22.875
3161	23.269
3162	22.925
3163	23.231
3164	22.856
3165	22.419
3166	22.356
3167	22.025
3168	22.031
3169	22.981
3170	23.056
3171	22.869
3172	22.762
3173	22.375
3174	23.025
3175	22.5
3176	23.006
3177	22.319
3178	23.356
3179	24.35
3180	25.012
3181	25.375
3182	24.862
3183	25.319
3184	26.375
3185	25.638
3186	26.262
3187	25.194
3188	26.831
3189	26.7
3190	27
3191	26.006
3192	27.275
3193	27.231
3194	27.044
3195	26.475
3196	27.138
3197	26.988
3198	26.544
3199	26.3
3200	26.456
3201	26.475
3202	26.525
3203	26.188
3204	26.862
3205	26.481
3206	26.119
3207	26.538
3208	26.525
3209	25.969
3210	25.581
3211	25.694
3212	25.256
3213	25.119
3214	25.456
3215	24.919
3216	25.269
3217	25.062
3218	25.9
3219	25.462
3220	25.106
3221	25.2
3222	24.838
3223	25.075
3224	25.619
3225	25.269
3226	25.544
3227	24.994
3228	25.025
3229	24.694
3230	24.056
3231	24.806
3232	24.712
3233	25.1
3234	23.894
3235	24.694
3236	23.956
3237	23.662
3238	24.188
3239	23.838
3240	24.325
3241	24.05
3242	24.456
3243	23.619
3244	24.156
3245	23.919
3246	24.225
3247	23.75
3248	23.05
3249	23.731
3250	23.519
3251	23.388
3252	24.044
3253	24.3
3254	23.862
3255	24.069
3256	23.356
3257	22.444
3258	22.888
3259	23
3260	23.706
3261	22.875
3262	24.044
3263	23.388
3264	23.769
3265	23.031
3266	23.894
3267	23.294
3268	23.044
3269	23.031
3270	22.775
3271	23.05
3272	23.606
3273	23.288
3274	23.488
3275	23.044
3276	23.075
3277	22.938
3278	23.444
3279	23.6
3280	23.869
3281	23.269
3282	23.681
3283	23.081
3284	23.412
3285	22.438
3286	23.112
3287	23.112
3288	22.919
3289	23.369
3290	23.438
3291	22.719
3292	22.881
3293	22.944
3294	23.169
3295	22.606
3296	22.719
3297	23.162
3298	22.619
3299	22.712
3300	21.956
3301	22.994
3302	22.275
3303	22.456
3304	22.512
3305	22.406
3306	22.569
3307	23.181
3308	22.794
3309	23.288
3310	23.131
3311	23.312
3312	23.056
3313	22.575
3314	23.069
3315	23.031
3316	23.381
3317	22.938
3318	23.144
3319	22.794
3320	22.969
3321	22.444
3322	23.038
3323	23.294
3324	23.088
3325	22.588
3326	22.956
3327	23.45
3328	22.856
3329	22.869
3330	23.012
3331	22.844
3332	22.338
3333	23.056
3334	22.869
3335	23.075
3336	23.206
3337	22.538
3338	22.981
3339	22.825
3340	22.819
3341	23.025
3342	22.625
3343	22.806
3344	22.969
3345	23.231
3346	22.256
3347	22.925
3348	23.45
3349	23.9
3350	23.194
3351	23.044
3352	22.531
3353	22.756
3354	22.525
3355	22.8
3356	23.619
3357	22.775
3358	22.756
3359	23.362
3360	22.912
3361	23.244
3362	23.156
3363	23.562
3364	23.106
3365	22.994
3366	23.188
3367	23.15
3368	22.681
3369	23.131
3370	22.925
3371	22.806
3372	22.462
3373	22.444
3374	23.462
3375	22.5
3376	22.869
3377	22.644
3378	22.788
3379	22.875
3380	22.919
3381	22.019
3382	22.738
3383	22.769
3384	22.319
3385	22.156
3386	22.994
3387	22.731
3388	22.762
3389	22.581
3390	22.65
3391	22.55
3392	22.656
3393	22.938
3394	22.431
3395	22.794
3396	22.412
3397	22.831
3398	22.525
3399	23.338
3400	22.725
3401	22.688
3402	22.394
3403	22.194
3404	22.825
3405	22.662
3406	22.969
3407	23.156
3408	22.544
3409	22.719
3410	22.581
3411	22.725
3412	22.456
3413	22.944
3414	22.944
3415	23.169
3416	22.581
3417	22.838
3418	22.994
3419	22.219
3420	22.888
3421	23.106
3422	22.75
3423	23.244
3424	23.412
3425	22.588
3426	23.231
3427	22.619
3428	22.744
3429	23.131
3430	21.869
3431	23.65
3432	22.819
3433	23.088
3434	22.425
3435	22.644
3436	22.906
3437	22.3
3438	22.8
3439	22.438
3440	22.75
3441	22.206
3442	23.431
3443	23.325
3444	22.288
3445	22.206
3446	22.912
3447	22.675
3448	22.362
3449	22.956
3450	22.256
3451	22.031
3452	22.288
3453	22.538
3454	22.738
3455	23.131
3456	22.675
3457	22.294
3458	22.844
3459	22.162
3460	22.519
3461	22.231
3462	22.906
3463	22.806
3464	22.706
3465	22.65
3466	22.431
3467	22.412
3468	22.788
3469	22.606
3470	22.562
3471	22.962
3472	22.438
3473	22.35
3474	22.669
3475	22.169
3476	22.619
3477	22.825
3478	22.656
3479	23.306
3480	22.738
3481	22.888
3482	22.744
3483	22.706
3484	22.269
3485	22.694
3486	22.638
3487	22.744
3488	23.3
3489	22.831
3490	23.225
3491	23.119
3492	23.269
3493	23.125
3494	22.181
3495	22.044
3496	24.269
3497	23.125
3498	22.481
3499	23.125
3500	21.806
3501	22.369
3502	22.356
3503	22.456
3504	23.088
3505	22.65
3506	22.506
3507	22.138
3508	22.556
3509	22.431
3510	22.125
3511	22.338
3512	22.531
3513	23.075
3514	22.106
3515	22.662
3516	22.688
3517	22.512
3518	22.231
3519	22.812
3520	22.544
3521	21.919
3522	23.044
3523	23.481
3524	23.375
3525	24.319
3526	25.112
3527	26.106
3528	25.969
3529	25.9
3530	26.219
3531	26.181
3532	26.344
3533	26.356
3534	25.731
3535	27.1
3536	26.962
3537	26.662
3538	27.069
3539	26.612
3540	27.412
3541	26.331
3542	26.444
3543	27.212
3544	26.506
3545	27.175
3546	26.706
3547	26.756
3548	26.438
3549	26.369
3550	26.094
3551	25.712
3552	26.244
3553	25.162
3554	25.556
3555	24.881
3556	25.8
3557	25.425
3558	26.094
3559	25.456
3560	24.881
3561	24.944
3562	24.812
3563	25.875
3564	25.344
3565	25.112
3566	25.238
3567	25.169
3568	24.488
3569	24.738
3570	25.125
3571	24.544
3572	24.081
3573	24.169
3574	24.238
3575	24.519
3576	24.212
3577	25
3578	24.75
3579	24.644
3580	24.794
3581	24.269
3582	24.312
3583	24.538
3584	23.788
3585	24.05
3586	24.125
3587	23.5
3588	23.931
3589	24.019
3590	23.956
3591	23.194
3592	23.819
3593	24.375
3594	23.688
3595	23.819
3596	23.444
3597	23.412
3598	24.025
3599	24.212
3600	23.744
3601	23.044
3602	23.831
3603	23.606
3604	23.906
3605	22.981
3606	23.806
3607	23.175
3608	23.481
3609	23.338
3610	23.488
3611	22.875
3612	22.85
3613	22.975
3614	23.144
3615	23.206
3616	23.694
3617	23.381
3618	22.988
3619	22.888
3620	23.269
3621	22.988
3622	23.394
3623	23.562
3624	22.931
3625	23.456
3626	23.088
3627	23.262
3628	23.156
3629	22.912
3630	22.819
3631	23.381
3632	22.919
3633	22.8
3634	22.938
3635	23.162
3636	23.262
3637	22.862
3638	22.612
3639	22.694
3640	22.569
3641	23.119
3642	22.831
3643	22.95
3644	23.05
3645	23.062
3646	23.781
3647	23.294
3648	23.219
3649	23.05
3650	23.106
3651	23
3652	22.588
3653	22.638
3654	23.056
3655	22.288
3656	22.362
3657	22.606
3658	22.288
3659	22
3660	22.744
3661	23.212
3662	22.581
3663	22.225
3664	23.012
3665	22.988
3666	23.138
3667	22.112
3668	22.662
3669	23.038
3670	23.262
3671	22.894
3672	23.05
3673	22.931
3674	22.875
3675	22.862
3676	23.181
3677	22.769
3678	22.862
3679	22.869
3680	22.575
3681	23.062
3682	23.038
3683	22.512
3684	22.738
3685	22.238
3686	22.8
3687	22.419
3688	23.081
3689	23.031
3690	22.475
3691	22.794
3692	22.344
3693	23.581
3694	23.025
3695	22.838
3696	23.212
3697	22.962
3698	22.519
3699	22.806
3700	22.375
3701	22.65
3702	22.738
3703	23.231
3704	22.569
3705	22.312
3706	22.388
3707	22.431
3708	22.588
3709	22.731
3710	22.638
3711	22.919
3712	22.831
3713	22.612
3714	22.369
3715	23.006
3716	22.488
3717	22.025
3718	21.688
3719	22.438
3720	21.894
3721	22.538
3722	22.006
3723	21.962
3724	22.206
3725	22.7
3726	21.962
3727	21.919
3728	22.225
3729	22.625
3730	21.45
3731	22.206
3732	22.5
3733	22
3734	22.969
3735	22.619
3736	22.425
3737	22.875
3738	22.844
3739	23.481
3740	22.331
3741	22.981
3742	22.025
3743	23.006
3744	22.581
3745	22.612
3746	23.319
3747	22.719
3748	22.475
3749	23.262
3750	22.756
3751	22.531
3752	22.45
3753	22.931
3754	22.394
3755	23.194
3756	22.594
3757	22.775
3758	22.075
3759	22.725
3760	21.581
3761	22.45
3762	22.288
3763	22.362
3764	22.494
3765	22.056
3766	22.588
3767	22.469
3768	22.494
3769	22.531
3770	22.044
3771	22.412
3772	21.688
3773	23.094
3774	22.494
3775	22.638
3776	22.388
3777	22.175
3778	22.344
3779	22.569
3780	22.9
3781	22.012
3782	22.669
3783	23.119
3784	22.675
3785	23.019
3786	21.675
3787	23.169
3788	23.056
3789	22.35
3790	22.469
3791	23.044
3792	23.069
3793	22.838
3794	22.162
3795	22.662
3796	22.6
3797	23.038
3798	22.531
3799	23.288
3800	22.506
3801	21.769
3802	22.562
3803	22.838
3804	22.425
3805	22.412
3806	22.5
3807	22.106
3808	22.319
3809	22.712
3810	22.05
3811	22.119
3812	22
3813	22.019
3814	21.906
3815	21.894
3816	22.719
3817	22.581
3818	21.788
3819	22.325
3820	22.206
3821	22.638
3822	22.719
3823	22.2
3824	21.95
3825	21.7
3826	23.031
3827	22.631
3828	22.1
3829	22.7
3830	21.731
3831	22.456
3832	22.294
3833	23.044
3834	22.981
3835	22.669
3836	22.356
3837	23.106
3838	22.688
3839	22.944
3840	23.356
3841	22.325
3842	22.2
3843	22.438
3844	22.669
3845	22.481
3846	21.944
3847	22.931
3848	22.25
3849	22.35
3850	22.969
3851	22.869
3852	22.656
3853	22.731
3854	22.625
3855	22.631
3856	23.081
3857	22.306
3858	22.981
3859	22.712
3860	23.006
3861	23.05
3862	22.662
3863	23.5
3864	22.538
3865	22.575
3866	22.519
3867	22.894
3868	22.65
3869	23.612
3870	23.881
3871	24.544
3872	24.838
3873	25.044
3874	25.431
3875	25.331
3876	26.294
3877	25.931
3878	26.094
3879	26.2
3880	26.738
3881	25.85
3882	26
3883	26.581
3884	26.856
3885	26.088
3886	26.862
3887	26.188
3888	26.612
3889	26.169
3890	26.562
3891	26.2
3892	26.762
3893	25.756
3894	26.456
3895	25.838
3896	26.138
3897	26.112
3898	25.675
3899	25.344
3900	24.988
3901	25.444
3902	25.775
3903	25.4
3904	25.262
3905	25.019
3906	25.856
3907	25.125
3908	25.6
3909	25.244
3910	24.95
3911	25.05
3912	24.925
3913	25.106
3914	24.456
3915	24.919
3916	24.5
3917	24.238
3918	24.669
3919	24.775
3920	24.494
3921	24.244
3922	24.625
3923	24.012
3924	24.219
3925	24.206
3926	24.188
3927	23.681
3928	23.394
3929	24.131
3930	23.844
3931	24.344
3932	23.738
3933	23.65
3934	23.7
3935	23.844
3936	23.994
3937	24.056
3938	23.969
3939	23.019
3940	23.956
3941	24.306
3942	23.525
3943	24.444
3944	23.15
3945	24.331
3946	23.838
3947	23.188
3948	23.288
3949	23.594
3950	23.612
3951	23.506
3952	23.512
3953	23.775
3954	23.85
3955	23.556
3956	23.162
3957	23.731
3958	23.369
3959	23.594
3960	22.85
3961	23.144
3962	22.881
3963	23.281
3964	22.962
3965	23.281
3966	23.256
3967	23.019
3968	22.638
3969	23.1
3970	22.906
3971	23.35
3972	23.456
3973	23.55
3974	23.238
3975	23.294
3976	22.944
3977	23.288
3978	23.862
3979	23.45
3980	23.288
3981	23.144
3982	22.969
3983	22.906
3984	23.156
3985	22.95
3986	23.238
3987	23.025
3988	23.119
3989	23.462
3990	22.862
3991	22.862
3992	22.569
3993	23.106
3994	22.512
3995	22.488
3996	22.75
3997	22.894
3998	22.95
3999	22.688
4000	22.912
4001	22.825
4002	23.131
4003	22.581
4004	23.219
4005	22.656
4006	22.5
4007	23.031
4008	22.612
4009	23.356
4010	22.356
4011	22.562
4012	22.512
4013	22.681
4014	22.419
4015	23.1
4016	21.894
4017	22.088
4018	22.731
4019	22.775
4020	22.662
4021	22.762
4022	22.588
4023	22.55
4024	22.119
4025	23.019
4026	22.475
4027	22.956
4028	22.669
4029	22.369
4030	23.494
4031	22.675
4032	23.281
4033	22.85
4034	22.719
4035	22.512
4036	23.444
4037	22.519
4038	22.869
4039	22.462
4040	23.312
4041	23.019
4042	22.494
4043	22.45
4044	23.156
4045	21.95
4046	22.362
4047	22.562
4048	22.925
4049	21.838
4050	21.675
4051	22
4052	22.85
4053	22.312
4054	22.456
4055	22.881
4056	22.644
4057	23.35
4058	22.438
4059	23.162
4060	22.619
4061	23.162
4062	22.206
4063	22.669
4064	22.688
4065	22.038
4066	22.762
4067	22.35
4068	22.562
4069	22.706
4070	22.725
4071	22.25
4072	22.5
4073	22.131
4074	21.781
4075	22.931
4076	22.531
4077	23.1
4078	22.362
4079	22.381
4080	22.556
4081	22.856
4082	22.288
4083	21.381
4084	22.856
4085	22.312
4086	22.412
4087	23.194
4088	22.581
4089	22.994
4090	22.275
4091	23.2
4092	22.438
4093	22.6
4094	22.706
4095	23.031
4096	22.856
4097	22.75
4098	22.825
4099	21.931
4100	22.125
4101	22.788
4102	22.638
4103	22.431
4104	22.331
4105	22.894
4106	22.356
4107	22.35
4108	21.481
4109	23.15
4110	22.944
4111	22.662
4112	22.675
4113	22.531
4114	22.662
4115	22.625
4116	22.762
4117	22.756
4118	23.394
4119	22.362
4120	22.475
4121	23.038
4122	22.406
4123	22.606
4124	22.581
4125	22.412
4126	22.275
4127	22.6
4128	23.044
4129	22.244
4130	22.725
4131	23.012
4132	22.619
4133	22.556
4134	21.912
4135	22.912
4136	21.638
4137	22.481
4138	22.725
4139	22.231
4140	22.175
4141	22.081
4142	22.812
4143	22.194
4144	21.931
4145	22.638
4146	22.244
4147	21.612
4148	22.65
4149	22.194
4150	22.306
4151	22.294
4152	22.238
4153	21.819
4154	22.038
4155	22.462
4156	22.638
4157	21.994
4158	22.456
4159	22.756
4160	22.5
4161	22.588
4162	22.419
4163	22.862
4164	22.175
4165	22.438
4166	21.844
4167	22.669
4168	22.381
4169	22.725
4170	22.444
4171	22.094
4172	22.769
4173	22.556
4174	22.331
4175	22.312
4176	22.038
4177	22.044
4178	22.2
4179	22.325
4180	22.375
4181	22.612
4182	22.656
4183	22.375
4184	22.494
4185	23.1
4186	22.45
4187	22.75
4188	22.575
4189	23.094
4190	22.312
4191	22.2
4192	22.05
4193	23.162
4194	22.812
4195	22.894
4196	21.969
4197	22.919
4198	22.35
4199	22.212
4200	22.194
4201	22.431
4202	22.431
4203	22.938
4204	23.006
4205	22.812
4206	22.931
4207	22.256
4208	22.262
4209	22.25
4210	22.281
4211	22.25
4212	22
4213	23.069
4214	23.031
4215	24.194
4216	23.556
4217	24.25
4218	24.775
4219	25.006
4220	25.612
4221	25.862
4222	25.038
4223	26.356
4224	25.544
4225	26.625
4226	25.931
4227	26.556
4228	26.319
4229	25.994
4230	26.362
4231	26.05
4232	26.219
4233	25.962
4234	26.075
4235	26.138
4236	26.488
4237	26.488
4238	25.656
4239	26.125
4240	26.312
4241	26.669
4242	25.719
4243	26.475
4244	25.788
4245	25.344
4246	25.869
4247	25.6
4248	25.212
4249	25.194
4250	25.012
4251	25.3
4252	25.462
4253	24.344
4254	24.4
4255	25.538
4256	25.2
4257	25.175
4258	24.762
4259	24.519
4260	23.744
4261	24.888
4262	24.506
4263	24.075
4264	24.544
4265	23.9
4266	24.369
4267	24.156
4268	23.981
4269	24.406
4270	23.981
4271	24.269
4272	23.55
4273	23.962
4274	23.888
4275	24.169
4276	23.669
4277	23.531
4278	23.256
4279	23.95
4280	24.088
4281	24.019
4282	23.481
4283	23.162
4284	22.7
4285	23.95
4286	23.556
4287	23.238
4288	23.3
4289	24.181
4290	24.069
4291	23.706
4292	23.156
4293	23.669
4294	23.188
4295	23.125
4296	23.475
4297	23.175
4298	23.469
4299	23.506
4300	23.538
4301	23.719
4302	23.162
4303	23.044
4304	23.544
4305	23.825
4306	22.644
4307	23.881
4308	23.006
4309	22.788
4310	23.125
4311	22.85
4312	22.975
4313	22.9
4314	23.131
4315	22.738
4316	22.5
4317	22.919
4318	23.212
4319	23.475
4320	22.869
4321	22.488
4322	22.95
4323	22.625
4324	23.1
4325	23.025
4326	23.094
4327	23.269
4328	23.275
4329	22.175
4330	22.444
4331	23.419
4332	22.6
4333	23.281
4334	22.694
4335	23
4336	22.162
4337	23.069
4338	22.806
4339	22.806
4340	22.888
4341	22.525
4342	23.669
4343	23.162
4344	22.919
4345	22.812
4346	22.844
4347	22.306
4348	22.35
4349	22.831
4350	22.562
4351	22.506
4352	22.769
4353	23.256
4354	22.794
4355	23.181
4356	22.619
4357	22.806
4358	22.712
4359	22.538
4360	22.375
4361	22.45
4362	22.775
4363	22.262
4364	22.856
4365	22.644
4366	21.806
4367	22.519
4368	23.2
4369	22.806
4370	22.512
4371	22.644
4372	23.206
4373	21.969
4374	21.806
4375	22.406
4376	22.05
4377	22.775
4378	22.662
4379	22.719
4380	22.775
4381	22.588
4382	22.825
4383	22.981
4384	22.919
4385	23.081
4386	22.206
4387	22.225
4388	22.819
4389	22.388
4390	23.775
4391	22.55
4392	23.012
4393	22.075
4394	22.819
4395	22.388
4396	22.488
4397	22.612
4398	22.388
4399	22.331
4400	21.669
4401	22.825
4402	22.6
4403	22.175
4404	22.594
4405	22.2
4406	22.419
4407	22.269
4408	22.306
4409	22.412
4410	22.7
4411	22.738
4412	22.556
4413	22.406
4414	22.875
4415	22.331
4416	22.15
4417	22.788
4418	22.35
4419	22.338
4420	22.625
4421	22.781
4422	22.369
4423	22.25
4424	22.919
4425	22.012
4426	22.412
4427	22.55
4428	22
4429	22.938
4430	22.062
4431	23.138
4432	22.175
4433	22.281
4434	22.975
4435	22.588
4436	22.65
4437	23.062
4438	22.7
4439	22.65
4440	22.712
4441	22.638
4442	23.312
4443	22.544
4444	23.106
4445	22.969
4446	22.012
4447	22.831
4448	22.712
4449	22.512
4450	22.925
4451	23.3
4452	22.569
4453	22.719
4454	23.019
4455	22.969
4456	23.194
4457	23.038
4458	23
4459	22.906
4460	22.225
4461	21.925
4462	21.55
4463	22.938
4464	22.262
4465	22.381
4466	22.85
4467	22.381
4468	22.794
4469	22.125
4470	22.981
4471	22.906
4472	23.35
4473	22.419
4474	22.569
4475	22.7
4476	22.262
4477	22.844
4478	21.938
4479	22.212
4480	22.262
4481	23.019
4482	22.331
4483	22.756
4484	22.45
4485	21.969
4486	23.388
4487	21.775
4488	22.994
4489	22.638
4490	22.281
4491	22.625
4492	21.981
4493	22.788
4494	22.731
4495	22.788
4496	22.331
4497	22.488
4498	22.975
4499	22.469
4500	22.394
4501	22.9
4502	22.488
4503	23.119
4504	22.838
4505	22.431
4506	22.3
4507	22.406
4508	22.725
4509	22.662
4510	22.106
4511	22.588
4512	22.231
4513	22.625
4514	22.438
4515	22.919
4516	22.838
4517	22.412
4518	22.706
4519	22.638
4520	22.656
4521	23.05
4522	22.369
4523	22.738
4524	22.9
4525	23.112
4526	22.925
4527	22.894
4528	22.869
4529	22.081
4530	22.7
4531	22.562
4532	22.656
4533	22.275
4534	23.069
4535	22.6
4536	22.331
4537	22.381
4538	23.256
4539	23.3
4540	23.969
4541	24.206
4542	24.931
4543	24.844
4544	25.35
4545	24.838
4546	25.244
4547	25.769
4548	25.681
4549	25.631
4550	25.425
4551	26.456
4552	26.381
4553	26.075
4554	26.775
4555	25.931
4556	25.588
4557	26.031
4558	26.362
4559	25.762
4560	25.45
4561	25.781
4562	25.369
4563	26.131
4564	25.969
4565	26.319
4566	25.819
4567	26.012
4568	25.856
4569	25.994
4570	25.962
4571	25.869
4572	25.888
4573	26.169
4574	25.688
4575	25.256
4576	25.444
4577	25.506
4578	25.519
4579	25.544
4580	25.006
4581	24.512
4582	25.444
4583	25.194
4584	25.125
4585	25.338
4586	24.981
4587	24.412
4588	24.388
4589	25.031
4590	24.788
4591	24.406
4592	24.581
4593	24.419
4594	24.906
4595	24.344
4596	23.719
4597	24.869
4598	24.012
4599	24.269
4600	24.712
4601	24.012
4602	24.688
4603	24.3
4604	24.469
4605	23.788
4606	24.369
4607	23.85
4608	24.4
4609	23.275
4610	23.725
4611	24.631
4612	23.488
4613	23.269
4614	23.55
4615	23.994
4616	23.494
4617	23.512
4618	23.444
4619	23.712
4620	22.625
4621	23.431
4622	23.262
4623	22.819
4624	23.556
4625	23.656
4626	23.581
4627	23.288
4628	23.181
4629	23.144
4630	22.825
4631	23.069
4632	23.2
4633	23.156
4634	23.231
4635	22.938
4636	22.931
4637	23.169
4638	23.169
4639	22.819
4640	23.212
4641	23.069
4642	23.175
4643	23.569
4644	23.238
4645	23.181
4646	22.794
4647	22.9
4648	23.188
4649	23.194
4650	23.162
4651	23.325
4652	23.494
4653	23.075
4654	22.869
4655	23.069
4656	22.762
4657	23.481
4658	22.819
4659	23.531
4660	22.812
4661	23.181
4662	22.569
4663	22.45
4664	23.238
4665	22.775
4666	23.812
4667	22.681
4668	23.319
4669	22.325
4670	22.481
4671	23.225
4672	22.181
4673	22.988
4674	22.544
4675	22.731
4676	22.769
4677	22.275
4678	22.75
4679	22.506
4680	22.381
4681	22.069
4682	22.719
4683	21.962
4684	23.181
4685	22.325
4686	22.138
4687	23.319
4688	21.825
4689	23.119
4690	22.675
4691	22.394
4692	22.469
4693	23.069
4694	22.038
4695	22.606
4696	22.35
4697	22.306
4698	22.881
4699	22.306
4700	22.9
4701	22.512
4702	22.25
4703	22.881
4704	22.981
4705	22.144
4706	23.319
4707	22.362
4708	22.512
4709	22.256
4710	22.75
4711	22.494
4712	22.469
4713	22.531
4714	21.844
4715	22.175
4716	21.962
4717	22.481
4718	22.325
4719	22.106
4720	22.875
4721	23.1
4722	22.95
4723	22.306
4724	22.462
4725	22.45
4726	22.769
4727	22.719
4728	22.706
4729	22.431
4730	22.381
4731	22.325
4732	21.969
4733	22.394
4734	22.119
4735	22.894
4736	22.856
4737	22.906
4738	22.256
4739	21.981
4740	22.362
4741	21.819
4742	21.894
4743	21.3
4744	22.475
4745	22.288
4746	22.5
4747	22.588
4748	22.119
4749	22.494
4750	21.956
4751	22.494
4752	21.775
4753	22.388
4754	22.231
4755	22.55
4756	23.175
4757	22.319
4758	21.869
4759	22.4
4760	21.738
4761	22.469
4762	21.881
4763	22.669
4764	22.331
4765	22.656
4766	22.131
4767	22.675
4768	22.362
4769	22.681
4770	22.881
4771	22.375
4772	22.938
4773	22.388
4774	22.338
4775	23.112
4776	22.694
4777	22.588
4778	22.631
4779	22.925
4780	22.438
4781	22.256
4782	22.056
4783	22.794
4784	23
4785	21.925
4786	22.581
4787	22.312
4788	22.369
4789	22.725
4790	22.738
4791	22.825
4792	22.581
4793	22.169
4794	21.919
4795	22.325
4796	22.4
4797	22.675
4798	21.938
4799	21.975
4800	22.769
4801	22.612
4802	22.525
4803	21.275
4804	23.088
4805	21.8
4806	22.656
4807	22.119
4808	22.612
4809	22.288
4810	21.962
4811	21.775
4812	22.5
4813	22.5
4814	22.169
4815	22.612
4816	22.094
4817	22.375
4818	22.219
4819	22.35
4820	21.8
4821	21.894
4822	22.962
4823	22.906
4824	22.469
4825	21.588
4826	22.438
4827	22.044
4828	22.025
4829	22.344
4830	22.144
4831	22.45
4832	22.138
4833	21.812
4834	21.831
4835	22.3
4836	21.75
4837	21.644
4838	22.312
4839	22.231
4840	22.275
4841	22.088
4842	22.138
4843	22.394
4844	22.488
4845	22.5
4846	21.881
4847	22.525
4848	21.675
4849	21.906
4850	21.919
4851	22.269
4852	21.594
4853	21.756
4854	23.288
4855	22.35
4856	21.575
4857	21.531
4858	21.625
4859	22.519
4860	21.875
4861	21.644
4862	22.088
4863	22.712
4864	21.938
4865	22.406
4866	22.106
4867	21.956
4868	22.706
4869	22.469
4870	22.219
4871	22.175
4872	22.512
4873	22.438
4874	22.119
4875	22.181
4876	22.7
4877	22.181
4878	22.056
4879	22.25
4880	21.944
4881	22.712
4882	23.106
4883	22.994
4884	22.175
4885	22.056
4886	22.6
4887	22.619
4888	22
4889	22.675
4890	22.675
4891	22.694
4892	22.312
4893	22.306
4894	22.781
4895	21.85
4896	22.388
4897	22.012
4898	22.331
4899	22.788
4900	22.819
4901	23.106
4902	22.012
4903	22.794
4904	22.138
4905	22.356
4906	22.588
4907	23.062
4908	23.294
4909	24.125
4910	24.044
4911	24.825
4912	24.869
4913	25.394
4914	25.281
4915	25.025
4916	24.762
4917	26.275
4918	25.6
4919	26.3
4920	25.625
4921	26.006
4922	25.694
4923	25.312
4924	25.338
4925	25.681
4926	25.588
4927	25.456
4928	26.219
4929	25.356
4930	24.512
4931	25.669
4932	25.156
4933	24.85
4934	24.95
4935	24.925
4936	24.931
4937	25.581
4938	25.569
4939	25.419
4940	26
4941	25.738
4942	25.681
4943	26.294
4944	25.55
4945	25.462
4946	25.694
4947	25.312
4948	25.3
4949	24.775
4950	25.619
4951	25.294
4952	25.181
4953	25.644
4954	24.612
4955	25.069
4956	24.406
4957	24.544
4958	24.569
4959	24.581
4960	23.981
4961	24.65
4962	25.031
4963	24.675
4964	23.862
4965	24.644
4966	24.056
4967	24.525
4968	24.781
4969	24.525
4970	24.044
4971	24.462
4972	24
4973	24.019
4974	24.238
4975	23.956
4976	24.119
4977	24.444
4978	24.612
4979	24.181
4980	24.3
4981	24.356
4982	23.806
4983	24.144
4984	23.912
4985	24
4986	24.069
4987	23.975
4988	23.788
4989	23.975
4990	23.725
4991	23.412
4992	23.594
4993	23.231
4994	23.531
4995	23.469
4996	23.862
4997	24.119
4998	22.931
4999	23.35
5000	23.569
5001	23.675
5002	22.725
5003	23.594
5004	23.094
5005	23.244
5006	23.4
5007	23.231
5008	22.744
5009	23.188
5010	23.825
5011	23.138
5012	22.612
5013	23.094
5014	22.475
5015	23.406
5016	22.356
5017	22.925
5018	22.931
5019	22.8
5020	23.538
5021	23.275
5022	23.525
5023	22.506
5024	23.425
5025	23.888
5026	23.006
5027	23.519
5028	22.706
5029	23.488
5030	22.925
5031	23.825
5032	23.156
5033	23.362
5034	23.031
5035	22.706
5036	23.069
5037	22.619
5038	23.306
5039	23.431
5040	22.869
5041	23.338
5042	22.488
5043	22.706
5044	23.088
5045	23.494
5046	22.862
5047	23.038
5048	22.694
5049	22.825
5050	23.631
5051	23.431
5052	22.75
5053	23.131
5054	23.306
5055	22.894
5056	22.575
5057	22.35
5058	22.75
5059	22.312
5060	22.312
5061	22.8
5062	22.625
5063	22.438
5064	22.6
5065	23.038
5066	23.044
5067	22.612
5068	22.662
5069	22.294
5070	22.969
5071	23.088
5072	22.412
5073	23.481
5074	22.181
5075	22.225
5076	23.081
5077	21.9
5078	23.2
5079	22.938
5080	22.812
5081	22.056
5082	22.756
5083	22.75
5084	23.119
5085	22.688
5086	22.65
5087	22.831
5088	22.431
5089	22.306
5090	22.325
5091	22.531
5092	22.406
5093	22.938
5094	22.312
5095	22.412
5096	21.981
5097	23.175
5098	22.238
5099	22.45
5100	22.512
5101	22.881
5102	22.625
5103	22.881
5104	22.625
5105	22.444
5106	21.85
5107	22.831
5108	22.138
5109	22.144
5110	22.938
5111	22.312
5112	21.7
5113	21.725
5114	22.956
5115	22.625
5116	21.969
5117	22.156
5118	22.619
5119	23
5120	22.519
5121	22.119
5122	22.238
5123	22.581
5124	22.15
5125	22.431
5126	22.394
5127	22.2
5128	22.75
5129	22.306
5130	23.081
5131	22.506
5132	21.906
5133	23.131
5134	23.006
5135	23.319
5136	22.838
5137	21.969
5138	22.325
5139	22.212
5140	22.119
5141	21.694
5142	23.119
5143	22.281
5144	22.638
5145	22.25
5146	22.188
5147	22.1
5148	22.831
5149	22.525
5150	21.525
5151	22.05
5152	22.45
5153	22.694
5154	22.575
5155	22.862
5156	22.119
5157	22.331
5158	23.156
5159	21.944
5160	22.994
5161	21.931
5162	22.412
5163	22.5
5164	22.081
5165	22.488
5166	22.2
5167	22.419
5168	22.238
5169	22.469
5170	22.775
5171	22.606
5172	23.45
5173	22.294
5174	22.525
5175	22.256
5176	22.419
5177	22.319
5178	22.344
5179	21.912
5180	21.969
5181	22.488
5182	22.538
5183	22.769
5184	22.469
5185	22.331
5186	22.638
5187	23.219
5188	23.038
5189	22.831
5190	22.625
5191	22.806
5192	22.738
5193	22.938
5194	22.862
5195	21.825
5196	22.15
5197	22.425
5198	22.781
5199	22.05
5200	22.794
5201	23.319
5202	22.281
5203	22.469
5204	22.806
5205	21.762
5206	22.775
5207	22.519
5208	22.912
5209	21.819
5210	22.25
5211	22.525
5212	22.188
5213	22.362
5214	22.125
5215	23.512
5216	21.381
5217	21.681
5218	22.2
5219	22.406
5220	22.575
5221	22.338
5222	22.825
5223	21.756
5224	22.644
5225	22.931
5226	22.112
5227	22.738
5228	21.919
5229	22.725
5230	22.838
5231	22.5
5232	23.119
5233	21.656
5234	22.75
5235	22.606
5236	22.55
5237	22.719
5238	22.588
5239	22.719
5240	22.162
5241	22.644
5242	22.425
5243	22.794
5244	22.275
5245	22.75
5246	22.894
5247	22.869
5248	22.862
5249	22.819
5250	22.638
5251	22.362
5252	22.938
5253	23.062
5254	23.612
5255	23.775
5256	24.35
5257	24.669
5258	25.156
5259	25.362
5260	25.088
5261	25.288
5262	26.325
5263	25.869
5264	25.025
5265	25.362
5266	25.475
5267	25.656
5268	25.688
5269	25.281
5270	25.612
5271	25.462
5272	25.569
5273	24.688
5274	25.45
5275	25.5
5276	26.119
5277	25.594
5278	25.381
5279	25.194
5280	25.769
5281	24.881
5282	25.094
5283	25.225
5284	25.488
5285	26.031
5286	25.288
5287	24.775
