1	35.719
2	35.703
3	36.625
4	35.5
5	36.906
6	35.281
7	37.172
8	36.453
9	35.719
10	36.328
11	38.891
12	41.391
13	45.312
14	47.594
15	50.391
16	54.453
17	54.547
18	55.484
19	58.312
20	58.141
21	60.438
22	59.562
23	60.453
24	61.5
25	61.734
26	62.578
27	63.172
28	62.109
29	64.156
30	60.531
31	62.953
32	61.406
33	61.703
34	60.797
35	62.25
36	61.641
37	63.375
38	61.672
39	63.875
40	62.734
41	62.484
42	63.797
43	61.891
44	62.031
45	62.906
46	59.312
47	59.594
48	61.016
49	59.016
50	57.359
51	58.406
52	57.484
53	57.047
54	56.594
55	56.938
56	55.609
57	55.438
58	56.047
59	55.328
60	54.672
61	55.547
62	54.156
63	53.375
64	54.156
65	54.297
66	52.953
67	53.297
68	52.859
69	52.906
70	53.359
71	52.078
72	51.703
73	51.641
74	51.969
75	52.188
76	50.766
77	51.734
78	49.234
79	50.359
80	50.016
81	50.469
82	49.062
83	49.625
84	49.328
85	49.469
86	48.422
87	48.438
88	48.344
89	48.281
90	47.484
91	48.625
92	47.312
93	47.219
94	47.734
95	48
96	47.219
97	47.109
98	45.766
99	46.703
100	46.266
101	47.172
102	46.141
103	45.828
104	46.516
105	46.359
106	46.438
107	45.969
108	45.953
109	44.859
110	43.719
111	42.547
112	44.359
113	44.281
114	44.125
115	43.656
116	44.641
117	44.875
118	43.75
119	43.531
120	43.25
121	43.922
122	44.125
123	44.047
124	43.375
125	43.312
126	43.719
127	43.359
128	43.141
129	43.094
130	43.531
131	43.141
132	41.844
133	43.484
134	42.406
135	41.906
136	42.75
137	41.25
138	42.203
139	42.109
140	42.062
141	43.062
142	42.547
143	42.312
144	41.516
145	42.297
146	42.391
147	41.859
148	41.188
149	40.984
150	42.5
151	41
152	41.203
153	41.828
154	40.844
155	40.797
156	40.688
157	40.969
158	40.75
159	41.453
160	39.656
161	41.016
162	39.547
163	40.328
164	39.281
165	41.047
166	38.922
167	40
168	39.328
169	40.344
170	41.047
171	40.312
172	39.891
173	39.562
174	39.281
175	39.234
176	39.609
177	40.359
178	38.844
179	40.219
180	39.172
181	39.891
182	39.203
183	38.922
184	37.953
185	39.203
186	38.922
187	39.578
188	39.125
189	39.562
190	37.938
191	37.938
192	38.672
193	37.859
194	37.984
195	39.844
196	37.297
197	38.312
198	38.781
199	38.109
200	37.891
201	38.031
202	37.5
203	38.328
204	37.953
205	37.516
206	37.828
207	38.531
208	37.844
209	38.641
210	37.812
211	37.016
212	37.562
213	38.875
214	38.5
215	38.172
216	38.406
217	37.656
218	36.531
219	37.266
220	36.484
221	38.375
222	36.609
223	37.531
224	36.641
225	37.172
226	37.703
227	37.734
228	36.359
229	38.734
230	38.484
231	36.844
232	36.781
233	37.516
234	37.328
235	36
236	37.875
237	37.984
238	37.188
239	37.781
240	38.406
241	37.781
242	37.531
243	38.688
244	37.594
245	35.594
246	37.594
247	38.109
248	37.969
249	37.688
250	37.719
251	37.453
252	36.203
253	38.531
254	37.312
255	37.672
256	37.844
257	36.078
258	36.359
259	37.375
260	36.578
261	37.875
262	36.891
263	37.75
264	38.297
265	36.266
266	36.984
267	36.859
268	37.297
269	36.516
270	36.297
271	35.953
272	36.516
273	36.984
274	37.516
275	37.469
276	37.828
277	37.875
278	36.781
279	37.297
280	37.359
281	36.281
282	36.219
283	35.578
284	36.328
285	36.75
286	36.359
287	36.719
288	36.531
289	36.578
290	36.094
291	36.859
292	36.656
293	36.531
294	36.188
295	36.781
296	36.766
297	37.047
298	37.156
299	35.984
300	36.797
301	37
302	37.031
303	36.844
304	36.625
305	35.781
306	36.547
307	37.266
308	36.344
309	36.953
310	36.422
311	37.781
312	36.422
313	36.625
314	36.469
315	36.781
316	36.688
317	36.969
318	37.688
319	36.703
320	36.906
321	37.453
322	36.609
323	37.25
324	36.141
325	37.859
326	37.766
327	37
328	36.141
329	36.656
330	36.812
331	35.641
332	36.734
333	36.031
334	37.047
335	36.781
336	36.688
337	37.016
338	35.891
339	36.688
340	36.625
341	36.125
342	36.844
343	35.891
344	37.469
345	36.234
346	35.984
347	37.297
348	37.25
349	37.312
350	35.562
351	37.062
352	36.469
353	35.938
354	35.359
355	35.828
356	36.25
357	35.969
358	35.875
359	37.344
360	37.484
361	36.891
362	35.75
363	37.484
364	37.797
365	36.922
366	35.984
367	36.422
368	36.734
369	36.438
370	36.094
371	36.594
372	35.953
373	37.688
374	35.797
375	36.781
376	37.234
377	36.781
378	36.422
379	35.75
380	35.797
381	36.828
382	35.438
383	36.625
384	36.438
385	36.891
386	36.219
387	37.062
388	35.453
389	35.672
390	35.578
391	35.797
392	35.891
393	36.766
394	35.406
395	36.016
396	35.766
397	36.75
398	36.422
399	35.938
400	36
401	37.625
402	34.875
403	37.031
404	35.203
405	35.984
406	36
407	36.703
408	37.219
409	34.984
410	35.641
411	35.922
412	35.875
413	35.406
414	35.391
415	36.25
416	36.641
417	34.891
418	36.203
419	36.438
420	35.484
421	36.438
422	35.812
423	35.562
424	35.828
425	36.391
426	35.547
427	36.75
428	36.109
429	36.047
430	36.281
431	36.844
432	35.5
433	35.219
434	35.906
435	37.172
436	36.484
437	36.641
438	36.344
439	36.516
440	36.281
441	38.922
442	41.609
443	44.266
444	47.641
445	50.641
446	54.156
447	52.969
448	55.25
449	56.969
450	57.312
451	59.672
452	60.453
453	60.031
454	60.125
455	59.453
456	61.266
457	62.688
458	61.5
459	61.391
460	60.281
461	59.688
462	58.688
463	58.812
464	60.375
465	59.891
466	59.828
467	59.625
468	59.031
469	58.344
470	57.391
471	57.719
472	56.469
473	57.062
474	56.656
475	55.25
476	55.391
477	54.703
478	53.859
479	54.781
480	53.234
481	54.312
482	50.844
483	52.859
484	52.938
485	51.609
486	50.328
487	51.422
488	50.562
489	50.781
490	51.688
491	49.906
492	48.562
493	50.266
494	49.422
495	49.656
496	48.719
497	50.406
498	48.625
499	49.031
500	47.609
501	47.891
502	46.734
503	48.094
504	48.328
505	46.391
506	47.672
507	46.953
508	44.656
509	46.031
510	47.375
511	46.875
512	45.938
513	46.344
514	45.562
515	45
516	45.891
517	45.547
518	46.031
519	46.891
520	44.438
521	45.891
522	44.781
523	45.203
524	44.141
525	45.078
526	43.656
527	44.172
528	43.344
529	43.469
530	44.078
531	44.016
532	43.234
533	43.812
534	43.062
535	42.609
536	43.438
537	44.141
538	42.922
539	42.719
540	41.641
541	43.031
542	42.016
543	42.078
544	41.438
545	42.781
546	42.141
547	42.297
548	42.797
549	41.891
550	41.969
551	42.938
552	41.844
553	41.859
554	40.844
555	42.375
556	41.016
557	41.906
558	41.828
559	41
560	41.609
561	40.797
562	41.312
563	41.578
564	41.344
565	41.375
566	41.156
567	40.219
568	40.094
569	40.219
570	40.891
571	40.766
572	39.094
573	40.484
574	40.953
575	40.594
576	40.469
577	39.422
578	39.812
579	40.469
580	39.562
581	39.266
582	40.172
583	40.141
584	38.281
585	40.125
586	40.219
587	38.969
588	39.797
589	40.797
590	39.625
591	39.391
592	38.734
593	38.797
594	38.719
595	40.031
596	38.984
597	39.391
598	38.875
599	38.875
600	38.297
601	39.141
602	39.875
603	39.812
604	38.578
605	38.953
606	38.328
607	38.328
608	37.812
609	38.719
610	38.734
611	38.469
612	38.266
613	39.172
614	38.641
615	38.469
616	37.812
617	37.859
618	38.812
619	38.688
620	38.406
621	38.547
622	38.578
623	38.359
624	38.297
625	38.891
626	38.125
627	38.578
628	38.594
629	38.266
630	38.203
631	37.688
632	37.328
633	38.859
634	37.156
635	37.688
636	37.625
637	38.219
638	37
639	38.625
640	37.5
641	37.562
642	37.391
643	38.125
644	37.125
645	37.219
646	37.219
647	36.75
648	36.891
649	37.875
650	35.641
651	36.688
652	37.75
653	37.234
654	37.062
655	37.516
656	37.672
657	36.047
658	36.875
659	36.828
660	37.547
661	36.516
662	36.344
663	36.125
664	37.156
665	36.312
666	35.391
667	37.188
668	36.594
669	38.172
670	36.391
671	37.172
672	36.594
673	36.219
674	37.156
675	37.312
676	36.25
677	37.031
678	36.344
679	36.734
680	36.469
681	36.219
682	37.344
683	37.359
684	37.797
685	37.156
686	37.547
687	36.344
688	37.609
689	36.531
690	37.672
691	35.75
692	36.125
693	36.891
694	36.422
695	36.359
696	36.609
697	36.281
698	37.016
699	36.797
700	36.125
701	36.406
702	36.469
703	36.375
704	37.094
705	36.047
706	36.844
707	37.531
708	37.172
709	37.125
710	37.422
711	37.062
712	36.672
713	37.219
714	35.734
715	36.75
716	37.016
717	35.953
718	36.688
719	36.203
720	35.344
721	35.906
722	37.062
723	36.891
724	37.562
725	36.766
726	36.141
727	37.25
728	37.766
729	36.953
730	37.406
731	36.406
732	37.484
733	37.547
734	36.969
735	37.547
736	37.703
737	37.797
738	40.766
739	43.406
740	46.234
741	49.266
742	52.031
743	54.688
744	54.688
745	55.969
746	57.266
747	58.859
748	59.359
749	60.438
750	60.953
751	60.109
752	60.609
753	59.953
754	59.797
755	59.875
756	59.703
757	59.531
758	59.703
759	58.094
760	58.984
761	58.016
762	57.828
763	56.703
764	56.625
765	55.5
766	55.469
767	54.891
768	53.484
769	53.375
770	52.156
771	53.219
772	53
773	52.578
774	52.922
775	51.984
776	50.75
777	50.094
778	49.906
779	50.406
780	48.719
781	50.516
782	50.188
783	49.734
784	49.141
785	48.312
786	49.828
787	48.203
788	47.875
789	48.094
790	47.547
791	48.078
792	47.203
793	47.469
794	47.188
795	46.812
796	47.219
797	46.891
798	47.203
799	47.188
800	46.625
801	47.359
802	46.25
803	45.219
804	45.5
805	44.625
806	45.438
807	45.516
808	45.75
809	45.156
810	44.594
811	44.75
812	45.141
813	44.547
814	43.406
815	44.453
816	41.344
817	44.109
818	43.859
819	44.266
820	42.531
821	43.062
822	43.266
823	43.328
824	42.281
825	43.047
826	42.156
827	42.172
828	41.859
829	43.578
830	42.391
831	41.703
832	41.891
833	41.453
834	42.484
835	41.297
836	40.922
837	41.828
838	41.828
839	41.031
840	41.359
841	40.922
842	40.766
843	41.328
844	41.359
845	42.078
846	40.484
847	41.391
848	40.828
849	41.344
850	40.188
851	40.406
852	41.094
853	40.141
854	39.984
855	40.359
856	40.328
857	41.172
858	40.156
859	41
860	40.672
861	41.188
862	39.453
863	40.641
864	39.234
865	39.172
866	39.469
867	39.5
868	39.453
869	39.703
870	40
871	39.922
872	38.828
873	41
874	38.422
875	39.406
876	38.812
877	39.859
878	38.547
879	38.953
880	38.641
881	38.219
882	39.234
883	39.875
884	38.828
885	38.844
886	38.781
887	39.203
888	38.438
889	39.141
890	39.422
891	39.531
892	39.031
893	39.234
894	39.406
895	40.188
896	37.844
897	39.031
898	39.531
899	39.188
900	39.953
901	39.719
902	38.141
903	38.094
904	38.594
905	38.656
906	38.172
907	39.016
908	38.578
909	39.297
910	38.375
911	37.891
912	38.609
913	39.188
914	38.156
915	37.656
916	38.672
917	38.641
918	37.312
919	38.359
920	38.5
921	38.734
922	37.609
923	38.125
924	38.438
925	39.141
926	38.734
927	37.328
928	38.797
929	38.422
930	37.297
931	37.125
932	37.5
933	37.781
934	37.609
935	37.531
936	37.547
937	38.469
938	37
939	38.297
940	37.812
941	37.703
942	37.094
943	38.031
944	36.781
945	38.047
946	36.75
947	36.984
948	38.266
949	37.562
950	37.562
951	37.406
952	36.578
953	37.406
954	37.25
955	37.578
956	36.781
957	35.922
958	36.734
959	37.234
960	37.641
961	37.609
962	36.578
963	36.5
964	36.656
965	38.078
966	37.312
967	35.641
968	35.75
969	37.391
970	36.234
971	37.172
972	37.547
973	37.844
974	36.734
975	36.047
976	36.453
977	37.125
978	36.641
979	37.281
980	37.109
981	37.391
982	37.219
983	36.5
984	37.016
985	38.453
986	36.797
987	37.719
988	36.562
989	37.844
990	37.703
991	36.766
992	36.297
993	37.719
994	36.609
995	36.781
996	37.734
997	36.469
998	37.766
999	36.562
1000	36.719
1001	36.594
1002	37.484
1003	36.031
1004	37.375
1005	35.5
1006	36.812
1007	36.656
1008	36.125
1009	37.422
1010	35.703
1011	36.469
1012	36.203
1013	36.438
1014	36.344
1015	36.922
1016	37.047
1017	36.219
1018	37.391
1019	37.266
1020	36.766
1021	36.359
1022	37.188
1023	36.312
1024	37.438
1025	36.188
1026	36.984
1027	36.469
1028	36.328
1029	37.703
1030	35.703
1031	37.281
1032	36.859
1033	37.047
1034	36.531
1035	36.469
1036	36.422
1037	36.047
1038	37.219
1039	36.828
1040	36.234
1041	36.969
1042	37.047
1043	36.438
1044	37.531
1045	36.625
1046	36.125
1047	36.906
1048	36.609
1049	36.797
1050	35.953
1051	37.016
1052	36.156
1053	36.688
1054	36.766
1055	36.703
1056	36.281
1057	37.219
1058	35.234
1059	36.406
1060	37.859
1061	35.672
1062	36.156
1063	36.812
1064	37.062
1065	36.641
1066	35.875
1067	36.641
1068	37.156
1069	36.891
1070	37.031
1071	37.547
1072	37.453
1073	36.531
1074	37.031
1075	37.531
1076	37.266
1077	37
1078	36.562
1079	37
1080	37.219
1081	36.484
1082	36.797
1083	37.141
1084	36.359
1085	36.328
1086	36.125
1087	36.547
1088	36.844
1089	36.719
1090	36.578
1091	37.406
1092	35.656
1093	35.609
1094	37.203
1095	36.375
1096	36.641
1097	36.406
1098	35.906
1099	36.953
1100	35.922
1101	36.641
1102	36.266
1103	35.625
1104	36.297
1105	36.688
1106	35.828
1107	36.188
1108	34.953
1109	36.406
1110	36.406
1111	36.812
1112	37.125
1113	36.234
1114	35.969
1115	36.094
1116	35.5
1117	36.125
1118	35.375
1119	35.5
1120	36.078
1121	36.516
1122	35.484
1123	37.875
1124	36.484
1125	36.688
1126	36.375
1127	36.234
1128	36.172
1129	35.922
1130	35.609
1131	35.844
1132	36.312
1133	35.938
1134	35.578
1135	36.266
1136	35.984
1137	35.562
1138	36.469
1139	36.688
1140	35.656
1141	36.922
1142	36.062
1143	35.656
1144	36.844
1145	36.922
1146	36.766
1147	36.375
1148	36.297
1149	36
1150	36.609
1151	36.688
1152	35.484
1153	37.281
1154	35.344
1155	37.938
1156	37.25
1157	36.547
1158	37.031
1159	36.734
1160	36.078
1161	35.906
1162	36.453
1163	36.047
1164	37.359
1165	35.844
1166	36.219
1167	36.203
1168	36.109
1169	37.828
1170	41.969
1171	45.266
1172	47.562
1173	51.094
1174	51.688
1175	53.453
1176	55.047
1177	56.5
1178	57.375
1179	58.297
1180	58.438
1181	59.094
1182	60.125
1183	59.281
1184	60.438
1185	58.281
1186	59.844
1187	59.125
1188	57.953
1189	59.516
1190	58.969
1191	57.609
1192	57.297
1193	57.797
1194	57.609
1195	57.594
1196	56.172
1197	56.203
1198	54.719
1199	55.078
1200	54.172
1201	53.797
1202	54.125
1203	56.297
1204	56.766
1205	57.266
1206	59.344
1207	59.047
1208	59.984
1209	59.078
1210	60.469
1211	58.906
1212	58.938
1213	58.172
1214	57.625
1215	57.719
1216	57.453
1217	55.594
1218	55.641
1219	55.266
1220	55.75
1221	54.219
1222	53.484
1223	53.422
1224	53.891
1225	52.344
1226	52.906
1227	52.375
1228	51.234
1229	51.328
1230	52.703
1231	51.125
1232	50.859
1233	51.391
1234	52.547
1235	49.203
1236	48.281
1237	49.703
1238	50.469
1239	49.188
1240	49.359
1241	50.781
1242	49.109
1243	48.562
1244	48.797
1245	48.578
1246	46.547
1247	47.766
1248	46.703
1249	48.609
1250	47.828
1251	46.781
1252	47.234
1253	47.141
1254	47.812
1255	46.797
1256	46.562
1257	47.516
1258	45.562
1259	45.859
1260	45.984
1261	45.406
1262	46.375
1263	45.484
1264	46.172
1265	46.25
1266	44.922
1267	44.906
1268	44.75
1269	45.125
1270	44.531
1271	44.672
1272	44.375
1273	44.734
1274	44.344
1275	44.469
1276	43.422
1277	44.078
1278	43.953
1279	44.234
1280	44.328
1281	43.219
1282	42.469
1283	43.156
1284	42.594
1285	42.625
1286	42.438
1287	42.828
1288	41.609
1289	43.891
1290	41.891
1291	43.188
1292	42.172
1293	42.5
1294	42.156
1295	41.594
1296	42.781
1297	42.547
1298	40.734
1299	41.812
1300	41.234
1301	40.891
1302	40.734
1303	40.422
1304	40.688
1305	41.359
1306	41.094
1307	41.672
1308	41.562
1309	41.094
1310	40.5
1311	41.188
1312	41.172
1313	41.672
1314	40.422
1315	40.094
1316	40.234
1317	40.125
1318	40.797
1319	39.266
1320	40.469
1321	39.453
1322	38.391
1323	39.562
1324	39.469
1325	38.688
1326	38.875
1327	40.203
1328	38.625
1329	40.188
1330	39.828
1331	39.5
1332	37.578
1333	39.156
1334	38.359
1335	40.656
1336	39.75
1337	39.5
1338	39.141
1339	39.594
1340	39.078
1341	39.219
1342	38.703
1343	39.5
1344	37.875
1345	39.938
1346	38.234
1347	38.391
1348	38.625
1349	39.141
1350	36.875
1351	38.75
1352	37.656
1353	39.469
1354	37.969
1355	38.516
1356	37.203
1357	38.141
1358	37.969
1359	37.375
1360	38.875
1361	38.281
1362	38.328
1363	38.422
1364	38.438
1365	39.109
1366	38.422
1367	38.125
1368	37.844
1369	37.859
1370	36.953
1371	36.828
1372	38.266
1373	38.094
1374	37.766
1375	37.969
1376	37.812
1377	37.828
1378	37.547
1379	37.844
1380	36.984
1381	38.766
1382	37.047
1383	37.594
1384	36.688
1385	38.375
1386	37.953
1387	37.641
1388	36.438
1389	37.562
1390	37.109
1391	37.781
1392	36.375
1393	38.859
1394	38.172
1395	36.406
1396	37.234
1397	37.547
1398	36.953
1399	36.984
1400	37.016
1401	37.375
1402	36.875
1403	37.109
1404	37.516
1405	37.25
1406	37.312
1407	37.094
1408	36.359
1409	37.812
1410	37.203
1411	37.156
1412	36.938
1413	37.125
1414	35.969
1415	36.453
1416	36.812
1417	36.281
1418	37.453
1419	37.719
1420	37.812
1421	37.281
1422	37.156
1423	38.016
1424	36.625
1425	37.531
1426	36.188
1427	37.125
1428	36.688
1429	37.703
1430	36.312
1431	37.219
1432	37.422
1433	38.484
1434	37.359
1435	37.156
1436	35.844
1437	37.25
1438	36.766
1439	37.109
1440	37.297
1441	37.297
1442	36.734
1443	37.125
1444	37.234
1445	36.656
1446	35.984
1447	36.609
1448	37.844
1449	37.141
1450	35.953
1451	36
1452	36.531
1453	36.172
1454	36.969
1455	36.219
1456	34.938
1457	37.188
1458	36.938
1459	35.375
1460	36.344
1461	37.172
1462	35.281
1463	37.906
1464	37.203
1465	37
1466	37.203
1467	37.953
1468	36.781
1469	37.531
1470	36.875
1471	36.688
1472	37.562
1473	35.703
1474	37.734
1475	36.328
1476	36.031
1477	36.766
1478	35.688
1479	36.094
1480	35.656
1481	36.906
1482	36.047
1483	35.25
1484	35.266
1485	36.203
1486	35.344
1487	37.156
1488	36.234
1489	35.75
1490	36.312
1491	36.406
1492	36.188
1493	35.844
1494	36.203
1495	37.109
1496	35.312
1497	35.953
1498	37.141
1499	35.078
1500	36.359
1501	36.719
1502	36.391
1503	36.781
1504	36.797
1505	36.672
1506	36.094
1507	36.641
1508	36.625
1509	37.469
1510	36.781
1511	37.359
1512	36.641
1513	37.359
1514	36.531
1515	36.969
1516	37.109
1517	35.922
1518	36.484
1519	36.828
1520	37.078
1521	36.828
1522	36.641
1523	36.75
1524	35.859
1525	37.422
1526	36.453
1527	37.188
1528	36.516
1529	36.5
1530	35.953
1531	36.25
1532	36.812
1533	36.391
1534	36.344
1535	36.188
1536	36.562
1537	35.75
1538	36.234
1539	37.203
1540	35.188
1541	37.219
1542	37.172
1543	36.438
1544	36.953
1545	35.734
1546	37.281
1547	35.469
1548	36.234
1549	36.188
1550	35.484
1551	36.25
1552	36.141
1553	35.531
1554	37.141
1555	37.594
1556	36.781
1557	36.812
1558	36.531
1559	37.641
1560	36.75
1561	36.047
1562	37.656
1563	37.016
1564	37.141
1565	37.062
1566	35.875
1567	35.078
1568	35.266
1569	37.125
1570	36.703
1571	35.797
1572	35.906
1573	36.922
1574	36.625
1575	36.438
1576	36.719
1577	36.547
1578	35.688
1579	36.453
1580	36.469
1581	36.094
1582	36.891
1583	36.672
1584	35.969
1585	36.922
1586	36.016
1587	35.703
1588	38.094
1589	40.359
1590	44.125
1591	48.031
1592	48.578
1593	50.828
1594	52.516
1595	53.906
1596	55.453
1597	54.531
1598	57.078
1599	57.312
1600	58.047
1601	58.406
1602	57.828
1603	59.281
1604	58.359
1605	58.188
1606	57.5
1607	57.875
1608	57.484
1609	57.5
1610	58.078
1611	57.406
1612	56.094
1613	57.047
1614	57.062
1615	55.812
1616	54.484
1617	55.453
1618	54.188
1619	53.688
1620	53.391
1621	53.938
1622	52.484
1623	52.297
1624	51.516
1625	51.938
1626	51.766
1627	50.219
1628	50.641
1629	51.281
1630	50.062
1631	49.656
1632	49.766
1633	49.594
1634	48.609
1635	49.062
1636	47.844
1637	47.781
1638	47.656
1639	48.031
1640	47.766
1641	47.203
1642	46.766
1643	46.438
1644	47.047
1645	46.328
1646	46.484
1647	45.531
1648	46.891
1649	46.031
1650	44.812
1651	46.438
1652	45.516
1653	44.297
1654	45.297
1655	45.531
1656	45.266
1657	45.656
1658	45.188
1659	44.672
1660	44.422
1661	44.672
1662	44.062
1663	44.531
1664	44.438
1665	43.562
1666	43.938
1667	43.094
1668	42.531
1669	43.734
1670	42.516
1671	42.328
1672	42.953
1673	41.953
1674	42.109
1675	43.109
1676	42.312
1677	42.016
1678	42.312
1679	42.703
1680	41.531
1681	42.172
1682	42.219
1683	42.281
1684	41.359
1685	41.938
1686	41.969
1687	41.281
1688	41.219
1689	40.359
1690	40.672
1691	39.875
1692	40.656
1693	41.766
1694	41.547
1695	41.031
1696	41.312
1697	40.391
1698	39.922
1699	40.75
1700	40.578
1701	38.641
1702	41.016
1703	39.75
1704	39.516
1705	40.688
1706	39.844
1707	39.891
1708	39.375
1709	39.984
1710	39.641
1711	39.234
1712	39.891
1713	39.094
1714	40.266
1715	40.656
1716	40.141
1717	38.375
1718	40
1719	38.984
1720	38.75
1721	38.781
1722	38.391
1723	38.828
1724	38.953
1725	39.047
1726	39.062
1727	37.844
1728	38.062
1729	39.266
1730	38.359
1731	39.312
1732	39.734
1733	39.234
1734	38.641
1735	38.875
1736	37.75
1737	38.922
1738	38.562
1739	38.891
1740	40.016
1741	38.797
1742	38.656
1743	38.812
1744	38.188
1745	39.578
1746	39.078
1747	39.344
1748	38.125
1749	39.375
1750	37.688
1751	37.891
1752	37.172
1753	37.859
1754	37.688
1755	38.422
1756	38.125
1757	38.875
1758	37.859
1759	37.281
1760	37.594
1761	38.078
1762	37.234
1763	36.438
1764	37.562
1765	38.047
1766	37.266
1767	36.719
1768	36.375
1769	37.5
1770	36.891
1771	37.578
1772	38.109
1773	36.844
1774	36.438
1775	37.625
1776	36.734
1777	37.266
1778	37.094
1779	36.547
1780	37.547
1781	37.312
1782	37.781
1783	37.797
1784	37.219
1785	37.469
1786	37.5
1787	37.484
1788	37.266
1789	37.141
1790	36.547
1791	37.484
1792	37.312
1793	36
1794	37.188
1795	37.203
1796	38.031
1797	36.391
1798	38.078
1799	37.578
1800	37.344
1801	37.5
1802	35.719
1803	36.328
1804	36.578
1805	36.531
1806	37.078
1807	36.453
1808	38.062
1809	37.719
1810	37.406
1811	37.172
1812	38.031
1813	37.766
1814	36.438
1815	37.156
1816	36.906
1817	37.859
1818	37.078
1819	37.781
1820	36.172
1821	36.422
1822	36.781
1823	36.984
1824	35.844
1825	37.75
1826	36
1827	36.531
1828	36.516
1829	36.234
1830	35.875
1831	36.234
1832	36.547
1833	36.109
1834	36.469
1835	36.219
1836	36.828
1837	37.547
1838	36.016
1839	36.938
1840	37.078
1841	37.297
1842	38.328
1843	42.234
1844	44.953
1845	48.297
1846	48.766
1847	51.234
1848	52.281
1849	54.25
1850	55.406
1851	55.984
1852	56.766
1853	58.688
1854	58.422
1855	57.281
1856	58.219
1857	58.203
1858	59.797
1859	57.422
1860	57.688
1861	55.531
1862	56.531
1863	54.031
1864	54.844
1865	54.969
1866	55.562
1867	53.359
1868	53.766
1869	52.016
1870	53.828
1871	52.125
1872	51.797
1873	52.141
1874	52.297
1875	50.891
1876	51.578
1877	49.562
1878	50.422
1879	48.906
1880	49.359
1881	49.016
1882	48.703
1883	48.609
1884	47.922
1885	48.375
1886	47.062
1887	48.453
1888	46.891
1889	48.906
1890	47.156
1891	47.297
1892	46.828
1893	46.828
1894	45.938
1895	47.484
1896	45.734
1897	45.391
1898	44.359
1899	45.406
1900	45.031
1901	44.625
1902	45.281
1903	44.078
1904	44.625
1905	45.391
1906	43.766
1907	44.438
1908	43.734
1909	43.75
1910	43.469
1911	43.266
1912	44.984
1913	43.734
1914	43.703
1915	43.547
1916	44.266
1917	43.672
1918	43.062
1919	43.375
1920	43.656
1921	42.125
1922	42.281
1923	43.297
1924	41.812
1925	42.891
1926	42.641
1927	43.312
1928	41.984
1929	42.078
1930	41.812
1931	43.156
1932	41.797
1933	41.156
1934	40.859
1935	41.422
1936	41.766
1937	40.344
1938	41.109
1939	41.188
1940	40.281
1941	41.422
1942	41.656
1943	41.5
1944	40.719
1945	40.266
1946	40.812
1947	40.453
1948	40.766
1949	40.109
1950	40.047
1951	40.359
1952	40.625
1953	39.609
1954	39.812
1955	40.875
1956	41.156
1957	39.812
1958	39.734
1959	39.828
1960	40.297
1961	40.688
1962	39.016
1963	39.922
1964	39.672
1965	39.719
1966	39.172
1967	39.766
1968	38.969
1969	38.328
1970	38.672
1971	38.938
1972	38.156
1973	39.578
1974	39.219
1975	39.047
1976	39.031
1977	39.156
1978	37.984
1979	38.953
1980	39
1981	38.125
1982	37.359
1983	39.031
1984	38.844
1985	38.281
1986	38.312
1987	38.422
1988	36.781
1989	39.422
1990	38.188
1991	38.766
1992	38.422
1993	38.031
1994	38.781
1995	37.656
1996	37.375
1997	38.875
1998	38.641
1999	38.594
2000	38.297
2001	38.031
2002	37.672
2003	37.859
2004	37.781
2005	39.078
2006	37.969
2007	37.156
2008	37.469
2009	38.031
2010	37.672
2011	38.25
2012	38.594
2013	37.734
2014	37
2015	37.703
2016	37.859
2017	37.781
2018	37.406
2019	37.359
2020	36.594
2021	37.938
2022	36.984
2023	38.203
2024	37.266
2025	38.188
2026	36.859
2027	37.781
2028	36.5
2029	37.219
2030	36.812
2031	35.578
2032	35.969
2033	37.734
2034	37.266
2035	37.344
2036	37.062
2037	38.047
2038	37.172
2039	36.938
2040	37.203
2041	37.562
2042	37.141
2043	37.469
2044	36.562
2045	37.625
2046	37.094
2047	36.625
2048	36.594
2049	38.297
2050	36.766
2051	36.406
2052	36.875
2053	36.953
2054	37.422
2055	37.656
2056	37.453
2057	37.266
2058	36.312
2059	36.75
2060	37.047
2061	37.219
2062	35.406
2063	37.203
2064	38.25
2065	36.5
2066	36.484
2067	36.297
2068	36.344
2069	36.891
2070	36.469
2071	37.438
2072	36.391
2073	36.391
2074	37.141
2075	36.156
2076	37.641
2077	36.141
2078	37.344
2079	37.547
2080	36.609
2081	36.891
2082	35.953
2083	37.094
2084	36.766
2085	37.094
2086	36.938
2087	37.281
2088	37.203
2089	36.906
2090	34.984
2091	36.312
2092	36.094
2093	37.047
2094	37.469
2095	36.562
2096	36.641
2097	36.516
2098	37.219
2099	37.438
2100	36.422
2101	36.391
2102	35.547
2103	37.25
2104	36.453
2105	35.969
2106	35.812
2107	36.156
2108	36.922
2109	36.891
2110	36.109
2111	36.203
2112	36.562
2113	36.625
2114	36.688
2115	36.25
2116	36.266
2117	35.844
2118	35.5
2119	36.641
2120	36.109
2121	37.453
2122	35.359
2123	36.5
2124	35.531
2125	37.484
2126	36.656
2127	37.078
2128	35.688
2129	36.625
2130	37.172
2131	36.672
2132	36.406
2133	36.75
2134	36.172
2135	36.766
2136	36.641
2137	37.328
2138	37.344
2139	37.594
2140	37.234
2141	37.266
2142	36.438
2143	36.453
2144	36.469
2145	37.422
2146	35.766
2147	36.109
2148	36.75
2149	36.141
2150	36.969
2151	37.094
2152	37.062
2153	35.875
2154	35.016
2155	36.438
2156	36.484
2157	36.109
2158	35.516
2159	34.891
2160	36.453
2161	35.594
2162	36.422
2163	36.047
2164	36.359
2165	36.25
2166	37.047
2167	36.219
2168	35.984
2169	36.281
2170	36.266
2171	37.062
2172	36.016
2173	35.891
2174	36.75
2175	35.656
2176	35.094
2177	35.156
2178	35.969
2179	36.312
2180	36.25
2181	36.109
2182	36.109
2183	36.312
2184	35.188
2185	36.5
2186	37.062
2187	36.344
2188	38.312
2189	41.531
2190	43.016
2191	45.969
2192	48.484
2193	48.578
2194	51.297
2195	53.156
2196	52.922
2197	54.062
2198	55.312
2199	56.797
2200	56.078
2201	56.281
2202	57.25
2203	56.141
2204	55.922
2205	58.016
2206	56.609
2207	56.438
2208	54.875
2209	55.938
2210	56.094
2211	56.219
2212	56
2213	56.578
2214	55.375
2215	55.234
2216	55.531
2217	53.766
2218	53.109
2219	52.766
2220	51.781
2221	52.609
2222	52.359
2223	50.609
2224	52.5
2225	50.406
2226	50.125
2227	50.688
2228	49.062
2229	49.625
2230	49.312
2231	49.328
2232	49.641
2233	48.516
2234	48.25
2235	48.734
2236	47.641
2237	48.578
2238	46.672
2239	47.828
2240	46.516
2241	46.312
2242	47.141
2243	46.016
2244	46.469
2245	45.75
2246	46.109
2247	46.109
2248	45.594
2249	45.219
2250	45.781
2251	44.609
2252	44.234
2253	44.594
2254	44.891
2255	44.516
2256	45.188
2257	43.922
2258	44.172
2259	43.953
2260	43.5
2261	42.938
2262	42.578
2263	42.875
2264	42.984
2265	43.406
2266	43.281
2267	44.062
2268	44.516
2269	42.391
2270	43.141
2271	42.75
2272	42.219
2273	42.906
2274	43.453
2275	42.438
2276	42.906
2277	43.75
2278	42.75
2279	41.516
2280	42.453
2281	42.672
2282	42.469
2283	41.438
2284	41.266
2285	42.797
2286	41.531
2287	42.016
2288	40.516
2289	42.078
2290	40.953
2291	40.734
2292	40.672
2293	40.891
2294	39.906
2295	41.281
2296	39.875
2297	40.281
2298	41.25
2299	40.672
2300	41.188
2301	39.75
2302	39.719
2303	40.766
2304	38.844
2305	40.266
2306	40.422
2307	39.344
2308	41.062
2309	41.172
2310	39.719
2311	40.641
2312	39.844
2313	39.625
2314	39.047
2315	39.688
2316	39.094
2317	39.75
2318	38.859
2319	39.312
2320	39.484
2321	39.312
2322	38.703
2323	39.094
2324	39.594
2325	39.297
2326	39.406
2327	39.062
2328	39.578
2329	39.062
2330	38.656
2331	39.953
2332	37.641
2333	39.141
2334	37.719
2335	39.812
2336	39.047
2337	39.812
2338	38.797
2339	38.875
2340	38.156
2341	38.859
2342	39.344
2343	38.719
2344	38.328
2345	37.875
2346	37.547
2347	39.234
2348	37.766
2349	38.281
2350	37.766
2351	37.594
2352	39.156
2353	38.031
2354	37.781
2355	38.094
2356	37.469
2357	38.641
2358	38.031
2359	38.375
2360	37.391
2361	36.891
2362	37.625
2363	38.422
2364	37.531
2365	37.75
2366	37.391
2367	38.438
2368	37.938
2369	38.172
2370	38.703
2371	37.734
2372	37.391
2373	38.359
2374	38.484
2375	37.25
2376	37.516
2377	36.859
2378	37.656
2379	37.172
2380	37.828
2381	37.781
2382	37.297
2383	37.938
2384	37.406
2385	37.078
2386	37.297
2387	36.859
2388	37.969
2389	37.328
2390	38.531
2391	37.812
2392	38.391
2393	37.438
2394	36.859
2395	38.062
2396	40.797
2397	43.969
2398	46.047
2399	49.312
2400	50.562
2401	51.984
2402	53.703
2403	53.312
2404	53.953
2405	57.094
2406	56.219
2407	57.188
2408	57.641
2409	56.781
2410	57.328
2411	56.484
2412	56.734
2413	56.875
2414	56.609
2415	56.172
2416	56.453
2417	56.562
2418	56.578
2419	55.516
2420	55.703
2421	54.766
2422	54.891
2423	54.109
2424	54.062
2425	53.625
2426	51.75
2427	52.328
2428	52.594
2429	50.469
2430	50.812
2431	50.891
2432	50.312
2433	50.766
2434	50.297
2435	49.578
2436	50.062
2437	50.312
2438	49
2439	49.578
2440	49.312
2441	47.859
2442	47.859
2443	47.938
2444	47.328
2445	48.078
2446	46.953
2447	47.312
2448	46.172
2449	45.828
2450	45.734
2451	46.734
2452	46.188
2453	46.438
2454	45.125
2455	46.609
2456	46.234
2457	46.203
2458	45.688
2459	45.484
2460	46.375
2461	45.562
2462	45.203
2463	45.875
2464	45.203
2465	44.672
2466	43.969
2467	45
2468	44.406
2469	45.016
2470	43.922
2471	44.281
2472	45.172
2473	44.625
2474	44.328
2475	43.875
2476	43.672
2477	44.203
2478	43.344
2479	43.922
2480	42.906
2481	44.062
2482	42.375
2483	43.766
2484	43.469
2485	43.297
2486	42.562
2487	41.938
2488	42.391
2489	43.859
2490	42.625
2491	42.969
2492	42.812
2493	42.438
2494	41.562
2495	41.406
2496	41.656
2497	41.984
2498	42.516
2499	41.891
2500	41.812
2501	40.453
2502	41.25
2503	42.062
2504	40.531
2505	40.25
2506	40.828
2507	39.406
2508	40.812
2509	40.719
2510	40.672
2511	40.266
2512	41.406
2513	40.5
2514	40.328
2515	40.891
2516	41.125
2517	40.453
2518	40.266
2519	41.078
2520	40.156
2521	40.297
2522	40.094
2523	39.922
2524	39.844
2525	40.172
2526	39.438
2527	40.641
2528	39.266
2529	39.375
2530	39.922
2531	39.625
2532	39.734
2533	39.156
2534	40.359
2535	44.969
2536	45.172
2537	47.766
2538	51.938
2539	51.312
2540	52.688
2541	54.641
2542	54.984
2543	57.016
2544	56.312
2545	57.047
2546	57.391
2547	56.953
2548	57.891
2549	57.531
2550	56.75
2551	57.812
2552	56.906
2553	55.438
2554	55.625
2555	55.031
2556	55.016
2557	54.391
2558	53.891
2559	53.75
2560	51.609
2561	52.047
2562	52.484
2563	51.594
2564	51.516
2565	51.438
2566	51.859
2567	50.469
2568	49.906
2569	50.281
2570	49.094
2571	48.312
2572	48.812
2573	50.109
2574	48.094
2575	48.266
2576	47.141
2577	47.75
2578	47.766
2579	47.75
2580	47.344
2581	47.219
2582	47.406
2583	46.656
2584	46.078
2585	47.469
2586	45.359
2587	46.469
2588	46.984
2589	46.859
2590	45.422
2591	46
2592	44.5
2593	45.141
2594	44.828
2595	45.641
2596	44.562
2597	45.078
2598	46.047
2599	44.234
2600	44.812
2601	44.109
2602	43.453
2603	45.047
2604	44.906
2605	44.625
2606	44.578
2607	44.828
2608	44.734
2609	44.438
2610	45.078
2611	43.562
2612	44.188
2613	43.406
2614	44.844
2615	42.766
2616	42.672
2617	42.922
2618	44
2619	43.766
2620	43.312
2621	44.203
2622	43.172
2623	43.922
2624	43.469
2625	42.656
2626	42.969
2627	43.328
2628	42.391
2629	43.734
2630	43.234
2631	42.297
2632	42.766
2633	42.781
2634	41.656
2635	42.438
2636	41.734
2637	41.141
2638	40.781
2639	42.5
2640	41.781
2641	42.375
2642	41.875
2643	41.188
2644	42.109
2645	42.094
2646	41.188
2647	41.562
2648	41.031
2649	41.922
2650	42.5
2651	40.469
2652	40.219
2653	40.672
2654	40.953
2655	40.516
2656	41.203
2657	41.594
2658	39.812
2659	40.562
2660	40.125
2661	39.719
2662	39.125
2663	40.219
2664	39.891
2665	39.391
2666	39.344
2667	40.562
2668	38.531
2669	38.406
2670	40.75
2671	40.953
2672	39.859
2673	39.172
2674	40.703
2675	39.531
2676	39.297
2677	39.953
2678	38.984
2679	39.219
2680	39.469
2681	39.984
2682	39.047
2683	39.062
2684	38.938
2685	39.344
2686	40.5
2687	39.484
2688	38.984
2689	38.5
2690	39.484
2691	39.406
2692	38.422
2693	39.531
2694	38.875
2695	39.312
2696	40.562
2697	39.453
2698	38.75
2699	37.734
2700	39.125
2701	38.797
2702	38.219
2703	38.812
2704	38.094
2705	39.109
2706	38.547
2707	39.5
2708	38.547
2709	38.25
2710	38.359
2711	39.062
2712	39.5
2713	38.422
2714	37.734
2715	37.047
2716	37.188
2717	38.5
2718	37.797
2719	38.359
2720	38.625
2721	39.25
2722	37.656
2723	38.172
2724	37.984
2725	38.375
2726	37.359
2727	38.5
2728	38.281
2729	37.516
2730	38.891
2731	37.453
2732	36.875
2733	38.5
2734	37.25
2735	38.141
2736	37.453
2737	36.859
2738	37.516
2739	38.906
2740	38.219
2741	38.609
2742	37.609
2743	37.891
2744	37.172
2745	37.969
2746	37.266
2747	38.125
2748	37.406
2749	36.312
2750	37.031
2751	37.328
2752	38.141
2753	37.422
2754	36.641
2755	37.203
2756	37.906
2757	38.578
2758	36.641
2759	37.672
2760	37.438
2761	37.75
2762	37.406
2763	36.781
2764	36.953
2765	38.078
2766	37.188
2767	36.453
2768	37.688
2769	36.734
2770	37.672
2771	37.969
2772	35.984
2773	36.828
2774	36.656
2775	37.672
2776	36.203
2777	36.516
2778	37.719
2779	37.688
2780	37.312
2781	37.938
2782	36.078
2783	37.75
2784	37.172
2785	36.438
2786	37.203
2787	37.609
2788	36.609
2789	37.594
2790	36.984
2791	36.672
2792	36.875
2793	37.656
2794	36.328
2795	37.641
2796	37.469
2797	36.156
2798	36.75
2799	37.391
2800	36.5
2801	37.547
2802	38.359
2803	36.75
2804	36.75
2805	36.844
2806	36.297
2807	35.766
2808	37.031
2809	36.172
2810	37.312
2811	36.922
2812	36.312
2813	37.109
2814	36.812
2815	36.953
2816	36.969
2817	37.734
2818	36.422
2819	37.344
2820	36.344
2821	37.859
2822	37.734
2823	37.172
2824	37.359
2825	37.516
2826	37
2827	36.875
2828	37.281
2829	37.234
2830	36.312
2831	37.781
2832	37.422
2833	37.078
2834	37.734
2835	36.547
2836	37.141
2837	36.266
2838	36.516
2839	37.906
2840	37.016
2841	37.047
2842	37.719
2843	37.234
2844	36.812
2845	36.75
2846	37.281
2847	37.109
2848	36.547
2849	37.297
2850	37.25
2851	37.5
2852	37.047
2853	36.344
2854	36.75
2855	37.109
2856	37.047
2857	38.031
2858	36.109
2859	36.625
2860	35.734
2861	36.719
2862	36.156
2863	39.109
2864	36.297
2865	36.609
2866	36.516
2867	36.656
2868	36.25
2869	35.828
2870	37.141
2871	35.938
2872	35.266
2873	36.453
2874	36.234
2875	36.703
2876	37.016
2877	35.891
2878	35.672
2879	37.156
2880	37.219
2881	40.984
2882	42.844
2883	45.781
2884	47.672
2885	49.094
2886	50.891
2887	51.953
2888	52.766
2889	54.078
2890	54.078
2891	55.156
2892	54.25
2893	56.5
2894	54.656
2895	55.469
2896	55.5
2897	57.25
2898	55.484
2899	55.438
2900	55.516
2901	53.734
2902	53.328
2903	52.875
2904	54.109
2905	53.109
2906	54.547
2907	55.109
2908	55.75
2909	55.516
2910	57.047
2911	56.25
2912	55.938
2913	55.969
2914	53.984
2915	53.016
2916	53.484
2917	53.141
2918	53
2919	51.859
2920	51.062
2921	52.25
2922	51.672
2923	51.547
2924	49.844
2925	51.312
2926	49.891
2927	48.453
2928	50.094
2929	48.828
2930	49.375
2931	48.828
2932	48.469
2933	49.156
2934	47.719
2935	48.547
2936	47.266
2937	47.156
2938	48.5
2939	48.75
2940	47.281
2941	47.609
2942	47.75
2943	48.594
2944	46.172
2945	46.594
2946	47.422
2947	47.641
2948	46.359
2949	47.031
2950	45.984
2951	45.125
2952	45.062
2953	47.312
2954	44.641
2955	45.328
2956	44.391
2957	46.266
2958	45.172
2959	46.219
2960	43.969
2961	43.797
2962	44.812
2963	44.281
2964	43.562
2965	44.828
2966	45.188
2967	44.031
2968	43.781
2969	42.516
2970	44.156
2971	44.328
2972	43.688
2973	43.047
2974	44.203
2975	44.516
2976	43.109
2977	43.781
2978	43.781
2979	42.922
2980	43.438
2981	44.578
2982	42.469
2983	42.391
2984	42.297
2985	42.5
2986	42.625
2987	42.438
2988	42.281
2989	43.922
2990	43.016
2991	42.531
2992	41.938
2993	42.719
2994	42.25
2995	41.594
2996	41.266
2997	42.094
2998	41.109
2999	41.828
3000	41.062
3001	42.031
3002	41.141
3003	42.047
3004	41.359
3005	41.312
3006	41.828
3007	41.406
3008	40.375
3009	41.5
3010	41.828
3011	41.891
3012	41.281
3013	40.422
3014	41.969
3015	40.141
3016	41.453
3017	41.125
3018	41.109
3019	41.484
3020	40.781
3021	40.125
3022	40.781
3023	41.266
3024	40.25
3025	40.031
3026	39.562
3027	39.609
3028	40.188
3029	38.266
3030	40.188
3031	39.609
3032	40.109
3033	39.688
3034	39.219
3035	40.047
3036	40.266
3037	39.125
3038	38.438
3039	39.125
3040	37.969
3041	39.328
3042	38.344
3043	39.141
3044	39.828
3045	39.672
3046	40.406
3047	39.297
3048	39.344
3049	39.359
3050	39.109
3051	39.719
3052	38.859
3053	39.328
3054	39.219
3055	39.484
3056	38.297
3057	39.062
3058	37.594
3059	39.375
3060	39.75
3061	38.297
3062	39.359
3063	38.469
3064	39.656
3065	38.734
3066	38.859
3067	39.281
3068	38.562
3069	39.922
3070	38.984
3071	37.781
3072	38.188
3073	38.547
3074	38.625
3075	37.562
3076	38.844
3077	38.906
3078	38.297
3079	38
3080	38.219
3081	39.141
3082	38.375
3083	39.609
3084	42.516
3085	44.031
3086	46.562
3087	48.031
3088	50.469
3089	52.328
3090	54.109
3091	54.469
3092	54.172
3093	54.156
3094	56.812
3095	55.047
3096	56.797
3097	56.688
3098	56.297
3099	57.625
3100	57.578
3101	54.797
3102	55.594
3103	56.156
3104	54.344
3105	54.906
3106	54.062
3107	52.891
3108	52.938
3109	52.547
3110	51.344
3111	51.609
3112	51.703
3113	51.453
3114	49.672
3115	50.766
3116	50.25
3117	49.938
3118	49.781
3119	49.328
3120	48.641
3121	48.094
3122	48.078
3123	48.453
3124	48.188
3125	47.484
3126	47.922
3127	47.516
3128	46.953
3129	47.469
3130	46.953
3131	46.75
3132	46.266
3133	46.188
3134	46.672
3135	45.156
3136	46.703
3137	45.062
3138	45.266
3139	46.469
3140	45.016
3141	44.531
3142	44.531
3143	44.719
3144	45.359
3145	43.969
3146	45.5
3147	43.891
3148	44.312
3149	44.578
3150	43.234
3151	44.453
3152	42.719
3153	43.172
3154	43.672
3155	42.922
3156	42.969
3157	43.547
3158	43.703
3159	44.297
3160	44.219
3161	43.594
3162	42.719
3163	42.5
3164	42.812
3165	43.188
3166	42.578
3167	43.016
3168	43.234
3169	43.078
3170	42.453
3171	42.516
3172	43.547
3173	42.578
3174	42.953
3175	41.828
3176	41.484
3177	42.297
3178	42
3179	41.219
3180	41.891
3181	42.109
3182	41.859
3183	41.484
3184	41.156
3185	42.047
3186	42.078
3187	42.234
3188	41.234
3189	41.953
3190	41.5
3191	41.031
3192	40.625
3193	42.5
3194	40.781
3195	40.688
3196	41.016
3197	41.078
3198	40.328
3199	41.75
3200	40.234
3201	40.797
3202	41.438
3203	41.094
3204	40.797
3205	40.859
3206	41.891
3207	40.531
3208	41.094
3209	42.031
3210	42.125
3211	41.188
3212	40.406
3213	41.578
3214	39.547
3215	41.062
3216	40.312
3217	41.094
3218	40.078
3219	40.969
3220	39.25
3221	40.453
3222	39.828
3223	40.766
3224	40.062
3225	40.047
3226	41.391
3227	42.672
3228	44.953
3229	47.422
3230	49.781
3231	52.062
3232	52.422
3233	54.438
3234	54.047
3235	56.156
3236	56.609
3237	56.625
3238	55.281
3239	56.141
3240	56.203
3241	56.859
3242	56.547
3243	55.547
3244	55.031
3245	56.234
3246	55.719
3247	55.734
3248	55.516
3249	56.172
3250	56.094
3251	57.062
3252	57.953
3253	55.656
3254	55.875
3255	55.75
3256	55.703
3257	55.234
3258	54.328
3259	54.312
3260	53.234
3261	52.156
3262	52.859
3263	51.938
3264	51.453
3265	52.5
3266	53.875
3267	51.109
3268	51.969
3269	49.781
3270	50.797
3271	50.219
3272	49.141
3273	49.828
3274	49.219
3275	48.906
3276	48.438
3277	49.812
3278	49.453
3279	48.359
3280	48.359
3281	48.109
3282	48.969
3283	49.109
3284	48.688
3285	49.891
3286	47.016
3287	49.109
3288	49.016
3289	48.016
3290	47.641
3291	48.672
3292	46.922
3293	47.578
3294	48.188
3295	48.078
3296	48.531
3297	47.328
3298	46.953
3299	47.641
3300	47.25
3301	47.266
3302	46.859
3303	47.016
3304	46.797
3305	46.656
3306	46.547
3307	46.891
3308	45.344
3309	45.516
3310	46.656
3311	45.5
3312	46.031
3313	48.047
3314	44.953
3315	45.625
3316	46.031
3317	45.297
3318	45.391
3319	44.891
3320	45.5
3321	46.812
3322	44.609
3323	45.016
3324	44.094
3325	45.578
3326	44.438
3327	44.656
3328	44.203
3329	44.484
3330	44.688
3331	44.625
3332	43.828
3333	44.828
3334	44.188
3335	43.969
3336	42.859
3337	44.156
3338	42.984
3339	43.484
3340	43.797
3341	43.625
3342	43.016
3343	42.547
3344	43.969
3345	42.641
3346	43.359
3347	43.938
3348	44.109
3349	43.047
3350	41.844
3351	42.438
3352	41.688
3353	42.953
3354	42.188
3355	42.641
3356	42.719
3357	43.078
3358	41.609
3359	43.047
3360	43.328
3361	42.406
3362	41.672
3363	42.234
3364	42.453
3365	41.375
3366	41.156
3367	41.625
3368	41.375
3369	41.891
3370	41.266
3371	41.359
3372	40.156
3373	41.047
3374	40.188
3375	41.844
3376	40.766
3377	41.203
3378	41
3379	41.609
3380	40.016
3381	40.266
3382	40.359
3383	40.938
3384	39.703
3385	40.547
3386	40.547
3387	40.031
3388	40.641
3389	39.141
3390	40.547
3391	40.047
3392	41.203
3393	40.391
3394	39.453
3395	39.828
3396	39.078
3397	40.734
3398	39.922
3399	40.688
3400	40.312
3401	40.625
3402	39.984
3403	39.938
3404	39.328
3405	38.641
3406	39.156
3407	39.812
3408	39.281
3409	39.703
3410	38.281
3411	38.828
3412	39.641
3413	40.484
3414	38.594
3415	39.062
3416	37.328
3417	39.047
3418	40.328
3419	38.172
3420	38.984
3421	39.562
3422	39.062
3423	40.297
3424	39.438
3425	39.625
3426	39.297
3427	39.562
3428	38.359
3429	39.344
3430	38.625
3431	39.281
3432	37.969
3433	39.188
3434	38.766
3435	38.672
3436	37.688
3437	39.031
3438	37.547
3439	38.188
3440	38.625
3441	39.156
3442	39.219
3443	38.234
3444	39.625
3445	38.875
3446	38.125
3447	38.031
3448	37.938
3449	39.609
3450	37.094
3451	38.812
3452	37.547
3453	38.047
3454	37.484
3455	39.531
3456	38.531
3457	38.734
3458	38.047
3459	38.266
3460	37.5
3461	37.859
3462	38.953
3463	37.578
3464	37.797
3465	39.219
3466	38.547
3467	36.797
3468	38.031
3469	37.656
3470	37.281
3471	37.844
3472	37.844
3473	38.125
3474	37.719
3475	37.547
3476	37.703
3477	37.812
3478	37.172
3479	37.031
3480	38.453
3481	38.344
3482	38.062
3483	36.984
3484	37.656
3485	38.531
3486	37.469
3487	37
3488	37.547
3489	38.75
3490	37.953
3491	37.938
3492	38
3493	37.094
3494	36.656
3495	36.75
3496	37.469
3497	36.844
3498	37.891
3499	36.266
3500	38.453
3501	38.297
3502	37.938
3503	36.141
3504	37.562
3505	37.844
3506	36.531
3507	37.812
3508	38.047
3509	36.562
3510	36.922
3511	36.547
3512	36.156
3513	37.109
3514	36.953
3515	37.312
3516	37.469
3517	37.625
3518	37.438
3519	37.859
3520	37.531
3521	37.969
3522	37.109
3523	37.016
3524	37.125
3525	36.562
3526	36.156
3527	37.125
3528	36.625
3529	36.719
3530	36.016
3531	37
3532	36.969
3533	37.312
3534	35.297
3535	36.5
3536	37.609
3537	38.188
3538	36.188
3539	37.672
3540	36.688
3541	37.422
3542	35.953
3543	38.172
3544	38.156
3545	37.062
3546	36.906
3547	36.844
3548	37.016
3549	37.328
3550	37.266
3551	36.734
3552	37.531
3553	36.922
3554	36.594
3555	37.672
3556	36.781
3557	36.281
3558	37.484
3559	37.125
3560	36.297
3561	38.156
3562	36.094
3563	37.375
3564	37.266
3565	37.375
3566	37.219
3567	37.328
3568	36.938
3569	36.344
3570	37.266
3571	36.438
3572	37
3573	40.062
3574	41.125
3575	43.656
3576	46.609
3577	47.828
3578	47.797
3579	49.734
3580	50.297
3581	52.531
3582	53.797
3583	54.391
3584	53.344
3585	54.609
3586	54.641
3587	53.562
3588	54.109
3589	55.438
3590	53.844
3591	53.703
3592	54
3593	55.172
3594	52.219
3595	53.719
3596	53.891
3597	54
3598	52.75
3599	52.812
3600	51.812
3601	52.203
3602	52.109
3603	52.438
3604	50.844
3605	51.094
3606	50.891
3607	51.953
3608	53.328
3609	53.672
3610	53.609
3611	53.703
3612	55.172
3613	55.297
3614	55.344
3615	55.984
3616	55.609
3617	56.297
3618	54.047
3619	55.703
3620	55.484
3621	53.422
3622	53.688
3623	53.5
3624	51.609
3625	51.672
3626	50.969
3627	51.672
3628	51.188
3629	50.172
3630	50.266
3631	49.797
3632	49.922
3633	50.906
3634	49.203
3635	49.672
3636	49.406
3637	48.375
3638	48.938
3639	48.906
3640	48.344
3641	48.359
3642	47.984
3643	48.031
3644	48.797
3645	46.984
3646	46.781
3647	47.203
3648	47.297
3649	46.578
3650	46.25
3651	46.906
3652	45.828
3653	46.266
3654	46.5
3655	45.406
3656	44.984
3657	44.688
3658	44.859
3659	44.938
3660	44.188
3661	46.109
3662	44.172
3663	44.516
3664	43.703
3665	44.016
3666	45.375
3667	44.25
3668	44.781
3669	44.484
3670	44.219
3671	43.922
3672	44.859
3673	44.812
3674	43.703
3675	44.562
3676	43.719
3677	44.281
3678	42.859
3679	43.328
3680	43.891
3681	43.422
3682	42.875
3683	43.844
3684	42.453
3685	43
3686	41.641
3687	42.219
3688	42.453
3689	43.406
3690	42.641
3691	43.297
3692	42
3693	43.219
3694	41.094
3695	43.125
3696	42.844
3697	42.141
3698	43.25
3699	42.594
3700	41.984
3701	42.781
3702	43.328
3703	41.328
3704	40.734
3705	41.703
3706	42.156
3707	41.953
3708	41.891
3709	40.859
3710	41.719
3711	41.5
3712	42.266
3713	40.484
3714	40.672
3715	41.469
3716	40.078
3717	41.25
3718	41.391
3719	41.156
3720	41.781
3721	41.016
3722	40.125
3723	39.906
3724	40
3725	40.922
3726	41.391
3727	40.75
3728	41.422
3729	40.5
3730	39.422
3731	40.469
3732	39
3733	40.297
3734	39.922
3735	40.797
3736	40.266
3737	40.609
3738	39.5
3739	39.984
3740	38.469
3741	39.766
3742	39.328
3743	39.297
3744	39.625
3745	39.297
3746	39.906
3747	40
3748	38.562
3749	38.984
3750	39.922
3751	39.734
3752	38.953
3753	39.141
3754	38.828
3755	39.25
3756	38.875
3757	39.391
3758	39.516
3759	38.719
3760	38.266
3761	39.453
3762	38.859
3763	39.188
3764	38.281
3765	38.203
3766	37.031
3767	36.922
3768	39.391
3769	38.266
3770	38.094
3771	36.953
3772	39.188
3773	37.984
3774	38.984
3775	37.75
3776	37.859
3777	38.672
3778	36.984
3779	39.25
3780	38.438
3781	38.703
3782	37.172
3783	37.25
3784	37.562
3785	36.734
3786	38.609
3787	37.719
3788	37.594
3789	36.766
3790	38.141
3791	38.578
3792	38.516
3793	38.547
3794	37.672
3795	38.016
3796	37.047
3797	37.094
3798	38.578
3799	37.688
3800	37.875
3801	38.219
3802	38.391
3803	38.578
3804	37.297
3805	36.984
3806	36.844
3807	37.812
3808	38.297
3809	37.625
3810	37.797
3811	38.641
3812	37.969
3813	38.703
3814	37.344
3815	37.938
3816	38.266
3817	37.672
3818	37.781
3819	38.031
3820	37.281
3821	36.312
3822	35.703
3823	36.625
3824	37.781
3825	37.641
3826	37.812
3827	36.688
3828	37.766
3829	37.125
3830	37
3831	37.547
3832	37.219
3833	38.062
3834	37.484
3835	37.188
3836	37.344
3837	37.281
3838	36.422
3839	36.531
3840	36.766
3841	37.734
3842	36.188
3843	37.031
3844	37.203
3845	37.297
3846	37.516
3847	36.891
3848	36.969
3849	36.828
3850	36.312
3851	37.156
3852	37.047
3853	37.875
3854	37.047
3855	37.469
3856	37.625
3857	36.531
3858	37.734
3859	36.641
3860	37.438
3861	35.984
3862	36.891
3863	36.875
3864	37.016
3865	37.312
3866	36.281
3867	37.219
3868	37.391
3869	36.078
3870	36.594
3871	36.859
3872	36.406
3873	38.109
3874	36.531
3875	36.938
3876	36.219
3877	37.516
3878	37.766
3879	37.672
3880	36.125
3881	36.234
3882	37.219
3883	36.719
3884	37.938
3885	37.078
3886	36.547
3887	37.094
3888	37.094
3889	37.594
3890	36.391
3891	36.297
3892	36.734
3893	36.891
3894	35.594
3895	35.688
3896	37.922
3897	36.828
3898	35.719
3899	37.031
3900	36.531
3901	36.859
3902	36.531
3903	37.375
3904	36.125
3905	36.594
3906	35.516
3907	36.609
3908	35.547
3909	37.219
3910	36.328
3911	37.375
3912	35.5
3913	35.812
3914	36.125
3915	36.312
3916	37.297
3917	36.75
3918	36.25
3919	39.219
3920	40.578
3921	43.125
3922	43.859
3923	46.953
3924	47.453
3925	47.984
3926	49.859
3927	50.047
3928	51.219
3929	52.781
3930	52.469
3931	53.812
3932	54.641
3933	52.938
3934	53.188
3935	53.078
3936	52.406
3937	53.25
3938	53.062
3939	52.609
3940	51.766
3941	49.891
3942	51.375
3943	50.906
3944	49.266
3945	49.656
3946	49.359
3947	49.609
3948	47.938
3949	48.312
3950	48.891
3951	47.562
3952	47.375
3953	47.156
3954	46.25
3955	47.562
3956	47.203
3957	45.812
3958	47.312
3959	45.156
3960	45.797
3961	45.844
3962	45.172
3963	45.719
3964	44.297
3965	45.75
3966	44.203
3967	44.562
3968	42.828
3969	43.688
3970	44.234
3971	44.375
3972	43.969
3973	43.453
3974	42.766
3975	43.219
3976	42.859
3977	43.516
3978	43.766
3979	43.594
3980	43.062
3981	42.625
3982	42.469
3983	42.734
3984	42.141
3985	42.812
3986	40.734
3987	42.172
3988	42.25
3989	41.734
3990	40.594
3991	41.234
3992	41.078
3993	41.578
3994	41.812
3995	40.391
3996	40.312
3997	41.656
3998	41.859
3999	41.594
4000	40.344
4001	40.391
4002	40.234
4003	41.234
4004	39.203
4005	40.906
4006	40.047
4007	40.703
4008	39.312
4009	38.859
4010	40.375
4011	39.906
4012	40.422
4013	40.125
4014	39.484
4015	39.109
4016	39.297
4017	39.906
4018	38.688
4019	40.703
4020	39.875
4021	39.297
4022	38.5
4023	39.281
4024	39.703
4025	40.156
4026	37.906
4027	38.703
4028	38.375
4029	40.141
4030	39.203
4031	40
4032	38.156
4033	40.484
4034	38.344
4035	39.438
4036	38.328
4037	38.156
4038	39.125
4039	37.391
4040	37.875
4041	37.922
4042	38.891
4043	39.516
4044	36.469
4045	37.891
4046	37.734
4047	38.234
4048	37.766
4049	39.672
4050	37.875
4051	38
4052	37.922
4053	38.5
4054	38.453
4055	38.516
4056	37.625
4057	38.25
4058	38.859
4059	38.25
4060	37.594
4061	38.172
4062	38.234
4063	37.438
4064	37.125
4065	37.172
4066	38.266
4067	39.188
4068	36.625
4069	37.328
4070	37.453
4071	38.281
4072	38.141
4073	38.578
4074	36.703
4075	37.438
4076	36.688
4077	37.531
4078	37.234
4079	37.156
4080	37.438
4081	37.969
4082	36.547
4083	37.156
4084	36.875
4085	36.844
4086	36.922
4087	37.469
4088	36.797
4089	37.75
4090	36.312
4091	36.141
4092	37.469
4093	36.641
4094	36.828
4095	36.859
4096	36.641
4097	38.234
4098	36.734
4099	37.297
4100	36.781
4101	36.969
4102	36.688
4103	37.016
4104	37.125
4105	37.234
4106	38
4107	37.375
4108	37.109
4109	36.484
4110	37.391
4111	37.625
4112	36.75
4113	37.984
4114	37.688
4115	37.031
4116	36.25
4117	38.906
4118	36.125
4119	37.5
4120	35.891
4121	37.234
4122	36.984
4123	37.172
4124	37.344
4125	37.547
4126	37.062
4127	37.312
4128	37.172
4129	37.781
4130	36.141
4131	37.844
4132	36.719
4133	37.703
4134	37.125
4135	36.969
4136	36.516
4137	36.453
4138	37.109
4139	36.875
4140	36.438
4141	36.406
4142	35.922
4143	36.156
4144	36.203
4145	36.922
4146	36.625
4147	36.875
4148	36.406
4149	36.172
4150	35.375
4151	35.188
4152	36.328
4153	36.125
4154	37.047
4155	37.125
4156	36.953
4157	36.828
4158	36.109
4159	35.688
4160	35.562
4161	37.453
4162	36.734
4163	35.547
4164	35.656
4165	36.609
4166	35.734
4167	36.875
4168	36.828
4169	36.656
4170	36.062
4171	36.469
4172	35.812
4173	36.406
4174	36.688
4175	36.203
4176	35.5
4177	36.047
4178	36.156
4179	35.859
4180	36.547
4181	35.406
4182	35.75
4183	35.859
4184	36.25
4185	35.234
4186	35.719
4187	36.703
4188	35.406
4189	36.391
4190	37.438
4191	36.484
4192	35.672
4193	35.422
4194	35.516
4195	36.047
4196	35.531
4197	36.406
4198	36.125
4199	35.297
4200	36.594
4201	35.781
4202	35.594
4203	37.031
4204	34.719
4205	34.797
4206	36.031
4207	35.922
4208	35.109
4209	35.641
4210	35.734
4211	35.109
4212	36.312
4213	36.703
4214	34.828
4215	35.828
4216	35.344
4217	34.859
4218	35.766
4219	36.094
4220	35.703
4221	34.797
4222	36.344
4223	35.656
4224	35.344
4225	35.734
4226	35.344
4227	35.719
4228	36.391
4229	36.125
4230	36.047
4231	36.031
4232	35.312
4233	35.625
4234	34.828
4235	35.703
4236	36.641
4237	35.203
4238	35.781
4239	35.359
4240	35.672
4241	35.047
4242	36.078
4243	37.312
4244	35.391
4245	35.75
4246	35.938
4247	38.188
4248	34.781
4249	36.672
4250	35.672
4251	36.125
4252	35.156
4253	36.688
4254	35.719
4255	35.906
4256	34.938
4257	36.406
4258	36.312
4259	36.328
4260	35.266
4261	37.031
4262	35.266
4263	36.109
4264	35.375
4265	37.953
4266	39.312
4267	42.203
4268	44.344
4269	46.125
4270	45.828
4271	49.688
4272	49.094
4273	51.031
4274	51.969
4275	51.062
4276	52.609
4277	52.312
4278	51.891
4279	51.703
4280	54.094
4281	52.75
4282	52.578
4283	53.438
4284	52.797
4285	53.047
4286	52.047
4287	52.359
4288	51.875
4289	52.766
4290	51.406
4291	51.297
4292	51.297
4293	51.469
4294	49.844
4295	49.719
4296	49.141
4297	49.5
4298	48.219
4299	49.25
4300	48.047
4301	47.812
4302	47.344
4303	45.891
4304	47.344
4305	47.484
4306	45.859
4307	46.094
4308	45.453
4309	46.391
4310	44.234
4311	45.922
4312	45.266
4313	44.797
4314	44.328
4315	44.875
4316	43.469
4317	44.234
4318	44.141
4319	43.906
4320	43.438
4321	43.297
4322	42.469
4323	43.719
4324	42.922
4325	43.016
4326	43.25
4327	43.672
4328	42.547
4329	43.281
4330	42.578
4331	43.672
4332	41.062
4333	41.219
4334	40.297
4335	42.062
4336	42.531
4337	42.688
4338	41.781
4339	40.031
4340	40.703
4341	41.016
4342	41.672
4343	40.656
4344	41.5
4345	40.906
4346	40.297
4347	41.047
4348	40.297
4349	40.938
4350	41.156
4351	40.781
4352	40.359
4353	41.047
4354	39.75
4355	41.188
4356	39.578
4357	39.125
4358	40.453
4359	40.547
4360	39.453
4361	41.203
4362	39.562
4363	40.078
4364	38.859
4365	39.797
4366	40.156
4367	39.812
4368	40.328
4369	38.672
4370	39.469
4371	39.047
4372	37.766
4373	39.531
4374	39.531
4375	37.984
4376	38.141
4377	37.891
4378	38.125
4379	39.219
4380	37.875
4381	39.328
4382	37.938
4383	39.375
4384	37.922
4385	38.578
4386	38.234
4387	38.75
4388	37.266
4389	37.547
4390	39.141
4391	37.453
4392	37.703
4393	37.75
4394	37.141
4395	37.766
4396	36.891
4397	38.781
4398	36.844
4399	38.047
4400	37.688
4401	38.062
4402	37.719
4403	37.359
4404	37.734
4405	37.047
4406	37.219
4407	37.047
4408	36.047
4409	36.859
4410	37.719
4411	36.922
4412	37.281
4413	37.578
4414	36.734
4415	37.344
4416	36.047
4417	36.781
4418	37.062
4419	36.609
4420	37.766
4421	36.812
4422	36.719
4423	37.109
4424	37.234
4425	36.422
4426	37.375
4427	37.344
4428	36.531
4429	36.75
4430	36.656
4431	36.875
4432	37.359
4433	36.922
4434	36.281
4435	36.828
4436	37.5
4437	36.703
4438	36.844
4439	37.453
4440	36.781
4441	36.391
4442	37.406
4443	37.406
4444	35.922
4445	36.266
4446	36.859
4447	36.781
4448	36.031
4449	36.312
4450	36.047
4451	37.016
4452	36.344
4453	37.75
4454	36.016
4455	35.234
4456	37.219
4457	36.562
4458	36.547
4459	36.125
4460	36.203
4461	37.188
4462	36.172
4463	36.922
4464	35.719
4465	35.875
4466	37.062
4467	36.234
4468	36.734
4469	37.078
4470	36.922
4471	35.703
4472	35.109
4473	35.438
4474	35.906
4475	36.141
4476	35.547
4477	36.375
4478	35.219
4479	36.188
4480	35.844
4481	36.203
4482	35.578
4483	36.484
4484	36.656
4485	35.625
4486	35.641
4487	35.484
4488	37.328
4489	35.906
4490	35.938
4491	36.25
4492	36.234
4493	37.25
4494	35.438
4495	37.188
4496	35.859
4497	35.562
4498	35.234
4499	35.266
4500	35
4501	35.828
4502	36.969
4503	36.5
4504	36.031
4505	36.109
4506	34.25
4507	35.188
4508	36.359
4509	36.969
4510	36.031
4511	35.828
4512	35.703
4513	36.156
4514	35.547
4515	35.172
4516	35.234
4517	35
4518	35.047
4519	36.172
4520	35.797
4521	35.859
4522	34.859
4523	35.75
4524	34.531
4525	36.266
4526	36.062
4527	35.734
4528	34.938
4529	35.891
4530	36.562
4531	35.938
4532	36.234
4533	35.188
4534	35.172
4535	36.016
4536	35.484
4537	35.562
4538	36.219
4539	35.188
4540	36.328
4541	34.828
4542	36.172
4543	36.094
4544	36.031
4545	37.078
4546	36.141
4547	35.969
4548	35.125
4549	35.062
4550	34.578
4551	36.25
4552	36.344
4553	35.094
4554	35.719
4555	35.828
4556	34.422
4557	34.875
4558	36.406
4559	34.953
4560	36.344
4561	34.453
4562	36.141
4563	35.766
4564	36.094
4565	36.219
4566	35.516
4567	35.188
4568	34.797
4569	35.641
4570	35.828
4571	36.609
4572	35.938
4573	35.188
4574	35.516
4575	36.375
4576	35.344
4577	35.906
4578	34.922
4579	36.531
4580	35.359
4581	35.125
4582	35.516
4583	36.188
4584	35.984
4585	36.078
4586	35.375
4587	36.203
4588	35.875
4589	35.531
4590	34.766
4591	35.141
4592	34.969
4593	35.781
4594	35.125
4595	35.016
4596	35.781
4597	35.312
4598	35.828
4599	35.578
4600	35.391
4601	34.781
4602	34.938
4603	35.391
4604	34.812
4605	35.656
4606	34.688
4607	35.047
4608	35.219
4609	35.562
4610	35.344
4611	35.672
4612	37.734
4613	39.75
4614	42.438
4615	43.969
4616	46.938
4617	47.344
4618	47.906
4619	48.75
4620	49.438
4621	51.016
4622	50.656
4623	51.234
4624	50.484
4625	52.281
4626	52.578
4627	50.953
4628	52.969
4629	51.375
4630	53.328
4631	52.016
4632	51.328
4633	51.422
4634	50.125
4635	49.172
4636	49.156
4637	50.656
4638	49.281
4639	49.531
4640	49.891
4641	48.812
4642	48.531
4643	48.594
4644	48.016
4645	48.359
4646	46.984
4647	46.359
4648	46.016
4649	46.031
4650	46.781
4651	46.609
4652	45.391
4653	46.297
4654	45.516
4655	45.891
4656	44.172
4657	44.812
4658	42.984
4659	44.266
4660	43.969
4661	44.516
4662	44.844
4663	44.875
4664	43.672
4665	43.25
4666	42.109
4667	43.797
4668	43.031
4669	41.594
4670	41.438
4671	42.797
4672	42.703
4673	42.609
4674	41.812
4675	41.844
4676	41.562
4677	42.594
4678	41.328
4679	42.281
4680	40.875
4681	42.531
4682	42.75
4683	40.516
4684	40.375
4685	40.156
4686	40.438
4687	41.406
4688	40.859
4689	40.875
4690	40.406
4691	40.156
4692	39.766
4693	40.719
4694	39.719
4695	40.219
4696	40.5
4697	39.688
4698	39.375
4699	39.922
4700	39.062
4701	40
4702	40.266
4703	39.484
4704	40.609
4705	39.188
4706	39.094
4707	39.422
4708	39.141
4709	38.797
4710	39.516
4711	39.578
4712	40.25
4713	38
4714	39.094
4715	39.141
4716	38.188
4717	37.672
4718	38.469
4719	39
4720	38.656
4721	38.141
4722	37.406
4723	39.266
4724	38.766
4725	37.578
4726	38.562
4727	38.156
4728	37.641
4729	39.188
4730	37.078
4731	38
4732	36.656
4733	36.906
4734	37.797
4735	38.578
4736	36.734
4737	37.688
4738	37.516
4739	38.125
4740	36.953
4741	36.781
4742	37.281
4743	36.688
4744	37.438
4745	37.797
4746	37.906
4747	37.016
4748	37.656
4749	37.297
4750	37.781
4751	36.016
4752	36.891
4753	37.438
4754	36.875
4755	37.375
4756	37.375
4757	37.984
4758	37.484
4759	37.141
4760	36.906
4761	37.625
4762	36.672
4763	36.812
4764	37.781
4765	37.656
4766	36.5
4767	36.953
4768	36.094
4769	37.453
4770	36.922
4771	37.578
4772	36.234
4773	36.625
4774	36.609
4775	37.734
4776	37.188
4777	36.203
4778	37.125
4779	35.875
4780	37.203
4781	35.328
4782	36.891
4783	35.938
4784	36.109
4785	36.625
4786	35.438
4787	36.812
4788	35.906
4789	36.047
4790	36.641
4791	36.031
4792	36.109
4793	36.562
4794	35.797
4795	34.828
4796	36
4797	36.172
4798	35.688
4799	36.438
4800	36.031
4801	36.594
4802	35.562
4803	36.406
4804	36.547
4805	35.641
4806	35.703
4807	36.797
4808	36.359
4809	37.219
4810	35.781
4811	35.438
4812	36.031
4813	36.578
4814	34.703
4815	36.781
4816	36.109
4817	35.844
4818	36.375
4819	37
4820	36.219
4821	35.562
4822	35.703
4823	35.609
4824	36.031
4825	34.875
4826	35.672
4827	36.062
4828	36.484
4829	35.453
4830	35.625
4831	34.859
4832	35.5
4833	36.172
4834	36.016
4835	36.109
4836	35.734
4837	36.828
4838	35.75
4839	36.906
4840	36.578
4841	35.672
4842	36.156
4843	35.703
4844	34.797
4845	37.016
4846	35.797
4847	35.953
4848	35.172
4849	35.922
4850	35.609
4851	36.609
4852	34.844
4853	36.672
4854	36.438
4855	35.547
4856	35.734
4857	35.516
4858	35.531
4859	35.438
4860	34.188
4861	36
4862	35.203
4863	35.438
4864	35.766
4865	35.906
4866	35.5
4867	35.406
4868	35.5
4869	36.172
4870	36.516
4871	35.469
4872	36
4873	35.469
4874	36.125
4875	36.031
4876	34.547
4877	36.391
4878	35.266
4879	35.391
4880	35.484
4881	35.484
4882	34.906
4883	36.844
4884	34.641
4885	36.312
4886	35.125
4887	35.562
4888	35.594
4889	35.547
4890	35.734
4891	34.281
4892	35.828
4893	36.453
4894	35.797
4895	35.594
4896	34.859
4897	34.938
4898	34.984
4899	34.922
4900	35.219
4901	35.469
4902	35.969
4903	34.578
4904	35.578
4905	34.859
4906	35.531
4907	35.031
4908	35.703
4909	35.047
4910	33.938
4911	35
4912	34.5
4913	35.828
4914	34.906
4915	34.469
4916	34.953
4917	35.609
4918	34.453
4919	35.828
4920	35.344
4921	35.531
4922	35.109
4923	35.406
4924	35.359
4925	34.438
4926	35.328
4927	34.406
4928	34.406
4929	34.406
4930	35.531
4931	35.125
4932	34.312
4933	35.906
4934	35.203
4935	35.656
4936	35.359
4937	34.594
4938	35.594
4939	36.188
4940	35.625
4941	35.734
4942	34.766
4943	35
4944	35.469
4945	35.828
4946	35.031
4947	35.391
4948	35.312
4949	35.375
4950	34.953
4951	35
4952	36.016
4953	36.266
4954	35.266
4955	35.953
4956	35.047
4957	35.891
4958	38.25
4959	41.016
4960	42.703
4961	44.297
4962	45
4963	45.969
4964	47.125
4965	48.188
4966	49.234
4967	50.625
4968	48.938
4969	51.109
4970	49.531
4971	50.719
4972	51.422
4973	52.234
4974	50.812
4975	51.328
4976	50.344
4977	49.062
4978	49.969
4979	50.297
4980	49.25
4981	50.75
4982	49.75
4983	49.562
4984	50.031
4985	50.703
4986	50.562
4987	50.453
4988	51.578
4989	50.391
4990	50.438
4991	49.359
4992	50.656
4993	49.359
4994	48.125
4995	48.281
4996	49.453
4997	48.062
4998	46.953
4999	47.625
5000	46.172
5001	47.516
5002	47.812
5003	47.547
5004	45.859
5005	46.719
5006	46.594
5007	45.266
5008	46
5009	43.969
5010	45.75
5011	44.484
5012	43.516
5013	43.812
5014	44.469
5015	43.844
5016	43.906
5017	44.203
5018	42.359
5019	44.062
5020	43.562
5021	43.109
5022	42.391
5023	43.109
5024	42.906
5025	43.859
5026	43.344
5027	42.984
5028	42.281
5029	43.375
5030	42.984
5031	43.047
5032	41.719
5033	42.375
5034	41.766
5035	41.047
5036	42.109
5037	41.859
5038	40.922
5039	40.906
5040	40.859
5041	40.312
5042	40.953
5043	41.328
5044	42.094
5045	41.672
5046	40.266
5047	40.844
5048	40.422
5049	40.531
5050	39.891
5051	41.547
5052	40.172
5053	40.266
5054	40.281
5055	40.625
5056	40.438
5057	39.484
5058	40.031
5059	39.734
5060	40.547
5061	40.797
5062	38.609
5063	39.297
5064	40.438
5065	39.938
5066	38.172
5067	38.453
5068	38.391
5069	38.703
5070	38.234
5071	40
5072	38.781
5073	39.078
5074	38.766
5075	37.562
5076	38.531
5077	38.734
5078	38.266
5079	37.938
5080	37.938
5081	39.078
5082	37.672
5083	37.781
5084	37.766
5085	36.531
5086	37.234
5087	36.312
5088	38.5
5089	38.516
5090	37.547
5091	37.844
5092	36.703
5093	38.031
5094	37.594
5095	38.281
5096	37.75
5097	37.406
5098	37.891
5099	38.734
5100	38.047
5101	37.188
5102	36.031
5103	37.734
5104	37.234
5105	37.406
5106	36.719
5107	36.922
5108	37.469
5109	37.266
5110	36.047
5111	37.547
5112	37.828
5113	36.531
5114	37.344
5115	38.109
5116	38.203
5117	37.328
5118	37.203
5119	37.484
5120	37.109
5121	36.391
5122	35.922
5123	35.797
5124	37.938
5125	37.219
5126	37.047
5127	37.188
5128	36.094
5129	36.531
5130	36.234
5131	37.047
5132	36.688
5133	36.578
5134	36.797
5135	36.75
5136	34.875
5137	36.406
5138	36.25
5139	35.625
5140	35.5
5141	36.5
5142	35.812
5143	36.109
5144	35.875
5145	36.047
5146	35.75
5147	37.5
5148	35.453
5149	36.297
5150	36.531
5151	36.656
5152	36.031
5153	36.406
5154	36.641
5155	37.516
5156	36.438
5157	35.281
5158	35.656
5159	35.859
5160	35.938
5161	35.609
5162	35.891
5163	36.281
5164	34.906
5165	34.906
5166	36.141
5167	35.938
5168	36.172
5169	35.453
5170	34.734
5171	35.953
5172	35.484
5173	36.391
5174	36.719
5175	37.016
5176	36.094
5177	35.828
5178	36.047
5179	36.797
5180	36.5
5181	36.625
5182	35.828
5183	36.359
5184	36.344
5185	36.969
5186	36.078
5187	36.469
5188	37.359
5189	37.141
5190	35.859
5191	36.078
5192	36.312
5193	35.922
5194	35.672
5195	35.797
5196	36.234
5197	37.359
5198	36.594
5199	36.562
5200	35.641
5201	35.938
5202	35.641
5203	35.844
5204	36.203
5205	35.891
5206	35.062
5207	36.469
5208	36.125
5209	36.734
5210	35.156
5211	35.906
5212	36.375
5213	36.766
5214	35.578
5215	36.016
5216	36.156
5217	35.703
5218	34.797
5219	34.891
5220	35.188
5221	35.719
5222	35.719
5223	37.172
5224	35.547
5225	36.562
5226	34.562
5227	36.344
5228	36.516
5229	37.031
5230	35.891
5231	34.531
5232	34.359
5233	35.172
5234	33.766
5235	35.812
5236	34.734
5237	35.406
5238	35.844
5239	35.422
	
