1	44.625
2	45.958
3	46.458
4	46.75
5	44.875
6	45.604
7	44.562
8	44.104
9	46.833
10	45.917
11	47.667
12	51.771
13	55.021
14	59.979
15	61.062
16	65.875
17	68.396
18	70.146
19	72.25
20	73.875
21	76.208
22	76.667
23	77.708
24	78.333
25	77.208
26	77.938
27	79.396
28	78.812
29	78.667
30	78.229
31	78.25
32	76.688
33	76.438
34	77.625
35	75.417
36	76.667
37	78.5
38	77.667
39	79.792
40	79.979
41	78.458
42	78.292
43	76.542
44	76.854
45	76.583
46	77.625
47	75.292
48	76.104
49	72.938
50	74.979
51	74.312
52	74.729
53	73.146
54	72.312
55	71.708
56	73.292
57	71.062
58	70.625
59	71.562
60	70.812
61	69.125
62	47.917
63	71.5
64	67.729
65	69.458
66	67.083
67	67.792
68	67.604
69	66.958
70	67.896
71	67.646
72	66.938
73	65.354
74	65.438
75	66.5
76	65.229
77	65.167
78	66.583
79	64.583
80	63.875
81	64.375
82	63.854
83	63.979
84	62.396
85	62.729
86	63.125
87	63.708
88	63.333
89	63.25
90	64.021
91	62.104
92	62.354
93	61
94	62.396
95	60.812
96	60.021
97	61.292
98	60.021
99	61.062
100	61.312
101	59.104
102	60.667
103	60.354
104	59.354
105	59.417
106	59.583
107	60.562
108	58.292
109	59.354
110	58.021
111	57.708
112	55.771
113	58.271
114	57.375
115	57.312
116	57.438
117	58.333
118	57.833
119	56.25
120	58.125
121	55.812
122	56.479
123	56.688
124	57
125	56.771
126	55.542
127	57.125
128	55.25
129	56.188
130	55.438
131	54.896
132	55.062
133	55.146
134	54.083
135	55.646
136	54
137	54.562
138	55.021
139	53.792
140	54.312
141	54.458
142	53.938
143	53.979
144	54.271
145	53.271
146	53.75
147	54.229
148	52.958
149	52.75
150	54.542
151	53.833
152	53.271
153	54.417
154	53.896
155	52.208
156	52.729
157	52.875
158	52.917
159	52.062
160	52.896
161	51.417
162	51.458
163	54.146
164	50.771
165	53.333
166	52.062
167	52.396
168	52.188
169	52.354
170	51.354
171	52.167
172	52.479
173	52.521
174	53
175	52.896
176	50.667
177	51.5
178	51.271
179	51.188
180	51.125
181	51.104
182	49.521
183	51.542
184	51.562
185	49.833
186	50.896
187	51.583
188	49.458
189	50.667
190	49.667
191	50.438
192	50.479
193	51.042
194	50.438
195	48.812
196	50.646
197	50.25
198	50.396
199	49.583
200	48.896
201	50.25
202	50.979
203	49.333
204	49.125
205	48.896
206	49.25
207	49.958
208	48.458
209	50.021
210	49
211	49.625
212	49.396
213	49.854
214	48.354
215	47.562
216	48.479
217	49.021
218	47.667
219	48.646
220	47.375
221	49.083
222	47.833
223	47.604
224	48.625
225	49.208
226	47.75
227	48.167
228	47.938
229	48.562
230	47.542
231	48.479
232	48.375
233	47.542
234	48.042
235	48.75
236	48.271
237	48.792
238	47.021
239	49.146
240	47.667
241	46.792
242	47
243	48.125
244	48.25
245	46.312
246	45.958
247	48.542
248	48.583
249	47.958
250	47.917
251	47.729
252	48.125
253	48.396
254	48.229
255	47.854
256	48.479
257	46.542
258	47.458
259	47.5
260	47.104
261	48.042
262	46.708
263	49.396
264	46.833
265	48.438
266	45.75
267	48.104
268	46.583
269	47.312
270	46.167
271	46.917
272	48.812
273	48.167
274	45.854
275	45.875
276	47.292
277	47.771
278	46.979
279	46.771
280	46.5
281	45.625
282	45.333
283	46.375
284	47.396
285	47
286	46.708
287	45.354
288	46.25
289	47.083
290	46.25
291	47.458
292	45.792
293	46.688
294	46.083
295	45.896
296	46.479
297	45.875
298	44.979
299	46.562
300	46.229
301	46.75
302	47.188
303	47.438
304	47.208
305	47.167
306	45.938
307	46.938
308	45.792
309	46.125
310	45
311	48.708
312	46
313	44.958
314	46.854
315	46.125
316	45.792
317	45.417
318	45.354
319	46.979
320	45.354
321	47.062
322	46.25
323	45.792
324	47.312
325	46.021
326	44.958
327	46.25
328	45.625
329	46
330	45
331	46.021
332	46.583
333	46.25
334	45.688
335	46.396
336	46.521
337	46.312
338	46.167
339	46.25
340	44.479
341	46.021
342	46.125
343	46
344	47.812
345	45.729
346	46.75
347	46.833
348	46.208
349	46.562
350	46.333
351	45.854
352	45.333
353	45.812
354	45.458
355	45.729
356	46
357	45.938
358	45.812
359	44.729
360	44.917
361	45.812
362	45.875
363	46.292
364	45.229
365	45.417
366	46.354
367	46.438
368	45.708
369	46.042
370	45.604
371	45.083
372	45.354
373	46.646
374	46.583
375	48.25
376	46.271
377	46.521
378	44.938
379	46.208
380	46.812
381	46.875
382	46.104
383	46.458
384	46.479
385	46.542
386	46.208
387	46.125
388	45.271
389	46.167
390	44.729
391	45.479
392	46.125
393	46.833
394	44.271
395	46.271
396	46.458
397	45.542
398	45.562
399	45.729
400	45.625
401	45.75
402	45.417
403	44.438
404	45
405	45.833
406	46.646
407	46.583
408	45.333
409	45.792
410	44.958
411	46.146
412	44.583
413	45.396
414	46.292
415	45.688
416	44.75
417	45.271
418	45.104
419	45.188
420	45.75
421	44.167
422	44.833
423	44.938
424	45.229
425	46.875
426	45.312
427	46
428	45.688
429	45.375
430	45.792
431	45.625
432	43.542
433	45.292
434	45.979
435	46.125
436	45.417
437	44.646
438	45.375
439	45.625
440	45.646
441	48.854
442	52.333
443	56.521
444	57.854
445	60.583
446	64.833
447	66.729
448	68.375
449	71.979
450	47.812
451	73.875
452	74.542
453	75.583
454	75.104
455	76.938
456	77.729
457	77.562
458	77.958
459	77.312
460	76.25
461	75.417
462	73.771
463	74.396
464	74.729
465	75.792
466	75.062
467	74.125
468	73.271
469	73.083
470	71.229
471	73.625
472	72.771
473	70.188
474	71.792
475	72.083
476	69.042
477	70.75
478	69.438
479	67.917
480	70.396
481	67.25
482	66.729
483	67.542
484	66.104
485	66.562
486	67.104
487	66.312
488	65.792
489	48.062
490	66.792
491	66.292
492	47.917
493	64.396
494	64.562
495	65.021
496	63.125
497	64.646
498	63.354
499	63.438
500	61.833
501	61.708
502	62.083
503	61.229
504	63
505	61.833
506	59.479
507	60.125
508	61.292
509	60.167
510	60.979
511	60.229
512	60.875
513	59.958
514	60.667
515	59.708
516	59.896
517	58.646
518	59.125
519	58.625
520	57.625
521	59.562
522	57.375
523	58.25
524	58.375
525	57.042
526	57.104
527	57.167
528	58.542
529	57.125
530	56.875
531	57.458
532	56.75
533	56.5
534	56.104
535	56.917
536	55.688
537	56.958
538	56.729
539	55.188
540	56.062
541	55.417
542	55.646
543	55.458
544	47.75
545	55.667
546	54.479
547	55.375
548	55.083
549	56.208
550	54.75
551	54.438
552	54.583
553	53.042
554	52.812
555	53.417
556	53.458
557	53.333
558	52.5
559	52.896
560	53.438
561	53.208
562	52.417
563	53.208
564	52.792
565	54.688
566	53.896
567	53.229
568	52.896
569	52.854
570	52.125
571	53
572	52.062
573	51.958
574	52.104
575	53.021
576	52.917
577	50.792
578	51.104
579	51.229
580	51.312
581	52
582	51.021
583	48.312
584	50.708
585	51.083
586	50.625
587	52.396
588	50.188
589	51.667
590	51.396
591	50.521
592	50.667
593	50
594	50.875
595	51.062
596	50.604
597	48.833
598	49.646
599	49.896
600	50.604
601	49.917
602	49.396
603	48.875
604	49.729
605	51.229
606	49.062
607	49.5
608	49.292
609	49.979
610	48.792
611	49.667
612	48.771
613	50.062
614	49.625
615	48.812
616	50.646
617	49.979
618	49.792
619	50.208
620	49.604
621	48.104
622	49.104
623	48.729
624	49.167
625	49.729
626	49.896
627	49.292
628	48.75
629	48.667
630	48.188
631	48.188
632	48.604
633	49.375
634	48.583
635	49.208
636	47.146
637	48.771
638	48.354
639	49.875
640	47.938
641	48
642	46.354
643	47.458
644	46.875
645	47.042
646	47.396
647	46.75
648	48.896
649	45.354
650	46.667
651	48.083
652	47.438
653	49.271
654	46.417
655	47.688
656	46.083
657	48.5
658	47.438
659	46.688
660	45.917
661	46.458
662	47.104
663	47.292
664	46.708
665	47
666	45.062
667	48.646
668	46.5
669	45.875
670	46.771
671	47.104
672	46.417
673	47.896
674	47.021
675	46.396
676	46.604
677	48.458
678	46.542
679	46.292
680	45.854
681	47.271
682	46.667
683	46.25
684	46.979
685	47.75
686	47.5
687	47.562
688	46.729
689	46.542
690	46.5
691	45.792
692	46.5
693	45.521
694	45.521
695	45.708
696	45.042
697	45.729
698	46.812
699	47.917
700	46.854
701	47.083
702	46.062
703	46.625
704	46.625
705	46.958
706	46.083
707	45.396
708	46.833
709	48
710	47.604
711	45.917
712	45.896
713	46.396
714	46.521
715	45.167
716	45.771
717	46.521
718	45.938
719	46.271
720	46.083
721	47.229
722	46.375
723	46.25
724	47.042
725	46.979
726	46.792
727	47
728	45.875
729	46.646
730	46.208
731	45.25
732	45.625
733	47.188
734	45.854
735	46.375
736	46.688
737	48.146
738	49.667
739	54.708
740	58.208
741	61.458
742	64.167
743	65.479
744	68.417
745	70.979
746	69.958
747	73.354
748	74.292
749	74.417
750	75.938
751	76.625
752	76.458
753	75.75
754	76.354
755	75.75
756	75.25
757	75.667
758	75.542
759	75.188
760	74.396
761	73.271
762	72.333
763	71.917
764	71.604
765	70.521
766	71.021
767	70.062
768	69.958
769	69.458
770	70.104
771	67.583
772	68
773	67.146
774	67.396
775	67.354
776	66.042
777	65.292
778	66.375
779	64.479
780	64.958
781	66.167
782	63.708
783	62.875
784	65.562
785	63.229
786	62.75
787	63.229
788	63.542
789	62.771
790	61.229
791	60.938
792	63.958
793	62.167
794	61.438
795	61.521
796	60.667
797	61.146
798	61.125
799	60.75
800	60.833
801	61.979
802	59.438
803	61.042
804	61.312
805	60.333
806	59.542
807	57.75
808	59.438
809	59.458
810	58.812
811	58.208
812	57.188
813	56.729
814	57.688
815	58.208
816	57.333
817	56.125
818	57.771
819	57.25
820	55.083
821	57.625
822	55.854
823	57.042
824	57.5
825	55.271
826	56.083
827	53.688
828	55.646
829	55.083
830	56
831	54.979
832	54.812
833	56.188
834	55.25
835	53.479
836	54.417
837	54.542
838	54.708
839	53.833
840	53.292
841	55.062
842	53.396
843	54.062
844	52.417
845	52.729
846	51.833
847	54.083
848	53.396
849	54.667
850	52.833
851	50.792
852	52.312
853	53.333
854	53.5
855	51.812
856	53.812
857	52.417
858	51.438
859	51.312
860	53.146
861	51.708
862	53.354
863	50.833
864	50.75
865	51.292
866	52.021
867	52.25
868	52.958
869	50.458
870	50.146
871	51
872	52.188
873	50.917
874	52.333
875	51.083
876	51.875
877	50.562
878	51.375
879	51
880	51.521
881	51.146
882	49.646
883	51.458
884	50.667
885	49.521
886	50.021
887	51.271
888	50.271
889	49.708
890	49.562
891	51.062
892	49.917
893	50.875
894	49.833
895	49.167
896	47.771
897	50.646
898	49.146
899	51.042
900	49.875
901	50.917
902	49.125
903	50.042
904	49.417
905	49.25
906	48.875
907	49.396
908	49.729
909	50.917
910	48.104
911	49.792
912	50.458
913	48.417
914	49.354
915	49.771
916	49.083
917	49.688
918	48.562
919	48.271
920	49.167
921	48.875
922	47.542
923	48.396
924	47.896
925	48.792
926	48.5
927	48.833
928	48.021
929	49.562
930	47.708
931	47.104
932	47.5
933	48.896
934	47.812
935	48.438
936	47.896
937	46.438
938	46.604
939	47.333
940	49.083
941	46.562
942	47.771
943	48.292
944	46.917
945	46.958
946	49.188
947	47.312
948	47.229
949	47.583
950	47.979
951	47.208
952	47.083
953	48.479
954	47.229
955	46.812
956	46.833
957	47
958	46.604
959	46.854
960	47.333
961	46.458
962	48.042
963	46.646
964	46.354
965	46.625
966	46.5
967	46.333
968	47.104
969	47.25
970	46.521
971	46.229
972	47.271
973	47.708
974	44.542
975	46.229
976	46.354
977	45.542
978	46.854
979	47.938
980	48.542
981	47.667
982	47.5
983	47.688
984	46.896
985	46.354
986	45.708
987	47.458
988	46.104
989	47.583
990	46.792
991	47.625
992	45.688
993	47.167
994	46.625
995	46.958
996	46.667
997	48.417
998	46.104
999	46.833
1000	47.812
1001	46.562
1002	46.083
1003	46.208
1004	46.417
1005	45.583
1006	45.25
1007	48.229
1008	46.438
1009	46
1010	45.479
1011	46.375
1012	46.104
1013	45.938
1014	46.271
1015	46.542
1016	46.604
1017	47.271
1018	45.646
1019	47.521
1020	45.542
1021	46.167
1022	46.375
1023	45.938
1024	45.625
1025	45.417
1026	46.354
1027	46.667
1028	45.188
1029	46.021
1030	46.167
1031	48.292
1032	45.542
1033	45.771
1034	46.354
1035	46.083
1036	45.667
1037	45.958
1038	44.833
1039	45.979
1040	45.854
1041	45.375
1042	45.167
1043	47.125
1044	46.938
1045	46.625
1046	46.25
1047	46.667
1048	46.312
1049	45.771
1050	45.312
1051	46.333
1052	45.979
1053	45.75
1054	47.417
1055	46.229
1056	45.312
1057	46.646
1058	45.479
1059	44.917
1060	46.833
1061	45.5
1062	46.521
1063	45.75
1064	46.125
1065	46.375
1066	45.917
1067	47.333
1068	46.833
1069	46.375
1070	46.458
1071	46.292
1072	47.458
1073	45.688
1074	45.667
1075	47.229
1076	46.688
1077	44.312
1078	47.062
1079	46.667
1080	46.167
1081	46.792
1082	46.417
1083	47.667
1084	46.083
1085	45.458
1086	45.958
1087	46.458
1088	45.667
1089	45.458
1090	45.917
1091	45.042
1092	46.146
1093	46.979
1094	46.708
1095	47.083
1096	46
1097	47.917
1098	46.354
1099	45.5
1100	45.083
1101	45.75
1102	43.417
1103	46.292
1104	46
1105	47.5
1106	46.625
1107	45.396
1108	45.229
1109	46.104
1110	44.333
1111	44.688
1112	45.521
1113	45.5
1114	45.396
1115	46.167
1116	45.5
1117	45.875
1118	45.354
1119	45.958
1120	46.375
1121	45.458
1122	44.812
1123	45.833
1124	45.083
1125	45.708
1126	44.146
1127	44.792
1128	46.188
1129	44.854
1130	44.646
1131	44.938
1132	44.083
1133	44.979
1134	44.083
1135	45.646
1136	44.375
1137	46.417
1138	43.604
1139	46.062
1140	44.958
1141	44.958
1142	45.417
1143	45.479
1144	45.5
1145	45.958
1146	45.271
1147	44.375
1148	45.667
1149	47.375
1150	45.854
1151	45.188
1152	45.604
1153	46.917
1154	46.354
1155	47.75
1156	45.75
1157	44.812
1158	46.229
1159	46.75
1160	45.125
1161	46.417
1162	44.958
1163	45.562
1164	46.583
1165	45.333
1166	45.938
1167	45.854
1168	45.812
1169	47.521
1170	50.458
1171	54.917
1172	58.354
1173	61.208
1174	64.812
1175	66.229
1176	67.917
1177	69.396
1178	70.396
1179	73.5
1180	72.5
1181	72.854
1182	74.333
1183	76.917
1184	76.5
1185	74.125
1186	75.333
1187	73.458
1188	73.833
1189	74.083
1190	72.771
1191	73.521
1192	73.292
1193	74.167
1194	73.708
1195	72.417
1196	70.479
1197	72.25
1198	69.75
1199	69.896
1200	68.458
1201	67.75
1202	69.854
1203	69.438
1204	73
1205	72.167
1206	74.812
1207	74.375
1208	75.312
1209	75.583
1210	75.271
1211	73.792
1212	75.312
1213	73.917
1214	73.75
1215	73.417
1216	71.958
1217	72.354
1218	71.438
1219	71.771
1220	70.271
1221	69.917
1222	69.896
1223	69.417
1224	69.375
1225	69.125
1226	68.833
1227	68.542
1228	68.083
1229	69.583
1230	67
1231	67.208
1232	65.292
1233	65.875
1234	65.875
1235	67.604
1236	64.208
1237	64.792
1238	64.333
1239	63.708
1240	64.208
1241	62.938
1242	64.125
1243	63.812
1244	63.812
1245	62.75
1246	63.771
1247	62.396
1248	60.771
1249	61.958
1250	62.792
1251	62.208
1252	61.854
1253	61.771
1254	61.938
1255	61.958
1256	60.479
1257	61.562
1258	60.958
1259	61.271
1260	60.854
1261	61.438
1262	60.312
1263	59.583
1264	58.875
1265	59.521
1266	59.583
1267	59.938
1268	59.042
1269	58.854
1270	59.604
1271	58.562
1272	57.042
1273	58.042
1274	59.667
1275	59.021
1276	57.896
1277	58.854
1278	57.854
1279	57.542
1280	57.896
1281	58.333
1282	56.542
1283	57.188
1284	56.562
1285	56.812
1286	56.729
1287	56.167
1288	56.917
1289	55.438
1290	54.583
1291	56.375
1292	55.25
1293	56.083
1294	56.062
1295	55.667
1296	55.146
1297	55.188
1298	53.604
1299	55.771
1300	53.479
1301	54.125
1302	54.312
1303	55.417
1304	54.083
1305	54.75
1306	52.771
1307	54.583
1308	53.958
1309	54.229
1310	55.479
1311	53.729
1312	53.896
1313	53.104
1314	53.021
1315	51.271
1316	52.146
1317	52.646
1318	51.979
1319	51.479
1320	51.542
1321	52.146
1322	52.396
1323	52.042
1324	51.625
1325	52.188
1326	51.479
1327	50.833
1328	51.729
1329	52.583
1330	51.229
1331	50.833
1332	50.312
1333	52.625
1334	51.208
1335	52
1336	52.458
1337	51.542
1338	50.812
1339	51.771
1340	50.521
1341	49.875
1342	45.417
1343	45.667
1344	51.417
1345	50.667
1346	51.854
1347	50.979
1348	49.375
1349	49.458
1350	49
1351	48.917
1352	51.521
1353	50.188
1354	49
1355	49.417
1356	47.375
1357	50.25
1358	49
1359	49.479
1360	50.292
1361	49.417
1362	49.625
1363	48.146
1364	49.729
1365	49.479
1366	50.417
1367	48.604
1368	49.229
1369	49.229
1370	49.333
1371	49.729
1372	48.625
1373	49.75
1374	46.708
1375	47.958
1376	47.896
1377	48.417
1378	49.042
1379	48.979
1380	48.438
1381	50.021
1382	47.042
1383	48.125
1384	49.021
1385	49.229
1386	47.417
1387	48.479
1388	48.229
1389	48.979
1390	47.958
1391	47.938
1392	50.104
1393	48.25
1394	48.125
1395	48.604
1396	46.688
1397	47.292
1398	48.125
1399	47.854
1400	48.396
1401	47.104
1402	47.375
1403	48.896
1404	47.583
1405	49.146
1406	47.271
1407	47.875
1408	46.208
1409	47.729
1410	49.229
1411	47.354
1412	48
1413	46.812
1414	47.708
1415	47.917
1416	48
1417	46.958
1418	46.771
1419	48.417
1420	47.708
1421	46.896
1422	47.25
1423	47.167
1424	45.542
1425	47.229
1426	47.708
1427	48.396
1428	47.479
1429	47.292
1430	47.083
1431	46.854
1432	47.167
1433	47.229
1434	47.583
1435	47.396
1436	47.042
1437	47.125
1438	46.375
1439	47.5
1440	48.271
1441	48.167
1442	47.958
1443	47.5
1444	48.25
1445	46.625
1446	47.354
1447	46.875
1448	46.729
1449	46.583
1450	47.167
1451	46.688
1452	46.708
1453	45.521
1454	47.438
1455	47
1456	46.25
1457	46.792
1458	46.292
1459	47.062
1460	45.938
1461	45.271
1462	46.021
1463	47.896
1464	46.271
1465	46.688
1466	47.083
1467	46.979
1468	46.354
1469	46.271
1470	47.5
1471	46.729
1472	46.062
1473	46.396
1474	46.167
1475	46
1476	45.146
1477	47.271
1478	46.708
1479	47.5
1480	44.917
1481	47.229
1482	45.125
1483	44.521
1484	44.958
1485	47.5
1486	46.292
1487	44.792
1488	46.083
1489	46.104
1490	45.708
1491	47.292
1492	46.312
1493	46.458
1494	45.562
1495	46.896
1496	45.333
1497	46.604
1498	46.083
1499	46.312
1500	44.375
1501	46.688
1502	47.167
1503	46.667
1504	47.083
1505	45.646
1506	45.875
1507	45.833
1508	45.792
1509	47.479
1510	46.917
1511	45.938
1512	46.354
1513	47.458
1514	45.938
1515	46.417
1516	46.5
1517	46.333
1518	45.396
1519	48.333
1520	45.979
1521	46.958
1522	45.562
1523	47.021
1524	46.583
1525	46.812
1526	44.188
1527	46.271
1528	46.562
1529	45.521
1530	45.938
1531	44.375
1532	46.167
1533	46.479
1534	45.292
1535	46.083
1536	46.646
1537	45.062
1538	45.042
1539	47.125
1540	47
1541	45.896
1542	47.104
1543	46.708
1544	45.25
1545	45.396
1546	46.146
1547	45.854
1548	46.292
1549	45.021
1550	47.75
1551	46.688
1552	44.75
1553	45.729
1554	44.917
1555	45.854
1556	45.625
1557	44.896
1558	45.708
1559	45.896
1560	46.479
1561	44.979
1562	45.229
1563	44.75
1564	47.146
1565	45.771
1566	45.979
1567	46.333
1568	45.083
1569	46.354
1570	45.083
1571	45.812
1572	46.188
1573	46.521
1574	44.938
1575	44.896
1576	46.729
1577	46
1578	45.083
1579	45.542
1580	45.521
1581	45.583
1582	44.812
1583	45.125
1584	44.604
1585	44.167
1586	45.417
1587	45.875
1588	47.479
1589	51.521
1590	55.333
1591	54.792
1592	60.5
1593	62.688
1594	65.146
1595	66.875
1596	69.458
1597	69.271
1598	70.312
1599	70.083
1600	74.312
1601	73.021
1602	74.708
1603	73.271
1604	73.458
1605	73.062
1606	73.75
1607	72.833
1608	72
1609	73.521
1610	73.146
1611	72.958
1612	70.688
1613	71.854
1614	72.021
1615	70.479
1616	70.042
1617	69.646
1618	69.333
1619	69.25
1620	68.083
1621	67.646
1622	66.542
1623	67.625
1624	66.792
1625	64.688
1626	63.979
1627	65.646
1628	65.146
1629	65.854
1630	65.458
1631	65.229
1632	63.583
1633	47.125
1634	63.708
1635	62.917
1636	62.146
1637	63.896
1638	60.812
1639	62.312
1640	62.854
1641	61.854
1642	60.271
1643	61.667
1644	60.875
1645	60.896
1646	59.458
1647	60.188
1648	60.958
1649	58.979
1650	59.979
1651	57.792
1652	60.875
1653	58.25
1654	59.896
1655	57.375
1656	59.021
1657	58.771
1658	57.542
1659	58.167
1660	58.188
1661	57.333
1662	57.083
1663	56.938
1664	57.75
1665	56.833
1666	55.771
1667	56.271
1668	55.021
1669	56.104
1670	55.208
1671	56.854
1672	56.333
1673	54.646
1674	55.5
1675	56.875
1676	55.188
1677	55.312
1678	54.438
1679	55.417
1680	55.562
1681	54.646
1682	55.208
1683	55.146
1684	54.167
1685	54.833
1686	53.938
1687	53.729
1688	53.833
1689	54.375
1690	53.792
1691	53.146
1692	53.812
1693	53.104
1694	53.729
1695	53.479
1696	54.562
1697	52.354
1698	52.167
1699	53.5
1700	51.583
1701	51.958
1702	53.292
1703	51.646
1704	52.396
1705	53.25
1706	52.146
1707	52.625
1708	52.229
1709	52.75
1710	50.729
1711	50.854
1712	51.562
1713	51.792
1714	51.646
1715	49.958
1716	51.75
1717	52.708
1718	50.438
1719	49.667
1720	50.667
1721	50.542
1722	50.604
1723	51.708
1724	50.792
1725	50.229
1726	49.938
1727	49.604
1728	50.583
1729	48.938
1730	50.312
1731	51.333
1732	48.562
1733	51.646
1734	49.875
1735	50.271
1736	49.229
1737	48.875
1738	49.604
1739	48.667
1740	50.708
1741	49.333
1742	50.438
1743	49.75
1744	48.333
1745	48.854
1746	49.125
1747	49.917
1748	50.083
1749	50.208
1750	50.354
1751	49.188
1752	47.938
1753	49.562
1754	48.208
1755	49.896
1756	49.979
1757	48.354
1758	48.875
1759	48.021
1760	49.042
1761	48.062
1762	47.729
1763	48.208
1764	48.708
1765	48
1766	49.688
1767	47.979
1768	49
1769	49.167
1770	48.917
1771	48.562
1772	48.604
1773	48.333
1774	47.438
1775	47.438
1776	47.917
1777	48.521
1778	48.021
1779	47.688
1780	48.167
1781	48.688
1782	48.354
1783	47.292
1784	48.292
1785	48.479
1786	47.688
1787	48.708
1788	47.625
1789	48.25
1790	46.833
1791	47.812
1792	47.646
1793	47.917
1794	46.375
1795	47.75
1796	48.312
1797	47.229
1798	48.083
1799	47.438
1800	47.458
1801	47.188
1802	46.125
1803	47.229
1804	46.708
1805	47.771
1806	46.854
1807	47.812
1808	48.438
1809	47.896
1810	46.438
1811	46.604
1812	46.562
1813	46.917
1814	47.25
1815	46.104
1816	48
1817	48.104
1818	47.417
1819	47.146
1820	45.667
1821	46.417
1822	47.396
1823	45.417
1824	45.667
1825	46.729
1826	45.375
1827	46.854
1828	45.938
1829	47.75
1830	46.688
1831	46.854
1832	46.771
1833	47.125
1834	46.292
1835	46.438
1836	46.333
1837	46
1838	45.979
1839	46.167
1840	46.354
1841	48.521
1842	48.958
1843	52.375
1844	55.25
1845	58.146
1846	60.042
1847	66.062
1848	67.938
1849	68.562
1850	69.167
1851	73.167
1852	73.75
1853	73.771
1854	75.021
1855	74.5
1856	75.229
1857	75.396
1858	75.292
1859	75.25
1860	73.292
1861	72.438
1862	71.5
1863	72.042
1864	71.583
1865	71.208
1866	71.229
1867	70.583
1868	69.271
1869	67.708
1870	69.5
1871	67.646
1872	66.542
1873	67.708
1874	66.167
1875	66.979
1876	66.188
1877	66.104
1878	65.667
1879	66.188
1880	65.083
1881	63.812
1882	65.083
1883	63.667
1884	64.083
1885	62.292
1886	64.083
1887	62.354
1888	63.375
1889	62.021
1890	61.729
1891	63.146
1892	59.854
1893	60.521
1894	62.354
1895	61.271
1896	60.146
1897	61.292
1898	60.688
1899	60.312
1900	60.646
1901	60.104
1902	59.729
1903	59.417
1904	58.792
1905	59.208
1906	58.312
1907	59.917
1908	58.667
1909	58.771
1910	56.583
1911	58.708
1912	52
1913	59.229
1914	57.333
1915	57.042
1916	58.125
1917	57.188
1918	56.771
1919	57.583
1920	56.875
1921	57.646
1922	56.042
1923	57.938
1924	56.833
1925	56.688
1926	57.812
1927	55.188
1928	55.438
1929	54.375
1930	55.042
1931	55.5
1932	54.458
1933	54.604
1934	46
1935	55.833
1936	56.292
1937	54.354
1938	55.917
1939	54.854
1940	55.458
1941	53.771
1942	54.396
1943	53.938
1944	53.688
1945	53.583
1946	53
1947	53.562
1948	53.438
1949	53.083
1950	52.312
1951	52.5
1952	53.042
1953	53.667
1954	52.208
1955	52.375
1956	53.146
1957	52.688
1958	52.479
1959	53.021
1960	53.458
1961	52.521
1962	52.083
1963	51.479
1964	50.604
1965	51.354
1966	52.542
1967	47.438
1968	52.396
1969	51.625
1970	51.5
1971	49.771
1972	51.354
1973	52
1974	50.479
1975	50.521
1976	50.208
1977	51.104
1978	49.979
1979	50.812
1980	48.812
1981	48.667
1982	49.958
1983	51.708
1984	50.979
1985	50.354
1986	49.125
1987	49.396
1988	49.167
1989	48.562
1990	51.229
1991	50
1992	49.583
1993	48.646
1994	48.5
1995	48.708
1996	50.208
1997	49.708
1998	48.583
1999	47.979
2000	49.042
2001	50.083
2002	49.375
2003	48.521
2004	48.104
2005	48.875
2006	48.5
2007	50.5
2008	49.5
2009	49.833
2010	47.646
2011	47.229
2012	48.75
2013	47.188
2014	48.104
2015	48.75
2016	49.771
2017	48.021
2018	48.042
2019	48.479
2020	46.562
2021	49.125
2022	48.771
2023	48.146
2024	48
2025	47.729
2026	48.25
2027	49.354
2028	47.833
2029	48.438
2030	48
2031	48.125
2032	47.792
2033	48.292
2034	47.062
2035	47.792
2036	48.333
2037	48.562
2038	47.583
2039	49
2040	46.271
2041	48.667
2042	47.729
2043	48.375
2044	47.583
2045	47.688
2046	47.396
2047	48.646
2048	48.396
2049	47.708
2050	46.812
2051	47.875
2052	48
2053	47.521
2054	47.812
2055	47.958
2056	46.625
2057	47.604
2058	46.667
2059	46.646
2060	47.354
2061	46.271
2062	47.188
2063	47.542
2064	47.562
2065	47.208
2066	46.333
2067	46.938
2068	47.583
2069	47.083
2070	46.688
2071	46.562
2072	47.625
2073	47.021
2074	47.875
2075	47.354
2076	46.25
2077	46.188
2078	47.833
2079	46.646
2080	47.479
2081	47.021
2082	47.229
2083	45.375
2084	47.354
2085	46.708
2086	47.792
2087	46.208
2088	47.125
2089	46.104
2090	46.604
2091	48.729
2092	46.021
2093	45.458
2094	45.979
2095	46.562
2096	46.062
2097	45.875
2098	47.583
2099	46.396
2100	46.604
2101	46.75
2102	47.583
2103	46.729
2104	46.979
2105	46.562
2106	46.583
2107	46.792
2108	46.229
2109	47.146
2110	45.375
2111	46.188
2112	47.208
2113	48.042
2114	45.792
2115	45.583
2116	46.792
2117	48.958
2118	45.958
2119	46.75
2120	46.917
2121	45.604
2122	46.083
2123	46.542
2124	45.875
2125	46.708
2126	45.792
2127	46.188
2128	45.5
2129	46.5
2130	45.521
2131	45.979
2132	46.271
2133	47.417
2134	46.125
2135	46.854
2136	45.729
2137	44.667
2138	45.125
2139	46.083
2140	47.583
2141	47
2142	46.5
2143	45.521
2144	44.583
2145	46.208
2146	45.354
2147	45.417
2148	45.375
2149	46.5
2150	47.104
2151	45.958
2152	45.438
2153	45.854
2154	44.854
2155	45.417
2156	44.938
2157	45.146
2158	45.25
2159	45.167
2160	45.208
2161	44.542
2162	45.146
2163	46.729
2164	45.875
2165	44.417
2166	45.167
2167	46.021
2168	45.292
2169	45.292
2170	45.542
2171	45.812
2172	45.021
2173	46.021
2174	45.375
2175	45.292
2176	44.854
2177	46.708
2178	45.979
2179	45.938
2180	45.979
2181	45.812
2182	45.104
2183	45.833
2184	44.083
2185	46.812
2186	46.375
2187	55.25
2188	47.771
2189	50.75
2190	54.729
2191	57.125
2192	61.021
2193	61.875
2194	64.438
2195	66.479
2196	67.771
2197	68.979
2198	69.875
2199	70.042
2200	72
2201	72.042
2202	72.729
2203	71.75
2204	73.146
2205	72.292
2206	69.354
2207	71.708
2208	72.062
2209	71.854
2210	70.542
2211	71.104
2212	71
2213	71.521
2214	68.271
2215	68.562
2216	69.458
2217	68.625
2218	66.042
2219	59.896
2220	66.062
2221	66.438
2222	66.646
2223	65.354
2224	64.917
2225	64.25
2226	63.479
2227	64.479
2228	63.646
2229	64.354
2230	63.333
2231	63.354
2232	61.542
2233	63.354
2234	62.083
2235	61.146
2236	62.5
2237	61.667
2238	62.604
2239	61.458
2240	61.146
2241	60.75
2242	60.812
2243	59.75
2244	60.521
2245	59.188
2246	59.583
2247	60.292
2248	59.292
2249	59.583
2250	58.375
2251	59.188
2252	58.792
2253	59
2254	57.583
2255	57.708
2256	58.438
2257	58.75
2258	57.021
2259	57.688
2260	57.812
2261	58.188
2262	55.979
2263	58.542
2264	56.125
2265	55.646
2266	57.896
2267	56.604
2268	56.75
2269	56.667
2270	53.167
2271	55.396
2272	54.938
2273	55.708
2274	54.792
2275	54.958
2276	55.917
2277	54.188
2278	55.417
2279	54.042
2280	54.125
2281	53.979
2282	53.958
2283	53.958
2284	54.042
2285	53.271
2286	54.792
2287	54.167
2288	53.083
2289	54.521
2290	51.604
2291	53.604
2292	54.167
2293	53.271
2294	53.771
2295	52.167
2296	51.375
2297	51.292
2298	52.146
2299	50.729
2300	50.5
2301	52.208
2302	52.729
2303	53.667
2304	51.146
2305	52.125
2306	52.917
2307	52.667
2308	51.938
2309	51.896
2310	50.812
2311	51.458
2312	51
2313	50.833
2314	50.271
2315	52.312
2316	50.417
2317	50.875
2318	49.312
2319	52.333
2320	52.396
2321	50.5
2322	50.854
2323	49.75
2324	52.938
2325	50.604
2326	50.625
2327	50.167
2328	49.729
2329	50.479
2330	50.188
2331	49.417
2332	50.042
2333	49.646
2334	49.208
2335	50.667
2336	49.667
2337	48.854
2338	49.104
2339	48.458
2340	49.562
2341	48.708
2342	48.812
2343	49.5
2344	48.729
2345	49.479
2346	50.229
2347	49.5
2348	48.812
2349	49.583
2350	48.771
2351	49.062
2352	48.771
2353	49.729
2354	48.271
2355	48.312
2356	49.354
2357	48.542
2358	49.479
2359	48.417
2360	49.042
2361	48.521
2362	48.042
2363	49.188
2364	48.646
2365	47.042
2366	49.708
2367	48.354
2368	48.125
2369	48.188
2370	48.25
2371	46.854
2372	49.625
2373	47.875
2374	49.625
2375	48.771
2376	47.958
2377	47.771
2378	47.958
2379	48.458
2380	47.208
2381	61.417
2382	73.75
2383	48.667
2384	48.5
2385	47.562
2386	47.417
2387	47.479
2388	48.167
2389	48.104
2390	47.229
2391	47.021
2392	48.292
2393	47.042
2394	47.854
2395	48.938
2396	50.854
2397	55.167
2398	57.938
2399	61.396
2400	62.583
2401	63.417
2402	67
2403	68.875
2404	69.896
2405	71.812
2406	71.062
2407	72.958
2408	71.562
2409	71.104
2410	71.604
2411	72.042
2412	71
2413	71.875
2414	71.438
2415	70.104
2416	71.125
2417	72.146
2418	72.021
2419	70.938
2420	72.604
2421	71.042
2422	70.125
2423	70.083
2424	69.583
2425	67.979
2426	68.083
2427	66.021
2428	67.521
2429	66.875
2430	65.146
2431	66.188
2432	65.896
2433	64.688
2434	65.958
2435	64.521
2436	63.396
2437	64.333
2438	64.417
2439	63.688
2440	61.917
2441	62.271
2442	61.854
2443	61.917
2444	61.688
2445	61.917
2446	60.979
2447	61.667
2448	60.167
2449	60.312
2450	59.854
2451	61.792
2452	59.021
2453	60
2454	59.604
2455	60.021
2456	58.667
2457	60.083
2458	59.333
2459	59.771
2460	59.771
2461	58.646
2462	59.104
2463	58.625
2464	58.604
2465	58.708
2466	59.083
2467	58.688
2468	58.042
2469	57.021
2470	56.729
2471	57.188
2472	57.771
2473	58.083
2474	56.417
2475	56.854
2476	55.854
2477	56.708
2478	56.042
2479	54.625
2480	56.688
2481	56.604
2482	54.396
2483	55.354
2484	55.25
2485	56.146
2486	56.167
2487	56.667
2488	55.646
2489	54.938
2490	55.188
2491	54.979
2492	53.958
2493	54.375
2494	53.104
2495	54.625
2496	53.875
2497	53.667
2498	54.396
2499	54.729
2500	53.771
2501	52.271
2502	53.854
2503	52.562
2504	53.438
2505	53.292
2506	53.667
2507	52.25
2508	53.104
2509	52.667
2510	51.854
2511	51.25
2512	52.458
2513	53
2514	53.062
2515	51.688
2516	51.604
2517	52.25
2518	51.062
2519	51.167
2520	52.208
2521	51.667
2522	52.75
2523	51.125
2524	51.771
2525	53.146
2526	51.125
2527	51.354
2528	50.875
2529	50.625
2530	50.771
2531	50.229
2532	50.833
2533	51.25
2534	52.292
2535	54.958
2536	55.979
2537	61.771
2538	61.979
2539	65.646
2540	66.646
2541	74
2542	69.354
2543	71.104
2544	72.417
2545	75.396
2546	72.646
2547	73.062
2548	72.042
2549	74.125
2550	74.812
2551	72.5
2552	71.042
2553	73.146
2554	71.854
2555	69.562
2556	68.792
2557	69.479
2558	68.375
2559	68.812
2560	67.521
2561	67.917
2562	69.146
2563	67.312
2564	66.833
2565	63.938
2566	65.604
2567	67.375
2568	65.542
2569	64.312
2570	62.917
2571	63.479
2572	62.458
2573	64.5
2574	63.208
2575	64.042
2576	62.5
2577	62.771
2578	62.604
2579	62.667
2580	61.312
2581	60.646
2582	60.396
2583	61.396
2584	62.729
2585	61.958
2586	61.312
2587	60.854
2588	59.75
2589	59.896
2590	60.062
2591	60.188
2592	59.417
2593	58.812
2594	59.083
2595	58
2596	57.812
2597	58.875
2598	59.438
2599	58.25
2600	58.312
2601	58.562
2602	56.167
2603	57.812
2604	57.396
2605	57.312
2606	58.104
2607	58.521
2608	56.562
2609	57.354
2610	57.5
2611	57.708
2612	56
2613	56.354
2614	58.458
2615	55.312
2616	56.5
2617	56.146
2618	56.021
2619	55.896
2620	56.479
2621	56.417
2622	54.896
2623	54.438
2624	54.833
2625	55.688
2626	53.833
2627	55.312
2628	55.229
2629	54.729
2630	53.208
2631	52.396
2632	53.646
2633	54.167
2634	54.125
2635	53.375
2636	54.667
2637	53.646
2638	53.854
2639	52.896
2640	52.771
2641	52.917
2642	52.917
2643	53.208
2644	51.208
2645	53
2646	52.917
2647	53.125
2648	52.271
2649	52.042
2650	51.167
2651	52.479
2652	51.979
2653	52.604
2654	50.812
2655	51.771
2656	51.833
2657	51.396
2658	50.438
2659	51.896
2660	50.271
2661	49.979
2662	50.521
2663	51.708
2664	50.604
2665	50.708
2666	51.396
2667	51.562
2668	51.583
2669	50.583
2670	51.042
2671	49.917
2672	75.292
2673	51.167
2674	49.458
2675	50.667
2676	49.812
2677	49.958
2678	49.917
2679	61.604
2680	51.375
2681	48.854
2682	49.625
2683	49
2684	49.771
2685	51.021
2686	50.021
2687	50.354
2688	50.292
2689	49.792
2690	49.979
2691	48.104
2692	49.208
2693	48.667
2694	49.062
2695	49.583
2696	49.688
2697	49.021
2698	49.667
2699	49.396
2700	53.208
2701	47.583
2702	49.062
2703	72.438
2704	71.5
2705	47.396
2706	48.938
2707	48.562
2708	49.333
2709	48.167
2710	47.458
2711	47.792
2712	47.938
2713	49.208
2714	47.542
2715	47.5
2716	48.354
2717	48.312
2718	48.438
2719	48.5
2720	46.708
2721	48.396
2722	47.042
2723	48.021
2724	48.062
2725	47.562
2726	47.167
2727	48.417
2728	47.188
2729	47.167
2730	48.104
2731	45.708
2732	48.188
2733	47.458
2734	47.854
2735	48.062
2736	47.542
2737	48.604
2738	47.417
2739	47.292
2740	48.042
2741	47.979
2742	46.771
2743	46.229
2744	46.396
2745	47.75
2746	47.104
2747	46.167
2748	47.042
2749	44.604
2750	46.292
2751	46.188
2752	46.062
2753	47.396
2754	47.417
2755	47
2756	46.875
2757	46.438
2758	45.771
2759	46.021
2760	45.438
2761	46.729
2762	45.396
2763	47.458
2764	47.583
2765	46.667
2766	45.312
2767	46.333
2768	47.896
2769	46.521
2770	47.125
2771	45.958
2772	46.125
2773	45.271
2774	45.938
2775	45.792
2776	44.521
2777	46.833
2778	45.354
2779	46.083
2780	44.667
2781	46.938
2782	46.438
2783	47
2784	46.417
2785	46.208
2786	45.917
2787	46.854
2788	46.021
2789	45.792
2790	45.271
2791	46.729
2792	46.438
2793	46.229
2794	45.25
2795	46.667
2796	45.458
2797	45.062
2798	46.021
2799	45.917
2800	45.521
2801	45.312
2802	46.792
2803	46.812
2804	45.458
2805	44.146
2806	45.812
2807	46.104
2808	45.5
2809	46.25
2810	45.375
2811	46.25
2812	43.917
2813	46.292
2814	46.458
2815	45.458
2816	45.312
2817	46.562
2818	45.062
2819	46.083
2820	46.188
2821	44.688
2822	45.417
2823	46.542
2824	45.354
2825	44.958
2826	46.25
2827	45.208
2828	45.812
2829	44.771
2830	45.25
2831	45.396
2832	45.875
2833	46.292
2834	44.667
2835	46.25
2836	45.229
2837	45.854
2838	46.333
2839	45.104
2840	46.104
2841	46.896
2842	45.75
2843	45.917
2844	45.25
2845	45.688
2846	46.5
2847	46.771
2848	46.646
2849	45.833
2850	45.688
2851	46.146
2852	46.292
2853	46.562
2854	46.062
2855	44.438
2856	44.438
2857	46.208
2858	47.312
2859	46.521
2860	44.562
2861	45.562
2862	46.125
2863	45.646
2864	45.458
2865	46.708
2866	45.958
2867	47.292
2868	45.729
2869	45.729
2870	45.583
2871	46.167
2872	45.917
2873	46.271
2874	70.771
2875	71.229
2876	44.167
2877	45.458
2878	44.938
2879	45.729
2880	45.917
2881	49.229
2882	51.688
2883	55.479
2884	57.417
2885	59.354
2886	63.458
2887	64.333
2888	67.188
2889	68.5
2890	67.146
2891	68.125
2892	67.292
2893	70.708
2894	70.958
2895	70.042
2896	70.312
2897	69.875
2898	69.958
2899	69.188
2900	67.479
2901	67.125
2902	68.667
2903	66.771
2904	67.417
2905	67.812
2906	68.833
2907	69.917
2908	69.562
2909	70.729
2910	69.667
2911	70.292
2912	70.729
2913	70.396
2914	67.979
2915	70.438
2916	67.938
2917	68.042
2918	68.333
2919	68.75
2920	67.625
2921	66.771
2922	65.292
2923	65.417
2924	64.312
2925	64.292
2926	64.521
2927	63.167
2928	65.208
2929	63.479
2930	70.583
2931	64.625
2932	64.125
2933	62.896
2934	62.938
2935	63.521
2936	61.229
2937	69.271
2938	61.833
2939	62.062
2940	61.917
2941	60.188
2942	59.604
2943	59.562
2944	61.438
2945	60.458
2946	65.625
2947	69.5
2948	67.646
2949	59.062
2950	58.667
2951	57.438
2952	58.792
2953	59.625
2954	58.771
2955	59.25
2956	56.375
2957	59.104
2958	57.125
2959	58.042
2960	57.104
2961	56.417
2962	56.479
2963	56.708
2964	55.729
2965	56.5
2966	56.583
2967	56.667
2968	56.208
2969	56.812
2970	55.354
2971	56.312
2972	55.417
2973	54.771
2974	55.646
2975	55.417
2976	55.083
2977	55.667
2978	54.458
2979	55.146
2980	55.479
2981	54.833
2982	54.604
2983	54.188
2984	54.542
2985	55.875
2986	54.271
2987	55.125
2988	53.833
2989	54.208
2990	54.062
2991	54.417
2992	54.188
2993	53
2994	53.062
2995	53
2996	52.188
2997	54.375
2998	52.875
2999	52.688
3000	52.583
3001	52.938
3002	53.396
3003	52.479
3004	53.021
3005	53.167
3006	52.583
3007	53.625
3008	52.354
3009	53.542
3010	52.917
3011	53.708
3012	52.146
3013	52.188
3014	52.062
3015	52.917
3016	52
3017	52.271
3018	52.458
3019	51.958
3020	51.667
3021	51.167
3022	52.188
3023	50.208
3024	51.875
3025	52.771
3026	50.083
3027	52.021
3028	50.729
3029	49.562
3030	49.458
3031	51.688
3032	52.479
3033	49.542
3034	67.708
3035	66.167
3036	51.312
3037	50.083
3038	49.271
3039	50.771
3040	49.458
3041	50.646
3042	49
3043	51.042
3044	50.354
3045	49.396
3046	49.688
3047	48.375
3048	49.938
3049	49.25
3050	50.417
3051	51.146
3052	50.396
3053	49.729
3054	49.438
3055	50.167
3056	49.979
3057	49.312
3058	50.25
3059	48.729
3060	49.25
3061	49.062
3062	48.354
3063	48.146
3064	48.833
3065	48.979
3066	48.833
3067	50.958
3068	48.583
3069	47.333
3070	49.042
3071	50.167
3072	49.708
3073	48.146
3074	52.792
3075	49.125
3076	48.708
3077	50.104
3078	49.958
3079	49.562
3080	49.188
3081	49.021
3082	48.438
3083	50.583
3084	51.917
3085	55.688
3086	60.042
3087	61.396
3088	62.438
3089	65.917
3090	67.833
3091	68.896
3092	71.604
3093	70.375
3094	71.042
3095	72.458
3096	71.875
3097	73.562
3098	72.042
3099	72.271
3100	71.542
3101	74.333
3102	71.042
3103	70.208
3104	69.354
3105	66.188
3106	66.104
3107	65.667
3108	66.188
3109	68.521
3110	68.125
3111	66.812
3112	66.25
3113	67.021
3114	66.354
3115	64.917
3116	65.354
3117	66.542
3118	65.542
3119	64.812
3120	65.854
3121	63.083
3122	61.646
3123	62.625
3124	63.438
3125	62.75
3126	62.792
3127	62.708
3128	62.5
3129	62.542
3130	60.375
3131	60.375
3132	61.104
3133	60.417
3134	60.354
3135	61.188
3136	59.688
3137	60.771
3138	60.104
3139	60.125
3140	59.479
3141	60.604
3142	59.542
3143	57.792
3144	57.833
3145	59.083
3146	58.292
3147	58.167
3148	57.521
3149	58.25
3150	56.125
3151	57.333
3152	56.833
3153	56.896
3154	58.104
3155	56
3156	56.625
3157	55.875
3158	55.854
3159	56.75
3160	55.854
3161	56.375
3162	54.896
3163	57.104
3164	55.875
3165	56.75
3166	55.833
3167	55.021
3168	56.333
3169	55.812
3170	55.021
3171	54.417
3172	55
3173	54.979
3174	55.458
3175	56.021
3176	55.708
3177	54.729
3178	53.646
3179	54.729
3180	54.125
3181	53.708
3182	63.812
3183	54.208
3184	55.083
3185	54.042
3186	53.75
3187	54.75
3188	52.938
3189	53.479
3190	54.25
3191	53.479
3192	53
3193	51.958
3194	53.625
3195	51.333
3196	53.542
3197	53.417
3198	51.5
3199	51.417
3200	52.729
3201	52.479
3202	52.708
3203	51.646
3204	52.542
3205	52.25
3206	52.729
3207	52.021
3208	52.875
3209	52.583
3210	51.354
3211	52.042
3212	52.438
3213	52.562
3214	51.958
3215	51.354
3216	52.562
3217	50.479
3218	50.583
3219	52.438
3220	50.625
3221	51.688
3222	50.792
3223	51.146
3224	50.771
3225	51.396
3226	51.771
3227	53.562
3228	56.375
3229	60.292
3230	62.688
3231	63
3232	65.312
3233	69.562
3234	69.104
3235	69.25
3236	70.604
3237	73.625
3238	73.062
3239	72.979
3240	72.25
3241	72.375
3242	71.208
3243	72.208
3244	71.708
3245	70.229
3246	70.375
3247	71.604
3248	69.646
3249	72.333
3250	72.729
3251	74
3252	73.292
3253	71.146
3254	71.521
3255	72.812
3256	70.667
3257	71.667
3258	71.188
3259	68.917
3260	69.979
3261	69.146
3262	70.458
3263	68.875
3264	68.062
3265	68.333
3266	67.104
3267	67.167
3268	66.479
3269	66.438
3270	63.917
3271	65.833
3272	64.5
3273	64.354
3274	65.125
3275	65.062
3276	66.146
3277	65.479
3278	63.625
3279	62.896
3280	60.875
3281	63.875
3282	63.812
3283	63.479
3284	63.646
3285	62.917
3286	62.125
3287	62.229
3288	63.271
3289	62.104
3290	61.854
3291	63.292
3292	61.167
3293	60.979
3294	61.521
3295	60.646
3296	62.333
3297	61.083
3298	59.229
3299	61.375
3300	60.854
3301	61.167
3302	60.729
3303	60.396
3304	60.5
3305	59.604
3306	59.604
3307	59.292
3308	60.271
3309	59.104
3310	58.146
3311	59.875
3312	60.25
3313	58.729
3314	57.875
3315	59
3316	58.958
3317	58.417
3318	59.667
3319	58.292
3320	58.104
3321	58.021
3322	58.312
3323	57.188
3324	57.938
3325	58.396
3326	58.188
3327	57.021
3328	56.833
3329	56.75
3330	56.958
3331	57.25
3332	55.875
3333	55.583
3334	56.729
3335	56.104
3336	56.167
3337	55.729
3338	56.146
3339	56.667
3340	55.688
3341	55.708
3342	56
3343	55.479
3344	55.562
3345	56.167
3346	56.292
3347	56.167
3348	53.312
3349	54.458
3350	55.625
3351	55.438
3352	54.854
3353	54.979
3354	53.729
3355	54.042
3356	52.75
3357	54.208
3358	53.604
3359	54.438
3360	51.917
3361	54.188
3362	53.292
3363	53.042
3364	53.604
3365	54.062
3366	52.104
3367	53.75
3368	52.833
3369	53.896
3370	53.917
3371	52.792
3372	53.833
3373	53.271
3374	51.333
3375	51.896
3376	52.812
3377	53.729
3378	51.542
3379	51.979
3380	51.708
3381	50.688
3382	50.979
3383	51.146
3384	50.542
3385	52.042
3386	51.667
3387	51.188
3388	52
3389	51.75
3390	52
3391	52.583
3392	52.812
3393	52.292
3394	50.771
3395	50.562
3396	50.917
3397	52.188
3398	50.5
3399	50.479
3400	51.667
3401	51.729
3402	50.188
3403	50.667
3404	51.271
3405	51.271
3406	51.812
3407	52.479
3408	49.521
3409	51.146
3410	49.896
3411	50.875
3412	50.438
3413	51.021
3414	50.938
3415	50.292
3416	47.917
3417	50.562
3418	48.708
3419	48.625
3420	50.75
3421	49.333
3422	49.875
3423	49.958
3424	50.458
3425	49.708
3426	49.208
3427	48.542
3428	48.625
3429	50.062
3430	48.75
3431	49.729
3432	50.083
3433	48.771
3434	48.083
3435	49.146
3436	49.333
3437	48.667
3438	48.375
3439	47.917
3440	49.604
3441	49.958
3442	48.896
3443	49.146
3444	48.896
3445	48.375
3446	48.521
3447	49.062
3448	48.562
3449	47.792
3450	49.5
3451	48.062
3452	47.792
3453	46.938
3454	47.417
3455	47.792
3456	48.854
3457	48.125
3458	48.021
3459	48
3460	48.25
3461	48.229
3462	47.833
3463	47.542
3464	48.417
3465	47.625
3466	47.667
3467	48.958
3468	48.333
3469	49.667
3470	47.708
3471	48.771
3472	47.896
3473	46.938
3474	46.708
3475	46.688
3476	48.396
3477	47.979
3478	47.25
3479	47.333
3480	46.208
3481	47.521
3482	48.146
3483	46.062
3484	47.25
3485	48.188
3486	47.583
3487	48.021
3488	46.292
3489	46.875
3490	47.271
3491	47.583
3492	46.875
3493	48.958
3494	46.104
3495	46.958
3496	47.521
3497	47.604
3498	46.438
3499	47
3500	46.938
3501	47.854
3502	46.792
3503	47.167
3504	45.646
3505	46.375
3506	45.292
3507	47.354
3508	46.146
3509	47.542
3510	46.5
3511	47.125
3512	47.083
3513	47.021
3514	46.812
3515	47.146
3516	47.333
3517	48.896
3518	45.792
3519	45.521
3520	47.25
3521	46.792
3522	46.708
3523	45.979
3524	45.312
3525	46.521
3526	46.75
3527	46.125
3528	46.042
3529	46.125
3530	45.875
3531	46.021
3532	46.167
3533	47.167
3534	45.125
3535	46.917
3536	46.562
3537	46.875
3538	44.688
3539	45.896
3540	46.354
3541	46.667
3542	47.438
3543	45.938
3544	46.021
3545	46.896
3546	46.688
3547	47.062
3548	47.125
3549	47.354
3550	45.812
3551	45.562
3552	46.125
3553	64.083
3554	47.458
3555	48.417
3556	46.208
3557	46.312
3558	62.354
3559	46.479
3560	46.188
3561	63.375
3562	45.667
3563	46.708
3564	47.167
3565	47.25
3566	46.417
3567	46.208
3568	46.958
3569	46.583
3570	45.833
3571	46
3572	47.938
3573	48.354
3574	51.271
3575	55.229
3576	56.583
3577	58.292
3578	60.354
3579	63.625
3580	62.021
3581	66.333
3582	65.479
3583	67.833
3584	68.312
3585	68.542
3586	68.521
3587	69.604
3588	70.146
3589	70.354
3590	68.604
3591	69.521
3592	70.542
3593	67.125
3594	69.271
3595	68.958
3596	67.729
3597	67.042
3598	67.896
3599	67
3600	67.562
3601	66.854
3602	65.146
3603	66.125
3604	65.375
3605	67.812
3606	63.646
3607	65.917
3608	67.125
3609	67.958
3610	69.021
3611	69.771
3612	69.75
3613	70.188
3614	72.354
3615	70.458
3616	71.208
3617	72.375
3618	71.479
3619	70.896
3620	71.229
3621	71.688
3622	70.458
3623	67.896
3624	68.25
3625	66.667
3626	67.562
3627	67.958
3628	67.271
3629	67.125
3630	66.688
3631	67.354
3632	67.438
3633	65.896
3634	65.229
3635	66.042
3636	64.833
3637	66.25
3638	64.75
3639	64.146
3640	63.375
3641	65.562
3642	64.062
3643	63.5
3644	63.854
3645	63.167
3646	62.083
3647	63.5
3648	62.542
3649	62.479
3650	62.312
3651	61.5
3652	62.604
3653	62.083
3654	61.646
3655	61.604
3656	60.896
3657	59.5
3658	60.833
3659	61.479
3660	60.833
3661	60.292
3662	60.083
3663	59.312
3664	59.188
3665	59.5
3666	59.375
3667	59.062
3668	58.708
3669	58
3670	59.521
3671	59.271
3672	58.646
3673	58.021
3674	59.125
3675	58.542
3676	58.792
3677	59.521
3678	58.938
3679	56.979
3680	58.792
3681	58.667
3682	57.458
3683	57.792
3684	58.958
3685	57.25
3686	57.271
3687	57.021
3688	56.854
3689	57
3690	56.688
3691	58.208
3692	56.208
3693	58.146
3694	54.896
3695	56.312
3696	56.896
3697	56.062
3698	56.708
3699	57.562
3700	56.188
3701	55.708
3702	55.208
3703	55.083
3704	55.021
3705	54.812
3706	53.583
3707	54.042
3708	56.104
3709	55.042
3710	55.271
3711	54.354
3712	54.354
3713	54.417
3714	55.833
3715	54.833
3716	53.229
3717	52.354
3718	55.438
3719	54.458
3720	63.146
3721	53.875
3722	54.562
3723	53.625
3724	54.125
3725	52.479
3726	54.208
3727	53.646
3728	52.646
3729	53.479
3730	53.25
3731	53.604
3732	52.938
3733	53.708
3734	52.479
3735	53.188
3736	52.729
3737	52.271
3738	53.438
3739	51.854
3740	52.125
3741	52.146
3742	52.917
3743	51
3744	52.021
3745	51.188
3746	52.5
3747	51.146
3748	50.625
3749	52.312
3750	51.354
3751	51.562
3752	50.188
3753	51.458
3754	60.521
3755	51.354
3756	50.5
3757	51.396
3758	48.521
3759	50.167
3760	50.938
3761	50.25
3762	50.458
3763	49.292
3764	50.312
3765	49.604
3766	49.708
3767	48.396
3768	49.708
3769	48.854
3770	49.375
3771	50.104
3772	49.729
3773	48.875
3774	48.562
3775	50.812
3776	47.417
3777	49.396
3778	49.896
3779	49.979
3780	47.896
3781	49.208
3782	48.604
3783	48.917
3784	48.375
3785	48.521
3786	48.583
3787	50.146
3788	47.292
3789	48.479
3790	48.875
3791	47.292
3792	49.938
3793	50.521
3794	47.979
3795	62.354
3796	61.271
3797	60.146
3798	48.938
3799	47.562
3800	48.625
3801	48.625
3802	49
3803	48.875
3804	47.5
3805	48.896
3806	47.562
3807	48.333
3808	47.083
3809	49.062
3810	47.062
3811	48.604
3812	47.708
3813	48.812
3814	48.896
3815	49.042
3816	48.021
3817	48.75
3818	48.938
3819	47.104
3820	47.333
3821	48.667
3822	47.479
3823	48.125
3824	48.208
3825	48.729
3826	47.979
3827	46.875
3828	47.854
3829	48.146
3830	47.792
3831	48.188
3832	47.625
3833	47
3834	47.479
3835	47.792
3836	47.667
3837	47.583
3838	47.042
3839	46.229
3840	46.438
3841	46.688
3842	45.646
3843	47.292
3844	48.271
3845	47.375
3846	47.229
3847	47.896
3848	47.917
3849	46.375
3850	47.104
3851	47.542
3852	46.917
3853	47.833
3854	47.354
3855	47.021
3856	47.354
3857	46.417
3858	46.396
3859	45.479
3860	47.146
3861	47.875
3862	46.438
3863	47.771
3864	46.917
3865	47.083
3866	47.375
3867	46
3868	47.229
3869	46.104
3870	47.583
3871	46.25
3872	46.771
3873	47.708
3874	46.667
3875	45.812
3876	47.458
3877	47.938
3878	46.354
3879	46.438
3880	46.708
3881	45.292
3882	46.208
3883	45.646
3884	46.396
3885	46.229
3886	46.979
3887	46.438
3888	45.583
3889	45.583
3890	45.833
3891	47.333
3892	46.812
3893	45.646
3894	45.771
3895	44.875
3896	45.479
3897	46.125
3898	46.167
3899	47.333
3900	45.312
3901	48.271
3902	46.812
3903	47.271
3904	45.354
3905	47.167
3906	46.458
3907	47.229
3908	45.729
3909	46.542
3910	47.417
3911	47.521
3912	45.479
3913	45.938
3914	45.062
3915	46.75
3916	46.146
3917	46.375
3918	45.792
3919	46.938
3920	50.354
3921	51.229
3922	54.188
3923	56.312
3924	58.75
3925	62.25
3926	62.688
3927	63.917
3928	65.021
3929	66.292
3930	68.75
3931	69.396
3932	68.208
3933	70.083
3934	68.312
3935	68.146
3936	67.25
3937	68.021
3938	67.708
3939	66.792
3940	66.896
3941	66.688
3942	65.729
3943	64.812
3944	65.521
3945	64.708
3946	63.146
3947	64.542
3948	63.396
3949	63.833
3950	61.229
3951	62.333
3952	60.646
3953	60.104
3954	61.021
3955	60.417
3956	60
3957	60.271
3958	59.104
3959	60.396
3960	60.083
3961	60.417
3962	59.229
3963	58.833
3964	58.458
3965	60.438
3966	58.021
3967	57.979
3968	57.646
3969	57.917
3970	56
3971	56.458
3972	55.5
3973	55.792
3974	56.958
3975	56.104
3976	56.354
3977	57
3978	56.312
3979	55.125
3980	59.729
3981	55.792
3982	56.583
3983	54.896
3984	55.354
3985	55.438
3986	55.104
3987	54.917
3988	55.646
3989	59.417
3990	54.375
3991	54.312
3992	54.417
3993	54.125
3994	52.75
3995	53
3996	55.062
3997	53.688
3998	53.75
3999	53.104
4000	53.375
4001	54.208
4002	52.875
4003	53.333
4004	53.646
4005	54.312
4006	53.042
4007	52.062
4008	52.854
4009	51.625
4010	53.625
4011	52.146
4012	52.854
4013	52.521
4014	51.208
4015	51.771
4016	52.188
4017	51.792
4018	52.188
4019	51.646
4020	51.125
4021	52.25
4022	51.042
4023	50.854
4024	52.25
4025	50.333
4026	50.021
4027	50.75
4028	49.729
4029	50.625
4030	50.833
4031	50.979
4032	49.979
4033	50.938
4034	49.521
4035	50.917
4036	49.375
4037	50.146
4038	50.479
4039	48.75
4040	48.625
4041	48.438
4042	49.188
4043	48.938
4044	48.833
4045	49.729
4046	49.188
4047	47.667
4048	48.188
4049	49.417
4050	50
4051	48.792
4052	49.208
4053	50
4054	48.792
4055	49.938
4056	49.938
4057	49.479
4058	48.938
4059	50.042
4060	49.062
4061	48.854
4062	48.75
4063	47.958
4064	49.104
4065	50.375
4066	48
4067	50.188
4068	48.833
4069	49.188
4070	48.958
4071	47.604
4072	48.312
4073	48.583
4074	48.646
4075	47.833
4076	49.312
4077	47.583
4078	48.208
4079	46.792
4080	48.333
4081	58.5
4082	58.312
4083	47.062
4084	48.771
4085	59.917
4086	58.667
4087	47.854
4088	46.396
4089	47.542
4090	47.146
4091	48.646
4092	48.104
4093	47.417
4094	47.604
4095	47.958
4096	47.812
4097	46.396
4098	47.875
4099	47.792
4100	46.875
4101	46.896
4102	46.708
4103	48.062
4104	47.729
4105	47.771
4106	47.292
4107	47.958
4108	46.271
4109	47.521
4110	47.583
4111	48.75
4112	47.229
4113	47.604
4114	47.021
4115	47.375
4116	46.917
4117	47.854
4118	47.688
4119	46.146
4120	46.646
4121	58.771
4122	47.479
4123	47.917
4124	46.208
4125	46.75
4126	46.625
4127	46.938
4128	46.583
4129	48.167
4130	46.062
4131	47.104
4132	56.583
4133	46.521
4134	47.021
4135	46.938
4136	45.792
4137	46.667
4138	46.208
4139	58.708
4140	47.938
4141	46.771
4142	46.521
4143	47.354
4144	46.833
4145	46.354
4146	46.812
4147	46.625
4148	46.708
4149	45.896
4150	44.708
4151	47.208
4152	45.458
4153	46
4154	46.729
4155	46.396
4156	46.604
4157	46.417
4158	45.917
4159	46.042
4160	46.354
4161	57.562
4162	59.229
4163	47
4164	45.188
4165	46.312
4166	46.604
4167	46.604
4168	45.396
4169	46.438
4170	46.979
4171	47.042
4172	47.042
4173	45.792
4174	45.938
4175	45.479
4176	47.167
4177	47.521
4178	46.667
4179	45.5
4180	46.479
4181	45.875
4182	46.562
4183	46.042
4184	45.396
4185	45.229
4186	45.042
4187	44.375
4188	43.604
4189	45
4190	45.333
4191	46.042
4192	44.896
4193	46
4194	44.833
4195	47.021
4196	45.104
4197	45.604
4198	45.708
4199	45.854
4200	45.771
4201	45.958
4202	45.521
4203	45.854
4204	45.042
4205	44.979
4206	45.146
4207	44.542
4208	45.562
4209	44.562
4210	45.354
4211	46.167
4212	45.667
4213	44.833
4214	45.458
4215	46.354
4216	46.5
4217	45.646
4218	44.625
4219	44.271
4220	44.583
4221	44.75
4222	45.479
4223	45.667
4224	45.146
4225	44.625
4226	44.583
4227	45.104
4228	45.104
4229	45.688
4230	45.729
4231	46.188
4232	45.938
4233	46.333
4234	45.917
4235	46.438
4236	44.312
4237	45.646
4238	45.625
4239	45.438
4240	44.417
4241	44.521
4242	45.5
4243	44.917
4244	45.583
4245	43.833
4246	44.646
4247	45.792
4248	45.438
4249	44.417
4250	44.896
4251	45.604
4252	44.979
4253	45.167
4254	45.167
4255	43.792
4256	45.271
4257	44.5
4258	45.833
4259	45.479
4260	45.875
4261	45.458
4262	45.25
4263	45.917
4264	46.25
4265	46.688
4266	49.396
4267	51.542
4268	53.958
4269	55.771
4270	59.333
4271	59.708
4272	60.854
4273	63.562
4274	63.75
4275	64.917
4276	65.479
4277	67.729
4278	65.958
4279	67.833
4280	67.167
4281	67.062
4282	68.438
4283	68.542
4284	65.5
4285	68.688
4286	60.604
4287	65.458
4288	64.417
4289	66.667
4290	64.417
4291	65.75
4292	65.021
4293	64.417
4294	64.667
4295	63.062
4296	62.812
4297	62.833
4298	61.583
4299	62.375
4300	61.208
4301	61.729
4302	61.771
4303	59.667
4304	59.979
4305	60.854
4306	58.896
4307	61.167
4308	59.312
4309	58.333
4310	58.854
4311	58.312
4312	57.771
4313	57.917
4314	57.542
4315	57.021
4316	57.271
4317	56.771
4318	57.646
4319	56.125
4320	57.771
4321	56.708
4322	56.792
4323	57.625
4324	57.146
4325	55.792
4326	55.688
4327	54.396
4328	55.583
4329	55.562
4330	54.938
4331	55.667
4332	54.417
4333	55.104
4334	54.021
4335	54.271
4336	53.979
4337	53.812
4338	54.458
4339	52.438
4340	52.458
4341	53.229
4342	53.062
4343	52.75
4344	53.125
4345	54.083
4346	52.958
4347	51.458
4348	52.312
4349	52.312
4350	52.792
4351	51.896
4352	51.979
4353	53
4354	51.562
4355	52.812
4356	52.521
4357	51.125
4358	52.271
4359	51.604
4360	52.292
4361	52.229
4362	50.396
4363	52.771
4364	51.042
4365	52.354
4366	52.062
4367	51.917
4368	51.312
4369	51.354
4370	50.562
4371	57.667
4372	51.208
4373	50.083
4374	56.875
4375	49.542
4376	49.292
4377	50.938
4378	48.396
4379	50.229
4380	48.875
4381	49.146
4382	48.917
4383	49.771
4384	51.812
4385	49.354
4386	50
4387	49.729
4388	49.625
4389	49.229
4390	48.646
4391	48.271
4392	49.729
4393	49.125
4394	47.75
4395	49.438
4396	49.646
4397	50.062
4398	48.333
4399	48.458
4400	48.812
4401	48.104
4402	57.646
4403	50.062
4404	47.479
4405	56.042
4406	49.354
4407	47.812
4408	47.146
4409	47.938
4410	47.062
4411	47.792
4412	49.083
4413	47.125
4414	47.542
4415	47.875
4416	48.188
4417	47.083
4418	47.438
4419	47.396
4420	46.333
4421	48.792
4422	47.958
4423	47.708
4424	47.938
4425	47.583
4426	48.146
4427	48.25
4428	47.125
4429	46.917
4430	48.229
4431	47.5
4432	48.271
4433	47.917
4434	57.938
4435	48.208
4436	48.125
4437	48.521
4438	48.062
4439	47.042
4440	47.375
4441	45.625
4442	47.833
4443	47.458
4444	47.25
4445	45.958
4446	46.542
4447	46.979
4448	48.312
4449	46.375
4450	46.833
4451	46.104
4452	47.562
4453	46.292
4454	46.208
4455	47.708
4456	45.979
4457	46.812
4458	48.021
4459	45.875
4460	46.229
4461	46.625
4462	48.188
4463	46.208
4464	46.208
4465	46.104
4466	46.542
4467	46.271
4468	45.833
4469	47.938
4470	45.542
4471	46.792
4472	47.25
4473	46.188
4474	45.354
4475	46.125
4476	45.75
4477	45.292
4478	45.146
4479	47.292
4480	56.688
4481	46.146
4482	45.667
4483	45.479
4484	44.792
4485	46.292
4486	46.458
4487	45.125
4488	44.938
4489	46.458
4490	45.167
4491	45.792
4492	46.854
4493	46.854
4494	44.771
4495	45.396
4496	45.771
4497	44.958
4498	44.542
4499	45.792
4500	46.208
4501	46.146
4502	46.604
4503	47.208
4504	45.833
4505	46.229
4506	45.5
4507	46.062
4508	45.604
4509	47.333
4510	46.188
4511	45.375
4512	45.083
4513	46.146
4514	44.833
4515	44.854
4516	44.688
4517	45.875
4518	43.667
4519	46.062
4520	45.396
4521	45.125
4522	44.354
4523	44.771
4524	45.521
4525	45.208
4526	45.333
4527	46.417
4528	44.812
4529	44.188
4530	44.875
4531	46.125
4532	44.188
4533	43.729
4534	46.354
4535	43.521
4536	45.083
4537	44.542
4538	46.062
4539	45.562
4540	44.75
4541	46.417
4542	44.833
4543	46.229
4544	45.958
4545	45.146
4546	44.958
4547	44.896
4548	46.812
4549	45.354
4550	45.604
4551	45.708
4552	45.146
4553	44.583
4554	45.812
4555	44.333
4556	44.938
4557	44.5
4558	45.5
4559	44.938
4560	46
4561	42.625
4562	44.083
4563	45.042
4564	52.438
4565	45.646
4566	44.812
4567	44.812
4568	45.021
4569	45.396
4570	44.083
4571	43.938
4572	45
4573	45.479
4574	43.896
4575	45.521
4576	45
4577	44.062
4578	45.042
4579	45.771
4580	44.521
4581	44.062
4582	44.688
4583	46.583
4584	45.292
4585	44.167
4586	44.521
4587	43.979
4588	45.75
4589	43.771
4590	43.896
4591	45.812
4592	44.688
4593	44.479
4594	43.896
4595	43.958
4596	45.292
4597	45.438
4598	45.271
4599	44.292
4600	44.417
4601	43.062
4602	44.375
4603	46.188
4604	43.875
4605	44.708
4606	45.312
4607	44.292
4608	44.479
4609	45.604
4610	44.333
4611	44.458
4612	48.438
4613	48.75
4614	54.167
4615	56.375
4616	57.104
4617	59.833
4618	60.667
4619	61.854
4620	63.146
4621	64.271
4622	65.167
4623	66.396
4624	66.438
4625	66.125
4626	67.875
4627	65.625
4628	66.729
4629	65.833
4630	64.854
4631	65.917
4632	64.896
4633	63.875
4634	64.292
4635	64.125
4636	63.583
4637	63.083
4638	63
4639	64.188
4640	62.646
4641	61.896
4642	62.604
4643	60.729
4644	61.062
4645	62.771
4646	61.833
4647	58.583
4648	61
4649	59.312
4650	59.021
4651	59.438
4652	58.229
4653	59.312
4654	56.875
4655	58.292
4656	59.208
4657	57.542
4658	56.292
4659	57.375
4660	57.833
4661	56.833
4662	57.188
4663	55.938
4664	56.021
4665	55.792
4666	55.729
4667	56.521
4668	55.125
4669	54.875
4670	55.812
4671	56.188
4672	55.104
4673	54.229
4674	55.979
4675	55.146
4676	54.521
4677	54.938
4678	53.792
4679	53.833
4680	52.146
4681	52.167
4682	51.979
4683	53.833
4684	52.75
4685	53.979
4686	52.188
4687	52.438
4688	54.75
4689	53.792
4690	52.104
4691	51.917
4692	51.812
4693	51.438
4694	52.354
4695	51.312
4696	52.458
4697	53.396
4698	50.896
4699	51.479
4700	51.458
4701	51.042
4702	49.979
4703	50.875
4704	51
4705	50.979
4706	50.833
4707	50.833
4708	51.25
4709	51.458
4710	49.542
4711	50.833
4712	51.188
4713	50.562
4714	49.542
4715	49.542
4716	49.896
4717	49.417
4718	49.812
4719	50.979
4720	49.417
4721	49.896
4722	48.938
4723	49.812
4724	49.021
4725	49.958
4726	48.333
4727	48.75
4728	48.5
4729	49.729
4730	48.521
4731	50.542
4732	48.667
4733	48.083
4734	48.979
4735	49.479
4736	48.125
4737	49.104
4738	48.562
4739	48.708
4740	48.646
4741	48.042
4742	47.354
4743	48.062
4744	48.646
4745	48
4746	48.604
4747	47.792
4748	46.354
4749	47.167
4750	46.833
4751	47.792
4752	48.333
4753	48.729
4754	47.396
4755	47.979
4756	48.812
4757	47.062
4758	46.958
4759	47.229
4760	47.125
4761	48.958
4762	47.333
4763	47.438
4764	48.312
4765	54.562
4766	46.729
4767	47.854
4768	55.042
4769	48.083
4770	46.667
4771	46.979
4772	47.479
4773	47.417
4774	46.542
4775	46.854
4776	47.146
4777	47.396
4778	47.896
4779	46.729
4780	46.792
4781	46.688
4782	45.833
4783	46.979
4784	44.979
4785	46.958
4786	46.167
4787	47.542
4788	46.646
4789	47.583
4790	45.271
4791	45.958
4792	45.729
4793	46.5
4794	45.75
4795	46.458
4796	45
4797	45.833
4798	46.354
4799	46.729
4800	45.583
4801	54.604
4802	54.688
4803	55.833
4804	56.292
4805	46.646
4806	45.812
4807	46.833
4808	47
4809	46.583
4810	45.5
4811	46.333
4812	44.917
4813	45.625
4814	47.375
4815	44.479
4816	46
4817	46.729
4818	45.5
4819	45.5
4820	47.25
4821	46.667
4822	45.417
4823	46.042
4824	45.25
4825	46.5
4826	45.938
4827	45.125
4828	44.833
4829	45.271
4830	45.646
4831	45
4832	46.062
4833	45.562
4834	46.312
4835	46.771
4836	45.583
4837	43.896
4838	44.146
4839	45.771
4840	45.5
4841	44.667
4842	45.917
4843	45.896
4844	44.896
4845	44.354
4846	44.312
4847	45.896
4848	45.521
4849	47.229
4850	44.354
4851	44.896
4852	45.312
4853	45.562
4854	45.917
4855	45.083
4856	44.417
4857	46.396
4858	44.229
4859	43.458
4860	45.417
4861	45.542
4862	44.521
4863	44.729
4864	44.333
4865	45.208
4866	45.208
4867	45.708
4868	45.688
4869	46.312
4870	44.396
4871	46.438
4872	44.979
4873	45.125
4874	45.667
4875	45.625
4876	44.729
4877	45.583
4878	43.708
4879	44.854
4880	45.125
4881	44.979
4882	44.104
4883	44.667
4884	44.417
4885	45.021
4886	43.771
4887	45.792
4888	45.396
4889	44.688
4890	44
4891	45.625
4892	43.896
4893	45.562
4894	44.583
4895	44.25
4896	45.479
4897	44.188
4898	44.042
4899	44.104
4900	43.625
4901	44.083
4902	43.167
4903	43.75
4904	45.688
4905	43.708
4906	44.292
4907	46.208
4908	44.917
4909	44.292
4910	44.688
4911	44.271
4912	44.646
4913	45.271
4914	44.875
4915	43.958
4916	43.208
4917	44.688
4918	44.688
4919	44.479
4920	44.646
4921	45.271
4922	43.375
4923	44.271
4924	44.375
4925	44.042
4926	45.25
4927	43.729
4928	43.958
4929	43.667
4930	44.667
4931	45.146
4932	43.229
4933	45.021
4934	44.833
4935	43.833
4936	42.625
4937	44.146
4938	43.229
4939	45.146
4940	43.562
4941	44.438
4942	42.625
4943	45
4944	43.417
4945	44.688
4946	44.396
4947	45.312
4948	43.479
4949	44.083
4950	43.583
4951	43.354
4952	43.521
4953	45.771
4954	43.208
4955	42.792
4956	43.521
4957	44.583
4958	46.646
4959	49.5
4960	52.229
4961	55.583
4962	55.979
4963	59.333
4964	58.208
4965	61.042
4966	62.583
4967	61.312
4968	62.833
4969	66.083
4970	65
4971	65.375
4972	65.562
4973	65.604
4974	65.667
4975	65.562
4976	62.542
4977	64.396
4978	62.979
4979	60.958
4980	63.562
4981	63.812
4982	63.542
4983	64.312
4984	64.688
4985	65.292
4986	65.312
4987	65.5
4988	64.042
4989	65.167
4990	63.562
4991	64.271
4992	64.562
4993	62.312
4994	61.396
4995	61.979
4996	62.833
4997	61.104
4998	61.125
4999	60.875
5000	62.083
5001	60.625
5002	59.667
5003	59.854
5004	59.458
5005	59.854
5006	60.958
5007	60.083
5008	59.042
5009	59.562
5010	58.604
5011	58.062
5012	57.125
5013	57.833
5014	57.25
5015	56.771
5016	57.771
5017	55.729
5018	56.042
5019	56.75
5020	54.354
5021	56.917
5022	57.146
5023	55.979
5024	56.667
5025	57.583
5026	55.833
5027	55.604
5028	56.667
5029	55.479
5030	54.917
5031	55.646
5032	55.396
5033	54.812
5034	55.25
5035	55.292
5036	53.75
5037	53.958
5038	54.521
5039	53.396
5040	53.771
5041	53.375
5042	53.5
5043	53.042
5044	52.292
5045	53.604
5046	52.646
5047	52.375
5048	53.833
5049	50.792
5050	52.875
5051	53.167
5052	53.75
5053	52.896
5054	51.396
5055	52.667
5056	51.521
5057	50.562
5058	52.042
5059	51.083
5060	51.083
5061	51.708
5062	50.562
5063	51.146
5064	51.167
5065	51.188
5066	49.646
5067	50.479
5068	50.271
5069	51.708
5070	50.604
5071	51.292
5072	48.188
5073	49.542
5074	49.188
5075	50.417
5076	50.833
5077	50.333
5078	49.875
5079	49.812
5080	50.25
5081	49.667
5082	50.875
5083	50.104
5084	49.312
5085	48.979
5086	50.417
5087	50.271
5088	50.021
5089	48.521
5090	50
5091	50.146
5092	50.396
5093	50.146
5094	48.562
5095	49.188
5096	47.5
5097	47.333
5098	47.875
5099	48.208
5100	47.938
5101	49.104
5102	47.333
5103	47.167
5104	48.958
5105	49.75
5106	48.562
5107	47.979
5108	48.625
5109	48.458
5110	48.75
5111	47.292
5112	48.083
5113	48.042
5114	47.458
5115	48.167
5116	49.333
5117	48.104
5118	48.833
5119	48.479
5120	47.771
5121	47.771
5122	47.125
5123	47.438
5124	46.312
5125	46.958
5126	48.271
5127	47.646
5128	46.583
5129	47.167
5130	47.458
5131	47.479
5132	47.104
5133	47.5
5134	46.354
5135	46.708
5136	47.25
5137	48.083
5138	47.729
5139	47.729
5140	46.271
5141	46.438
5142	46.146
5143	46.375
5144	47.583
5145	46.083
5146	46.396
5147	45.542
5148	44.938
5149	46.729
5150	46.979
5151	46.104
5152	46.625
5153	47.396
5154	44.667
5155	46.125
5156	45.208
5157	46.021
5158	44.917
5159	45.229
5160	45.042
5161	45.938
5162	55.917
5163	47.562
5164	45.188
5165	45.562
5166	46.146
5167	45.542
5168	44.729
5169	44.896
5170	44.312
5171	46.062
5172	45.646
5173	46.333
5174	46.271
5175	45.521
5176	45.458
5177	45.542
5178	45.792
5179	46
5180	45.333
5181	48.5
5182	55.458
5183	46.208
5184	44.542
5185	45.312
5186	46.438
5187	53.771
5188	45.75
5189	46.271
5190	54.396
5191	46.229
5192	45.375
5193	45.396
5194	46.562
5195	44.875
5196	44.229
5197	46.479
5198	45.292
5199	45.375
5200	46.479
5201	44.917
5202	46.938
5203	45.792
5204	45.958
5205	44.729
5206	43.792
5207	46.271
5208	46.104
5209	45.625
5210	46.25
5211	44.375
5212	45.167
5213	46.167
5214	44.958
5215	46.5
5216	45.458
5217	45.646
5218	44.979
5219	46.062
5220	45.062
5221	44.271
5222	45.333
5223	45.438
5224	44.021
5225	45.354
5226	45.083
5227	44.625
5228	44
5229	43.542
5230	44.688
5231	46.021
5232	44.396
5233	44.646
5234	44.125
5235	46
5236	45.188
5237	43.896
5238	43.833
5239	43.583
	
