1	60.364
2	59.227
3	59
4	60.818
5	60.159
6	59.432
7	61.136
8	59.227
9	59.955
10	61.682
11	62.727
12	67.295
13	74.091
14	79.136
15	84.591
16	87.523
17	89.25
18	94.364
19	96.432
20	98.136
21	98.682
22	101.386
23	102.045
24	105.705
25	107.614
26	107.409
27	106.364
28	108
29	108.614
30	110.523
31	107.295
32	105.386
33	109.023
34	107.273
35	110.023
36	108.682
37	109.318
38	110.818
39	111.568
40	111.386
41	113.295
42	111.932
43	112.455
44	112.227
45	113.455
46	110.5
47	111
48	110.5
49	109.864
50	107
51	107.659
52	105.455
53	106.977
54	107.705
55	106.614
56	104.386
57	104.068
58	103.636
59	103.114
60	103.182
61	103.455
62	101.682
63	102.318
64	103.432
65	101.636
66	101.136
67	100.614
68	101.523
69	99.091
70	98.591
71	99.091
72	99.682
73	99.5
74	98.159
75	97.864
76	96.841
77	96.75
78	95.364
79	95.205
80	94.955
81	96.523
82	95.318
83	94.227
84	96.455
85	94.568
86	94.386
87	92.295
88	94.045
89	92.114
90	92.091
91	90.773
92	92.591
93	90.727
94	89.886
95	91.75
96	90.614
97	90.159
98	87.659
99	90.25
100	89.841
101	90.114
102	88.773
103	88.409
104	87.864
105	88.386
106	89.727
107	87.545
108	86.455
109	86.386
110	84.568
111	86.091
112	85.295
113	85.75
114	85.386
115	85.659
116	85.364
117	84.659
118	83.545
119	84.705
120	83.591
121	82.091
122	84.227
123	83.341
124	82.273
125	84.159
126	81.727
127	83.432
128	82.659
129	81.523
130	80.886
131	81.727
132	82.227
133	80.568
134	79.455
135	80.682
136	80.727
137	80.841
138	79.773
139	80.886
140	79.023
141	79.545
142	78.591
143	78.159
144	78.341
145	78.477
146	78.023
147	75.75
148	78.273
149	77.364
150	77.795
151	77.045
152	77.955
153	78.295
154	76.545
155	76.182
156	74.886
157	75.182
158	75.136
159	73.818
160	74.886
161	75.273
162	74.273
163	76.136
164	73.886
165	76.091
166	73.659
167	73.614
168	74.455
169	75.409
170	74.455
171	73.659
172	72.75
173	74.318
174	73.818
175	73.341
176	73.068
177	71.932
178	72.136
179	71.25
180	71.727
181	72.977
182	72.205
183	73.795
184	72.364
185	71.955
186	71.477
187	70.818
188	71.068
189	70.841
190	71.432
191	69.545
192	69
193	69.5
194	68.773
195	70.159
196	68.386
197	70.205
198	68.705
199	68.705
200	69.955
201	67.409
202	68.886
203	70.636
204	69.409
205	68.659
206	68.159
207	67.932
208	66.659
209	68.227
210	66.795
211	67.864
212	66.795
213	67.455
214	66.864
215	66.773
216	66.977
217	67
218	67.773
219	66.659
220	66.273
221	66.273
222	66.75
223	67.045
224	66
225	67.591
226	65.636
227	66.205
228	66.364
229	67.159
230	65.977
231	67.523
232	65.568
233	66.545
234	65.659
235	65.727
236	65.614
237	66.182
238	64.932
239	65.977
240	64.205
241	65.341
242	65.659
243	65.455
244	64.455
245	65.045
246	66.659
247	64.773
248	64.386
249	64.273
250	64.568
251	65.455
252	64.773
253	65.068
254	64.727
255	65.091
256	64.591
257	64.864
258	63.523
259	64.409
260	65.182
261	65.205
262	63.977
263	65.864
264	65.318
265	64.682
266	65.023
267	63.773
268	63.205
269	63.205
270	63.159
271	63.318
272	63.159
273	64.273
274	63.318
275	64.409
276	62.886
277	65
278	63.045
279	64.409
280	63.659
281	62.25
282	62.545
283	63.705
284	63.795
285	63.045
286	63.932
287	62.523
288	61.432
289	62.523
290	61
291	62.455
292	63.386
293	62.409
294	61.977
295	62.75
296	60.932
297	62.568
298	63.25
299	63.091
300	61.727
301	62.409
302	62.955
303	62.341
304	62.295
305	62.205
306	61.705
307	62.341
308	62.386
309	63.295
310	61.477
311	63.523
312	63.341
313	61.932
314	61.114
315	61.614
316	62.432
317	60.205
318	60.977
319	62.795
320	61.841
321	62.795
322	63.318
323	63.727
324	63.273
325	60.75
326	60.705
327	62.727
328	61.795
329	62.705
330	62.955
331	62.409
332	59.977
333	61.432
334	60.273
335	60.818
336	62.386
337	62.295
338	60.818
339	62.295
340	63.159
341	61.432
342	60.864
343	61.091
344	60.75
345	60.205
346	60.045
347	60.318
348	62.136
349	61
350	60.114
351	62.182
352	59.977
353	61.182
354	59.909
355	58.886
356	59.455
357	61.295
358	60.659
359	61.25
360	60.955
361	61.068
362	61.273
363	60.614
364	60.705
365	62.5
366	62.295
367	61.545
368	60.909
369	60.205
370	61.045
371	62.409
372	61.386
373	62.795
374	60.364
375	60.864
376	61.955
377	60.545
378	61.318
379	59.045
380	60.318
381	61.886
382	61.068
383	59.864
384	61.273
385	62.045
386	60.477
387	61.205
388	61.159
389	60.545
390	63.886
391	60.159
392	60.386
393	60.205
394	59.409
395	59.886
396	60.318
397	62.25
398	60.659
399	61.409
400	60.318
401	60.659
402	58.773
403	60.205
404	60.159
405	59.659
406	59.705
407	58.205
408	59.886
409	58.909
410	60.455
411	61.364
412	59.523
413	59.659
414	60.682
415	59.341
416	60.386
417	60.091
418	62.25
419	58.841
420	62.545
421	60.227
422	58.977
423	59.273
424	60.591
425	59.841
426	60.864
427	59.841
428	60.023
429	59.841
430	61.932
431	61.727
432	60.273
433	59.727
434	59.25
435	60.636
436	61.977
437	61.477
438	60.682
439	59.205
440	59.023
441	63.977
442	69.068
443	74.273
444	78.545
445	83.886
446	86.727
447	87.5
448	91.045
449	94.159
450	94.455
451	98.409
452	99.909
453	102.114
454	102.318
455	103.909
456	103.773
457	106.114
458	105.568
459	107.114
460	104.159
461	104.864
462	103.523
463	106.386
464	104.977
465	105.273
466	103.795
467	103.205
468	105.455
469	102.727
470	103.364
471	103.386
472	100.659
473	102.182
474	101.659
475	100.636
476	99.568
477	100.591
478	99.523
479	99.659
480	99.886
481	97.159
482	98.182
483	97.477
484	98.091
485	94.318
486	96.159
487	95.114
488	94.659
489	98.159
490	94.864
491	95.568
492	93.591
493	94.955
494	94.773
495	91.727
496	92
497	92.455
498	92.159
499	91.591
500	89.409
501	90.409
502	88.523
503	92.455
504	89.932
505	88.409
506	89.795
507	88.818
508	88.091
509	88.864
510	88.386
511	87.886
512	86.409
513	87.636
514	86.205
515	87.25
516	86.068
517	84.773
518	86.091
519	85.682
520	83.477
521	83.75
522	85.273
523	85.864
524	83.909
525	84.727
526	83.977
527	81.932
528	81.705
529	83.886
530	82.295
531	81.114
532	82.364
533	81.25
534	82.045
535	80.636
536	79.932
537	82.136
538	79.886
539	78.977
540	79.477
541	80.5
542	79.795
543	78.886
544	79.045
545	78
546	78.705
547	79.205
548	78.023
549	78.659
550	77.75
551	77.909
552	78.386
553	79.045
554	78.409
555	76.568
556	77.25
557	76.227
558	75.909
559	76
560	74.75
561	76.341
562	73.727
563	76.136
564	76.227
565	75.364
566	74.295
567	75.341
568	73.591
569	73.114
570	75.295
571	74.773
572	73.864
573	74.659
574	74.318
575	73.545
576	73.023
577	72.705
578	72.818
579	71.477
580	71.477
581	72.455
582	72.182
583	73.205
584	72.273
585	70.591
586	71.727
587	70.114
588	72.295
589	71.386
590	70.477
591	71.114
592	70.227
593	71.409
594	70.477
595	71.205
596	69.409
597	70.795
598	70.455
599	71
600	68.659
601	71.523
602	70.023
603	70.182
604	69.727
605	68.909
606	69.023
607	68.205
608	69.773
609	67.159
610	68.364
611	69.636
612	67.523
613	68.114
614	66.114
615	67.136
616	66.75
617	67.364
618	67.341
619	67.727
620	67.886
621	67.568
622	67.364
623	66
624	67.023
625	67.091
626	68.091
627	67.386
628	66.386
629	66.568
630	64.227
631	66.091
632	65.864
633	65.773
634	66.886
635	64.909
636	65.818
637	65.773
638	65.705
639	63.795
640	65.523
641	65.182
642	64.864
643	65.091
644	64.795
645	63.727
646	63.955
647	63.545
648	63.227
649	64.341
650	64.432
651	64.545
652	64.25
653	64.659
654	64.477
655	63.614
656	65.5
657	65.455
658	64.25
659	65.227
660	64.341
661	63
662	62.091
663	63.977
664	63.545
665	64.364
666	61.727
667	63.864
668	63.886
669	63.455
670	65.023
671	61.045
672	63.318
673	62.273
674	64.273
675	63.295
676	63.432
677	63.682
678	62.545
679	62.818
680	61.955
681	63.25
682	65.295
683	63.545
684	61.909
685	64.455
686	63.364
687	63.159
688	62.682
689	62.273
690	62.659
691	62.727
692	62.773
693	61.705
694	62.818
695	61.682
696	62.545
697	61.227
698	62.409
699	65.136
700	63.023
701	61.364
702	64.182
703	62.227
704	62.295
705	62.364
706	61.636
707	61.773
708	61.295
709	62.5
710	61.977
711	62.114
712	62.318
713	61.841
714	63.114
715	63.136
716	62.5
717	63.364
718	61.705
719	61.386
720	61.727
721	61.659
722	63.409
723	62.727
724	61.818
725	61.818
726	62
727	62.114
728	60.909
729	62.205
730	61.205
731	62.091
732	60.545
733	62.068
734	62.795
735	62
736	60.659
737	63.705
738	66.182
739	73.091
740	77.205
741	80.864
742	84.159
743	85.818
744	90.545
745	93.545
746	94.205
747	95.227
748	98.841
749	101.295
750	101.386
751	103.614
752	102.795
753	102.455
754	101.864
755	103.955
756	101.136
757	102.341
758	103.114
759	102.477
760	102.636
761	100.523
762	102.159
763	101.023
764	101.295
765	99.864
766	98.273
767	97.364
768	97.205
769	97.682
770	96.75
771	96.341
772	96.523
773	96.727
774	96.955
775	95.841
776	95.091
777	93.114
778	94.705
779	93.136
780	93.091
781	93.114
782	92.136
783	91.864
784	92.182
785	92.159
786	92.568
787	89.591
788	89.795
789	90.523
790	89.341
791	90.955
792	89.932
793	90
794	90.136
795	89.25
796	88.841
797	88.205
798	87.023
799	87.477
800	88.432
801	87.136
802	85.636
803	87.136
804	87.477
805	86.159
806	86.091
807	85.841
808	84.318
809	85.5
810	82.75
811	85.523
812	85.636
813	84.023
814	85.614
815	84.727
816	81.955
817	83.364
818	83.614
819	81.773
820	81.045
821	81.909
822	80.955
823	81.705
824	79.75
825	80.182
826	79.773
827	81.568
828	79.227
829	79.477
830	79.318
831	81.25
832	80.205
833	80.182
834	77.955
835	78.568
836	78.705
837	77.455
838	77.659
839	78
840	75.341
841	76.114
842	75.977
843	76.795
844	77.545
845	75.886
846	76.227
847	75.386
848	75.477
849	75.364
850	75.409
851	74.432
852	76.227
853	75.75
854	75.977
855	74.773
856	75.205
857	73.727
858	73.705
859	74.136
860	73.773
861	72.886
862	73.636
863	74.841
864	73.068
865	73.295
866	72.591
867	71.364
868	72.864
869	71.227
870	72.045
871	72.909
872	71.909
873	71.364
874	70.227
875	72.091
876	71.5
877	71.75
878	69.705
879	70.477
880	70.955
881	70.295
882	71.636
883	69.705
884	70.705
885	67.909
886	68.773
887	70.091
888	68.568
889	70.273
890	69.568
891	70.273
892	70.386
893	70.068
894	70.182
895	69.25
896	67.545
897	68.25
898	69.545
899	69.205
900	68.182
901	67.909
902	68.295
903	69.341
904	68.727
905	67
906	67.364
907	68.273
908	67.5
909	68.205
910	67.136
911	67.659
912	66.75
913	66.727
914	68.455
915	66.068
916	68.25
917	65.341
918	66.864
919	66.682
920	66.818
921	66.841
922	65.432
923	65.818
924	66.591
925	65.386
926	66.795
927	65.182
928	65.636
929	65.591
930	64.727
931	66
932	64.636
933	64.955
934	66.045
935	65.114
936	65.114
937	66.409
938	64.568
939	65.955
940	65.25
941	64.909
942	64.273
943	65.727
944	64.75
945	64.523
946	63.705
947	64.477
948	64.136
949	63.068
950	65.364
951	64.795
952	65.273
953	64.523
954	64.25
955	65.773
956	64.386
957	63.477
958	63.205
959	63.25
960	64.523
961	63.159
962	63.409
963	63.818
964	63.023
965	64.477
966	63.705
967	64.977
968	63.159
969	63.614
970	64.977
971	63.409
972	62.364
973	62.318
974	63.568
975	63.114
976	61.75
977	62.432
978	63.705
979	61.841
980	62.227
981	63.477
982	62.705
983	63.614
984	62.477
985	62.636
986	63.909
987	62.682
988	62.909
989	62.727
990	63.523
991	61.159
992	61.432
993	63.227
994	63.614
995	62.318
996	61.818
997	62.659
998	62.409
999	62.455
1000	64.341
1001	63.386
1002	62.864
1003	62.045
1004	61.477
1005	61.25
1006	60.818
1007	61.705
1008	63
1009	62.727
1010	62.068
1011	61.841
1012	63.386
1013	61.614
1014	60.841
1015	61.295
1016	61.773
1017	60.295
1018	62.659
1019	61.841
1020	61.045
1021	60.795
1022	60.455
1023	62.818
1024	61.045
1025	61.205
1026	63.477
1027	62.477
1028	62.023
1029	62.727
1030	62.023
1031	63.773
1032	60.614
1033	62.091
1034	63.932
1035	63.659
1036	61.795
1037	60.523
1038	62.295
1039	61.909
1040	61.659
1041	61.341
1042	60.886
1043	62.273
1044	62.773
1045	60.955
1046	62.114
1047	61.432
1048	62.727
1049	60.977
1050	61.409
1051	61.432
1052	62.455
1053	61.864
1054	61.364
1055	61.045
1056	61.045
1057	61.818
1058	60.25
1059	63.318
1060	62.045
1061	60.455
1062	60.886
1063	60.841
1064	62.386
1065	60.682
1066	62.5
1067	61.659
1068	60.682
1069	61.477
1070	62.182
1071	62.568
1072	60.636
1073	59.364
1074	61.864
1075	61.227
1076	61.932
1077	61.568
1078	61.386
1079	62.568
1080	61.477
1081	61.295
1082	61.932
1083	61.114
1084	61.659
1085	62.182
1086	61.182
1087	62.318
1088	63.273
1089	61.477
1090	61.227
1091	61.318
1092	60.682
1093	60.568
1094	60.909
1095	60.818
1096	61.159
1097	60.568
1098	60.455
1099	60.545
1100	60.659
1101	60.227
1102	61.273
1103	59.545
1104	60.432
1105	60.886
1106	60.932
1107	60.5
1108	60.295
1109	60.75
1110	59.932
1111	61.864
1112	59.955
1113	60.477
1114	59.568
1115	60.545
1116	59.727
1117	59.682
1118	59.341
1119	60.182
1120	60.909
1121	59.909
1122	60.659
1123	59.773
1124	60.273
1125	60.114
1126	59.068
1127	60.841
1128	59.932
1129	60.341
1130	59.568
1131	59.727
1132	59.886
1133	59.591
1134	60.795
1135	60.682
1136	60.341
1137	60.227
1138	59.409
1139	60.25
1140	60.932
1141	61.045
1142	60.182
1143	60.295
1144	58.886
1145	60.114
1146	60.409
1147	60.955
1148	60.227
1149	60.386
1150	60.182
1151	60.591
1152	61.205
1153	60.227
1154	62.614
1155	59.182
1156	61.091
1157	60.023
1158	60.523
1159	61.477
1160	59.841
1161	60.114
1162	59.091
1163	61.841
1164	60.114
1165	60.614
1166	61.364
1167	60.75
1168	60.636
1169	62.886
1170	68.023
1171	71.227
1172	76.273
1173	81.614
1174	84.795
1175	88.364
1176	90.091
1177	92.25
1178	92.682
1179	95.182
1180	97.682
1181	98.477
1182	102.023
1183	99.568
1184	102.5
1185	101.5
1186	100.886
1187	101.045
1188	99.955
1189	100.205
1190	101.545
1191	100.591
1192	100.182
1193	100.568
1194	101.477
1195	99.886
1196	99.682
1197	98.659
1198	99.705
1199	96.227
1200	97.523
1201	96.432
1202	96.273
1203	98.955
1204	99.614
1205	100.273
1206	103.114
1207	103.795
1208	103.045
1209	104.136
1210	104.364
1211	102.068
1212	103.159
1213	101.091
1214	101.614
1215	101.045
1216	102.591
1217	100.932
1218	98.273
1219	100.705
1220	98.091
1221	97.455
1222	98.591
1223	97.886
1224	97.568
1225	96.295
1226	97.409
1227	98
1228	96.205
1229	95.5
1230	92.841
1231	95.886
1232	95.045
1233	94.886
1234	94.091
1235	93.068
1236	94.023
1237	91.705
1238	93.818
1239	91.955
1240	91.455
1241	89.023
1242	92.364
1243	89.659
1244	90.023
1245	90.841
1246	89.773
1247	88.773
1248	89.25
1249	88.932
1250	87.932
1251	88.636
1252	89.568
1253	90.273
1254	87.591
1255	87.386
1256	86.136
1257	88.182
1258	87.5
1259	86.227
1260	87.182
1261	86.364
1262	86.75
1263	86.432
1264	85.409
1265	83.545
1266	86.25
1267	84.773
1268	84.386
1269	85.205
1270	83.227
1271	83.295
1272	82.568
1273	83.205
1274	82.932
1275	83.545
1276	80.955
1277	82.205
1278	83.227
1279	81.841
1280	82.091
1281	81.136
1282	79.886
1283	81.636
1284	79.795
1285	80.25
1286	79.886
1287	79.659
1288	79.795
1289	79.341
1290	77.886
1291	78.045
1292	77.864
1293	79
1294	78.364
1295	77.75
1296	77.364
1297	77.818
1298	77.318
1299	76.114
1300	76.159
1301	76.205
1302	78.386
1303	77.477
1304	74.705
1305	76.182
1306	76.227
1307	75.341
1308	76.273
1309	74.023
1310	74.75
1311	73.114
1312	74.864
1313	75.682
1314	74.545
1315	73.409
1316	73.705
1317	73.773
1318	73.659
1319	73.909
1320	73.5
1321	72.5
1322	71.795
1323	72.25
1324	70.523
1325	73.568
1326	72.068
1327	71.523
1328	71.705
1329	73.341
1330	72.227
1331	72.364
1332	72.682
1333	71.614
1334	73.318
1335	71.205
1336	71.477
1337	70.318
1338	69.136
1339	70.659
1340	71.386
1341	69.727
1342	71.159
1343	68.386
1344	70.773
1345	67.864
1346	68.318
1347	69.364
1348	68.318
1349	68.841
1350	67.977
1351	68.523
1352	67.773
1353	69.545
1354	67.159
1355	67.432
1356	67.886
1357	68.795
1358	67.841
1359	68.318
1360	67.75
1361	68.977
1362	66.386
1363	66.955
1364	67
1365	68.614
1366	66.864
1367	67.068
1368	66.795
1369	66.841
1370	68.932
1371	68.205
1372	67.023
1373	67.568
1374	66.136
1375	65.977
1376	66.205
1377	66.727
1378	66.091
1379	66.636
1380	65.864
1381	67.5
1382	64.614
1383	68.182
1384	65.409
1385	66.545
1386	65.841
1387	65.773
1388	65.455
1389	64.5
1390	64.432
1391	64.659
1392	63.591
1393	65.636
1394	65.205
1395	65.386
1396	65.909
1397	65.045
1398	65.932
1399	64.705
1400	64.795
1401	64.341
1402	66.023
1403	63.659
1404	64.273
1405	64.977
1406	64.341
1407	63.705
1408	63.295
1409	64.636
1410	64.795
1411	64.091
1412	63.773
1413	64.773
1414	63.568
1415	64.795
1416	63.909
1417	64.682
1418	63.341
1419	63.364
1420	63.341
1421	64.068
1422	63.159
1423	63.818
1424	63.386
1425	63.409
1426	63.5
1427	64.841
1428	63.227
1429	62.932
1430	62.318
1431	63.659
1432	63
1433	64.386
1434	62.932
1435	62.318
1436	64.25
1437	63.523
1438	62.273
1439	64.341
1440	61.841
1441	61.886
1442	62.136
1443	61.705
1444	62.477
1445	61.727
1446	62.068
1447	62.591
1448	62.273
1449	64.932
1450	61.318
1451	63.182
1452	63.682
1453	62.659
1454	62.864
1455	63.023
1456	63.045
1457	61.614
1458	61.636
1459	62.5
1460	61.727
1461	63.091
1462	61.818
1463	62.545
1464	61.727
1465	62.864
1466	61.341
1467	62.432
1468	62.545
1469	62.159
1470	61.318
1471	61.545
1472	61.977
1473	61.705
1474	61.818
1475	60.023
1476	60.727
1477	60.545
1478	61.386
1479	61.477
1480	60.341
1481	63.068
1482	59.5
1483	60.75
1484	59.091
1485	62.295
1486	61.386
1487	60.409
1488	61.068
1489	61.023
1490	61.273
1491	61.295
1492	61.295
1493	61.318
1494	59.75
1495	61.545
1496	60.545
1497	60.091
1498	60.318
1499	60.659
1500	62.455
1501	62.364
1502	61.909
1503	62.841
1504	63.932
1505	61.568
1506	60.909
1507	62.182
1508	62.341
1509	62.341
1510	62.114
1511	61.523
1512	61.841
1513	61.023
1514	61.455
1515	62.205
1516	61.727
1517	61.795
1518	61.682
1519	60.795
1520	61.568
1521	60.795
1522	60.795
1523	62.455
1524	60.205
1525	61.432
1526	62.455
1527	61.523
1528	61.205
1529	62.727
1530	61.545
1531	60.636
1532	61.818
1533	61.591
1534	60.795
1535	60.955
1536	61.545
1537	59.568
1538	61.432
1539	60.023
1540	60.773
1541	61.568
1542	60.614
1543	61.705
1544	60.409
1545	59.545
1546	60.25
1547	61.568
1548	61.386
1549	61.045
1550	60.341
1551	59.818
1552	59.386
1553	60.636
1554	61.136
1555	60.227
1556	60.705
1557	62.636
1558	61.273
1559	60.5
1560	63.091
1561	60.455
1562	60.136
1563	61.386
1564	60.432
1565	59.841
1566	61.341
1567	60.364
1568	60.455
1569	61.773
1570	61.045
1571	61.273
1572	59.182
1573	61.75
1574	59.909
1575	60.955
1576	59.591
1577	60.341
1578	59.568
1579	60.045
1580	60.955
1581	61.182
1582	60.409
1583	60.727
1584	60.227
1585	60.045
1586	60.727
1587	60.545
1588	62.273
1589	67.364
1590	71.477
1591	77.182
1592	78.932
1593	81.455
1594	83.795
1595	87.477
1596	90.705
1597	63.045
1598	94.568
1599	96.5
1600	94.545
1601	96.114
1602	97.091
1603	97.977
1604	97.727
1605	97.5
1606	99.591
1607	99.841
1608	98.705
1609	99.136
1610	99.977
1611	98.227
1612	97.023
1613	96.682
1614	97.386
1615	95.727
1616	96.182
1617	95.409
1618	94.523
1619	94.023
1620	94.545
1621	93.955
1622	93.045
1623	94.25
1624	94.023
1625	92.523
1626	93.045
1627	93.455
1628	90.727
1629	92.682
1630	90.977
1631	91.477
1632	91.091
1633	89.114
1634	89.205
1635	89.705
1636	89.068
1637	89.818
1638	88.045
1639	89.25
1640	87.227
1641	88.159
1642	87.545
1643	85.795
1644	86.273
1645	86.455
1646	86.091
1647	87.227
1648	84.136
1649	85.886
1650	84.5
1651	86.045
1652	83
1653	83.795
1654	84.068
1655	83.727
1656	82.273
1657	84.409
1658	83.091
1659	81.295
1660	81.227
1661	80.886
1662	81.977
1663	81.455
1664	82.091
1665	80.114
1666	80.659
1667	81.841
1668	79.659
1669	80.432
1670	77.659
1671	79.205
1672	79.818
1673	78.318
1674	78.864
1675	78.614
1676	76.795
1677	78.727
1678	78
1679	77.409
1680	76.5
1681	77.136
1682	78.136
1683	75.864
1684	76.773
1685	75.182
1686	76.091
1687	77.5
1688	75.568
1689	75.341
1690	75.455
1691	74.682
1692	75.136
1693	75.773
1694	74.432
1695	72.727
1696	75.045
1697	73
1698	73.364
1699	72.773
1700	72.477
1701	72.455
1702	72.545
1703	73
1704	72.386
1705	71.273
1706	71.523
1707	72.841
1708	72.114
1709	72.977
1710	71.932
1711	73.386
1712	71.682
1713	72.023
1714	70.386
1715	71.341
1716	71.227
1717	71.136
1718	69.841
1719	71.159
1720	73.114
1721	70.318
1722	70.386
1723	69.955
1724	69.932
1725	70.455
1726	70.909
1727	66.977
1728	68.568
1729	68.682
1730	70.25
1731	69.636
1732	68.909
1733	68.614
1734	69.545
1735	68.523
1736	69.614
1737	69.159
1738	69.091
1739	67.705
1740	68.273
1741	68.932
1742	68.477
1743	68.386
1744	67.705
1745	68.386
1746	67.091
1747	68.318
1748	68.364
1749	66.682
1750	65.432
1751	67.318
1752	67.705
1753	67.886
1754	66.5
1755	65.523
1756	66.795
1757	66.273
1758	65.932
1759	65.659
1760	66.205
1761	67.614
1762	64.864
1763	66.818
1764	64.977
1765	65.568
1766	66.727
1767	66
1768	64.795
1769	67.523
1770	65.227
1771	66.227
1772	64.523
1773	65.636
1774	65.432
1775	65.091
1776	65.318
1777	64.386
1778	66.045
1779	65.227
1780	65.455
1781	65.75
1782	64.386
1783	65.591
1784	65.136
1785	64.614
1786	63.75
1787	63.682
1788	64.409
1789	65.341
1790	63.205
1791	64.045
1792	63.75
1793	64.818
1794	63.773
1795	64.5
1796	64.932
1797	64.205
1798	63.341
1799	63.909
1800	64.227
1801	63.659
1802	64.386
1803	62.977
1804	61.591
1805	62.682
1806	63.75
1807	62.318
1808	61.455
1809	63.568
1810	63.932
1811	61.955
1812	63.75
1813	62.932
1814	62.318
1815	63.409
1816	63.75
1817	63.273
1818	64.182
1819	63.341
1820	62.386
1821	62.273
1822	62.523
1823	62.818
1824	62.818
1825	63.091
1826	62.705
1827	63.841
1828	61.773
1829	62.727
1830	63.318
1831	63.523
1832	61.909
1833	63.205
1834	63.091
1835	62.886
1836	63.364
1837	62.773
1838	61.614
1839	63.205
1840	63.136
1841	60.75
1842	64.523
1843	70.114
1844	72.545
1845	78.136
1846	80.909
1847	85.75
1848	87.136
1849	89.273
1850	91.432
1851	92.568
1852	95.659
1853	96.136
1854	98.545
1855	98.386
1856	98.75
1857	98.568
1858	98.545
1859	99.432
1860	97.977
1861	98.636
1862	96.909
1863	95.432
1864	95.25
1865	97.364
1866	96.068
1867	94.25
1868	96.659
1869	94.795
1870	92.932
1871	93.886
1872	92.864
1873	92.114
1874	92.182
1875	91.432
1876	90.636
1877	91.432
1878	89.864
1879	89.136
1880	90.159
1881	89.159
1882	89.341
1883	87.705
1884	86.955
1885	86.977
1886	88.091
1887	89.273
1888	86.727
1889	87.318
1890	85.773
1891	88.341
1892	86.023
1893	86.432
1894	84.955
1895	84.818
1896	84.432
1897	85.227
1898	83.477
1899	84.75
1900	83.227
1901	82
1902	81.705
1903	83.136
1904	82.568
1905	84.705
1906	80.455
1907	83.432
1908	82.977
1909	82.432
1910	81.477
1911	81.455
1912	81.682
1913	81.341
1914	80.159
1915	80.341
1916	80.409
1917	80.591
1918	79.773
1919	78.182
1920	79.977
1921	79.955
1922	76.386
1923	78.205
1924	77.659
1925	77.182
1926	77.523
1927	77.841
1928	75.409
1929	77.75
1930	76.727
1931	78.841
1932	75.932
1933	75.295
1934	76
1935	76.75
1936	76.818
1937	73.705
1938	75.75
1939	74.591
1940	74.5
1941	75.636
1942	73.227
1943	74.932
1944	74.295
1945	74.636
1946	74.614
1947	72.864
1948	74.705
1949	73.727
1950	73.409
1951	73.955
1952	73.023
1953	71.977
1954	72
1955	73.705
1956	71.545
1957	72.705
1958	73.068
1959	71.568
1960	72.091
1961	72.545
1962	70.841
1963	72.114
1964	69.614
1965	71.955
1966	71.795
1967	71.182
1968	70.568
1969	71.341
1970	70.295
1971	70.295
1972	68.773
1973	69
1974	69.795
1975	69.523
1976	69.636
1977	68.795
1978	68.886
1979	69.091
1980	68.5
1981	67.136
1982	66.477
1983	69.045
1984	69.955
1985	68
1986	68.159
1987	67.409
1988	67.682
1989	67.773
1990	66.614
1991	68.023
1992	66.636
1993	67.909
1994	66.727
1995	65.773
1996	65.364
1997	65.864
1998	67.114
1999	66.5
2000	66.795
2001	66.545
2002	66.75
2003	67.364
2004	67.318
2005	66.841
2006	66.159
2007	66.341
2008	65.545
2009	66.705
2010	66.591
2011	65.909
2012	66.114
2013	65.136
2014	66.023
2015	66.159
2016	66.136
2017	64.932
2018	64.25
2019	64.841
2020	64.977
2021	65.795
2022	63.114
2023	65.068
2024	64.432
2025	65.295
2026	64.159
2027	64.068
2028	63.818
2029	64.818
2030	63.5
2031	64.727
2032	64.364
2033	64.545
2034	64.295
2035	63.205
2036	64.841
2037	63.818
2038	62.682
2039	64.114
2040	63.545
2041	63.068
2042	63.773
2043	62.273
2044	64.295
2045	63.886
2046	63.886
2047	64.545
2048	63.5
2049	62.955
2050	63.455
2051	61.682
2052	62.591
2053	63.705
2054	62.955
2055	63.341
2056	62.932
2057	64.045
2058	63.045
2059	64.727
2060	62.977
2061	62.705
2062	63.25
2063	63.727
2064	64.136
2065	63.045
2066	62.568
2067	63.795
2068	63.932
2069	63.886
2070	60.091
2071	62.227
2072	60.545
2073	63.955
2074	62.386
2075	62.25
2076	63.068
2077	62.114
2078	63.091
2079	62.955
2080	62.386
2081	63.682
2082	61.864
2083	62.568
2084	60.864
2085	62.773
2086	61.182
2087	63.068
2088	61.364
2089	62.705
2090	61.75
2091	59.545
2092	61.614
2093	61.955
2094	62.818
2095	62.182
2096	61.091
2097	63.841
2098	61.614
2099	63.682
2100	62.886
2101	62.614
2102	63.568
2103	64.409
2104	61.5
2105	61.977
2106	61.705
2107	62.864
2108	60.614
2109	62.341
2110	62.295
2111	61.909
2112	61.932
2113	62.5
2114	62.114
2115	60
2116	61.886
2117	61.023
2118	61.523
2119	61.932
2120	60.25
2121	61.295
2122	61.114
2123	61.227
2124	61.75
2125	61.886
2126	61.023
2127	62.545
2128	61.773
2129	62.068
2130	61.977
2131	61.864
2132	61.341
2133	63.455
2134	60.682
2135	60.841
2136	61.318
2137	63.614
2138	60.341
2139	61
2140	62.318
2141	61.568
2142	60.909
2143	61.432
2144	61.523
2145	62.068
2146	61.227
2147	60.909
2148	62.75
2149	61.023
2150	61.614
2151	60.523
2152	60.705
2153	59.955
2154	60.636
2155	60.455
2156	59.545
2157	60.295
2158	61.614
2159	61.545
2160	61.773
2161	59.545
2162	61.477
2163	61.182
2164	60.432
2165	59.932
2166	59.955
2167	60.773
2168	60.795
2169	59.682
2170	62.409
2171	60.455
2172	61.341
2173	61.136
2174	60.909
2175	62.364
2176	59.545
2177	58.705
2178	60.545
2179	60.955
2180	61.114
2181	59.909
2182	59.477
2183	60.136
2184	62.068
2185	60.977
2186	61.5
2187	60.341
2188	63.182
2189	67.568
2190	72.023
2191	75.295
2192	78.091
2193	80.568
2194	84.841
2195	86.409
2196	89.136
2197	89.909
2198	92.227
2199	91.727
2200	93.841
2201	95.136
2202	94.136
2203	95.045
2204	95.227
2205	96.477
2206	96.045
2207	96.909
2208	94.864
2209	96.977
2210	95.455
2211	97.295
2212	94.841
2213	95.409
2214	95.75
2215	95.682
2216	93.205
2217	93.727
2218	95.364
2219	93.136
2220	91.455
2221	91.909
2222	89.818
2223	93.114
2224	90.318
2225	89.727
2226	89.409
2227	88.659
2228	89.568
2229	89.705
2230	88.182
2231	88.636
2232	88.591
2233	86.568
2234	87.682
2235	86.682
2236	86.5
2237	87.636
2238	87.409
2239	85.864
2240	83.886
2241	86.864
2242	87.591
2243	84.909
2244	83.886
2245	86.25
2246	83.545
2247	83.455
2248	82.432
2249	82.886
2250	83.455
2251	81.886
2252	80.955
2253	82.136
2254	81.636
2255	83.205
2256	82.909
2257	82.273
2258	79.818
2259	81.25
2260	79.273
2261	79.341
2262	79.636
2263	78.273
2264	78.795
2265	78.682
2266	78.545
2267	79.659
2268	80.136
2269	79.273
2270	76.795
2271	78.364
2272	77.455
2273	80.432
2274	78.273
2275	77.705
2276	75.818
2277	77.432
2278	77.455
2279	75.705
2280	75.841
2281	76.364
2282	75.864
2283	75.955
2284	76.114
2285	75.409
2286	75.136
2287	76
2288	74.295
2289	75.682
2290	75.614
2291	74.159
2292	72.386
2293	74.818
2294	74.682
2295	72.864
2296	73.295
2297	72.5
2298	73.841
2299	73.341
2300	73.091
2301	71.909
2302	72.977
2303	73.091
2304	70.75
2305	72.227
2306	72.591
2307	71.659
2308	73.25
2309	71.432
2310	71.977
2311	71.818
2312	72.659
2313	72.182
2314	71.591
2315	70.545
2316	70.432
2317	70.75
2318	70.864
2319	71.159
2320	70.705
2321	69.955
2322	69.955
2323	70.273
2324	69.227
2325	70.364
2326	69.932
2327	69.068
2328	68.432
2329	68.682
2330	67.727
2331	67.341
2332	69.114
2333	67.864
2334	67.523
2335	68.864
2336	68.295
2337	68.614
2338	68.795
2339	68
2340	68.727
2341	67.136
2342	68.045
2343	67.795
2344	67.25
2345	67.864
2346	67.932
2347	66.455
2348	67.386
2349	68.114
2350	67.205
2351	65.432
2352	66.455
2353	66.523
2354	68.477
2355	67.864
2356	65.909
2357	67.159
2358	66.386
2359	66.909
2360	66.045
2361	65.5
2362	66.045
2363	67.023
2364	64.727
2365	67.136
2366	64.795
2367	64.659
2368	65.432
2369	64.614
2370	65.977
2371	65.977
2372	66.727
2373	66.205
2374	65.409
2375	64.591
2376	65.364
2377	65.341
2378	66.523
2379	65.682
2380	65.318
2381	65.091
2382	65.25
2383	61.909
2384	65.114
2385	63.614
2386	64.682
2387	64.977
2388	63.591
2389	63.364
2390	63.886
2391	63
2392	62.75
2393	65.614
2394	64.273
2395	65.977
2396	70.591
2397	74.205
2398	77.159
2399	80.909
2400	82.795
2401	86.636
2402	88.023
2403	90.045
2404	90.659
2405	92.114
2406	94.25
2407	95.227
2408	95.5
2409	93.386
2410	94.136
2411	95.023
2412	95.682
2413	95.841
2414	95.955
2415	96.023
2416	95.568
2417	95.977
2418	96.955
2419	97.841
2420	95.136
2421	96.182
2422	96.114
2423	95.295
2424	93.114
2425	92.295
2426	93.318
2427	92.205
2428	91.432
2429	91.75
2430	92.364
2431	91.455
2432	91.795
2433	90.523
2434	89.205
2435	88.636
2436	89.727
2437	88.023
2438	87.886
2439	88.136
2440	87.591
2441	86.682
2442	89.205
2443	88.477
2444	85.818
2445	87.409
2446	86.591
2447	86
2448	85.182
2449	86.636
2450	85.182
2451	84.523
2452	84.5
2453	85.455
2454	85.773
2455	85.182
2456	85.068
2457	85.523
2458	84.409
2459	84
2460	84.318
2461	82.614
2462	82.932
2463	83.591
2464	83.318
2465	83.932
2466	82.659
2467	81.432
2468	81.432
2469	83.705
2470	81.068
2471	81.523
2472	80.136
2473	80.25
2474	80
2475	80.455
2476	80.114
2477	78.659
2478	78.432
2479	78.977
2480	79.182
2481	77.727
2482	79.205
2483	79.432
2484	78.432
2485	77.636
2486	77.977
2487	77.727
2488	77.273
2489	78
2490	77.909
2491	77.636
2492	76.659
2493	76.773
2494	78.5
2495	74.818
2496	75.568
2497	75.591
2498	73.909
2499	74.75
2500	75.045
2501	74.068
2502	75.955
2503	74.386
2504	72.114
2505	75.068
2506	74.227
2507	73.773
2508	71.909
2509	73.205
2510	73.545
2511	72.909
2512	75.045
2513	73.205
2514	73.273
2515	72.568
2516	72.932
2517	72.705
2518	73.227
2519	72.636
2520	72.614
2521	72.523
2522	70.545
2523	71.727
2524	71.455
2525	71.432
2526	70.25
2527	70.227
2528	71.114
2529	69.818
2530	71.75
2531	70.091
2532	70.455
2533	71.977
2534	71.75
2535	75.432
2536	77.727
2537	83.159
2538	86.705
2539	89.068
2540	89.432
2541	90.386
2542	92.841
2543	93.5
2544	95.432
2545	98.068
2546	97.432
2547	97.341
2548	96.886
2549	97
2550	99.432
2551	96.705
2552	97.477
2553	96.068
2554	96.25
2555	97.523
2556	93.023
2557	94.386
2558	93.636
2559	95.159
2560	94.841
2561	92.682
2562	93.318
2563	93.045
2564	91.977
2565	91.364
2566	91.5
2567	89.591
2568	91.182
2569	89.773
2570	89.75
2571	89.455
2572	87.25
2573	87.477
2574	87.25
2575	88.091
2576	87.841
2577	87.364
2578	87.045
2579	88
2580	87.341
2581	86.25
2582	86.955
2583	87.477
2584	85.159
2585	85.841
2586	86.045
2587	84.591
2588	83.773
2589	84.614
2590	84.636
2591	83.864
2592	82.568
2593	82.955
2594	82.523
2595	84.182
2596	82.955
2597	83.25
2598	82.614
2599	82.523
2600	83.682
2601	78.477
2602	82.682
2603	80.977
2604	82.045
2605	82.432
2606	82.023
2607	80.75
2608	79.5
2609	79.25
2610	82.386
2611	80.295
2612	79.205
2613	79.273
2614	80.864
2615	81.75
2616	79.727
2617	79.227
2618	78.25
2619	78.886
2620	77.864
2621	78.045
2622	76.932
2623	75.636
2624	77.5
2625	77.318
2626	78.409
2627	76.432
2628	76.182
2629	78.182
2630	77.068
2631	75.636
2632	75.705
2633	67.818
2634	76.477
2635	75.977
2636	73.068
2637	74.841
2638	73.773
2639	74.545
2640	74.432
2641	74.477
2642	74.545
2643	72.727
2644	74.523
2645	75.205
2646	73.591
2647	74.114
2648	73.136
2649	72.955
2650	72.364
2651	71.955
2652	72.659
2653	73.432
2654	72.136
2655	71.364
2656	72.682
2657	70.068
2658	72.205
2659	71.591
2660	70.841
2661	69.773
2662	69.318
2663	70.705
2664	72.432
2665	71.023
2666	70.295
2667	70.295
2668	68.568
2669	69.795
2670	70.841
2671	69.864
2672	68.864
2673	68.727
2674	69.091
2675	68.455
2676	68.818
2677	69.705
2678	68.182
2679	68.864
2680	68.409
2681	67.341
2682	67.205
2683	66.886
2684	68.227
2685	67.182
2686	69.5
2687	68
2688	67.795
2689	66.477
2690	67.727
2691	66.5
2692	66.023
2693	67.841
2694	68.5
2695	68.545
2696	66.932
2697	66.591
2698	66.318
2699	66.795
2700	65.591
2701	66.114
2702	65.705
2703	65.136
2704	65.955
2705	66.977
2706	66.341
2707	66.955
2708	66.023
2709	64.364
2710	64.659
2711	64.932
2712	64.068
2713	65.182
2714	65.114
2715	65.205
2716	64.364
2717	65.068
2718	63.705
2719	64.205
2720	63.614
2721	65.25
2722	64.341
2723	64.023
2724	63.591
2725	64.773
2726	64.727
2727	65.455
2728	63.25
2729	64.523
2730	65.091
2731	63.659
2732	63.818
2733	64.25
2734	62.295
2735	64.614
2736	63.591
2737	65.568
2738	63.773
2739	64.773
2740	64.955
2741	63.318
2742	64.568
2743	63.909
2744	64.023
2745	62.977
2746	63.523
2747	64.409
2748	62.841
2749	61.25
2750	63.341
2751	63.795
2752	64.636
2753	62.909
2754	62.205
2755	64.182
2756	63.818
2757	62.818
2758	62.977
2759	63.091
2760	63.477
2761	61.614
2762	62.727
2763	61.955
2764	61.795
2765	62.318
2766	62.432
2767	62.068
2768	63.136
2769	61.091
2770	62.182
2771	62.068
2772	61.955
2773	61.682
2774	61.045
2775	62.659
2776	61.636
2777	62.705
2778	62.727
2779	62.295
2780	61.045
2781	63.386
2782	62.568
2783	63.068
2784	62.773
2785	61.386
2786	61.568
2787	62.75
2788	61.75
2789	62.955
2790	61.25
2791	61.659
2792	61.932
2793	62.25
2794	60.705
2795	61.773
2796	61.773
2797	62.205
2798	62.182
2799	63.182
2800	61.614
2801	62.091
2802	61.159
2803	60.659
2804	60.409
2805	62.068
2806	61
2807	61.864
2808	61.136
2809	60.977
2810	59.659
2811	62.75
2812	62.5
2813	60.818
2814	59.909
2815	60.318
2816	59.659
2817	60.909
2818	61.795
2819	61.318
2820	61.886
2821	61
2822	60.773
2823	60.841
2824	61.114
2825	60.182
2826	61.545
2827	60.841
2828	60.705
2829	62.318
2830	61.727
2831	60.682
2832	61.682
2833	61.432
2834	61.159
2835	61.205
2836	60.795
2837	60.864
2838	60.432
2839	60.909
2840	61.909
2841	63.477
2842	60.318
2843	61.545
2844	62.614
2845	61.636
2846	62.136
2847	61.159
2848	61.25
2849	61.545
2850	60.5
2851	61.295
2852	61.205
2853	61.045
2854	61.773
2855	59.75
2856	59.455
2857	61.591
2858	61.295
2859	60.864
2860	60.841
2861	60.75
2862	59.364
2863	60.432
2864	59.886
2865	61.477
2866	60.955
2867	61.205
2868	61.136
2869	60.568
2870	60.545
2871	59.318
2872	60.409
2873	60.545
2874	59.773
2875	61.591
2876	60.182
2877	60.545
2878	60.614
2879	61.841
2880	62.659
2881	65.364
2882	68.409
2883	72.273
2884	76.477
2885	77.682
2886	79.932
2887	83.591
2888	85.273
2889	85.977
2890	88.5
2891	88.568
2892	89.864
2893	92.295
2894	94.045
2895	94.364
2896	93.659
2897	92.386
2898	94
2899	93.318
2900	91.136
2901	91.523
2902	93.432
2903	91.364
2904	91.114
2905	92.295
2906	92.568
2907	93.023
2908	93.023
2909	96.545
2910	95.455
2911	97.705
2912	96.091
2913	95.091
2914	94.205
2915	94.523
2916	93.75
2917	91.182
2918	93.477
2919	92.705
2920	91.864
2921	92.409
2922	90.636
2923	93.273
2924	90.5
2925	91.659
2926	90.932
2927	90.136
2928	90.568
2929	90.045
2930	91.068
2931	87.75
2932	89.455
2933	87.25
2934	88.318
2935	86.477
2936	86.795
2937	86.205
2938	88.023
2939	87.477
2940	86.205
2941	86.955
2942	84.75
2943	86.136
2944	86.795
2945	84.614
2946	86.136
2947	86.114
2948	83.886
2949	85.023
2950	85.75
2951	63.386
2952	84.795
2953	82.114
2954	82.614
2955	83
2956	81.932
2957	84.045
2958	80.864
2959	81.909
2960	81.114
2961	82.932
2962	81.091
2963	82.636
2964	80.977
2965	79.091
2966	80.886
2967	80.545
2968	79.682
2969	79.045
2970	80.591
2971	79.5
2972	79.25
2973	79.409
2974	81.364
2975	78.955
2976	79.341
2977	77.75
2978	78.068
2979	78.091
2980	77.25
2981	77.364
2982	78.045
2983	78.227
2984	77.455
2985	78.023
2986	77.295
2987	76.455
2988	75.795
2989	76.295
2990	76.568
2991	75.705
2992	73.341
2993	77
2994	76.409
2995	74.705
2996	75.477
2997	75.545
2998	73.705
2999	75.182
3000	73.568
3001	75.045
3002	73.318
3003	74.568
3004	73.864
3005	73.795
3006	73.159
3007	73.727
3008	75.227
3009	72.841
3010	74.182
3011	74.727
3012	72.545
3013	73.75
3014	71.682
3015	72.614
3016	69.886
3017	72.568
3018	71.614
3019	74.182
3020	72.205
3021	71.636
3022	71.068
3023	73
3024	71.545
3025	72.068
3026	68.932
3027	69.523
3028	70.068
3029	70.955
3030	69.455
3031	70.227
3032	70.955
3033	69.773
3034	69.773
3035	68.045
3036	71.068
3037	68.25
3038	69.091
3039	70.864
3040	69.023
3041	68.5
3042	69.727
3043	61.977
3044	68.568
3045	68.75
3046	67.25
3047	69.159
3048	68.386
3049	69.886
3050	67.614
3051	68.636
3052	69.068
3053	67.727
3054	67.568
3055	68.909
3056	66.932
3057	66.795
3058	67.886
3059	67.091
3060	66.773
3061	66.614
3062	65.909
3063	66.409
3064	67.068
3065	66.5
3066	63.136
3067	66
3068	65.886
3069	66.705
3070	66.182
3071	60.932
3072	65.023
3073	65.091
3074	65
3075	65.795
3076	66.341
3077	65.409
3078	67
3079	65.841
3080	64.841
3081	64.273
3082	65.227
3083	67.114
3084	71
3085	75.614
3086	77.545
3087	80.795
3088	83.545
3089	85.205
3090	85.705
3091	89.477
3092	88.273
3093	90.636
3094	92.705
3095	93.205
3096	93.977
3097	93.182
3098	93.273
3099	95.227
3100	94.864
3101	94.659
3102	93.114
3103	93.091
3104	91.909
3105	91.409
3106	92.545
3107	92.295
3108	90.432
3109	63.227
3110	63.25
3111	90.705
3112	88.977
3113	89.182
3114	87.091
3115	88.455
3116	89.773
3117	86.773
3118	85.955
3119	86.705
3120	87.886
3121	85.932
3122	85.068
3123	85.432
3124	85.477
3125	87.477
3126	84.409
3127	85.409
3128	85.25
3129	84.114
3130	84.5
3131	83.841
3132	82.682
3133	83.159
3134	84.523
3135	82.091
3136	81.909
3137	81.136
3138	80.818
3139	80.773
3140	79.386
3141	81.773
3142	81.386
3143	81.614
3144	81.159
3145	78.523
3146	79.523
3147	79.432
3148	78.909
3149	79.795
3150	78.136
3151	77.795
3152	77.318
3153	78.273
3154	78
3155	75.886
3156	78.182
3157	76.682
3158	76.068
3159	76.545
3160	75.295
3161	76.023
3162	75.932
3163	77.159
3164	76.909
3165	76.318
3166	75.841
3167	75.818
3168	76.091
3169	75.091
3170	75.659
3171	76.045
3172	74.773
3173	75.5
3174	75.023
3175	75.909
3176	76.205
3177	74.091
3178	74.068
3179	74
3180	73.455
3181	73.5
3182	74.091
3183	73
3184	71.932
3185	73.068
3186	71.614
3187	73.295
3188	74.432
3189	74.545
3190	72.318
3191	72.273
3192	70.977
3193	72.568
3194	72.25
3195	71.341
3196	71.977
3197	72.227
3198	70.273
3199	71.818
3200	68.75
3201	70.841
3202	71.614
3203	71.386
3204	71.045
3205	72.659
3206	71.182
3207	70.5
3208	71.114
3209	69.955
3210	69.955
3211	70.545
3212	70.159
3213	70.273
3214	69.023
3215	70
3216	70.295
3217	69.682
3218	70.159
3219	69.273
3220	68.318
3221	68.682
3222	68.682
3223	68.409
3224	66.977
3225	69.364
3226	68.682
3227	71.591
3228	75.682
3229	77.841
3230	80.364
3231	81.773
3232	86.136
3233	87.773
3234	88.159
3235	88.841
3236	91.159
3237	92.705
3238	93.75
3239	92.682
3240	92.523
3241	94.091
3242	94.136
3243	92.136
3244	93.023
3245	90.318
3246	91.909
3247	92.523
3248	92.614
3249	95.795
3250	95.114
3251	95.795
3252	94.091
3253	95.773
3254	92.5
3255	92.659
3256	93.795
3257	94.727
3258	91.886
3259	93.705
3260	90.977
3261	90.068
3262	91.159
3263	90.795
3264	88.295
3265	91.636
3266	88.591
3267	88.25
3268	88.386
3269	89.886
3270	87.886
3271	86.705
3272	86.341
3273	88.045
3274	87.455
3275	88.068
3276	84.795
3277	86.545
3278	85.273
3279	85.568
3280	86.932
3281	86.682
3282	87.136
3283	85.364
3284	86.659
3285	84.909
3286	83.773
3287	85.136
3288	85.318
3289	83.614
3290	86.159
3291	83.773
3292	84.432
3293	84.523
3294	85.773
3295	85.5
3296	84.523
3297	84.977
3298	82.273
3299	84.364
3300	84.318
3301	84.114
3302	83.364
3303	81.955
3304	82.068
3305	83.455
3306	81.341
3307	82.841
3308	82.568
3309	81.455
3310	80.682
3311	80.5
3312	80.409
3313	81.705
3314	78.614
3315	81.023
3316	79.977
3317	80.091
3318	80.659
3319	78.591
3320	80.727
3321	78.523
3322	79.386
3323	80.273
3324	78.523
3325	77.932
3326	78.614
3327	77.114
3328	77.295
3329	78.364
3330	77
3331	77.023
3332	78.182
3333	77.886
3334	76.455
3335	75.864
3336	77.477
3337	77.909
3338	74.955
3339	78.045
3340	75.591
3341	76
3342	76.886
3343	76.136
3344	75.273
3345	75.068
3346	74.773
3347	73.568
3348	72.75
3349	75.455
3350	74.909
3351	74.75
3352	73.318
3353	73.455
3354	73.364
3355	73.136
3356	73.409
3357	72.591
3358	73.273
3359	74.545
3360	71.75
3361	72.341
3362	72.045
3363	72.864
3364	70.864
3365	71.568
3366	71.25
3367	72.591
3368	70.068
3369	70.773
3370	70.659
3371	71.705
3372	71.5
3373	71.727
3374	71.273
3375	69.295
3376	69.409
3377	71.523
3378	69.136
3379	70.25
3380	69.5
3381	68.5
3382	69.386
3383	70.159
3384	69.818
3385	70.636
3386	70.614
3387	67.977
3388	68.227
3389	69.545
3390	68.409
3391	69.295
3392	68.727
3393	68.273
3394	67.386
3395	68.636
3396	67.727
3397	68.364
3398	67.886
3399	69.795
3400	68.773
3401	68.432
3402	66.636
3403	68.364
3404	66.977
3405	67.977
3406	67.75
3407	65.932
3408	66.545
3409	68.545
3410	67.614
3411	67.432
3412	66.864
3413	67.182
3414	65.75
3415	65.477
3416	66.114
3417	66.091
3418	66.205
3419	65.705
3420	66.295
3421	65.727
3422	66.955
3423	65.773
3424	65.636
3425	66.455
3426	65.091
3427	65.5
3428	65.909
3429	64.159
3430	66.023
3431	65.909
3432	65.273
3433	65.795
3434	66.705
3435	63.932
3436	64.5
3437	64.727
3438	64.977
3439	65.386
3440	67.568
3441	63.25
3442	64.114
3443	66.25
3444	62.682
3445	63.818
3446	63.545
3447	64.25
3448	64.818
3449	64.273
3450	64.932
3451	64.341
3452	63.477
3453	65.114
3454	63.727
3455	63.318
3456	64.841
3457	64.114
3458	61.523
3459	63.227
3460	65.023
3461	63.545
3462	63.227
3463	62.886
3464	63.159
3465	62.75
3466	64.182
3467	63.841
3468	62.227
3469	62.318
3470	63.432
3471	64.659
3472	63.523
3473	61.477
3474	62.568
3475	63.159
3476	63.045
3477	63.795
3478	62.341
3479	63.682
3480	65.25
3481	64.091
3482	63.364
3483	63.909
3484	62.523
3485	63.636
3486	63.386
3487	62.977
3488	62.977
3489	63.068
3490	63.341
3491	62.705
3492	61.477
3493	62.909
3494	63.5
3495	62.955
3496	63.841
3497	60.545
3498	62.75
3499	62.341
3500	63.932
3501	63.841
3502	63.227
3503	62
3504	61.227
3505	61.068
3506	62.227
3507	62.364
3508	62.523
3509	62.614
3510	62
3511	62.205
3512	61.318
3513	62.182
3514	62.318
3515	63.318
3516	61.409
3517	61.75
3518	59.932
3519	61.409
3520	60.477
3521	60.841
3522	60.955
3523	61.682
3524	60.727
3525	61.364
3526	62.795
3527	61.523
3528	61.545
3529	61.182
3530	61.182
3531	60.977
3532	60.932
3533	61.341
3534	61.227
3535	62.273
3536	62.591
3537	62.5
3538	62
3539	61.977
3540	61.273
3541	61.727
3542	59.545
3543	61.545
3544	60.705
3545	61.295
3546	61.364
3547	61.159
3548	62.023
3549	62.386
3550	60.886
3551	62.591
3552	62.273
3553	60.614
3554	62.5
3555	61.568
3556	60.477
3557	61.114
3558	60.364
3559	61.955
3560	62.5
3561	61.568
3562	61.159
3563	61.5
3564	59.841
3565	61.75
3566	61.591
3567	60.409
3568	60.977
3569	61.205
3570	62.568
3571	62.705
3572	62.295
3573	65.136
3574	67.477
3575	70.659
3576	74.273
3577	76.159
3578	79.795
3579	79.818
3580	81.364
3581	83.386
3582	85.523
3583	84.795
3584	86.477
3585	87.295
3586	88.068
3587	88.659
3588	87.932
3589	89.182
3590	90.068
3591	89.295
3592	88.864
3593	89.023
3594	88.25
3595	88.909
3596	89.705
3597	90.136
3598	90.318
3599	89.977
3600	86.932
3601	90.068
3602	86.659
3603	88.182
3604	88.955
3605	86.273
3606	87.386
3607	89.568
3608	89.136
3609	90.409
3610	91.205
3611	92.727
3612	93.591
3613	94.227
3614	93.636
3615	94.25
3616	93.545
3617	66.523
3618	94.568
3619	93.182
3620	95.068
3621	93.523
3622	92.25
3623	92.886
3624	92.341
3625	90.227
3626	89.341
3627	90.636
3628	90.068
3629	89.818
3630	87.341
3631	88.705
3632	89.432
3633	89.636
3634	89.477
3635	87.295
3636	88.614
3637	87.227
3638	87.977
3639	89.295
3640	87.705
3641	86.5
3642	85.455
3643	85.841
3644	85.114
3645	85.205
3646	84.114
3647	83.75
3648	84.091
3649	86.841
3650	83.455
3651	82.886
3652	83.568
3653	83.5
3654	83.386
3655	81.955
3656	82.864
3657	82.432
3658	83.159
3659	82.182
3660	81.932
3661	80.977
3662	81.795
3663	80.909
3664	80.227
3665	79.205
3666	79.955
3667	82.295
3668	79.636
3669	79.841
3670	80.841
3671	79.159
3672	80.568
3673	80.659
3674	80.227
3675	79.614
3676	79.568
3677	79.614
3678	79.614
3679	77.455
3680	77.364
3681	78.614
3682	78.295
3683	78.25
3684	77.727
3685	76.409
3686	78.091
3687	79.295
3688	77.068
3689	79.227
3690	75.75
3691	76.045
3692	76.409
3693	76.159
3694	75.727
3695	75.727
3696	77.5
3697	76.114
3698	75.5
3699	75.295
3700	75.977
3701	75.864
3702	75.386
3703	77.068
3704	74.841
3705	75.045
3706	75.205
3707	74.727
3708	73.795
3709	74.705
3710	72.705
3711	73.045
3712	73.091
3713	73.477
3714	73.5
3715	73.977
3716	72.773
3717	73.068
3718	73.795
3719	72.705
3720	73.136
3721	74.705
3722	74
3723	73.864
3724	72.068
3725	73.182
3726	72.909
3727	69.568
3728	70.75
3729	72.386
3730	70.864
3731	73.182
3732	71.682
3733	70.136
3734	71.614
3735	69.614
3736	70.477
3737	70.136
3738	70.5
3739	70.409
3740	70.341
3741	68.818
3742	70.295
3743	70.432
3744	69.091
3745	69.705
3746	69.705
3747	67.614
3748	68.795
3749	68.045
3750	69.977
3751	68.909
3752	68.227
3753	69.545
3754	68.182
3755	69.955
3756	69.159
3757	66.25
3758	67.955
3759	67.341
3760	69.409
3761	68.318
3762	67.727
3763	68.205
3764	67
3765	68.182
3766	67.545
3767	66.636
3768	67.386
3769	66.364
3770	66.25
3771	67.045
3772	67.136
3773	66.295
3774	65
3775	65.568
3776	65.977
3777	67.182
3778	65.045
3779	66.455
3780	64.977
3781	65.205
3782	65.068
3783	67.318
3784	66.682
3785	64.591
3786	65.432
3787	65.205
3788	65.705
3789	65.273
3790	65.25
3791	65.409
3792	64.545
3793	64.773
3794	65.023
3795	65.477
3796	64.318
3797	63.75
3798	63.864
3799	64.273
3800	63.682
3801	64.545
3802	65.068
3803	64.523
3804	64.386
3805	64.364
3806	63.841
3807	63.75
3808	63.409
3809	64.977
3810	63.568
3811	64.909
3812	64.75
3813	63.886
3814	65.864
3815	64.614
3816	65.182
3817	64.205
3818	64.045
3819	64.341
3820	63.341
3821	63.614
3822	64.023
3823	63.932
3824	64.432
3825	64.159
3826	64.091
3827	63.364
3828	64.364
3829	63.727
3830	63.182
3831	63.386
3832	63.364
3833	61.955
3834	62.205
3835	62.682
3836	61.614
3837	62.545
3838	64.136
3839	61.25
3840	63.114
3841	60.886
3842	62.091
3843	63.568
3844	61.386
3845	62.409
3846	62.636
3847	61.727
3848	61.773
3849	62.955
3850	63.182
3851	63.182
3852	62.227
3853	63.136
3854	62.455
3855	61.364
3856	61.5
3857	62.318
3858	61.932
3859	63.159
3860	62.136
3861	62.614
3862	63.318
3863	62.068
3864	63.409
3865	60.955
3866	62.409
3867	63.023
3868	62.545
3869	61.364
3870	61.386
3871	59.977
3872	63.273
3873	61.75
3874	62.341
3875	62.977
3876	61.886
3877	62.977
3878	61.205
3879	62.5
3880	60.773
3881	61.523
3882	61.114
3883	62.523
3884	62.159
3885	61.455
3886	62.205
3887	61.136
3888	61.614
3889	60.273
3890	61.841
3891	61.682
3892	62.045
3893	62
3894	61.5
3895	61.523
3896	60.773
3897	61.545
3898	61.977
3899	60.705
3900	61.386
3901	61.636
3902	62.068
3903	62.159
3904	61.523
3905	60.682
3906	60.432
3907	61.205
3908	60.136
3909	60.886
3910	61.705
3911	62.409
3912	61.773
3913	59.659
3914	61.523
3915	61.159
3916	60.659
3917	62.045
3918	61.182
3919	62.886
3920	66.091
3921	68.773
3922	70.977
3923	63.523
3924	77.182
3925	78.955
3926	80.864
3927	80.205
3928	83.182
3929	83.045
3930	85.636
3931	86.318
3932	86.045
3933	86.727
3934	87.023
3935	86.477
3936	88.114
3937	88.205
3938	87.318
3939	86.705
3940	86.114
3941	85.636
3942	84.295
3943	83.591
3944	86.091
3945	85.682
3946	83.273
3947	83.977
3948	83.523
3949	83.591
3950	83.614
3951	83.795
3952	82.114
3953	81.955
3954	82.114
3955	79.932
3956	81.273
3957	79.909
3958	82
3959	81.591
3960	80.523
3961	78.409
3962	80.114
3963	79.545
3964	77.159
3965	78.205
3966	79.545
3967	78.614
3968	78.909
3969	78.295
3970	77.773
3971	77.091
3972	75.955
3973	78.114
3974	76.523
3975	75.477
3976	77.114
3977	76.341
3978	74.091
3979	75.705
3980	76.159
3981	77.432
3982	75.136
3983	74.068
3984	74.727
3985	75.5
3986	75.955
3987	74.091
3988	74
3989	74.386
3990	73.432
3991	75.341
3992	73.864
3993	74.455
3994	72.886
3995	72.682
3996	73.705
3997	73.477
3998	73.205
3999	71.136
4000	71.409
4001	73.682
4002	71.932
4003	70.727
4004	72.614
4005	71.932
4006	71.205
4007	71.75
4008	71.023
4009	72.432
4010	71.909
4011	72.068
4012	70.727
4013	70.432
4014	70.682
4015	69.75
4016	70.795
4017	69.477
4018	69.909
4019	70.955
4020	70.318
4021	71.932
4022	69.091
4023	70.273
4024	69.045
4025	69.227
4026	68.386
4027	68.955
4028	67.886
4029	68.091
4030	69.477
4031	67.068
4032	67.977
4033	68.205
4034	68.886
4035	66.182
4036	67.523
4037	67.477
4038	66.682
4039	66.932
4040	65.909
4041	65.5
4042	66.636
4043	66.136
4044	67.114
4045	67.705
4046	66.727
4047	67.182
4048	66.068
4049	65.977
4050	65.136
4051	66.341
4052	66.182
4053	68.523
4054	66.545
4055	65.386
4056	65.955
4057	65.955
4058	65.545
4059	66.614
4060	66.795
4061	65.318
4062	65.432
4063	65.182
4064	64.955
4065	65.045
4066	65.432
4067	64.386
4068	64.932
4069	63.182
4070	64.114
4071	65.023
4072	64.477
4073	63.045
4074	63.773
4075	64.614
4076	64.773
4077	64.636
4078	65.227
4079	65.568
4080	63.068
4081	65
4082	62.545
4083	65.205
4084	64.273
4085	65
4086	62.795
4087	64.477
4088	63.773
4089	62.409
4090	64.227
4091	64.545
4092	63.886
4093	63.273
4094	64.045
4095	64.045
4096	60.636
4097	61.795
4098	63.159
4099	62.659
4100	64.227
4101	63.273
4102	63.136
4103	64.091
4104	63.659
4105	62.091
4106	62.068
4107	63.886
4108	62.909
4109	64.318
4110	63.705
4111	63.136
4112	62.477
4113	64.523
4114	62.455
4115	63.477
4116	63.364
4117	64.091
4118	63.068
4119	62.318
4120	63.091
4121	63.182
4122	63.341
4123	62.909
4124	62.409
4125	62.909
4126	61.795
4127	62.136
4128	62.25
4129	61.5
4130	63.023
4131	59.886
4132	62.659
4133	63.568
4134	61.091
4135	62.136
4136	61.409
4137	62.091
4138	62.545
4139	63.182
4140	62.523
4141	62.364
4142	61.409
4143	62.364
4144	61.977
4145	61.477
4146	61.909
4147	62.295
4148	60.591
4149	60
4150	59.841
4151	62.045
4152	61.591
4153	62.545
4154	61.545
4155	61.091
4156	62.159
4157	63.25
4158	61.455
4159	61.318
4160	60.455
4161	60.227
4162	60.659
4163	61.545
4164	60.045
4165	62.273
4166	60.068
4167	61.182
4168	62.75
4169	61.227
4170	61.795
4171	63.273
4172	60.682
4173	60.727
4174	59.727
4175	59.136
4176	60.636
4177	59.227
4178	61.682
4179	59.5
4180	60.591
4181	60.955
4182	61.295
4183	61.818
4184	61.636
4185	60.432
4186	60.455
4187	59.545
4188	60.091
4189	60.5
4190	61.591
4191	59.295
4192	60.977
4193	60.432
4194	59.955
4195	60.682
4196	61.818
4197	60.25
4198	59.705
4199	61.409
4200	60.182
4201	61.023
4202	60.523
4203	59.523
4204	59.341
4205	59.864
4206	58.455
4207	60.977
4208	61.455
4209	61.045
4210	59.614
4211	62.159
4212	59.205
4213	59.409
4214	59.773
4215	60.864
4216	60.614
4217	59.932
4218	60.386
4219	60.614
4220	59.886
4221	58.773
4222	59.75
4223	60.432
4224	60.477
4225	59.318
4226	60.091
4227	61.523
4228	59.909
4229	58.5
4230	59.841
4231	61.341
4232	60.545
4233	60
4234	59.455
4235	61.023
4236	60.182
4237	59.841
4238	60.909
4239	60.318
4240	61.114
4241	59.136
4242	60.25
4243	61.682
4244	58.568
4245	59.591
4246	61
4247	60.114
4248	59.705
4249	59.932
4250	60.659
4251	60.545
4252	59.273
4253	60.523
4254	61.023
4255	58.5
4256	61.636
4257	60.795
4258	60.114
4259	61.295
4260	59.409
4261	58.932
4262	58.818
4263	61.432
4264	61.25
4265	62.25
4266	63.705
4267	67.318
4268	71.545
4269	71.682
4270	75.114
4271	78.159
4272	78.795
4273	80.136
4274	81.682
4275	82.568
4276	82.977
4277	84.75
4278	84.045
4279	84.318
4280	87.886
4281	86.773
4282	89.068
4283	85.705
4284	87.568
4285	85.364
4286	84.932
4287	85.614
4288	85.818
4289	86.795
4290	86.432
4291	86.432
4292	85.25
4293	84.568
4294	83.045
4295	84.114
4296	84.25
4297	85.25
4298	81.75
4299	85.023
4300	83.614
4301	83.409
4302	81.909
4303	80.932
4304	82.659
4305	81.523
4306	81.818
4307	81
4308	80.864
4309	80.341
4310	79.932
4311	80.886
4312	78.909
4313	78.409
4314	79
4315	78.932
4316	78.045
4317	78.205
4318	77.773
4319	79.136
4320	76.977
4321	77.886
4322	77.25
4323	77.227
4324	77.659
4325	77.659
4326	75.477
4327	76.295
4328	76.205
4329	77.841
4330	77.659
4331	75.659
4332	75.5
4333	75.205
4334	74.045
4335	74.386
4336	75.591
4337	74.091
4338	74.727
4339	73.25
4340	73.477
4341	74.568
4342	73.409
4343	72.636
4344	72.614
4345	73.864
4346	73.523
4347	72.545
4348	72.659
4349	72.659
4350	72.75
4351	73.114
4352	71.523
4353	73.023
4354	71.568
4355	72.25
4356	72.818
4357	71.205
4358	71.182
4359	71.659
4360	70.568
4361	70.205
4362	71.386
4363	70.591
4364	69.455
4365	72.386
4366	68.591
4367	70.886
4368	68.818
4369	69.159
4370	68.523
4371	70.068
4372	68.727
4373	67.818
4374	69.614
4375	68.091
4376	70.25
4377	69.5
4378	67.545
4379	68.205
4380	67.477
4381	68.364
4382	67.068
4383	67.727
4384	67.818
4385	66.614
4386	66.136
4387	67.955
4388	67.341
4389	66.068
4390	66.614
4391	67.886
4392	65.455
4393	66.545
4394	66.977
4395	66.455
4396	66.386
4397	67.295
4398	67
4399	66.795
4400	66.591
4401	67.341
4402	65.068
4403	66.364
4404	65.023
4405	65.909
4406	64.136
4407	65.227
4408	64.795
4409	65.341
4410	63.568
4411	65.205
4412	64.136
4413	64.568
4414	64.455
4415	65.477
4416	63.25
4417	63.932
4418	65.795
4419	64.114
4420	65.273
4421	64.023
4422	62.795
4423	62.841
4424	64.705
4425	63.545
4426	64.091
4427	64.136
4428	63.932
4429	64.386
4430	62.023
4431	64.295
4432	63.273
4433	62.159
4434	62.841
4435	63.114
4436	64.818
4437	62.523
4438	63.318
4439	63.932
4440	63.841
4441	63.364
4442	64.364
4443	62.659
4444	65.136
4445	63.545
4446	64.023
4447	62.75
4448	61.682
4449	63.182
4450	62.045
4451	63.023
4452	63.636
4453	65.477
4454	62.386
4455	61.591
4456	63.341
4457	62.705
4458	62.886
4459	63.727
4460	62.705
4461	62.409
4462	62.5
4463	62.205
4464	62.182
4465	62.659
4466	62.409
4467	60.841
4468	63.273
4469	61.114
4470	63.25
4471	62.409
4472	60.682
4473	62.705
4474	61.409
4475	62.409
4476	61.591
4477	61.5
4478	62.864
4479	61.523
4480	64.841
4481	61.295
4482	60.818
4483	63.045
4484	61.545
4485	60.818
4486	62.568
4487	61.841
4488	62.591
4489	61.773
4490	61.409
4491	61.386
4492	61.955
4493	62.977
4494	62.341
4495	62.864
4496	60.341
4497	61
4498	60.455
4499	61.182
4500	60.182
4501	61.5
4502	61.841
4503	62.159
4504	60.136
4505	62.023
4506	60.545
4507	61.273
4508	61.114
4509	61.455
4510	61.205
4511	61.091
4512	61.682
4513	60.818
4514	61.955
4515	60.75
4516	60.045
4517	60.75
4518	61.182
4519	61.068
4520	61.523
4521	61.636
4522	60.636
4523	60.409
4524	61.386
4525	61.068
4526	61.045
4527	60.182
4528	60.705
4529	60.182
4530	59.955
4531	60
4532	60.795
4533	60.659
4534	59.614
4535	60.273
4536	60.045
4537	62.227
4538	60.614
4539	61.091
4540	59.705
4541	60.773
4542	61.409
4543	60.364
4544	60.409
4545	61.182
4546	60.773
4547	61.25
4548	60.477
4549	61.455
4550	60.705
4551	60.432
4552	61.205
4553	60.727
4554	59.523
4555	61.932
4556	59.75
4557	59.455
4558	60.523
4559	60.568
4560	59.705
4561	59.432
4562	60.25
4563	59.318
4564	61.273
4565	58.136
4566	60.273
4567	60.886
4568	60.841
4569	61.25
4570	59.455
4571	59.955
4572	59.955
4573	61.682
4574	60.932
4575	61.409
4576	59.409
4577	61.227
4578	60.636
4579	60.068
4580	60.159
4581	62.159
4582	59.273
4583	61.591
4584	61.182
4585	60.432
4586	59.523
4587	60.114
4588	60.568
4589	60.318
4590	60.955
4591	58.477
4592	59.364
4593	59.568
4594	59.682
4595	58.636
4596	60.591
4597	59.25
4598	58.818
4599	59.659
4600	59.841
4601	58.432
4602	60.341
4603	60.068
4604	60.636
4605	61.227
4606	60.909
4607	58.75
4608	58.818
4609	60.545
4610	59.273
4611	59.977
4612	62.295
4613	67.545
4614	68.75
4615	72.75
4616	71.795
4617	75.886
4618	77.023
4619	79.091
4620	81.75
4621	82.341
4622	81.705
4623	81.159
4624	82.432
4625	84.182
4626	83.841
4627	83.386
4628	82.955
4629	83.432
4630	85.932
4631	86.5
4632	82.909
4633	84.591
4634	84.523
4635	83.818
4636	83.659
4637	83.182
4638	84.477
4639	82.318
4640	82.864
4641	82.273
4642	81.023
4643	83.477
4644	80.977
4645	82.023
4646	80.955
4647	81.159
4648	80.932
4649	80.841
4650	79.864
4651	80.341
4652	79.886
4653	80.114
4654	77.795
4655	79.159
4656	77.818
4657	79.477
4658	78.5
4659	78.295
4660	77.409
4661	78.727
4662	76.727
4663	78.182
4664	77.341
4665	76.705
4666	75.909
4667	76.341
4668	76.955
4669	76.568
4670	75.795
4671	74.568
4672	75
4673	75.159
4674	76.841
4675	75.023
4676	74.727
4677	75.455
4678	73.705
4679	74.045
4680	73.864
4681	73.818
4682	72.909
4683	73.114
4684	71.614
4685	73.318
4686	73.432
4687	72.159
4688	73.727
4689	72.205
4690	72.409
4691	71.818
4692	71.273
4693	73.795
4694	72.432
4695	71.682
4696	70.841
4697	71.909
4698	72.182
4699	72.386
4700	70.432
4701	71.477
4702	70.727
4703	70.727
4704	70.455
4705	70.568
4706	70.886
4707	71.568
4708	69.432
4709	69.477
4710	69.545
4711	68.909
4712	69.5
4713	69.568
4714	69.045
4715	68.045
4716	68.182
4717	69.545
4718	69.795
4719	68.818
4720	69.159
4721	68
4722	68.136
4723	68.295
4724	66.727
4725	68.636
4726	67.227
4727	68.136
4728	67.5
4729	67.636
4730	67.068
4731	68.568
4732	67.091
4733	69.591
4734	66.977
4735	66.636
4736	67.114
4737	67.409
4738	64.864
4739	67.318
4740	65.432
4741	67.614
4742	64.955
4743	67.205
4744	66.364
4745	66.705
4746	65.795
4747	64.864
4748	63.773
4749	66.5
4750	63.977
4751	66.841
4752	65.545
4753	66.455
4754	65.568
4755	65.841
4756	63.932
4757	64.727
4758	65.5
4759	65.068
4760	65.545
4761	64.682
4762	65.432
4763	65.205
4764	65.955
4765	65.273
4766	65.477
4767	64.545
4768	64.205
4769	63.5
4770	64.841
4771	64.841
4772	65.136
4773	65.023
4774	63.341
4775	65.636
4776	63.114
4777	62.886
4778	63.955
4779	63.659
4780	63.977
4781	62.409
4782	61.841
4783	63.25
4784	62.909
4785	63.386
4786	61.545
4787	63.205
4788	62.773
4789	63.932
4790	62
4791	62.682
4792	62.455
4793	61.886
4794	62.955
4795	61.5
4796	63.045
4797	61.909
4798	63.386
4799	63.114
4800	61.75
4801	62.818
4802	61.091
4803	60.955
4804	62.659
4805	62.182
4806	62.295
4807	62.795
4808	62.523
4809	60.773
4810	61.159
4811	61.023
4812	61.159
4813	61.682
4814	61.068
4815	62.136
4816	62.727
4817	61.864
4818	62.045
4819	62.75
4820	62.795
4821	60.659
4822	61
4823	60.818
4824	59.636
4825	61.636
4826	60.455
4827	61.75
4828	61.386
4829	62.227
4830	60.568
4831	62.023
4832	60.5
4833	61.705
4834	59.386
4835	60.818
4836	61.75
4837	60.523
4838	62.068
4839	62.091
4840	61.364
4841	60.591
4842	62.068
4843	60.023
4844	59.614
4845	60.477
4846	60.341
4847	60.545
4848	61.273
4849	61
4850	60.091
4851	60.773
4852	60.159
4853	61.273
4854	60.5
4855	61.545
4856	62.409
4857	59.977
4858	59.932
4859	60.409
4860	60.227
4861	59.136
4862	60.591
4863	60.295
4864	61.75
4865	61.432
4866	60.295
4867	60.523
4868	60.455
4869	61.091
4870	61.159
4871	59.614
4872	61.955
4873	63.091
4874	60.864
4875	61.023
4876	61.091
4877	61.523
4878	60.159
4879	61.114
4880	62.364
4881	61
4882	60.568
4883	59.75
4884	61
4885	59.614
4886	64.455
4887	61.523
4888	59.727
4889	59.477
4890	59.818
4891	60.136
4892	60.341
4893	59.364
4894	59.977
4895	60.068
4896	60.545
4897	59.068
4898	61.864
4899	61.205
4900	60.318
4901	59.477
4902	58.295
4903	60.591
4904	60.136
4905	58.227
4906	60.636
4907	58.659
4908	59.818
4909	60.136
4910	60.409
4911	59.614
4912	59.023
4913	57.818
4914	59.409
4915	58.727
4916	57.955
4917	59.545
4918	59.795
4919	60.045
4920	59.795
4921	59.5
4922	59.977
4923	60.75
4924	60.977
4925	59.977
4926	59.886
4927	59.659
4928	59.318
4929	60.318
4930	59.432
4931	59.659
4932	58.773
4933	58.136
4934	58.636
4935	58.591
4936	60.614
4937	58.75
4938	59.227
4939	60.25
4940	58.523
4941	58.568
4942	59.932
4943	60.159
4944	59.205
4945	59.727
4946	58.614
4947	60.045
4948	59.318
4949	59.409
4950	58.045
4951	58.023
4952	60.909
4953	59.523
4954	59.182
4955	59.023
4956	58.614
4957	58.727
4958	63
4959	65.023
4960	67.636
4961	71.227
4962	72.841
4963	75.477
4964	76
4965	76.659
4966	76.909
4967	79.159
4968	78.682
4969	81.136
4970	82.727
4971	83.386
4972	83.295
4973	84.409
4974	83.136
4975	82.045
4976	83.545
4977	82.114
4978	82.227
4979	81.432
4980	82.341
4981	81.705
4982	83.614
4983	85.318
4984	86.386
4985	83.841
4986	83.727
4987	86.636
4988	86.114
4989	84.591
4990	83.409
4991	83.386
4992	85.205
4993	82.5
4994	82.386
4995	84.068
4996	84.659
4997	84.159
4998	82.75
4999	82.636
5000	81.591
5001	82.409
5002	83.614
5003	81.932
5004	78.682
5005	80.182
5006	79.886
5007	80.091
5008	81.318
5009	80.886
5010	78.182
5011	79.886
5012	77.955
5013	78.773
5014	77.614
5015	78.227
5016	77.432
5017	78.023
5018	76.523
5019	76.659
5020	78.318
5021	76.5
5022	77.455
5023	76.364
5024	76.864
5025	78.477
5026	75.705
5027	77.364
5028	76.136
5029	75.523
5030	75.25
5031	76.909
5032	74.477
5033	76.136
5034	75.091
5035	75.773
5036	75.523
5037	73.364
5038	73.568
5039	73.841
5040	73.909
5041	74.023
5042	73.068
5043	71.273
5044	74.159
5045	72.5
5046	71.795
5047	72.159
5048	72.114
5049	70.75
5050	70.25
5051	70.841
5052	73.75
5053	71.659
5054	72
5055	71.341
5056	72.364
5057	70.659
5058	72.227
5059	72.023
5060	71.045
5061	71.955
5062	71.068
5063	70.682
5064	69.773
5065	69.386
5066	70.136
5067	69.182
5068	68.682
5069	68.864
5070	68.682
5071	69.523
5072	67.864
5073	71.068
5074	70.273
5075	69.091
5076	69.409
5077	68.455
5078	68.5
5079	68.773
5080	69
5081	68.136
5082	67.977
5083	67.364
5084	68.068
5085	68.364
5086	70.182
5087	68.455
5088	67.432
5089	67.727
5090	68.068
5091	66.068
5092	66.432
5093	67.045
5094	68.568
5095	67.614
5096	67.455
5097	66.364
5098	67.477
5099	66.477
5100	66.932
5101	68.341
5102	64.295
5103	65.523
5104	66.523
5105	66.727
5106	64.614
5107	66.955
5108	65.136
5109	66.409
5110	66.591
5111	65.455
5112	65.432
5113	65.75
5114	65.977
5115	65.545
5116	67.023
5117	65.614
5118	64.614
5119	65.432
5120	65.409
5121	65.136
5122	63.273
5123	63.477
5124	63.273
5125	64.114
5126	64.727
5127	63.227
5128	63.841
5129	64.591
5130	64.341
5131	62.818
5132	61.955
5133	64.545
5134	64.205
5135	64.318
5136	61.909
5137	64.409
5138	61.386
5139	63.409
5140	63.591
5141	62.091
5142	61.932
5143	61.114
5144	61.614
5145	62.432
5146	60.205
5147	62.25
5148	63.205
5149	62.136
5150	62.455
5151	63.409
5152	61.773
5153	64.227
5154	62.318
5155	61.159
5156	61.25
5157	62.477
5158	62.227
5159	62.318
5160	62.955
5161	62.932
5162	62.841
5163	60.568
5164	61.318
5165	61.364
5166	60.977
5167	62.795
5168	61.841
5169	62.795
5170	63.318
5171	63.727
5172	62.841
5173	61.955
5174	64.091
5175	61.114
5176	63.295
5177	62.591
5178	60.75
5179	61.636
5180	63.682
5181	64.545
5182	63.705
5183	61.682
5184	62.659
5185	62.341
5186	62.318
5187	61.409
5188	61.386
5189	62.136
5190	62.159
5191	62.25
5192	61.841
5193	62.795
5194	61.364
5195	61.091
5196	61.795
5197	63.295
5198	60.977
5199	61.886
5200	62.023
5201	62
5202	61.386
5203	61.864
5204	61.795
5205	62.568
5206	61.795
5207	60.727
5208	61.227
5209	61.727
5210	61.227
5211	61.795
5212	61
5213	60.341
5214	59.182
5215	61.864
5216	61.023
5217	60.182
5218	64
5219	63.273
5220	62.045
5221	60.75
5222	60.568
5223	62.5
5224	61.205
5225	61.273
5226	60.045
5227	59.023
5228	60.318
5229	60.25
5230	61.227
5231	60.273
5232	60.045
5233	61.614
5234	59.864
5235	60.432
5236	60.341
5237	60.114
5238	59.114
5239	59.591
	
