1	44.73
2	46.405
3	45.946
4	44.459
5	45.568
6	44.622
7	45.243
8	45.243
9	45.081
10	46.432
11	47.081
12	47.135
13	48.622
14	51.703
15	50.297
16	53.081
17	52.243
18	53.135
19	56.27
20	54.297
21	54.973
22	53.703
23	54.757
24	54.459
25	55.514
26	55.486
27	53.838
28	55.351
29	56.081
30	53.297
31	53.973
32	54.324
33	52.162
34	53.378
35	53.162
36	53.189
37	54.108
38	53.378
39	54.243
40	53.297
41	52.595
42	52.676
43	53.027
44	53.351
45	50.486
46	52.189
47	50.865
48	50.865
49	50.351
50	49.865
51	51.811
52	50.405
53	49.27
54	49.892
55	50.324
56	49.973
57	50.649
58	50.135
59	49.027
60	50.108
61	50.405
62	49.622
63	50.432
64	50.108
65	48.405
66	49.432
67	51.027
68	50.027
69	49.081
70	49.459
71	46.865
72	50.378
73	50.054
74	47.541
75	48
76	48.108
77	45.973
78	48.73
79	47.189
80	48.162
81	47.865
82	49.054
83	49
84	48.351
85	47.054
86	48.135
87	46.622
88	47.649
89	47.135
90	48.784
91	47.568
92	46.622
93	47.405
94	47.027
95	47.054
96	48.378
97	48.595
98	48.811
99	47.838
100	48.351
101	45.27
102	48.378
103	46.865
104	48.514
105	46.946
106	47.541
107	47.108
108	46.811
109	47.189
110	47.459
111	46.838
112	45.676
113	45.73
114	45.946
115	47.595
116	45.865
117	45.703
118	45.784
119	46.297
120	45.351
121	45.405
122	47.432
123	47.486
124	46.405
125	47.135
126	45
127	45.568
128	46.432
129	47.216
130	45.595
131	46.946
132	42.892
133	47.243
134	46.135
135	45.946
136	45.919
137	45.541
138	45.243
139	46.189
140	45.973
141	47
142	46.946
143	45.432
144	47
145	44.432
146	46.054
147	46.162
148	46.162
149	45.892
150	46.541
151	46.946
152	45.081
153	47.243
154	46.541
155	46.324
156	48.054
157	45.703
158	46.541
159	44.135
160	45.459
161	44.973
162	46.27
163	45.27
164	47.838
165	46.027
166	46.324
167	46.081
168	46.108
169	45.703
170	45.757
171	46.054
172	47.135
173	47.378
174	47.27
175	46.243
176	48.108
177	47.162
178	47.676
179	46.541
180	47.486
181	46.757
182	44.595
183	46.378
184	46.595
185	45.784
186	44.811
187	44.919
188	47.784
189	45.622
190	46.676
191	47.216
192	45.73
193	44.595
194	46.378
195	45.297
196	44.757
197	44.703
198	46.595
199	46.595
200	46.432
201	45.595
202	46.189
203	46.135
204	46.703
205	46.243
206	47.027
207	44.865
208	45.568
209	44.784
210	45.892
211	46.757
212	45.784
213	45.27
214	45.703
215	46.243
216	47.216
217	46.162
218	44.081
219	45.784
220	45.838
221	47.757
222	44.703
223	45.351
224	45.595
225	47.108
226	46.297
227	45.027
228	45.081
229	45.595
230	46
231	44.135
232	47.243
233	46.162
234	45.649
235	45.73
236	46.243
237	45.459
238	46.108
239	47.622
240	45.919
241	46.757
242	45.135
243	46.514
244	47.027
245	47.027
246	44.73
247	45.703
248	47.784
249	45.405
250	46.027
251	46.486
252	45.757
253	45.189
254	44.757
255	45.919
256	46.838
257	45.838
258	45.811
259	46.703
260	44.73
261	46.595
262	45.541
263	47.27
264	46.541
265	46.027
266	45
267	47.108
268	45.108
269	46.135
270	46.865
271	46.405
272	45.757
273	45.973
274	46.811
275	44.514
276	44.811
277	46.946
278	44.892
279	45.378
280	44.541
281	45.838
282	46.054
283	43.378
284	43.541
285	45.757
286	44.757
287	46.892
288	44.162
289	44.297
290	43.649
291	46.243
292	44.162
293	45.568
294	45.784
295	45.649
296	44.595
297	45.919
298	45.595
299	45.108
300	45.135
301	45.865
302	46.432
303	45.622
304	46.946
305	44.892
306	44
307	45.459
308	46.351
309	45.162
310	46.135
311	43.757
312	45.622
313	45.162
314	43.73
315	44.405
316	44.297
317	45.595
318	44.351
319	45.73
320	45.865
321	46.135
322	45.027
323	45.027
324	46.892
325	45.351
326	45.216
327	46.649
328	45.324
329	44.432
330	45.811
331	46.432
332	44.865
333	44.946
334	44.541
335	44.649
336	47.459
337	45.324
338	47.189
339	45.108
340	46.081
341	46.676
342	45.324
343	44.865
344	45.027
345	45.595
346	45.865
347	45.054
348	46.324
349	44.324
350	45.811
351	45.946
352	46.676
353	46.73
354	45.27
355	45.649
356	44.703
357	46.811
358	46.27
359	45.514
360	45.243
361	46.432
362	47.676
363	45.459
364	45.135
365	44.73
366	46.541
367	46.919
368	44.892
369	45.892
370	45.135
371	43.892
372	45.081
373	46.514
374	45.054
375	45.946
376	46.351
377	45.676
378	45.541
379	45.784
380	46.27
381	46.973
382	45.649
383	46
384	46.135
385	44.973
386	45.324
387	46.541
388	45.676
389	43.703
390	46.135
391	47.405
392	45.784
393	45.784
394	45.811
395	45.622
396	45.297
397	46.189
398	45.757
399	45.189
400	45.595
401	45.946
402	44.703
403	45.568
404	46.514
405	44.649
406	44.135
407	45.135
408	45.946
409	44.162
410	45
411	45.378
412	45.892
413	44.351
414	45.297
415	45.189
416	44.541
417	44.108
418	44.622
419	43.27
420	43.865
421	45.216
422	46.541
423	45.486
424	45
425	45
426	44.378
427	46.243
428	44.838
429	44.514
430	43.919
431	46.459
432	44.946
433	45.514
434	45.676
435	46.162
436	45
437	45.838
438	46.027
439	44.973
440	47.216
441	45.73
442	48.459
443	49.378
444	50.892
445	50.378
446	54.838
447	53.162
448	52.811
449	54.027
450	53.432
451	53.973
452	54.919
453	53.081
454	54.757
455	55.486
456	53.919
457	53.757
458	53.595
459	53.081
460	53.432
461	52.946
462	52.703
463	53.459
464	51.73
465	51.135
466	50.378
467	52.378
468	50.595
469	51.054
470	50.162
471	51.865
472	51.405
473	49.919
474	49.486
475	50
476	49.622
477	49.351
478	49.541
479	50.189
480	48.676
481	49
482	48.081
483	48.622
484	48.486
485	48.432
486	48.757
487	49.514
488	49.486
489	48.027
490	48.162
491	47.378
492	48.108
493	46.811
494	48.892
495	46.919
496	47.027
497	47.243
498	46.27
499	47.946
500	46.486
501	46.243
502	46.73
503	48
504	46.838
505	46.459
506	47.216
507	47.865
508	47.892
509	48.108
510	48.135
511	46.541
512	47.405
513	47.622
514	45.919
515	46.541
516	46.459
517	48.108
518	47.811
519	47.378
520	46.189
521	46.568
522	47.297
523	46.973
524	47.568
525	46.108
526	45.946
527	46.216
528	47.108
529	47.811
530	46.703
531	48.135
532	47.081
533	46.946
534	48.027
535	49.351
536	47.432
537	45.703
538	45.459
539	45.919
540	46.27
541	45.595
542	48.189
543	45.676
544	47.703
545	47.216
546	46.811
547	46.297
548	47.378
549	46.514
550	46.324
551	46.946
552	47.784
553	45.919
554	45.081
555	48.973
556	44.568
557	47.568
558	46.946
559	44.838
560	47.135
561	46.432
562	45.135
563	44.838
564	45.189
565	48.108
566	45.811
567	47
568	45.405
569	46.595
570	46.297
571	47.703
572	46.541
573	47.622
574	46.649
575	46.622
576	46.108
577	46.027
578	45.946
579	45.973
580	46.946
581	45.595
582	45.919
583	44.811
584	46.351
585	46.486
586	46.486
587	45.919
588	45.946
589	46.676
590	47.297
591	46.162
592	46.27
593	46.703
594	44.919
595	46.27
596	45.703
597	46
598	45.676
599	46.541
600	45.784
601	46.351
602	46.595
603	47
604	47.324
605	45.351
606	46.73
607	47.108
608	46.919
609	46.514
610	48.243
611	45.432
612	45.486
613	46.027
614	45.892
615	46.486
616	46.108
617	47.027
618	46.459
619	46.432
620	45.324
621	46.649
622	46.378
623	45.514
624	46.351
625	46.135
626	46.919
627	46.865
628	46.324
629	47.216
630	45.676
631	44.054
632	45.703
633	46.189
634	47.351
635	45.973
636	44.568
637	45.649
638	45.135
639	46.027
640	45.514
641	44.757
642	46
643	44.649
644	45.054
645	45.459
646	45
647	46.027
648	45.811
649	45.838
650	44.649
651	45.081
652	44.243
653	45.541
654	47.081
655	46.649
656	45.649
657	46.081
658	46.216
659	45.919
660	45.595
661	44.324
662	46.892
663	43.703
664	46.703
665	45.054
666	44.054
667	46.054
668	45.432
669	44.595
670	43.973
671	44.27
672	43.946
673	46.135
674	45.973
675	44.486
676	45.811
677	45.649
678	45.973
679	47.027
680	44.595
681	46.432
682	45.432
683	46.459
684	46.162
685	45.757
686	46.216
687	46.162
688	45.054
689	45.892
690	46.703
691	46.595
692	46.054
693	45.135
694	45.973
695	45.135
696	46.865
697	46.351
698	44.892
699	45.243
700	44.73
701	44.622
702	46.162
703	45.081
704	46.405
705	45.865
706	45.676
707	44.973
708	45.676
709	44.811
710	45
711	46.081
712	45.162
713	44.432
714	46.486
715	46.459
716	45.649
717	47.189
718	46.486
719	45.757
720	45.865
721	45.973
722	46.189
723	45.811
724	46.189
725	45.973
726	46.514
727	44.514
728	44.243
729	46.027
730	46.568
731	45.216
732	45.243
733	45.514
734	45.027
735	47.622
736	46.243
737	46.541
738	47.649
739	48.135
740	49.676
741	52.919
742	53.135
743	54.405
744	52.919
745	54.892
746	54.135
747	53.676
748	54.162
749	55.514
750	53.784
751	55.351
752	53.432
753	52.784
754	54.351
755	54.108
756	52.27
757	52.811
758	53.189
759	51.649
760	52.703
761	52.811
762	52.405
763	53.054
764	52.514
765	52.351
766	51.324
767	48.676
768	48.486
769	49.73
770	49.892
771	49.892
772	49.784
773	48.865
774	48.622
775	48.189
776	48.865
777	47.649
778	48.784
779	48.432
780	47.946
781	49.054
782	48.351
783	47.865
784	46
785	47.784
786	49.865
787	47.27
788	48
789	46.649
790	45.595
791	46.541
792	47.027
793	45.73
794	46.919
795	47.351
796	46.324
797	47.054
798	47.243
799	48.27
800	47.486
801	47.838
802	47.595
803	45.514
804	46.811
805	46.757
806	46.27
807	47
808	47.703
809	47.216
810	46.27
811	47.919
812	44.865
813	47.73
814	46.351
815	46.865
816	46.189
817	45.622
818	46.027
819	46.162
820	46.946
821	47.514
822	45.243
823	46.568
824	46.811
825	46.135
826	46.946
827	47.243
828	46.135
829	45.919
830	46.757
831	46.676
832	46.297
833	46.703
834	47.27
835	46.27
836	44.946
837	45.946
838	45.27
839	45.595
840	46.459
841	45.081
842	45.703
843	45.973
844	47.108
845	46.351
846	45.108
847	46.378
848	47.081
849	47.541
850	45.27
851	46.054
852	46.676
853	45.459
854	45.568
855	45.297
856	47.568
857	46.027
858	44.108
859	45.811
860	47.054
861	45.081
862	46.432
863	44.324
864	44.865
865	46.595
866	45.405
867	45.243
868	46.703
869	45.946
870	45.243
871	47.081
872	46.703
873	45.838
874	44.973
875	45.189
876	47.757
877	46.811
878	46.73
879	46.378
880	46.27
881	45.459
882	46.432
883	46.27
884	46.486
885	45.757
886	45.595
887	46.838
888	47.27
889	44.784
890	47.135
891	46.027
892	46.784
893	47.811
894	46.73
895	47.486
896	45.162
897	46.027
898	46.297
899	45.514
900	46.108
901	46.405
902	45.649
903	46.054
904	46.946
905	46.027
906	45.676
907	45.135
908	46.703
909	44.486
910	45.703
911	47.568
912	45.081
913	46.405
914	46.514
915	46.081
916	44.649
917	44.703
918	46.73
919	45.919
920	46.189
921	45.243
922	45.351
923	46.243
924	45.811
925	45.919
926	46.459
927	44.946
928	46.568
929	47.432
930	46.027
931	46.486
932	45.243
933	46.946
934	46.027
935	46.351
936	46.514
937	45.676
938	44.027
939	46
940	46.108
941	46.027
942	45.162
943	46.297
944	46.027
945	45.946
946	45.703
947	45.541
948	45.135
949	46.865
950	45.622
951	46.216
952	45.351
953	45.027
954	46.243
955	44.946
956	45.568
957	43.811
958	44.784
959	45.081
960	45.865
961	45.216
962	45.649
963	45.811
964	44.486
965	43.757
966	46.351
967	45.703
968	45.703
969	45.784
970	45.351
971	46.73
972	43.757
973	45.054
974	44.162
975	45.676
976	45.595
977	45.784
978	47.216
979	46.297
980	45.784
981	46.378
982	46.054
983	47.405
984	46.054
985	44.919
986	44.757
987	46.243
988	45.243
989	46.622
990	46.703
991	45.811
992	46.054
993	45.946
994	46.432
995	45.649
996	46.432
997	44.514
998	45.649
999	46.27
1000	45.514
1001	45.865
1002	45.243
1003	46.378
1004	44.216
1005	47.703
1006	44.595
1007	45.081
1008	45.459
1009	45.757
1010	44.054
1011	46.865
1012	44.973
1013	46.811
1014	45.324
1015	45.73
1016	44.838
1017	44.811
1018	45.946
1019	45
1020	46.162
1021	44.973
1022	45.189
1023	46.108
1024	46.811
1025	46.243
1026	45.324
1027	44.946
1028	46.459
1029	45.216
1030	46.865
1031	46.405
1032	46.432
1033	45.649
1034	46.865
1035	46.784
1036	45.216
1037	46.162
1038	46.27
1039	45.595
1040	45.973
1041	44.946
1042	45.405
1043	45.216
1044	45.297
1045	45.162
1046	45.649
1047	46.297
1048	47.486
1049	44.514
1050	46.973
1051	46.541
1052	44.432
1053	45
1054	45.405
1055	45.838
1056	45.676
1057	46.27
1058	43.865
1059	46.811
1060	45.351
1061	46.405
1062	46.324
1063	46.243
1064	44.676
1065	46.459
1066	45.703
1067	46.189
1068	47.811
1069	44.541
1070	46.946
1071	45.595
1072	45.973
1073	46.054
1074	44.919
1075	46.892
1076	45.054
1077	46.541
1078	47.243
1079	46.784
1080	45.811
1081	43.243
1082	44.919
1083	45.811
1084	44.865
1085	45.243
1086	46
1087	47.568
1088	44.162
1089	45.405
1090	45.162
1091	46.757
1092	45.757
1093	46.811
1094	45.622
1095	43.378
1096	45.297
1097	45.081
1098	44.946
1099	46.865
1100	46.135
1101	45.892
1102	45.216
1103	44.405
1104	45.973
1105	45.054
1106	44.162
1107	46.324
1108	45.73
1109	46.622
1110	46.595
1111	44.676
1112	44.541
1113	45.838
1114	45.054
1115	43.622
1116	45.838
1117	44.432
1118	44.973
1119	45.027
1120	45.838
1121	45.405
1122	44.649
1123	46.459
1124	45.216
1125	42.703
1126	45.162
1127	46.027
1128	45.811
1129	44.378
1130	46.595
1131	44.054
1132	43.784
1133	44.784
1134	44.243
1135	45.135
1136	46.703
1137	45.703
1138	44.568
1139	45.676
1140	44.541
1141	44.243
1142	45.649
1143	44.865
1144	44.73
1145	43.946
1146	44.784
1147	45.432
1148	45.892
1149	46.162
1150	43.946
1151	45.297
1152	46.081
1153	46.973
1154	45.135
1155	46.351
1156	45.865
1157	45
1158	45
1159	45.757
1160	44.595
1161	44.757
1162	45.027
1163	47.054
1164	45.757
1165	45.676
1166	46.162
1167	44.892
1168	45.865
1169	46.27
1170	48.189
1171	50.703
1172	50.324
1173	52.595
1174	52
1175	53
1176	53.054
1177	54.324
1178	52.73
1179	52.649
1180	54.27
1181	54.108
1182	54.514
1183	54.622
1184	54.189
1185	54.73
1186	52.892
1187	54.811
1188	53.541
1189	53.946
1190	53.108
1191	53.081
1192	51.919
1193	52.324
1194	52.054
1195	52.459
1196	49.73
1197	51.378
1198	51.135
1199	50.189
1200	50.027
1201	48.703
1202	50.622
1203	50.919
1204	52.757
1205	52.649
1206	52.784
1207	53.189
1208	52.486
1209	51.297
1210	52.405
1211	53.405
1212	50.216
1213	52.784
1214	53.054
1215	51.946
1216	50.378
1217	50.324
1218	51.081
1219	49.838
1220	50.081
1221	49.811
1222	50.378
1223	49.703
1224	47.676
1225	48.054
1226	49.297
1227	48.784
1228	49.243
1229	48.351
1230	50.054
1231	49.108
1232	47.838
1233	48.162
1234	48.162
1235	48.703
1236	48.432
1237	49.351
1238	48.378
1239	47.514
1240	48.297
1241	48.351
1242	47.703
1243	47.514
1244	47.378
1245	48.27
1246	47.432
1247	47.432
1248	46.811
1249	47.757
1250	46.703
1251	45.541
1252	47.216
1253	46.73
1254	47.243
1255	48.622
1256	48.027
1257	46.649
1258	47.189
1259	47.676
1260	48.595
1261	46.865
1262	48.459
1263	48.73
1264	47.973
1265	48.459
1266	48.459
1267	46.595
1268	47.243
1269	46.541
1270	47.297
1271	47.351
1272	48.189
1273	46.622
1274	47.865
1275	47.378
1276	45.892
1277	48.054
1278	47
1279	46.135
1280	47.297
1281	48.351
1282	46.973
1283	46.568
1284	45.838
1285	47.378
1286	46.162
1287	45.649
1288	46.162
1289	46.649
1290	45.324
1291	46.351
1292	47.216
1293	45.514
1294	47.216
1295	47.541
1296	45.865
1297	47.108
1298	45.595
1299	46.541
1300	45.676
1301	47.324
1302	45.459
1303	47.595
1304	46.541
1305	47.027
1306	48.054
1307	47.189
1308	46.514
1309	47.297
1310	47.541
1311	45.865
1312	46.568
1313	44.081
1314	44.595
1315	45.892
1316	45.703
1317	45.162
1318	44.514
1319	46.486
1320	45.243
1321	45.541
1322	46.486
1323	46.973
1324	45.757
1325	47.351
1326	46.919
1327	46.108
1328	45.73
1329	45.838
1330	45.649
1331	45.919
1332	46.946
1333	46.405
1334	45.189
1335	45.189
1336	45.162
1337	47.27
1338	46.324
1339	46.919
1340	46.243
1341	44.459
1342	44.865
1343	45.378
1344	45.351
1345	45.216
1346	47.649
1347	45.676
1348	45.784
1349	45.973
1350	45.108
1351	45.784
1352	45.649
1353	47.27
1354	44.973
1355	45.081
1356	46.324
1357	46.919
1358	44.378
1359	45.432
1360	45.946
1361	45.757
1362	44.297
1363	46.351
1364	45.703
1365	44.081
1366	46.459
1367	44.622
1368	45.649
1369	46.027
1370	45.568
1371	46.757
1372	45.595
1373	47.216
1374	46.027
1375	46.189
1376	46.919
1377	44.486
1378	46.216
1379	45.27
1380	44.838
1381	44.432
1382	45.108
1383	46.432
1384	45.595
1385	45.324
1386	46.649
1387	46.135
1388	44.919
1389	46.297
1390	45.892
1391	46.162
1392	46.378
1393	44
1394	46.514
1395	45.243
1396	45.514
1397	46.757
1398	45.162
1399	46.081
1400	45.946
1401	45.676
1402	45.595
1403	44.676
1404	45.73
1405	45.622
1406	45.514
1407	43.541
1408	45.676
1409	44.946
1410	45
1411	46.081
1412	44.946
1413	45
1414	44.514
1415	45.757
1416	45.351
1417	44.946
1418	44.757
1419	46.27
1420	44.243
1421	44.541
1422	44.135
1423	45.973
1424	45.703
1425	46.486
1426	46.108
1427	45.297
1428	44.73
1429	45.054
1430	44.405
1431	43.784
1432	43.703
1433	47.027
1434	45.838
1435	44.946
1436	45.108
1437	46.054
1438	45.649
1439	45.973
1440	46.108
1441	44.216
1442	45.784
1443	46.108
1444	46.784
1445	46.135
1446	45.919
1447	46.405
1448	44.946
1449	45.757
1450	47.054
1451	45.973
1452	46.135
1453	45.541
1454	45.324
1455	46.459
1456	44.243
1457	45.784
1458	46.622
1459	44.811
1460	44.27
1461	44.459
1462	44.892
1463	45.514
1464	45.676
1465	44.135
1466	45
1467	46.405
1468	44.703
1469	46.189
1470	46.514
1471	45.541
1472	45
1473	44.243
1474	45.378
1475	44.378
1476	44.216
1477	45.108
1478	44.892
1479	45.243
1480	44
1481	43.757
1482	45.811
1483	44.27
1484	45.297
1485	46.135
1486	46.297
1487	44
1488	44.838
1489	45.514
1490	45.405
1491	47.108
1492	44.486
1493	44.892
1494	45.351
1495	44.324
1496	44.054
1497	44.081
1498	46.27
1499	46.892
1500	46.514
1501	46.162
1502	44.514
1503	45.622
1504	47
1505	46.486
1506	44.622
1507	45.568
1508	45.405
1509	46.892
1510	45.622
1511	45.622
1512	45.973
1513	45.324
1514	45.919
1515	46.405
1516	46.027
1517	44.378
1518	44.892
1519	47.189
1520	45.919
1521	44.351
1522	46.135
1523	46.189
1524	45.459
1525	45.027
1526	46.027
1527	46.405
1528	44.946
1529	44.811
1530	46.297
1531	44.378
1532	44.919
1533	44.568
1534	45.108
1535	46.189
1536	44.486
1537	45.595
1538	44.946
1539	45.405
1540	44.595
1541	45.27
1542	44.108
1543	46.784
1544	47.054
1545	45.703
1546	46.054
1547	45.676
1548	44.919
1549	44.919
1550	44.784
1551	44.649
1552	45.243
1553	46.703
1554	45.324
1555	44.378
1556	45.027
1557	45.703
1558	44.622
1559	44.946
1560	45.432
1561	46.595
1562	47
1563	44.811
1564	45.054
1565	45.189
1566	45.216
1567	44.811
1568	45.568
1569	43.784
1570	45.649
1571	45.676
1572	44.919
1573	45.973
1574	47.811
1575	45.703
1576	45.351
1577	45.108
1578	47.486
1579	46.054
1580	46.027
1581	45.676
1582	45.946
1583	44.595
1584	45.649
1585	44.324
1586	45.351
1587	45.757
1588	45.622
1589	49.27
1590	48.757
1591	51.351
1592	50.73
1593	53.135
1594	52.649
1595	51.892
1596	52.595
1597	54.351
1598	55.027
1599	53.514
1600	51.811
1601	53.432
1602	51.514
1603	53.135
1604	52.757
1605	50.541
1606	52.649
1607	52.432
1608	52.054
1609	51.568
1610	52.108
1611	52.351
1612	51.054
1613	52
1614	50.162
1615	51.243
1616	51.541
1617	50.946
1618	48.73
1619	51.784
1620	49.324
1621	50.432
1622	47.541
1623	48.081
1624	48.514
1625	47.919
1626	48.432
1627	48.189
1628	47.622
1629	48.081
1630	47.162
1631	48.838
1632	48.054
1633	48.946
1634	49.405
1635	48.297
1636	48.432
1637	48.703
1638	47.568
1639	46.919
1640	46.919
1641	48.189
1642	45.811
1643	47.405
1644	46.243
1645	46.27
1646	46.216
1647	45.73
1648	47.351
1649	45.622
1650	44.946
1651	47.541
1652	47.649
1653	46.324
1654	47.351
1655	46.541
1656	46.784
1657	46.189
1658	45.568
1659	48.243
1660	47.405
1661	46.27
1662	46.081
1663	46.514
1664	46.351
1665	46.514
1666	46.703
1667	44.568
1668	46.27
1669	45.351
1670	45.541
1671	46.378
1672	45.703
1673	46.405
1674	44.973
1675	46.081
1676	46.459
1677	47.27
1678	46.622
1679	46.811
1680	46.486
1681	47.459
1682	46.973
1683	45.784
1684	46.108
1685	46.703
1686	45.135
1687	45.865
1688	47.027
1689	45.243
1690	44.919
1691	44.351
1692	48.081
1693	45.541
1694	46
1695	46.622
1696	45.649
1697	45.189
1698	47.892
1699	45.27
1700	46.054
1701	45.486
1702	46.081
1703	47.054
1704	45.135
1705	45.73
1706	46.405
1707	45.784
1708	46.486
1709	45.757
1710	45
1711	45.054
1712	45.811
1713	44.676
1714	46.432
1715	46.351
1716	45.811
1717	45.405
1718	45.432
1719	45.784
1720	45.703
1721	46.811
1722	44.568
1723	45.892
1724	44.459
1725	47.378
1726	46.784
1727	44.703
1728	47.243
1729	45.622
1730	46.108
1731	46.703
1732	46.757
1733	46.27
1734	46.757
1735	45.892
1736	45.838
1737	46.108
1738	45.676
1739	44.892
1740	45.784
1741	45.946
1742	47.676
1743	46.946
1744	46.514
1745	46.459
1746	45.541
1747	46.081
1748	45.514
1749	46.568
1750	45.757
1751	45.054
1752	47.514
1753	46.351
1754	46.514
1755	44.405
1756	45.351
1757	46.946
1758	45.216
1759	46.189
1760	46.73
1761	44.378
1762	45.676
1763	45.378
1764	45.054
1765	45.649
1766	44.541
1767	46.108
1768	44.865
1769	45.027
1770	46.405
1771	45.946
1772	45.946
1773	45.189
1774	45.973
1775	45.189
1776	47.595
1777	45.541
1778	47.378
1779	45.622
1780	44.676
1781	45.784
1782	46.405
1783	46.541
1784	45.73
1785	45.297
1786	47.649
1787	45.757
1788	44.838
1789	46.324
1790	46.622
1791	45.892
1792	46.189
1793	45.676
1794	44.892
1795	45.676
1796	46.081
1797	45.351
1798	45.622
1799	44.189
1800	47.108
1801	44.568
1802	45.892
1803	45.676
1804	45.541
1805	44.135
1806	44.973
1807	45.486
1808	45.811
1809	46.811
1810	45
1811	45.676
1812	46.162
1813	46.595
1814	45.432
1815	43.73
1816	44.081
1817	45.108
1818	47.514
1819	44.838
1820	46.459
1821	45.189
1822	46.189
1823	45.541
1824	46.351
1825	45.757
1826	46.514
1827	46.054
1828	45.676
1829	44.973
1830	44.73
1831	45.27
1832	46.405
1833	44.486
1834	46.622
1835	44.946
1836	44.676
1837	45.703
1838	45.676
1839	46.108
1840	45.27
1841	45.649
1842	46.162
1843	48.108
1844	49.622
1845	48.541
1846	51.649
1847	52.595
1848	51.595
1849	52.892
1850	53.622
1851	54.081
1852	53.757
1853	52.297
1854	54.703
1855	52.946
1856	53.405
1857	53.405
1858	52.919
1859	52.108
1860	52.216
1861	51.73
1862	52.081
1863	51.811
1864	51.838
1865	51.432
1866	51.865
1867	51.351
1868	51.568
1869	50.703
1870	50.649
1871	48.622
1872	51.216
1873	49.676
1874	48.595
1875	50.216
1876	51.216
1877	48.216
1878	48.757
1879	47.162
1880	47.541
1881	48.622
1882	48.811
1883	48.919
1884	46.973
1885	47.459
1886	46.405
1887	48.297
1888	47.703
1889	47.486
1890	46.865
1891	48.892
1892	46.216
1893	47.919
1894	46.784
1895	46.892
1896	47.568
1897	46.162
1898	45.405
1899	47.703
1900	47.405
1901	47.757
1902	48.324
1903	47.054
1904	48
1905	47
1906	46.486
1907	46.378
1908	46.514
1909	46.216
1910	47.378
1911	47.568
1912	46.784
1913	46.838
1914	45.865
1915	46.676
1916	47.784
1917	48.162
1918	47.243
1919	46.973
1920	47.514
1921	47.486
1922	46.73
1923	47.324
1924	48.216
1925	46.757
1926	47.595
1927	47.054
1928	46.135
1929	46.162
1930	47.568
1931	46.865
1932	46.432
1933	45.622
1934	44.135
1935	45.189
1936	45.865
1937	47.622
1938	47.784
1939	46.486
1940	45.378
1941	48.162
1942	47.459
1943	46.486
1944	46.865
1945	46.865
1946	46.784
1947	45.73
1948	46.162
1949	45.838
1950	47.432
1951	46.351
1952	45.108
1953	45.622
1954	46.568
1955	46
1956	47.135
1957	47.459
1958	46.784
1959	46.324
1960	47.189
1961	47.757
1962	46.189
1963	44.811
1964	46.405
1965	44.946
1966	46.243
1967	46.081
1968	46.865
1969	46.541
1970	46.162
1971	46.027
1972	45.892
1973	44.595
1974	44.243
1975	46.865
1976	44.757
1977	47.351
1978	46.703
1979	45.027
1980	45.162
1981	45.514
1982	45.405
1983	45.649
1984	45.676
1985	46.243
1986	46.405
1987	46.946
1988	44.919
1989	44.432
1990	48.243
1991	45.622
1992	45.622
1993	47.081
1994	44.946
1995	44.838
1996	45.486
1997	46.108
1998	44.108
1999	47
2000	44.892
2001	46.135
2002	45.324
2003	46.568
2004	46.405
2005	45.811
2006	45.054
2007	45.324
2008	45.676
2009	45.189
2010	45
2011	45.432
2012	46.892
2013	46.459
2014	45.568
2015	46.324
2016	45.135
2017	44.405
2018	43.865
2019	45.892
2020	44.541
2021	44.568
2022	46.054
2023	45
2024	44.865
2025	45.514
2026	43.622
2027	45.27
2028	44.541
2029	45.108
2030	45.405
2031	46.568
2032	45.892
2033	45.838
2034	45.865
2035	45.568
2036	47.297
2037	45.243
2038	45.811
2039	46.216
2040	44.054
2041	44.973
2042	44.486
2043	45.973
2044	45.486
2045	47.054
2046	44.324
2047	44.784
2048	46.189
2049	45.405
2050	46.784
2051	45.351
2052	46.054
2053	46.892
2054	44.892
2055	44.703
2056	46.757
2057	45.703
2058	45.973
2059	45.946
2060	46.432
2061	44.351
2062	45.162
2063	45.243
2064	45.73
2065	45.297
2066	45.946
2067	46.622
2068	44.973
2069	45.378
2070	45.432
2071	46.865
2072	44.297
2073	45.108
2074	45.027
2075	45.081
2076	45.432
2077	45.757
2078	46.162
2079	44.676
2080	47.081
2081	45.405
2082	45.703
2083	45.514
2084	45.676
2085	45.703
2086	45.622
2087	46.622
2088	45.73
2089	45.595
2090	44.541
2091	44.946
2092	45.378
2093	45.135
2094	46.108
2095	45.432
2096	44.757
2097	46.27
2098	46.324
2099	45.081
2100	44.541
2101	45.784
2102	44.892
2103	43.865
2104	46.486
2105	45.649
2106	44.892
2107	46.081
2108	45.595
2109	44.946
2110	45.216
2111	45
2112	44.351
2113	44.243
2114	45.973
2115	44.351
2116	45.568
2117	45.676
2118	45.784
2119	45.541
2120	45.784
2121	44.622
2122	44.676
2123	46.378
2124	45.081
2125	46.108
2126	45.108
2127	45.703
2128	45.514
2129	46.351
2130	45.838
2131	44.919
2132	45.541
2133	45.432
2134	44
2135	44.784
2136	45.216
2137	45.459
2138	45.757
2139	44.757
2140	45.568
2141	46.568
2142	45.27
2143	44.514
2144	46.243
2145	47.865
2146	44.973
2147	44.73
2148	44.865
2149	45.703
2150	45.324
2151	44.73
2152	44.216
2153	44.784
2154	44.351
2155	45.027
2156	44.865
2157	46.27
2158	43.919
2159	44.622
2160	43.649
2161	43.351
2162	45.135
2163	45.324
2164	45.622
2165	46.027
2166	44.649
2167	43.919
2168	46.378
2169	45.676
2170	43.838
2171	44.216
2172	45.568
2173	42.919
2174	45.432
2175	45.892
2176	45.189
2177	45.676
2178	44.784
2179	45.622
2180	45.108
2181	44.432
2182	45.405
2183	45.649
2184	44.541
2185	45.865
2186	44.784
2187	44.703
2188	45.432
2189	48.811
2190	48.054
2191	50.459
2192	50.541
2193	51.108
2194	51.378
2195	52.054
2196	52.486
2197	52.649
2198	52.784
2199	51.946
2200	53.757
2201	51.486
2202	51.486
2203	52.324
2204	52.541
2205	53.297
2206	53.703
2207	52.162
2208	52.297
2209	51.703
2210	52
2211	52.459
2212	50.811
2213	46.486
2214	50.216
2215	51.676
2216	50.838
2217	51.568
2218	50.297
2219	50.541
2220	50.243
2221	49.514
2222	49.162
2223	48.892
2224	49.351
2225	48.73
2226	45.541
2227	48.081
2228	47.459
2229	48.649
2230	47.703
2231	48.243
2232	47.784
2233	48.162
2234	46.973
2235	48.405
2236	47.216
2237	47.054
2238	46.784
2239	48.108
2240	47.946
2241	47.622
2242	47.919
2243	48.216
2244	46.351
2245	46.703
2246	45.378
2247	47.757
2248	46.973
2249	47.432
2250	47.216
2251	48.243
2252	46.297
2253	47.514
2254	46.73
2255	45.811
2256	47.243
2257	45.757
2258	47.486
2259	47.811
2260	45.811
2261	45.973
2262	45.324
2263	46.378
2264	47.622
2265	45.838
2266	45.541
2267	46.243
2268	46.595
2269	46.324
2270	46.946
2271	45.892
2272	47
2273	45.811
2274	47.189
2275	48.486
2276	46.838
2277	45.946
2278	44
2279	44.541
2280	46.243
2281	46.568
2282	45.405
2283	45.541
2284	47.135
2285	47.081
2286	45
2287	46.432
2288	45.459
2289	45.973
2290	44.865
2291	46.622
2292	46.649
2293	46.865
2294	44.946
2295	47.189
2296	44.892
2297	46.568
2298	45.459
2299	45.649
2300	46.243
2301	47.297
2302	46.784
2303	44.919
2304	45.216
2305	46.054
2306	46.838
2307	45
2308	46.703
2309	46.405
2310	46.351
2311	46.514
2312	46.703
2313	45.162
2314	45.757
2315	45.649
2316	45.703
2317	44.919
2318	45.838
2319	47.108
2320	45.054
2321	46.811
2322	45.811
2323	45.459
2324	46.108
2325	45
2326	44.892
2327	45.054
2328	45.297
2329	44.784
2330	44.892
2331	45.703
2332	45.351
2333	46.486
2334	46.73
2335	45.622
2336	45.568
2337	45.324
2338	46.378
2339	45.73
2340	45.811
2341	45.486
2342	45.811
2343	46.189
2344	44.486
2345	44.541
2346	46.054
2347	45.108
2348	46.784
2349	46.081
2350	44.378
2351	45.432
2352	45.595
2353	43.919
2354	46.973
2355	44.622
2356	46.27
2357	44.865
2358	45.459
2359	45.838
2360	46.703
2361	46.432
2362	46.378
2363	44.919
2364	45.27
2365	45.405
2366	45.73
2367	45.243
2368	45.676
2369	44.73
2370	45.108
2371	45.703
2372	46.027
2373	46.378
2374	46.081
2375	45.703
2376	45.73
2377	46.378
2378	45.243
2379	45.622
2380	45.189
2381	46.243
2382	44.324
2383	44.946
2384	46.865
2385	45.595
2386	44.216
2387	44.568
2388	45.595
2389	47.108
2390	43.919
2391	45.324
2392	45.784
2393	45.135
2394	46.703
2395	45.568
2396	48.432
2397	49.622
2398	50.081
2399	52.324
2400	51.351
2401	51.784
2402	52.811
2403	50.027
2404	50.892
2405	51.892
2406	53.865
2407	51.676
2408	52.838
2409	52.757
2410	51.486
2411	51.541
2412	50.811
2413	50.784
2414	51.865
2415	52
2416	50.676
2417	51.135
2418	50.784
2419	53.486
2420	52.081
2421	51.243
2422	52.027
2423	50.486
2424	48.054
2425	50.27
2426	50.297
2427	49.108
2428	49.946
2429	50.216
2430	49.541
2431	48.081
2432	49.919
2433	48.973
2434	48.73
2435	47.676
2436	48.514
2437	48.189
2438	47.892
2439	48.541
2440	49.703
2441	47.027
2442	48.459
2443	47.784
2444	47
2445	47.324
2446	47.378
2447	47.703
2448	46.676
2449	48.216
2450	46.676
2451	46.595
2452	45.622
2453	48.108
2454	47.324
2455	48.757
2456	47.486
2457	46.865
2458	46.351
2459	48.162
2460	45.919
2461	46.865
2462	47
2463	47
2464	48.081
2465	46.405
2466	46.595
2467	45.946
2468	46.324
2469	48.027
2470	46.027
2471	48.541
2472	47.838
2473	47.703
2474	47.27
2475	48.162
2476	47.081
2477	46.189
2478	46.838
2479	48.784
2480	46.865
2481	46.622
2482	46.054
2483	45.811
2484	45.432
2485	46.568
2486	46.081
2487	46.865
2488	47.892
2489	47.189
2490	47.135
2491	47.108
2492	47.973
2493	47.324
2494	45.378
2495	46.054
2496	45.568
2497	46.189
2498	46.757
2499	46
2500	46.568
2501	46.811
2502	46.757
2503	46.378
2504	46.189
2505	47.892
2506	46.243
2507	45.27
2508	46.405
2509	46.027
2510	46.216
2511	45.216
2512	47.649
2513	46.514
2514	45.081
2515	44.568
2516	46.703
2517	45.892
2518	46.73
2519	44.243
2520	48.027
2521	47.351
2522	46.892
2523	45.432
2524	46.784
2525	46.946
2526	45.378
2527	45.811
2528	45.892
2529	45.027
2530	45.027
2531	46.189
2532	46.784
2533	46.784
2534	48.162
2535	48.324
2536	49.784
2537	51.27
2538	50.973
2539	50.324
2540	53.595
2541	53.27
2542	53.865
2543	53.081
2544	54.73
2545	53.946
2546	53.838
2547	53.162
2548	51.27
2549	52.405
2550	52.946
2551	53.27
2552	51.189
2553	52.243
2554	52.162
2555	51.405
2556	51.405
2557	52.189
2558	49.622
2559	51.216
2560	47.784
2561	51.054
2562	50.568
2563	49.595
2564	49.135
2565	50.162
2566	49.703
2567	48.811
2568	50.108
2569	49.595
2570	47.27
2571	48.676
2572	48.676
2573	48.73
2574	48.676
2575	50
2576	48.865
2577	48.243
2578	48.622
2579	48.378
2580	49.486
2581	45
2582	46.757
2583	48.73
2584	45.757
2585	49.946
2586	47.865
2587	48.649
2588	48.378
2589	48.108
2590	49.378
2591	46.784
2592	49.297
2593	47.622
2594	47.243
2595	46.486
2596	49.568
2597	48.432
2598	48.541
2599	49.297
2600	49.162
2601	48.405
2602	48.514
2603	49.027
2604	48.946
2605	48.351
2606	47.541
2607	47.027
2608	47.432
2609	48.649
2610	49.27
2611	48.973
2612	47.514
2613	49.27
2614	48
2615	47.081
2616	48.784
2617	47.541
2618	48.865
2619	48.514
2620	46.541
2621	47.351
2622	49.351
2623	47.189
2624	47.595
2625	48.892
2626	48.973
2627	47.784
2628	47.73
2629	49.622
2630	48.622
2631	47.703
2632	48.162
2633	48.784
2634	49.838
2635	48.054
2636	47.811
2637	48.27
2638	49
2639	48.135
2640	47.73
2641	48
2642	47.757
2643	48.919
2644	46.595
2645	46.459
2646	48.351
2647	46.622
2648	46.946
2649	46.757
2650	47.405
2651	46.622
2652	48.649
2653	46.703
2654	46.865
2655	46.865
2656	48.324
2657	46.73
2658	47.486
2659	48.135
2660	48.595
2661	45.892
2662	46.784
2663	46.378
2664	45.892
2665	47.703
2666	46.919
2667	47.324
2668	48.108
2669	47.054
2670	47.541
2671	47.27
2672	46.351
2673	48.27
2674	47.054
2675	46.216
2676	45.73
2677	46.622
2678	48.027
2679	47.297
2680	47.432
2681	46.784
2682	46.946
2683	46.568
2684	46.838
2685	46.649
2686	46.649
2687	47.649
2688	46.27
2689	46.811
2690	46.486
2691	45.378
2692	45.486
2693	47.865
2694	47.703
2695	47.27
2696	46.757
2697	49.108
2698	47.162
2699	47.243
2700	45.838
2701	46.432
2702	46.243
2703	45.73
2704	45.324
2705	46.378
2706	46.757
2707	45.892
2708	45.135
2709	45.649
2710	45.243
2711	45.459
2712	45.27
2713	45.649
2714	45.162
2715	45.297
2716	45.838
2717	45.243
2718	45.973
2719	45.622
2720	45.351
2721	45.081
2722	47.297
2723	47.162
2724	45.811
2725	46.162
2726	45.568
2727	46.703
2728	44.811
2729	47.243
2730	45.486
2731	45.676
2732	45.351
2733	45.703
2734	45.405
2735	46.946
2736	45.757
2737	47.054
2738	46.351
2739	46.216
2740	46.243
2741	45.757
2742	45.432
2743	44.919
2744	44.973
2745	43.649
2746	45
2747	47.189
2748	46.324
2749	45.432
2750	46.243
2751	45.486
2752	44.162
2753	45.432
2754	45.757
2755	45.243
2756	43.865
2757	45.541
2758	44.865
2759	44.216
2760	44.027
2761	46.162
2762	45.676
2763	45.135
2764	45.162
2765	46.108
2766	47.297
2767	44.892
2768	44.811
2769	45.757
2770	45.757
2771	44.946
2772	45.297
2773	45.162
2774	46.189
2775	46.514
2776	45.865
2777	44.432
2778	45.216
2779	45.757
2780	44.027
2781	45.73
2782	45.351
2783	46.622
2784	45.622
2785	44.405
2786	44.811
2787	45.297
2788	44.351
2789	45.162
2790	45.649
2791	45.73
2792	44.811
2793	46.135
2794	45.432
2795	45.892
2796	45.351
2797	47.216
2798	45.459
2799	45.297
2800	45.297
2801	45.811
2802	44.514
2803	45.108
2804	44.865
2805	45.946
2806	44.378
2807	44.297
2808	45.892
2809	45.27
2810	45.27
2811	44.676
2812	45.486
2813	45.135
2814	44.378
2815	44.73
2816	46.108
2817	44.27
2818	45.378
2819	44.892
2820	46.135
2821	45.595
2822	45.378
2823	45.649
2824	46.027
2825	45.703
2826	44.73
2827	46.27
2828	45.919
2829	45.514
2830	45.405
2831	45.108
2832	43.189
2833	44.243
2834	45.378
2835	46.351
2836	47.351
2837	45.324
2838	45.459
2839	44.703
2840	45.351
2841	44.973
2842	45.811
2843	45.378
2844	45.919
2845	46.703
2846	45.541
2847	44.703
2848	45.703
2849	45.811
2850	46.73
2851	44.622
2852	46.108
2853	44.027
2854	46.189
2855	47.189
2856	45.27
2857	46.297
2858	45.541
2859	43.757
2860	46.405
2861	44.946
2862	46.378
2863	46.73
2864	46.297
2865	45.946
2866	45
2867	46.189
2868	46.459
2869	44.189
2870	44.568
2871	45.622
2872	45.541
2873	43.73
2874	45
2875	45.108
2876	44.162
2877	46.108
2878	45.676
2879	46.378
2880	45.838
2881	47.757
2882	47.459
2883	49.811
2884	50.73
2885	48.946
2886	49.568
2887	52.054
2888	53.757
2889	51.73
2890	51.27
2891	52.108
2892	53.459
2893	52.189
2894	52.811
2895	53.73
2896	53.757
2897	51.622
2898	51.973
2899	51.297
2900	50.135
2901	50.919
2902	50.486
2903	50.73
2904	50.946
2905	49.541
2906	50.405
2907	51.243
2908	52.135
2909	53.541
2910	51.973
2911	51.108
2912	50.568
2913	50.324
2914	50.486
2915	50.243
2916	52.135
2917	50.216
2918	50.703
2919	48.405
2920	48.108
2921	48.838
2922	48.946
2923	46.919
2924	48.703
2925	47.649
2926	48.378
2927	49.541
2928	47.162
2929	49.189
2930	49.892
2931	46.703
2932	47
2933	47.919
2934	46.865
2935	47.73
2936	47.649
2937	44.622
2938	47.865
2939	47
2940	47.784
2941	47.595
2942	47.135
2943	45.973
2944	47.135
2945	47.054
2946	45.838
2947	47
2948	47.27
2949	47.135
2950	46.459
2951	45.432
2952	46.919
2953	45.486
2954	47.189
2955	46.865
2956	45.351
2957	45.568
2958	45.541
2959	45.703
2960	47.351
2961	44.865
2962	46.486
2963	46.27
2964	44.946
2965	45.378
2966	45.514
2967	46.297
2968	45.378
2969	47.378
2970	46.405
2971	46.892
2972	45.784
2973	46.541
2974	46.297
2975	45.919
2976	46.919
2977	45.162
2978	44.486
2979	45.919
2980	45.243
2981	46.108
2982	46.676
2983	44.622
2984	45.243
2985	45.432
2986	46.432
2987	46
2988	46.676
2989	45.595
2990	44.351
2991	46.784
2992	46.081
2993	45.892
2994	47.027
2995	46.378
2996	46.676
2997	45.189
2998	46.27
2999	45.595
3000	46.649
3001	45.514
3002	46.189
3003	46.378
3004	46.973
3005	45.919
3006	46.405
3007	46.081
3008	46.486
3009	46.054
3010	45.243
3011	45.865
3012	46.919
3013	45.973
3014	45.405
3015	45.243
3016	47.703
3017	45.054
3018	45.703
3019	45.432
3020	45.892
3021	45.919
3022	47.189
3023	47.081
3024	45.189
3025	45.811
3026	46.595
3027	45.432
3028	43.838
3029	45.811
3030	47.216
3031	47.135
3032	44.432
3033	44.135
3034	45.676
3035	44.108
3036	45.541
3037	46.811
3038	46.243
3039	46
3040	46.189
3041	46.703
3042	45.595
3043	44.459
3044	45.081
3045	45.432
3046	46.568
3047	46.027
3048	45.405
3049	46.703
3050	45.486
3051	46.081
3052	45.838
3053	47.189
3054	45.027
3055	45.622
3056	45.378
3057	46
3058	46.811
3059	45.135
3060	46.73
3061	45.405
3062	46.676
3063	46.081
3064	44.865
3065	45.135
3066	46.324
3067	46.162
3068	46.757
3069	46.243
3070	45.811
3071	45.108
3072	44.757
3073	46.838
3074	45.865
3075	45.486
3076	46.568
3077	45.892
3078	45.324
3079	45.649
3080	45.297
3081	45.838
3082	45.838
3083	45.189
3084	47.081
3085	47.946
3086	51.108
3087	51.135
3088	51.973
3089	52.541
3090	52.432
3091	53.027
3092	52.162
3093	53.243
3094	52.811
3095	53.838
3096	53.027
3097	53.162
3098	52.595
3099	54.405
3100	53.514
3101	50.541
3102	51.676
3103	52.297
3104	50.324
3105	52.784
3106	51.973
3107	49.811
3108	50.054
3109	50.135
3110	49.27
3111	48.784
3112	48.973
3113	49.865
3114	49.757
3115	48.351
3116	48.784
3117	50.486
3118	49.216
3119	48.73
3120	48.324
3121	47.757
3122	47.784
3123	47.919
3124	49
3125	48.162
3126	49.73
3127	48.649
3128	48.703
3129	47.838
3130	49.108
3131	47.486
3132	47.432
3133	48.973
3134	48.27
3135	49.243
3136	48.541
3137	47.459
3138	48.351
3139	45.622
3140	45.946
3141	47.73
3142	46.73
3143	46.432
3144	46.486
3145	46.351
3146	45.405
3147	46.162
3148	47.811
3149	46.486
3150	45.838
3151	45.054
3152	46.73
3153	47.297
3154	47.216
3155	47.351
3156	47.189
3157	46.486
3158	45.27
3159	48.135
3160	47.162
3161	46.784
3162	45.757
3163	46.622
3164	46.135
3165	46.784
3166	46.108
3167	44.946
3168	47.486
3169	46.27
3170	47.27
3171	45.73
3172	45.973
3173	44.919
3174	45.811
3175	46.486
3176	46.568
3177	48.216
3178	47.27
3179	47.541
3180	46.649
3181	46.351
3182	46.838
3183	47.811
3184	48.324
3185	47.162
3186	46.73
3187	47.162
3188	45.865
3189	47.649
3190	46.514
3191	47.486
3192	46.892
3193	46.324
3194	47.703
3195	46.243
3196	46.757
3197	47.838
3198	46.919
3199	45.811
3200	47.27
3201	46.027
3202	47.378
3203	48.162
3204	46.216
3205	47.757
3206	46.027
3207	45.811
3208	47.73
3209	48.811
3210	46.297
3211	47.622
3212	46.811
3213	46.73
3214	47.162
3215	48.081
3216	47.459
3217	49
3218	46.676
3219	46.919
3220	46.919
3221	48.946
3222	46.757
3223	48.459
3224	47.162
3225	46.568
3226	46.703
3227	47.162
3228	49.081
3229	51
3230	51.054
3231	51.324
3232	52.459
3233	54.514
3234	52.676
3235	53.054
3236	54.216
3237	54.135
3238	55.108
3239	54.351
3240	52.676
3241	53.378
3242	52.216
3243	54.432
3244	52.324
3245	51.297
3246	53.297
3247	52.784
3248	51.73
3249	54.27
3250	54.459
3251	53.297
3252	53.108
3253	54.027
3254	53.324
3255	52.351
3256	53.568
3257	53.838
3258	52.486
3259	52.514
3260	49.919
3261	51.135
3262	50.838
3263	51.568
3264	49.676
3265	50.919
3266	50.649
3267	48.595
3268	51.216
3269	50
3270	49.649
3271	49.297
3272	48.838
3273	47.189
3274	50.676
3275	51.676
3276	49.162
3277	49.027
3278	49.432
3279	48.514
3280	49.541
3281	50.324
3282	49.486
3283	50.459
3284	49.432
3285	49.081
3286	48.784
3287	50.514
3288	48.135
3289	47.541
3290	50.378
3291	49.892
3292	48.135
3293	48.486
3294	50.649
3295	48.432
3296	49.297
3297	49.73
3298	47.459
3299	47.486
3300	49.189
3301	48.405
3302	51.081
3303	48.459
3304	47.919
3305	47.676
3306	48.432
3307	48.459
3308	49.297
3309	48.243
3310	49.892
3311	47.378
3312	49.676
3313	49.216
3314	48.865
3315	48.541
3316	48.676
3317	48.486
3318	48.595
3319	48.946
3320	48.189
3321	47.378
3322	49.892
3323	49.838
3324	49.108
3325	48.514
3326	47.568
3327	48.811
3328	50.081
3329	51.189
3330	48.189
3331	48.946
3332	49.676
3333	47.811
3334	49
3335	49.784
3336	50.108
3337	48.622
3338	48.676
3339	48.568
3340	50.162
3341	48.378
3342	50.622
3343	49.054
3344	48.297
3345	48.541
3346	50.649
3347	50.811
3348	49.676
3349	49.27
3350	48.838
3351	49.622
3352	49.162
3353	49.649
3354	49.243
3355	48.973
3356	49.243
3357	48.703
3358	49.27
3359	49.27
3360	49.216
3361	49.919
3362	49.081
3363	48.541
3364	49.703
3365	49.216
3366	49.108
3367	49.568
3368	49.378
3369	49.919
3370	50.189
3371	49.595
3372	48.649
3373	49.919
3374	48.351
3375	48.811
3376	49.162
3377	48.297
3378	50.027
3379	50.622
3380	48.649
3381	49.378
3382	48.459
3383	49.135
3384	48.676
3385	49.027
3386	47.784
3387	48.865
3388	49.73
3389	49.243
3390	47.595
3391	49.622
3392	49.838
3393	49.189
3394	50.649
3395	48.865
3396	48.892
3397	47.784
3398	48.108
3399	49.054
3400	47.73
3401	50
3402	49.541
3403	48.297
3404	48.27
3405	49.054
3406	48.027
3407	47.595
3408	49.216
3409	49.973
3410	48.838
3411	48.135
3412	49.541
3413	49.135
3414	49.649
3415	48.405
3416	48
3417	48.108
3418	46.838
3419	48.297
3420	47.73
3421	48.676
3422	47.703
3423	48.459
3424	49.432
3425	48.568
3426	48.757
3427	48.027
3428	48.459
3429	49.676
3430	48.973
3431	48.568
3432	49.189
3433	48.432
3434	49.324
3435	48.811
3436	49.108
3437	47.324
3438	48.486
3439	47.568
3440	47.595
3441	49.676
3442	48.784
3443	48.514
3444	47.378
3445	47.973
3446	47.811
3447	48.541
3448	46.946
3449	48.054
3450	49.027
3451	49.514
3452	49.108
3453	48.216
3454	47.162
3455	48.919
3456	48.27
3457	49.649
3458	46.703
3459	48.432
3460	49.541
3461	48.784
3462	46.108
3463	49.243
3464	48.459
3465	47.946
3466	45.649
3467	48.973
3468	47.514
3469	47.568
3470	47.595
3471	47.405
3472	48.649
3473	48.405
3474	47.757
3475	48.027
3476	47.973
3477	46.297
3478	48.486
3479	49.514
3480	48.459
3481	48.108
3482	50.081
3483	48.622
3484	47.649
3485	50
3486	48.081
3487	47.135
3488	48.703
3489	48.432
3490	48.027
3491	47.892
3492	49.243
3493	47
3494	47.838
3495	48.838
3496	48.297
3497	49.838
3498	47.973
3499	48.162
3500	48.432
3501	46.838
3502	47.757
3503	49.162
3504	50.108
3505	47.676
3506	47.216
3507	47.73
3508	47.486
3509	48.135
3510	47.486
3511	47.946
3512	48.027
3513	47.27
3514	48.703
3515	48.189
3516	47.459
3517	48.649
3518	47.649
3519	47.676
3520	48.757
3521	47.838
3522	47.703
3523	49
3524	49.135
3525	48.541
3526	48.432
3527	47.486
3528	47.324
3529	46.027
3530	47.622
3531	49.811
3532	47
3533	48.216
3534	48.595
3535	48.459
3536	48.243
3537	47
3538	47.811
3539	47.892
3540	48.081
3541	49.351
3542	48.162
3543	48.676
3544	50.27
3545	48.378
3546	49
3547	48.243
3548	48.486
3549	48.892
3550	49
3551	48.216
3552	49.811
3553	48.919
3554	47.865
3555	48.973
3556	49.73
3557	48.568
3558	48.432
3559	47.568
3560	48.351
3561	47.378
3562	47
3563	49.189
3564	48.324
3565	51.378
3566	48.73
3567	48.486
3568	47.703
3569	48.73
3570	47
3571	48.189
3572	47.649
3573	49.73
3574	51.351
3575	52.081
3576	53.757
3577	53.946
3578	54.216
3579	53.622
3580	54.216
3581	54.649
3582	55.459
3583	56.784
3584	55.216
3585	53.946
3586	55.622
3587	58.324
3588	54.297
3589	54.73
3590	54.622
3591	54.351
3592	53.946
3593	54.054
3594	51.865
3595	52.919
3596	55.459
3597	54.73
3598	54.405
3599	53.027
3600	54.405
3601	53.108
3602	53.757
3603	52.784
3604	53.297
3605	51.027
3606	52.054
3607	54.405
3608	54.946
3609	55.541
3610	54.351
3611	54.838
3612	56.324
3613	56.73
3614	54.892
3615	54.243
3616	54.892
3617	57.054
3618	55.459
3619	54.514
3620	55.757
3621	54.649
3622	54
3623	55.595
3624	55.541
3625	53.541
3626	53.784
3627	52.378
3628	53.324
3629	53.892
3630	52.054
3631	53.919
3632	53.703
3633	52.135
3634	52.811
3635	53.324
3636	52.973
3637	53.189
3638	52.703
3639	53.865
3640	51.568
3641	52.757
3642	53.73
3643	50.811
3644	52.73
3645	53.459
3646	52.324
3647	52.054
3648	52.135
3649	51.568
3650	50.649
3651	51.865
3652	52.027
3653	52.297
3654	51.541
3655	51.297
3656	52.73
3657	52.946
3658	53.432
3659	51.459
3660	52
3661	51.108
3662	51.946
3663	51.135
3664	51.838
3665	51.757
3666	51.162
3667	53
3668	51.703
3669	52.514
3670	52.081
3671	51.486
3672	51.757
3673	52.162
3674	54.405
3675	52.378
3676	51.73
3677	52.838
3678	54.649
3679	53.189
3680	53.108
3681	53.243
3682	51.892
3683	52.676
3684	52.514
3685	53.838
3686	52.622
3687	53.703
3688	53.622
3689	53.351
3690	53.324
3691	53.378
3692	52.838
3693	53.514
3694	53.622
3695	54.081
3696	53.297
3697	54.784
3698	53.486
3699	55.216
3700	53.432
3701	54.351
3702	55.568
3703	53.459
3704	54.514
3705	53.838
3706	54.784
3707	55.324
3708	54.757
3709	53.189
3710	53.811
3711	55.054
3712	54.135
3713	53.973
3714	55.135
3715	54.378
3716	53.432
3717	53.162
3718	55.378
3719	54.189
3720	54.486
3721	55.216
3722	54.757
3723	54.946
3724	53.757
3725	54.243
3726	54.297
3727	54.676
3728	55.054
3729	53.459
3730	55.216
3731	53.568
3732	55.081
3733	56.378
3734	55.703
3735	55.324
3736	55.865
3737	55
3738	54.216
3739	54.432
3740	56.108
3741	54.811
3742	55.919
3743	55.865
3744	55.676
3745	54.811
3746	54.432
3747	53.892
3748	54.784
3749	54.514
3750	54.054
3751	54.865
3752	53.73
3753	54.189
3754	55.568
3755	54.027
3756	55.189
3757	56.865
3758	54.216
3759	55.243
3760	54.973
3761	56.459
3762	54.73
3763	54.432
3764	55.459
3765	54.054
3766	55.514
3767	56.459
3768	54.054
3769	54.838
3770	53.108
3771	54
3772	53.541
3773	54.297
3774	53.081
3775	55.054
3776	55.243
3777	55.108
3778	53.676
3779	55.297
3780	55.919
3781	55.486
3782	54.108
3783	53.649
3784	54.973
3785	56.054
3786	54.324
3787	54.216
3788	55.108
3789	54.757
3790	54.081
3791	54.297
3792	55
3793	55.486
3794	54.568
3795	55.135
3796	54.486
3797	55.73
3798	55.216
3799	55.216
3800	55
3801	54.676
3802	54.757
3803	55.946
3804	56.216
3805	55.676
3806	54.27
3807	54.838
3808	54.135
3809	56
3810	55.27
3811	56.324
3812	56.811
3813	55.676
3814	55.73
3815	56.486
3816	54.486
3817	57.162
3818	55.351
3819	56.622
3820	55.568
3821	56.676
3822	53.676
3823	57.081
3824	54.243
3825	54.162
3826	56.081
3827	56.946
3828	55.784
3829	56.541
3830	55.378
3831	57.486
3832	54.919
3833	55.946
3834	54.649
3835	54.297
3836	54.243
3837	54.27
3838	56.27
3839	55.973
3840	55.27
3841	55.216
3842	55.432
3843	55.838
3844	56.351
3845	53.676
3846	54.189
3847	54.649
3848	56.568
3849	54.703
3850	55.486
3851	55.189
3852	54.568
3853	55.811
3854	56.162
3855	53.162
3856	55.405
3857	56.568
3858	54.946
3859	55.405
3860	54.676
3861	54.73
3862	56.73
3863	56.378
3864	56.973
3865	54.838
3866	54.108
3867	54.324
3868	55.973
3869	54.757
3870	56.054
3871	55.378
3872	55.865
3873	55.973
3874	55.784
3875	54.946
3876	56.27
3877	55.73
3878	53.324
3879	54.865
3880	55.324
3881	54.243
3882	55.757
3883	54.865
3884	56.054
3885	55.162
3886	54.297
3887	53.946
3888	54.703
3889	56.081
3890	53.243
3891	56.757
3892	55.297
3893	54.811
3894	54.081
3895	54.378
3896	55.324
3897	56.216
3898	50.243
3899	54.676
3900	55.838
3901	55.865
3902	54.892
3903	55.297
3904	55.135
3905	54.73
3906	55.676
3907	54.919
3908	54.189
3909	54
3910	55.811
3911	54.865
3912	56.189
3913	54.757
3914	53.216
3915	55.135
3916	54.432
3917	54.081
3918	55.189
3919	55.703
3920	57.189
3921	56.162
3922	59.486
3923	59.703
3924	58.378
3925	61.946
3926	60.324
3927	61.919
3928	62.378
3929	60.162
3930	61.838
3931	60.946
3932	62.081
3933	61.351
3934	59.919
3935	61.216
3936	61.568
3937	60.378
3938	60.189
3939	60.919
3940	57.865
3941	59.811
3942	60.432
3943	58.757
3944	60.081
3945	58.703
3946	58.486
3947	59.027
3948	57.568
3949	56.514
3950	59.514
3951	58.568
3952	57.108
3953	57.27
3954	57.568
3955	58.892
3956	55.622
3957	55.865
3958	56.757
3959	56.135
3960	55.838
3961	55.459
3962	57.243
3963	55.865
3964	55.135
3965	56.135
3966	56.324
3967	57.135
3968	55.189
3969	55.162
3970	55.27
3971	55
3972	55.486
3973	56.324
3974	54.649
3975	55.459
3976	55.432
3977	56.459
3978	54.973
3979	55.405
3980	56.595
3981	57.919
3982	56.351
3983	56.459
3984	56.027
3985	56.378
3986	56.378
3987	56.595
3988	54.784
3989	55.486
3990	56.514
3991	55.081
3992	54.514
3993	55.838
3994	55.189
3995	55.676
3996	55.541
3997	53.568
3998	54.838
3999	55.054
4000	57.757
4001	53.676
4002	56.297
4003	56.946
4004	55
4005	55.27
4006	54.378
4007	54.892
4008	55.622
4009	57.054
4010	56.351
4011	56.027
4012	55
4013	55.73
4014	55.486
4015	54.622
4016	53.378
4017	55.432
4018	54.541
4019	55.378
4020	54.486
4021	54.514
4022	54.595
4023	55.649
4024	56.081
4025	54.622
4026	54.162
4027	54.757
4028	56.135
4029	56.622
4030	55.946
4031	54.243
4032	54.676
4033	56.838
4034	54.027
4035	54.757
4036	54
4037	56.622
4038	54.541
4039	54.784
4040	54.649
4041	53.919
4042	54.514
4043	53.649
4044	53.514
4045	53.784
4046	54.081
4047	55.297
4048	55.162
4049	54.622
4050	52.676
4051	53.757
4052	54.784
4053	55.486
4054	53.351
4055	53.622
4056	55.351
4057	53.784
4058	53.892
4059	54.486
4060	54.405
4061	55.108
4062	53.27
4063	54.243
4064	54.649
4065	55.757
4066	53.865
4067	56.216
4068	56.432
4069	55.027
4070	55.189
4071	54.432
4072	54.541
4073	56.189
4074	54.811
4075	55.757
4076	55.919
4077	54.405
4078	54.324
4079	54.703
4080	51.784
4081	53.892
4082	54.514
4083	55.135
4084	54.108
4085	53.757
4086	53.757
4087	54.946
4088	55.162
4089	54.081
4090	54.865
4091	54
4092	53.351
4093	55.703
4094	54.054
4095	54.054
4096	55.135
4097	54.676
4098	55.919
4099	53.649
4100	53.27
4101	54.73
4102	54.081
4103	55.486
4104	52.946
4105	54.919
4106	54.649
4107	54.378
4108	55.486
4109	55.486
4110	55.378
4111	54
4112	54.811
4113	55.324
4114	54.946
4115	54.054
4116	53.946
4117	54.297
4118	53.541
4119	54.703
4120	54.189
4121	54.405
4122	54.189
4123	54.865
4124	53.946
4125	56.081
4126	54.514
4127	53.405
4128	55.378
4129	55.676
4130	53.108
4131	53.216
4132	52.216
4133	53.027
4134	55.081
4135	54.838
4136	52.351
4137	54.568
4138	54.595
4139	53.865
4140	53.595
4141	54.865
4142	54.649
4143	54.892
4144	53.432
4145	54.027
4146	55.027
4147	54.027
4148	54.73
4149	52.216
4150	53.784
4151	54.459
4152	53.811
4153	54
4154	53.757
4155	55.27
4156	52.676
4157	53.568
4158	53.649
4159	56.027
4160	53.108
4161	53.432
4162	52.892
4163	56.405
4164	52.054
4165	54.216
4166	53.027
4167	46.459
4168	53.838
4169	54.054
4170	52.919
4171	53.649
4172	55.297
4173	53.892
4174	52.811
4175	52.595
4176	53.162
4177	54.297
4178	52.541
4179	53.405
4180	52.297
4181	53.622
4182	54.486
4183	53.027
4184	53.946
4185	52.378
4186	52.405
4187	52.108
4188	53.351
4189	53.243
4190	53.108
4191	53.351
4192	52.405
4193	52.757
4194	53.297
4195	52.757
4196	54.703
4197	52.703
4198	54.081
4199	53.73
4200	53.378
4201	51.838
4202	50.541
4203	52.595
4204	52.054
4205	51.514
4206	52.162
4207	54.622
4208	52.703
4209	51.243
4210	52.486
4211	52.838
4212	52.541
4213	51.892
4214	51.541
4215	51.459
4216	52.405
4217	52.162
4218	53.135
4219	51.514
4220	51.189
4221	51.919
4222	51.459
4223	54.189
4224	51.973
4225	52.405
4226	52.459
4227	54.405
4228	53.027
4229	52.378
4230	53.108
4231	51.541
4232	52.216
4233	53.216
4234	53
4235	52.541
4236	51.459
4237	52.432
4238	50.568
4239	52.919
4240	52.162
4241	53.216
4242	53.73
4243	51.324
4244	52.811
4245	52.027
4246	50.973
4247	51.27
4248	52.27
4249	53.811
4250	50.622
4251	50.595
4252	52.405
4253	52.486
4254	50.838
4255	52.838
4256	52.595
4257	52.216
4258	52.838
4259	50.162
4260	52.297
4261	51.486
4262	50.811
4263	52.459
4264	51.405
4265	50.459
4266	53.73
4267	56.027
4268	55.297
4269	56.595
4270	57.432
4271	57.73
4272	58.054
4273	57
4274	58.595
4275	59.622
4276	58.135
4277	58.486
4278	59.649
4279	57.892
4280	57.027
4281	58.162
4282	58.973
4283	58.838
4284	58.811
4285	58
4286	57.486
4287	58
4288	56.297
4289	58.081
4290	57.541
4291	56.027
4292	57.27
4293	56.703
4294	56.622
4295	56.297
4296	55.757
4297	55.757
4298	55.027
4299	54.757
4300	54.865
4301	54.703
4302	55.351
4303	54.838
4304	52.946
4305	53.405
4306	53.676
4307	55.162
4308	54.784
4309	52.892
4310	53.973
4311	52.568
4312	54.378
4313	55.216
4314	54.189
4315	52.892
4316	52.162
4317	51.27
4318	52.676
4319	54.108
4320	51.811
4321	51.73
4322	54.649
4323	51.027
4324	52.811
4325	53.649
4326	52.703
4327	52.054
4328	53
4329	52.514
4330	52.027
4331	50.757
4332	52.865
4333	50.811
4334	52.189
4335	52.432
4336	53.459
4337	50.73
4338	53.784
4339	51.243
4340	51.243
4341	50.568
4342	50.378
4343	52.243
4344	50.892
4345	51
4346	52.541
4347	51.27
4348	50.703
4349	51
4350	52.405
4351	53.297
4352	49.73
4353	51.486
4354	51.378
4355	51.459
4356	50.595
4357	51.378
4358	49.595
4359	52.189
4360	51.216
4361	52.568
4362	52.514
4363	51.324
4364	52.649
4365	50.054
4366	51.405
4367	49.378
4368	51.486
4369	51.378
4370	50.946
4371	51
4372	50.216
4373	51.378
4374	50.324
4375	51.405
4376	50.514
4377	53.243
4378	50.73
4379	51.703
4380	49.73
4381	51.973
4382	50.216
4383	52
4384	51.486
4385	51.703
4386	51.081
4387	51.568
4388	50.568
4389	50.784
4390	50.73
4391	52.243
4392	51.838
4393	49.432
4394	50.135
4395	52.351
4396	49.865
4397	49.946
4398	49.054
4399	49.405
4400	51.622
4401	50.135
4402	49.405
4403	50.162
4404	50.622
4405	50.189
4406	51.73
4407	50.459
4408	51.432
4409	49.081
4410	50.73
4411	50.162
4412	49.351
4413	49.649
4414	49
4415	50.865
4416	50.081
4417	49.892
4418	50
4419	50.865
4420	48.946
4421	51.73
4422	49.324
4423	49.162
4424	49.486
4425	50.297
4426	49.649
4427	50.216
4428	52.351
4429	50.189
4430	50.27
4431	49.486
4432	50.838
4433	50.189
4434	49.297
4435	51.189
4436	49.081
4437	50.784
4438	50.622
4439	50.432
4440	50.081
4441	49.649
4442	50
4443	49.27
4444	49.135
4445	50.27
4446	50.135
4447	50.27
4448	51.108
4449	50.108
4450	51.514
4451	50.676
4452	51.081
4453	51.595
4454	50.73
4455	50.351
4456	50.135
4457	48.973
4458	50.378
4459	50.892
4460	49.486
4461	50.649
4462	50.568
4463	50.378
4464	50.676
4465	49.108
4466	49.108
4467	49.757
4468	49.405
4469	50.973
4470	49.703
4471	48.541
4472	50.432
4473	49.811
4474	50.135
4475	50.27
4476	51.216
4477	49.892
4478	49.297
4479	48.514
4480	49.919
4481	49.189
4482	49.135
4483	49.189
4484	48.351
4485	50.459
4486	49.946
4487	48.243
4488	49.514
4489	49.351
4490	48.622
4491	49.757
4492	50
4493	49.919
4494	49.865
4495	49
4496	49.622
4497	48.595
4498	48.946
4499	49.081
4500	49.486
4501	49.081
4502	49.514
4503	50.297
4504	48.595
4505	49.135
4506	49.622
4507	49.27
4508	48.027
4509	48.919
4510	49.595
4511	49.243
4512	49.27
4513	49.297
4514	48.486
4515	48.541
4516	48.757
4517	50.135
4518	48
4519	49.73
4520	48.108
4521	49.838
4522	48.432
4523	48.811
4524	48.946
4525	49.649
4526	48.378
4527	48.838
4528	48.757
4529	48.081
4530	51.378
4531	49.324
4532	50.216
4533	48.432
4534	47.757
4535	48
4536	49.541
4537	48.432
4538	48.27
4539	47.162
4540	48.595
4541	48.054
4542	47.811
4543	49.054
4544	49.351
4545	48.649
4546	48.297
4547	47.973
4548	48.676
4549	48.378
4550	49.676
4551	49.243
4552	49.838
4553	48.243
4554	47.865
4555	47.622
4556	47.622
4557	50.27
4558	51.135
4559	48.351
4560	49.297
4561	49.73
4562	49.324
4563	48.432
4564	47.027
4565	49.405
4566	47.946
4567	49.027
4568	47.892
4569	48.892
4570	48.892
4571	48.297
4572	47.135
4573	48.054
4574	48.243
4575	49.081
4576	48.135
4577	49.784
4578	48.703
4579	46.676
4580	49.216
4581	48.649
4582	47.243
4583	47.973
4584	46.946
4585	48.622
4586	48.486
4587	49.432
4588	49.73
4589	47.486
4590	46.676
4591	49.027
4592	48.622
4593	47.892
4594	47.108
4595	47.595
4596	47.703
4597	48.432
4598	48.135
4599	48.946
4600	47.757
4601	47.973
4602	48.676
4603	49.757
4604	47.757
4605	47.865
4606	47.027
4607	48.541
4608	47.622
4609	47.919
4610	47.324
4611	47.919
4612	50.135
4613	49
4614	52.568
4615	53.595
4616	52.703
4617	52
4618	53.486
4619	54.27
4620	53.081
4621	54.054
4622	53.622
4623	54.892
4624	56.216
4625	56.784
4626	54.216
4627	56.216
4628	54.892
4629	56.081
4630	54.784
4631	54.108
4632	54.351
4633	54.108
4634	52.892
4635	51.568
4636	51.892
4637	53.649
4638	52.622
4639	52.838
4640	50.459
4641	52.459
4642	51.324
4643	52.459
4644	53.405
4645	52
4646	51.135
4647	49.73
4648	49.541
4649	49.757
4650	50.216
4651	52.297
4652	50.649
4653	50.216
4654	50.297
4655	50.081
4656	48
4657	49.811
4658	49.189
4659	49.297
4660	48.676
4661	49.649
4662	50.135
4663	49.027
4664	49.514
4665	48.811
4666	46.568
4667	49.243
4668	49.622
4669	48.027
4670	47.514
4671	49.027
4672	49.486
4673	49.243
4674	49.243
4675	48.973
4676	50.081
4677	50.514
4678	49.324
4679	48.784
4680	48.459
4681	48.486
4682	47.541
4683	48.703
4684	48.514
4685	48.189
4686	48.892
4687	47.081
4688	49.514
4689	47.703
4690	48.514
4691	49.135
4692	47.946
4693	47.324
4694	48.108
4695	48.216
4696	47.568
4697	48.865
4698	47.297
4699	48
4700	49.108
4701	48.108
4702	47.865
4703	48.838
4704	47.541
4705	48.865
4706	47.541
4707	47.595
4708	46.541
4709	49.108
4710	47.757
4711	47.405
4712	48.432
4713	47.162
4714	48.243
4715	47.432
4716	46.676
4717	46.568
4718	47.811
4719	45.757
4720	46.135
4721	47.108
4722	49.243
4723	46.568
4724	46.514
4725	46.568
4726	47.514
4727	47.676
4728	47.838
4729	47.081
4730	46.892
4731	48.73
4732	47.378
4733	47.568
4734	47.595
4735	46.919
4736	46.946
4737	47.324
4738	48.108
4739	47.27
4740	48.622
4741	47.189
4742	47.514
4743	47.081
4744	47.486
4745	46.27
4746	46.216
4747	46.892
4748	46.054
4749	48.432
4750	48.027
4751	46.054
4752	45.757
4753	47.162
4754	47.784
4755	48.297
4756	48.378
4757	46.324
4758	46.568
4759	46.243
4760	47.027
4761	47.351
4762	46.865
4763	47.892
4764	47.865
4765	47.811
4766	48
4767	48.351
4768	46.865
4769	46.892
4770	47.919
4771	48.108
4772	47.405
4773	46.459
4774	47.189
4775	49.541
4776	46.568
4777	46.541
4778	47.027
4779	45.486
4780	45.892
4781	47.541
4782	47.784
4783	48.459
4784	46.351
4785	46.027
4786	47
4787	47.216
4788	46.135
4789	46.784
4790	45.973
4791	46.216
4792	47.946
4793	46.324
4794	47.514
4795	46.243
4796	46.838
4797	46.865
4798	44.405
4799	47.622
4800	45.405
4801	48.162
4802	47.865
4803	45.73
4804	48.459
4805	47.676
4806	46.27
4807	48.784
4808	47.243
4809	47.027
4810	46.757
4811	46.703
4812	46.135
4813	47.216
4814	46.973
4815	46.081
4816	46.919
4817	46.27
4818	46.676
4819	45.946
4820	44.432
4821	45.243
4822	47.162
4823	47.432
4824	45.892
4825	47.081
4826	47.351
4827	47.108
4828	46.973
4829	47.73
4830	46.135
4831	46.568
4832	45.838
4833	45.676
4834	45.108
4835	47.405
4836	46.027
4837	46.73
4838	47.162
4839	45.946
4840	46.432
4841	46.378
4842	46.027
4843	46.703
4844	45.757
4845	47.189
4846	47.054
4847	46.135
4848	46.405
4849	45.784
4850	46.162
4851	46.946
4852	45.946
4853	45.189
4854	46.784
4855	45.378
4856	47.135
4857	45.811
4858	45.432
4859	47
4860	47.108
4861	45.27
4862	46.432
4863	45.108
4864	46.351
4865	45.838
4866	45.838
4867	46.919
4868	46.189
4869	48.216
4870	46.027
4871	45.541
4872	46.973
4873	45.946
4874	47.054
4875	46.324
4876	47.514
4877	45.568
4878	45.054
4879	46.405
4880	46.865
4881	44.973
4882	45.432
4883	45.892
4884	46.919
4885	44.595
4886	46.486
4887	46.973
4888	45.973
4889	46.541
4890	45.703
4891	45.622
4892	45.595
4893	45.595
4894	45.514
4895	45.189
4896	44.703
4897	46.135
4898	45.919
4899	46.054
4900	44.189
4901	45.757
4902	46.757
4903	44.676
4904	46.703
4905	45.649
4906	45.216
4907	45.973
4908	47.081
4909	45.27
4910	44.351
4911	45.297
4912	45.027
4913	45.432
4914	47.541
4915	45.784
4916	44.514
4917	46.216
4918	46.135
4919	46.216
4920	44.568
4921	46.216
4922	45.297
4923	45.892
4924	44.892
4925	46.486
4926	44.405
4927	45.811
4928	44
4929	45.216
4930	45.973
4931	43.919
4932	45.865
4933	45.676
4934	44.892
4935	45.703
4936	44.919
4937	45.27
4938	45.243
4939	45.757
4940	44.405
4941	45.892
4942	45.432
4943	45.946
4944	44.541
4945	44.324
4946	44.297
4947	46.081
4948	45.784
4949	45.324
4950	44.081
4951	44.703
4952	44.676
4953	45.459
4954	45.135
4955	43.973
4956	44.784
4957	46.405
4958	47.081
4959	50.162
4960	48.757
4961	49.757
4962	51.27
4963	51.324
4964	51.838
4965	51.081
4966	52.378
4967	53.595
4968	51.892
4969	52.054
4970	52.459
4971	51.622
4972	52.784
4973	52.514
4974	50.622
4975	51.568
4976	50.054
4977	50.324
4978	49.676
4979	49.973
4980	49.351
4981	50.595
4982	49.541
4983	51.459
4984	52.081
4985	51.378
4986	50.865
4987	50.378
4988	50.162
4989	50.216
4990	49.568
4991	49.649
4992	49.811
4993	50.351
4994	49.568
4995	49
4996	49.676
4997	50.811
4998	49.351
4999	49.324
5000	49.405
5001	49.892
5002	47.919
5003	47.865
5004	49.162
5005	47.054
5006	48
5007	46.973
5008	46.27
5009	47.568
5010	48.162
5011	47.892
5012	49.027
5013	46.486
5014	47.351
5015	46.432
5016	48.324
5017	46.649
5018	47.432
5019	46.838
5020	46
5021	47.189
5022	48.811
5023	46.514
5024	46.27
5025	46.189
5026	48.432
5027	45.838
5028	47.973
5029	46.054
5030	46.189
5031	46.27
5032	47.162
5033	46.324
5034	45.297
5035	45.946
5036	45.622
5037	48.189
5038	46.622
5039	45.108
5040	46.568
5041	44.919
5042	46.514
5043	46.486
5044	45.784
5045	46.838
5046	46.459
5047	45.405
5048	47.243
5049	45.378
5050	44.784
5051	45.541
5052	45.838
5053	47.378
5054	45.703
5055	45.568
5056	47.514
5057	45.703
5058	45.216
5059	44.405
5060	45.432
5061	44.324
5062	45.595
5063	44.811
5064	46.378
5065	44.541
5066	46.459
5067	45.73
5068	45.027
5069	46.189
5070	46.541
5071	45.162
5072	43.351
5073	46.243
5074	45.405
5075	46.459
5076	43.703
5077	44.973
5078	44.541
5079	47.135
5080	46.649
5081	44.297
5082	45.459
5083	46.919
5084	46.703
5085	46.135
5086	46.216
5087	45.432
5088	47.432
5089	44.919
5090	43.405
5091	45.405
5092	45.189
5093	45.378
5094	45.324
5095	44.108
5096	45.054
5097	44.703
5098	44.405
5099	45.081
5100	46.514
5101	44.378
5102	44.919
5103	47.135
5104	44.865
5105	45.405
5106	45.243
5107	46.432
5108	45.432
5109	44.676
5110	45.568
5111	45.243
5112	45.919
5113	45.73
5114	46.405
5115	44.838
5116	44.919
5117	46.486
5118	45.243
5119	46.297
5120	46.216
5121	46.189
5122	45.405
5123	45.108
5124	45.081
5125	44.595
5126	46.108
5127	45.297
5128	42.73
5129	45.108
5130	45.757
5131	46.595
5132	44.189
5133	45.541
5134	43.838
5135	45.703
5136	43.919
5137	43.676
5138	45.378
5139	43.541
5140	43.865
5141	45.108
5142	44.054
5143	46.486
5144	45
5145	44.622
5146	44.811
5147	45.649
5148	44.081
5149	47.649
5150	46.459
5151	45.432
5152	45.703
5153	43.189
5154	43.73
5155	43.865
5156	43.919
5157	44.378
5158	44.162
5159	44.541
5160	43.811
5161	42.324
5162	44.324
5163	46.243
5164	43.243
5165	43.432
5166	44.514
5167	45.108
5168	46.108
5169	45.189
5170	44.189
5171	43.946
5172	43.595
5173	44.838
5174	44.649
5175	43.324
5176	43.297
5177	46.135
5178	44.459
5179	45.568
5180	44.784
5181	46.081
5182	45.351
5183	44.622
5184	44.135
5185	45.108
5186	44.081
5187	45.757
5188	44.351
5189	45.405
5190	43.703
5191	45.189
5192	44.216
5193	44.432
5194	44.622
5195	44.784
5196	43.865
5197	44.811
5198	45.324
5199	43.973
5200	44.514
5201	44.054
5202	44.811
5203	45.081
5204	46.081
5205	43.865
5206	43.838
5207	44.162
5208	45.081
5209	46.135
5210	45.054
5211	43.622
5212	44.432
5213	44.351
5214	44.405
5215	44.432
5216	43.486
5217	42.514
5218	45.108
5219	45.568
5220	43
5221	43.892
5222	44.676
5223	44.514
5224	44.378
5225	42.703
5226	44.351
5227	45.622
5228	44.892
5229	43.459
5230	44.568
5231	43.973
5232	43.135
5233	44.162
5234	43.027
5235	42.811
5236	44.189
5237	42.838
5238	44.649
5239	43.892
	
