1	42.75
2	40.75
3	42.094
4	40.531
5	40.969
6	41.719
7	41.031
8	41.984
9	40.672
10	42.391
11	43.125
12	46.016
13	49.531
14	50.047
15	52.078
16	54.062
17	55.219
18	56.828
19	57
20	56.984
21	59.688
22	58.281
23	58
24	59.531
25	58.766
26	58.922
27	59.297
28	59.281
29	59.422
30	59.25
31	58.734
32	58.141
33	58.156
34	58.062
35	57.062
36	57.359
37	58.188
38	57.172
39	58.156
40	58.391
41	59.844
42	58.641
43	58.75
44	57.953
45	58.031
46	58.031
47	56.281
48	56.719
49	54.922
50	54.828
51	53.781
52	54.156
53	53.266
54	53.641
55	54.375
56	52.719
57	53.047
58	51.438
59	51.906
60	51.812
61	53.062
62	51.75
63	50.609
64	50.594
65	49.953
66	49.875
67	50.484
68	49.75
69	50.641
70	49.172
71	50.203
72	49.656
73	50.797
74	49.203
75	49.109
76	49.516
77	48.953
78	47.875
79	49.5
80	48.656
81	48.922
82	48.906
83	47.516
84	48.406
85	48
86	47.656
87	46.734
88	46.891
89	46.859
90	46.109
91	47.438
92	47.828
93	47.438
94	47.359
95	46.156
96	46.469
97	46.375
98	45.953
99	46.359
100	46.375
101	46.922
102	47.219
103	46.094
104	47.266
105	45.953
106	45.953
107	46.172
108	44.484
109	45.859
110	44.609
111	44.891
112	44.266
113	44.141
114	44.625
115	45.344
116	44.875
117	44.312
118	45.266
119	44.312
120	43.875
121	45.594
122	44.75
123	45.094
124	44.188
125	44.547
126	44.688
127	44.828
128	44.141
129	45.547
130	44.75
131	45.094
132	44.391
133	44.016
134	44.406
135	43.953
136	43.812
137	44.75
138	45.172
139	43.828
140	43.969
141	43.203
142	44.844
143	43.672
144	43.406
145	42.75
146	45.141
147	45.031
148	43.547
149	43.156
150	45.344
151	44.25
152	42.656
153	44.094
154	44.562
155	43.562
156	44.172
157	43.422
158	44.984
159	42.359
160	43.938
161	43.828
162	42.156
163	44.688
164	44.391
165	43.469
166	43.188
167	45.203
168	44.219
169	42.922
170	43.172
171	44.016
172	42.938
173	43.125
174	44.484
175	43.062
176	43.094
177	43.125
178	42.781
179	43.484
180	42.531
181	43.422
182	42.75
183	42.75
184	42.312
185	43.031
186	42.938
187	43.062
188	43.469
189	44.094
190	43.5
191	42.719
192	41.953
193	43.703
194	42.688
195	43.312
196	42.094
197	43.656
198	42.359
199	42.047
200	42.406
201	42.375
202	42
203	42.406
204	42.469
205	42.875
206	42.344
207	42.25
208	41.828
209	41.703
210	42.578
211	42.734
212	42.203
213	42
214	41.094
215	42.188
216	41.828
217	43.359
218	42.984
219	41.328
220	42.781
221	42.047
222	42.422
223	42.016
224	43.312
225	41.812
226	42.516
227	42.062
228	42.422
229	42.078
230	41.781
231	41.781
232	42.969
233	41.719
234	42.5
235	43.609
236	40.766
237	42.625
238	41.781
239	42.172
240	42.734
241	42.016
242	41.422
243	42.219
244	42.297
245	41.844
246	40.75
247	42.578
248	41.219
249	41.578
250	43.312
251	42.078
252	42.422
253	41.609
254	42.078
255	41.875
256	41.047
257	40.734
258	42.109
259	41.594
260	42.219
261	43.266
262	42.531
263	41.219
264	41.719
265	42
266	42.109
267	41.094
268	42.297
269	42.062
270	40.531
271	39.875
272	43.188
273	40.922
274	41.484
275	41.109
276	40.562
277	43.641
278	41.125
279	41.812
280	42.641
281	42.203
282	42.156
283	41.859
284	42.969
285	41.547
286	41.859
287	41.719
288	41.156
289	42.547
290	41.438
291	41.359
292	40.703
293	41.312
294	41.438
295	42.078
296	41.641
297	41.703
298	40.078
299	41
300	40.719
301	40.578
302	42.672
303	40.891
304	41.281
305	41.562
306	41.438
307	40.672
308	41.094
309	42.031
310	41.672
311	40.922
312	42.188
313	42.344
314	41.703
315	42.078
316	40.406
317	41.484
318	41.812
319	40.781
320	40.344
321	41.312
322	41.891
323	43.531
324	42.203
325	42.094
326	41.266
327	40.562
328	41.156
329	41.531
330	42.703
331	41.141
332	40.5
333	40.359
334	42.234
335	43.156
336	41.266
337	41.719
338	41.078
339	40.703
340	41.953
341	41.359
342	41.453
343	42.109
344	41.109
345	41.75
346	40.422
347	41.047
348	41.766
349	41.188
350	42.453
351	41.031
352	41.109
353	41.797
354	40.141
355	40.266
356	41.125
357	41.391
358	40.844
359	41.188
360	41.047
361	41
362	41.938
363	41.859
364	40.562
365	41.766
366	41.438
367	42.594
368	41.688
369	40.234
370	40.391
371	40.734
372	42.266
373	41.062
374	41.375
375	41.297
376	40.781
377	42.078
378	41.516
379	41.234
380	40.75
381	41.859
382	41.422
383	41.672
384	41.984
385	41.75
386	41.609
387	40.812
388	40.656
389	40.562
390	40.672
391	40.062
392	41.25
393	39.984
394	41.141
395	41.016
396	42.391
397	41.234
398	41.672
399	40.406
400	41.141
401	41.781
402	40.062
403	41.562
404	40.75
405	39.984
406	40.641
407	40.156
408	41.188
409	40.906
410	40.141
411	41.203
412	40.578
413	40.625
414	40.656
415	41.656
416	41.172
417	40.688
418	42.109
419	41.328
420	41.344
421	41.078
422	40.5
423	40.266
424	41.109
425	40.578
426	41.484
427	40.734
428	40.484
429	42.469
430	40.844
431	40.984
432	40.188
433	40.484
434	42.531
435	41.812
436	41.516
437	40.984
438	41.594
439	41.875
440	40.859
441	42.531
442	46.016
443	48.156
444	50.953
445	50.562
446	53.016
447	54.594
448	55.547
449	56.281
450	56.547
451	57.328
452	58.234
453	58.625
454	58.953
455	59.266
456	57.328
457	59.688
458	59.375
459	57.562
460	57.688
461	56.422
462	57.172
463	56.969
464	55.922
465	55.672
466	56.703
467	55.578
468	55.297
469	54.766
470	54.172
471	53.844
472	54.219
473	53.969
474	52.922
475	53.531
476	53.469
477	52.422
478	50.547
479	50.75
480	51.391
481	51.406
482	49.875
483	49.406
484	50.469
485	49.188
486	50.484
487	50.547
488	49.172
489	49.641
490	47.859
491	49.672
492	47.25
493	47.906
494	48.484
495	49.281
496	47.422
497	47.453
498	47.266
499	47.375
500	47.438
501	46.531
502	46.875
503	48.203
504	47.547
505	46.516
506	46.891
507	46.594
508	45.953
509	45.75
510	45.422
511	46.469
512	44.812
513	45.781
514	45.562
515	45.609
516	45.156
517	45.469
518	45.328
519	46.484
520	44.297
521	45.547
522	46.281
523	45.5
524	44.828
525	45
526	44.406
527	44.531
528	44.766
529	45.031
530	43.859
531	44.562
532	45.016
533	43.625
534	44.266
535	44.719
536	45.094
537	45.031
538	44.703
539	44.109
540	43.891
541	44.562
542	43.781
543	44.922
544	44.734
545	45.5
546	42.781
547	43.891
548	44.578
549	43.969
550	43.516
551	44.688
552	45.062
553	44.281
554	44.5
555	43.734
556	44.031
557	44.156
558	44.016
559	43.578
560	44.5
561	42.234
562	43.141
563	43.172
564	43.5
565	44.781
566	43.406
567	43.703
568	43.156
569	43.062
570	43.047
571	44.016
572	42.219
573	43.062
574	42.641
575	42.906
576	43.469
577	42.438
578	43.938
579	42.938
580	42.328
581	43.125
582	42.938
583	42.984
584	42.047
585	42.688
586	42.75
587	43.281
588	42.656
589	43.281
590	42.344
591	42.5
592	41.25
593	43.172
594	42.531
595	42.812
596	43.25
597	41.953
598	42.953
599	43.797
600	42.297
601	42.703
602	42.266
603	42.562
604	42.938
605	43.016
606	42.891
607	42.312
608	42
609	42.391
610	43.719
611	42.688
612	43.172
613	42.391
614	42.297
615	43.25
616	42.156
617	42.438
618	42.234
619	42.359
620	41.547
621	42.406
622	42.234
623	42.5
624	43.109
625	42.719
626	42.656
627	41.609
628	41.484
629	41.062
630	41.688
631	41.484
632	41.688
633	41.797
634	40.953
635	43
636	42.297
637	41.859
638	42.141
639	40.656
640	41.984
641	42.031
642	41.594
643	41.734
644	40.828
645	41.219
646	42.406
647	40.547
648	40.828
649	41.5
650	41.234
651	41.344
652	41.516
653	41.578
654	40.078
655	41.672
656	42.453
657	41.734
658	41.297
659	41.359
660	42.391
661	40.844
662	40.688
663	41.016
664	41.797
665	41.016
666	41.203
667	41
668	41.016
669	41.172
670	42.656
671	40.062
672	40.094
673	41.453
674	41.391
675	41.188
676	41.453
677	40.188
678	41.672
679	40.188
680	41.953
681	41.531
682	42.062
683	40.859
684	42.141
685	41.656
686	40.969
687	41.812
688	41.109
689	40.625
690	40.172
691	40.562
692	42.328
693	40.234
694	42.297
695	40.359
696	41.828
697	42
698	40.844
699	40.578
700	41.266
701	41.859
702	41.359
703	41.781
704	40.562
705	41.031
706	41.609
707	40.688
708	40.359
709	41.828
710	41.141
711	41.344
712	40.125
713	41.453
714	41.672
715	41.641
716	41.281
717	41.703
718	39.703
719	41.719
720	40.938
721	42.078
722	41.5
723	42.844
724	40.984
725	41.328
726	41.469
727	40.688
728	41.219
729	41.938
730	41.641
731	41.656
732	40.938
733	41.047
734	41.312
735	41.234
736	41.938
737	41.906
738	44.516
739	46.375
740	48.844
741	51
742	51.031
743	53.219
744	54.469
745	56.062
746	54.812
747	56.688
748	57.156
749	57.578
750	58.109
751	57.859
752	56.5
753	56.047
754	56.156
755	58.375
756	56.625
757	56.453
758	55.906
759	56.766
760	55.859
761	54.922
762	54.75
763	54.875
764	52.75
765	52.516
766	52.375
767	52.531
768	51.656
769	50.156
770	51.156
771	50.906
772	50.281
773	50.266
774	49.312
775	49.734
776	49.125
777	47.812
778	49.703
779	48.016
780	48.125
781	49.312
782	48.297
783	48.875
784	46.922
785	47.734
786	47.516
787	46.469
788	46.172
789	46.625
790	46.562
791	46.266
792	46.734
793	46.766
794	46.234
795	46.734
796	45.75
797	46.25
798	47.062
799	46.828
800	47.062
801	46.203
802	46.062
803	46.609
804	46.156
805	46.25
806	45.469
807	45.094
808	45.953
809	45.062
810	44.703
811	44.875
812	44.172
813	45.234
814	44.531
815	45.375
816	43.812
817	44.188
818	44.438
819	43.938
820	44.703
821	43.953
822	42.688
823	43.656
824	44.625
825	44.141
826	43.969
827	44.609
828	43.547
829	44
830	43.625
831	44
832	42.984
833	43.516
834	43.938
835	42.844
836	43.031
837	43.578
838	43.453
839	43.047
840	45.109
841	41.547
842	43.125
843	43.125
844	42.766
845	43.719
846	43.578
847	42.422
848	43.156
849	43.359
850	42.984
851	42.328
852	43.391
853	43.922
854	42.953
855	43.438
856	43.484
857	43.578
858	43.578
859	42.969
860	43.766
861	42.531
862	43.453
863	41.422
864	41.828
865	44.5
866	42.375
867	41.406
868	43.375
869	42.375
870	42.531
871	42.594
872	41.656
873	42.234
874	41.984
875	42.734
876	43.609
877	42.203
878	43.531
879	43.375
880	43.703
881	42.984
882	42.594
883	42.438
884	42.344
885	42.469
886	41.094
887	42.266
888	43.25
889	41.859
890	41.5
891	42.281
892	42.641
893	42.719
894	43.156
895	42.453
896	42.469
897	41.516
898	41.609
899	42.141
900	42.734
901	42.641
902	42.266
903	42.078
904	42.453
905	41.844
906	41.375
907	42.172
908	41.766
909	42.547
910	42.953
911	42.969
912	42.312
913	42.609
914	41.594
915	42.156
916	41.625
917	42.734
918	42.953
919	42.141
920	42.188
921	42.391
922	41.453
923	43.656
924	41.781
925	42.594
926	42.141
927	42.5
928	41.766
929	43.594
930	42.406
931	41.453
932	41.719
933	42.688
934	41.594
935	41.766
936	42
937	41.812
938	42.188
939	41.938
940	43.469
941	41.969
942	41.75
943	41.516
944	42.75
945	41.031
946	41.766
947	41.844
948	42.391
949	40.844
950	41.234
951	41.125
952	42.547
953	41.234
954	41.531
955	41.828
956	41
957	40.844
958	41.797
959	41.531
960	42.078
961	40.562
962	41.078
963	41.094
964	41.297
965	41.625
966	39.906
967	41.656
968	40.844
969	40.5
970	41.547
971	42
972	41.359
973	41.219
974	40.125
975	40.688
976	41.875
977	41.859
978	41.125
979	41.5
980	42.188
981	41.062
982	41.234
983	41.234
984	41.328
985	41.938
986	41.906
987	41.891
988	40.922
989	41.594
990	40.75
991	42.016
992	42.188
993	40.906
994	42.219
995	42.078
996	42
997	40.531
998	41.844
999	41.125
1000	41.469
1001	42.094
1002	41.984
1003	41.328
1004	41.781
1005	40.906
1006	41.734
1007	40.734
1008	41.641
1009	41.516
1010	41.484
1011	40.984
1012	42.312
1013	41.234
1014	41.484
1015	42.75
1016	40.656
1017	41.5
1018	40.188
1019	41.922
1020	41.125
1021	41.359
1022	41.531
1023	41.406
1024	40.031
1025	40.672
1026	42.422
1027	41.188
1028	42.469
1029	41.172
1030	41.359
1031	41.688
1032	41.188
1033	41.219
1034	40.766
1035	42.188
1036	41.031
1037	41.391
1038	42.234
1039	41.297
1040	41.609
1041	42.062
1042	41.547
1043	42.453
1044	41.281
1045	41.703
1046	41.391
1047	41.312
1048	42.453
1049	40.781
1050	40.859
1051	40.766
1052	41.359
1053	40.719
1054	40.75
1055	40.594
1056	40.812
1057	41.234
1058	39.797
1059	41.609
1060	41.391
1061	41.172
1062	40.75
1063	41.578
1064	40.688
1065	41.344
1066	40.859
1067	41.469
1068	41.688
1069	40.672
1070	40.844
1071	40.531
1072	41.531
1073	41.609
1074	41.078
1075	42.891
1076	41.375
1077	42.828
1078	41.297
1079	40.922
1080	41.688
1081	42.297
1082	41.812
1083	41.984
1084	41.844
1085	41.109
1086	41.359
1087	42.141
1088	41.219
1089	40.344
1090	41.562
1091	41.406
1092	42.219
1093	40.734
1094	42.312
1095	41.453
1096	41.625
1097	41.438
1098	41.203
1099	42.297
1100	40.844
1101	40.656
1102	40.062
1103	41.141
1104	40.875
1105	41.766
1106	41.109
1107	42.297
1108	41.469
1109	41.391
1110	42.203
1111	39.312
1112	40.859
1113	41.688
1114	41.438
1115	40.562
1116	41.766
1117	41
1118	40.484
1119	41.25
1120	41.125
1121	40.516
1122	40.547
1123	40.641
1124	41.188
1125	40.797
1126	41.281
1127	41.031
1128	41.125
1129	41.406
1130	41.062
1131	39.234
1132	41.156
1133	40.531
1134	40.609
1135	40.25
1136	40.938
1137	40.188
1138	41.156
1139	42.062
1140	40.969
1141	40.484
1142	40.422
1143	42.031
1144	41.562
1145	40.547
1146	40.531
1147	40.172
1148	41.016
1149	41.594
1150	40.531
1151	41.812
1152	41
1153	41.156
1154	40.594
1155	40.828
1156	39.75
1157	40.031
1158	41.609
1159	40.953
1160	40.953
1161	41.516
1162	41.078
1163	40.719
1164	41.875
1165	41.859
1166	41.5
1167	41.609
1168	41.156
1169	41.969
1170	45.828
1171	47.859
1172	49.5
1173	52.078
1174	53.062
1175	53.281
1176	54.672
1177	55.562
1178	56
1179	55.422
1180	56.203
1181	56.109
1182	58.188
1183	58.453
1184	57.406
1185	56.938
1186	54.781
1187	57.5
1188	56.797
1189	56.062
1190	56.359
1191	56.266
1192	54.812
1193	55.328
1194	55.719
1195	54.625
1196	52.859
1197	52.859
1198	52.953
1199	53.375
1200	52.625
1201	51.344
1202	51.297
1203	53.609
1204	54.172
1205	54.453
1206	55.172
1207	57.047
1208	55.453
1209	56.188
1210	57.094
1211	56.375
1212	53.562
1213	55.156
1214	54.062
1215	53.047
1216	53.391
1217	53.828
1218	51.734
1219	52.891
1220	52.125
1221	52.203
1222	51.672
1223	49.484
1224	50.797
1225	50.828
1226	50.812
1227	49.25
1228	49.188
1229	49.328
1230	49.078
1231	49.219
1232	48.922
1233	48.719
1234	48.781
1235	48.328
1236	47.125
1237	48.172
1238	47.109
1239	49.109
1240	47.453
1241	48.109
1242	47.625
1243	47.016
1244	46.344
1245	46.344
1246	47.562
1247	46.938
1248	45.922
1249	47.062
1250	46.453
1251	46.719
1252	45.938
1253	46.844
1254	47.656
1255	46.453
1256	45.984
1257	46.734
1258	46.375
1259	46.688
1260	45.734
1261	45.422
1262	45.266
1263	46.219
1264	45.234
1265	44.469
1266	44.859
1267	46.188
1268	46.078
1269	45.875
1270	46.156
1271	45.297
1272	44.203
1273	45.391
1274	45.938
1275	46.062
1276	44.547
1277	44.672
1278	45.094
1279	43.906
1280	45.203
1281	44.797
1282	43.266
1283	44.406
1284	43.75
1285	45.078
1286	44.047
1287	43.531
1288	44.203
1289	43.453
1290	44.312
1291	44.688
1292	43.625
1293	43.062
1294	43.016
1295	43.594
1296	44.469
1297	43.344
1298	44.406
1299	44.297
1300	42.828
1301	43.781
1302	42.141
1303	42.891
1304	43.688
1305	43.75
1306	43.219
1307	43.328
1308	43.047
1309	42.625
1310	43.891
1311	43.203
1312	43.594
1313	43.344
1314	43.188
1315	42.531
1316	42.484
1317	42.578
1318	42.641
1319	42.859
1320	42.891
1321	41.406
1322	42.688
1323	42.969
1324	41.109
1325	42.125
1326	42.719
1327	42.109
1328	42.516
1329	42.438
1330	42.844
1331	43.281
1332	41.969
1333	42.797
1334	42.828
1335	44
1336	43.672
1337	43.438
1338	41.547
1339	43.984
1340	41.5
1341	42.219
1342	41.578
1343	42.094
1344	42.734
1345	43.062
1346	42.734
1347	42.078
1348	42
1349	41.734
1350	41.906
1351	41.703
1352	42.031
1353	40.703
1354	42
1355	42.656
1356	40.922
1357	41.625
1358	41.5
1359	41.875
1360	42.047
1361	41.953
1362	41.172
1363	42.062
1364	41.672
1365	41.594
1366	40.703
1367	41.062
1368	42.625
1369	42.891
1370	42.062
1371	42.484
1372	41.734
1373	42.531
1374	41.891
1375	40.938
1376	42.562
1377	41.297
1378	41.156
1379	41.234
1380	41.828
1381	43.188
1382	41.734
1383	40.828
1384	41.703
1385	41.922
1386	41.781
1387	42.5
1388	42.062
1389	41.672
1390	41.75
1391	42.031
1392	39.875
1393	41.312
1394	40.938
1395	41.516
1396	42.734
1397	43.344
1398	41.109
1399	41.641
1400	42.016
1401	40.422
1402	41.547
1403	41.094
1404	40.625
1405	42.781
1406	42.766
1407	41.703
1408	40
1409	41.297
1410	41.5
1411	41.375
1412	42.703
1413	42.266
1414	41.547
1415	42.422
1416	40.594
1417	42.016
1418	41.062
1419	41.969
1420	41.078
1421	42.25
1422	42.031
1423	42.391
1424	41.703
1425	40.172
1426	41.312
1427	41.5
1428	41.844
1429	42.016
1430	41.422
1431	40.656
1432	41.672
1433	42.188
1434	41.891
1435	41.406
1436	41.938
1437	42.828
1438	41.391
1439	40.516
1440	41.641
1441	40.828
1442	41.797
1443	41.766
1444	41.734
1445	40.734
1446	42.188
1447	41.422
1448	41.391
1449	41
1450	41.109
1451	42.75
1452	42.672
1453	40.562
1454	39.578
1455	41.984
1456	41.562
1457	40.891
1458	41.359
1459	42.062
1460	40.453
1461	40.219
1462	40.266
1463	42.078
1464	41.688
1465	40.984
1466	41.406
1467	41.938
1468	40.156
1469	41.641
1470	40.234
1471	41.547
1472	41.125
1473	41.469
1474	40.859
1475	40.781
1476	41.172
1477	41.266
1478	41.438
1479	41.062
1480	40.719
1481	41.109
1482	40.297
1483	39
1484	40.25
1485	40.281
1486	40.656
1487	40.969
1488	40.188
1489	41.656
1490	40.891
1491	41.641
1492	39.859
1493	40.438
1494	41.453
1495	41.688
1496	40.219
1497	40.188
1498	40.719
1499	40.25
1500	41.203
1501	42.234
1502	40.516
1503	41.219
1504	41.609
1505	40.656
1506	41.281
1507	41.375
1508	41.688
1509	41.828
1510	41.156
1511	41.922
1512	40.922
1513	41.797
1514	42.281
1515	41.859
1516	40.859
1517	41.188
1518	40.656
1519	41.641
1520	42.672
1521	41.5
1522	41.562
1523	42.047
1524	41.781
1525	40.734
1526	41.656
1527	41.281
1528	41.656
1529	41.531
1530	40.734
1531	42.156
1532	40.469
1533	40.453
1534	41.922
1535	41.031
1536	40.938
1537	41
1538	40.953
1539	40.672
1540	40.312
1541	41.469
1542	41.109
1543	41.703
1544	40.281
1545	41.688
1546	40.594
1547	40.578
1548	41.531
1549	42.047
1550	41.844
1551	40.203
1552	41.25
1553	39.922
1554	42.797
1555	41.25
1556	40.844
1557	40.625
1558	40.828
1559	40.938
1560	41.469
1561	42.266
1562	40.844
1563	41.281
1564	40.828
1565	41.469
1566	41.016
1567	41.766
1568	40.391
1569	41.062
1570	41.094
1571	41.156
1572	40.531
1573	42.484
1574	41.078
1575	40.812
1576	41.734
1577	40.828
1578	41.25
1579	41.969
1580	41.109
1581	39.609
1582	41.25
1583	40.547
1584	39.281
1585	41.438
1586	40.031
1587	41.438
1588	43.516
1589	45.047
1590	47
1591	50.547
1592	50.484
1593	52.641
1594	53.531
1595	54.734
1596	53.297
1597	55.297
1598	55.281
1599	55.391
1600	55.984
1601	55.781
1602	55.125
1603	54.234
1604	55.641
1605	55.562
1606	54.734
1607	54.031
1608	54.953
1609	54.547
1610	55.328
1611	55.75
1612	54.109
1613	53.953
1614	53.078
1615	53.859
1616	53.344
1617	50.844
1618	51.844
1619	51.547
1620	50.656
1621	50.703
1622	50.594
1623	50.781
1624	49.625
1625	49.641
1626	49.391
1627	48.609
1628	48.797
1629	49.078
1630	48.672
1631	48.594
1632	47.781
1633	48.484
1634	47.312
1635	48.359
1636	47.719
1637	47.438
1638	47.438
1639	47.391
1640	47.094
1641	47.422
1642	46.266
1643	46.641
1644	47.25
1645	45.641
1646	45.938
1647	45.359
1648	45.703
1649	45.516
1650	45.438
1651	45.578
1652	46.531
1653	45.844
1654	45.219
1655	45.266
1656	46.359
1657	45.688
1658	45.75
1659	45.969
1660	44.469
1661	46.031
1662	44.062
1663	44.688
1664	45.516
1665	44.734
1666	43.75
1667	44.422
1668	44.547
1669	44.172
1670	44.109
1671	43.891
1672	44.812
1673	43.094
1674	44.844
1675	44.547
1676	43.125
1677	43.641
1678	43.312
1679	43.406
1680	44.125
1681	43.688
1682	43.375
1683	43.422
1684	43.906
1685	43.312
1686	44.328
1687	43.812
1688	42.906
1689	44.453
1690	43.641
1691	43.906
1692	43.359
1693	43.062
1694	42.25
1695	42.812
1696	43.484
1697	43.109
1698	42.734
1699	42.75
1700	42.578
1701	43.188
1702	42.359
1703	43.828
1704	42.984
1705	42.188
1706	42.891
1707	43.188
1708	43.469
1709	42.953
1710	42.984
1711	43.312
1712	42.328
1713	42.516
1714	42.938
1715	42.391
1716	41.906
1717	43.094
1718	41.703
1719	42.047
1720	42.266
1721	42.438
1722	41.469
1723	42.594
1724	41.859
1725	42.531
1726	41.344
1727	42.188
1728	43.719
1729	42.875
1730	40.828
1731	42.844
1732	42.203
1733	42.922
1734	43.344
1735	42.797
1736	42.859
1737	41.438
1738	42.016
1739	42.5
1740	43.016
1741	42.859
1742	41.844
1743	42.906
1744	41.797
1745	42.734
1746	41.578
1747	42.328
1748	41.438
1749	42.719
1750	41.25
1751	42.062
1752	42.922
1753	41.438
1754	42.031
1755	42.188
1756	42.188
1757	41.031
1758	41.531
1759	41.297
1760	41.531
1761	42.531
1762	42.047
1763	41.484
1764	43.859
1765	41.391
1766	41.391
1767	41.609
1768	41.25
1769	43.156
1770	41.328
1771	42.172
1772	42.156
1773	41
1774	42.062
1775	41.031
1776	42.969
1777	40.266
1778	41.031
1779	42
1780	40.922
1781	41.422
1782	41.656
1783	41.547
1784	41.453
1785	41.578
1786	41.156
1787	41.328
1788	41.156
1789	41.984
1790	41.281
1791	41.578
1792	41.734
1793	40.859
1794	40.969
1795	41.453
1796	41.984
1797	41.922
1798	41.859
1799	41.016
1800	41.5
1801	41.766
1802	41.688
1803	39.875
1804	40.219
1805	41.219
1806	40.469
1807	41.562
1808	41.281
1809	42.156
1810	41.828
1811	41.109
1812	40.844
1813	42.594
1814	41.359
1815	40.75
1816	40.438
1817	42.094
1818	41.562
1819	42.234
1820	40.969
1821	41.328
1822	41.234
1823	41.703
1824	40.891
1825	41.328
1826	41.625
1827	40.422
1828	41.375
1829	41.938
1830	41.031
1831	41.422
1832	41.375
1833	40.797
1834	41.062
1835	41.484
1836	41.359
1837	41.016
1838	40.375
1839	41.984
1840	41.406
1841	40.703
1842	42.906
1843	45.984
1844	47.125
1845	48.281
1846	50.297
1847	52.656
1848	53.438
1849	53.969
1850	54.047
1851	55.703
1852	54.969
1853	55.828
1854	54.516
1855	56.062
1856	57.109
1857	55.484
1858	55.625
1859	56.859
1860	54.188
1861	53.734
1862	53.828
1863	52.469
1864	52.969
1865	52.375
1866	52.109
1867	51.766
1868	51.641
1869	51.875
1870	49.969
1871	51.406
1872	50.562
1873	50.156
1874	50.094
1875	49.469
1876	48.703
1877	49.375
1878	49.281
1879	48.5
1880	46.625
1881	48.266
1882	46.938
1883	47.5
1884	46.656
1885	47.859
1886	47.797
1887	46.781
1888	46.562
1889	46.297
1890	47.531
1891	46.844
1892	45.734
1893	47.609
1894	46.531
1895	45.047
1896	46.141
1897	46.984
1898	45.953
1899	45.797
1900	46.312
1901	45.188
1902	45.219
1903	45.297
1904	45.359
1905	45.812
1906	46
1907	44.812
1908	44.625
1909	44.875
1910	44.984
1911	45.016
1912	45.578
1913	45.266
1914	44.625
1915	45.188
1916	44.891
1917	44.234
1918	44.734
1919	44.281
1920	44.203
1921	43.469
1922	44.031
1923	44.484
1924	43.516
1925	45.016
1926	43.938
1927	44.172
1928	44.172
1929	44.188
1930	43.141
1931	43.734
1932	44.625
1933	44.734
1934	42.719
1935	43.547
1936	43.531
1937	44.781
1938	43.641
1939	42.984
1940	42.953
1941	43.094
1942	42.562
1943	43.484
1944	42.906
1945	43.219
1946	43.719
1947	44.078
1948	43.328
1949	42.594
1950	43.422
1951	43.469
1952	43.219
1953	42.719
1954	42.875
1955	43.172
1956	43.469
1957	42.781
1958	43.531
1959	42.297
1960	42.453
1961	43.016
1962	42.859
1963	43.594
1964	42.781
1965	42.016
1966	42.922
1967	42.562
1968	42.609
1969	41.406
1970	42.469
1971	41.109
1972	43.266
1973	42.266
1974	41.547
1975	42.453
1976	41.891
1977	41.656
1978	41.219
1979	41.891
1980	42.844
1981	42.797
1982	40.828
1983	42.219
1984	40.938
1985	41.5
1986	42.812
1987	41.688
1988	41.906
1989	40.75
1990	41.188
1991	43
1992	41.297
1993	42.125
1994	40.328
1995	42.5
1996	42.125
1997	42.359
1998	40.844
1999	41.844
2000	41.953
2001	42.219
2002	40.25
2003	41.562
2004	42.219
2005	41.297
2006	41.859
2007	41.609
2008	42.031
2009	40.938
2010	41.484
2011	40.359
2012	40.859
2013	42.328
2014	41.281
2015	41.266
2016	41.422
2017	41.453
2018	41.688
2019	40.75
2020	41.766
2021	42.312
2022	41.562
2023	41.953
2024	41.703
2025	41.922
2026	41.078
2027	40.516
2028	41.141
2029	42.125
2030	40.969
2031	41.594
2032	40.141
2033	40.781
2034	41.281
2035	41.984
2036	41.297
2037	42.156
2038	41.297
2039	40.875
2040	41.562
2041	40.969
2042	41.938
2043	41.297
2044	41.422
2045	41.844
2046	40.375
2047	41.328
2048	40.906
2049	42.078
2050	40.375
2051	42.266
2052	41.891
2053	40.922
2054	41.531
2055	41.234
2056	41.688
2057	40.109
2058	42.188
2059	41.062
2060	41.125
2061	41.547
2062	41.812
2063	42.453
2064	41.609
2065	41.406
2066	40.672
2067	42.703
2068	39.969
2069	40.969
2070	40.766
2071	40.812
2072	40.922
2073	42.25
2074	41.938
2075	42.25
2076	40.766
2077	41.969
2078	41.875
2079	40.953
2080	41.25
2081	42.062
2082	40.922
2083	40.422
2084	41.578
2085	41.781
2086	39.938
2087	41.609
2088	41.094
2089	40.938
2090	41.25
2091	41.094
2092	41.109
2093	41.219
2094	40.109
2095	41.5
2096	41.422
2097	41.359
2098	40.891
2099	40.922
2100	41.062
2101	41.547
2102	41
2103	41.797
2104	41.25
2105	41.156
2106	41.188
2107	40.875
2108	41.297
2109	40.625
2110	40.828
2111	41.266
2112	41.031
2113	42.125
2114	41.531
2115	39.719
2116	41.797
2117	41.469
2118	42.266
2119	40.859
2120	40.875
2121	40.797
2122	41.125
2123	40.75
2124	41.172
2125	40.391
2126	41
2127	41.641
2128	40.25
2129	40.219
2130	41.703
2131	41.078
2132	42.031
2133	40.922
2134	41.5
2135	42.016
2136	40.875
2137	41.547
2138	40.828
2139	41.484
2140	41
2141	41.469
2142	40.391
2143	41.016
2144	41.266
2145	41.922
2146	41.703
2147	41.422
2148	40.875
2149	41.359
2150	40.984
2151	40.781
2152	41.109
2153	40.234
2154	41.578
2155	40.828
2156	40.891
2157	40.938
2158	41.125
2159	41.25
2160	40.656
2161	40.922
2162	41.641
2163	42.203
2164	40.469
2165	41.078
2166	41.062
2167	39.484
2168	40.5
2169	41.125
2170	41.719
2171	40.656
2172	40.547
2173	40.812
2174	40.547
2175	39.984
2176	39.875
2177	40.859
2178	40.875
2179	41.266
2180	41.109
2181	41.688
2182	40.781
2183	40.109
2184	41.219
2185	40.406
2186	41.109
2187	41.984
2188	41.812
2189	45.094
2190	46.844
2191	49.016
2192	50.078
2193	51.672
2194	51.375
2195	52.141
2196	52.672
2197	53.266
2198	54.656
2199	54.406
2200	55.203
2201	55.031
2202	56.391
2203	55.219
2204	54.344
2205	53.641
2206	52.719
2207	55.859
2208	54.031
2209	54.375
2210	54.109
2211	53.109
2212	54.891
2213	52.906
2214	53.172
2215	53.797
2216	52.969
2217	50.578
2218	51.312
2219	50.953
2220	50.312
2221	49.891
2222	49.516
2223	48.75
2224	48.938
2225	49.078
2226	48.078
2227	48.562
2228	48.109
2229	47.797
2230	48.438
2231	47.203
2232	47.297
2233	47.859
2234	46.656
2235	47.156
2236	46.406
2237	46.047
2238	46.438
2239	46.375
2240	46.172
2241	45.938
2242	46.047
2243	45.328
2244	46.016
2245	45.594
2246	45.688
2247	46.141
2248	45.375
2249	44.875
2250	45.609
2251	44.734
2252	44.656
2253	45.469
2254	43.969
2255	45.609
2256	43.578
2257	43.969
2258	44.719
2259	43.828
2260	44.172
2261	43.953
2262	44.234
2263	42.766
2264	44.219
2265	45.344
2266	44.562
2267	44.547
2268	43.688
2269	44.094
2270	43.734
2271	42.906
2272	44.219
2273	43.125
2274	43.344
2275	43.484
2276	43.047
2277	42.844
2278	43.625
2279	43.516
2280	43.25
2281	43.078
2282	43.391
2283	44.484
2284	43.781
2285	44.469
2286	43.594
2287	42.734
2288	42.406
2289	42.547
2290	41.797
2291	43.391
2292	42.906
2293	43.203
2294	42.891
2295	42.75
2296	43.141
2297	42.766
2298	43.141
2299	42.031
2300	43.453
2301	42.125
2302	43.062
2303	43.297
2304	43.188
2305	42.469
2306	42.391
2307	42.781
2308	43.281
2309	42.766
2310	43.031
2311	42.5
2312	42.188
2313	43.812
2314	41.078
2315	43.031
2316	42.328
2317	41.078
2318	41.719
2319	42.859
2320	42.562
2321	42.781
2322	41.547
2323	41.828
2324	42.109
2325	42.562
2326	42.406
2327	42.609
2328	40.812
2329	42.25
2330	42.688
2331	42.109
2332	42.375
2333	42.016
2334	41.141
2335	42.547
2336	41.375
2337	42.75
2338	42.141
2339	42.453
2340	42.422
2341	41.828
2342	41.859
2343	42.391
2344	42.172
2345	40.938
2346	42.75
2347	42.016
2348	41.438
2349	42.547
2350	42.25
2351	43.5
2352	42.547
2353	41.266
2354	42.719
2355	42.078
2356	41.359
2357	42.5
2358	41.609
2359	41.422
2360	41.156
2361	41.234
2362	42.328
2363	41.719
2364	41.156
2365	42.297
2366	41.297
2367	42.031
2368	42.328
2369	41.938
2370	41.766
2371	42.438
2372	41.422
2373	41.422
2374	41.562
2375	41.016
2376	40.781
2377	42.172
2378	41.375
2379	43.359
2380	41.656
2381	42.203
2382	40.953
2383	40.969
2384	41.734
2385	40.766
2386	41.109
2387	40.891
2388	40.438
2389	41.531
2390	40.906
2391	41.688
2392	42
2393	41.969
2394	41.266
2395	41.953
2396	44.844
2397	45.703
2398	47.547
2399	50.516
2400	49.688
2401	52.781
2402	51.797
2403	53.578
2404	52.516
2405	53.906
2406	53.781
2407	54.656
2408	54.641
2409	54.953
2410	55.016
2411	54.141
2412	53.422
2413	54.344
2414	53.625
2415	54.344
2416	53.609
2417	53.875
2418	54.922
2419	53.969
2420	52.859
2421	52.172
2422	52.781
2423	53.109
2424	50.703
2425	50.781
2426	50.578
2427	50.578
2428	51.172
2429	49.359
2430	50.641
2431	49.359
2432	48.281
2433	49.25
2434	48.719
2435	48.578
2436	47.5
2437	47.531
2438	47.391
2439	47.156
2440	48.109
2441	47.312
2442	46.859
2443	46.281
2444	45.078
2445	45.156
2446	47.031
2447	45.922
2448	46.938
2449	47.266
2450	45.109
2451	46.156
2452	45.406
2453	47.188
2454	46.375
2455	44.688
2456	45.172
2457	43.781
2458	45.047
2459	46.281
2460	45.094
2461	45.906
2462	45.156
2463	44.438
2464	45.562
2465	45.453
2466	45.297
2467	45.328
2468	44.938
2469	45.328
2470	43.984
2471	45.297
2472	43.766
2473	44.047
2474	44.859
2475	44.531
2476	44.953
2477	43.828
2478	44.578
2479	43.797
2480	43.516
2481	43.719
2482	44.828
2483	44
2484	43.547
2485	44.266
2486	44.188
2487	43.375
2488	43.172
2489	44.422
2490	43.844
2491	43.594
2492	43.125
2493	43.547
2494	43.859
2495	44.094
2496	43.781
2497	43.906
2498	43.312
2499	43.172
2500	43.25
2501	43.25
2502	43.031
2503	43.188
2504	42.75
2505	43.297
2506	42.469
2507	43.281
2508	43
2509	43.719
2510	42.359
2511	43.312
2512	42.938
2513	42.672
2514	43.219
2515	42.781
2516	42.953
2517	41.828
2518	42.391
2519	42.125
2520	42.578
2521	42.734
2522	42.531
2523	43.047
2524	42.562
2525	42.578
2526	42.391
2527	41.281
2528	42.219
2529	41.359
2530	43.5
2531	42.375
2532	42.094
2533	43.297
2534	42.516
2535	45.188
2536	46.891
2537	49.328
2538	50.141
2539	51.875
2540	51.203
2541	52.453
2542	53.047
2543	53.297
2544	55.156
2545	54.234
2546	54.344
2547	54.281
2548	54.828
2549	55.047
2550	55.5
2551	54.703
2552	55.734
2553	53.203
2554	52.578
2555	52.469
2556	52.297
2557	51.891
2558	51.875
2559	50.609
2560	50.172
2561	51.188
2562	50.25
2563	48.812
2564	48.703
2565	48.781
2566	49.672
2567	49.516
2568	49
2569	48.281
2570	48.531
2571	46.734
2572	48.125
2573	46.594
2574	47.969
2575	48.047
2576	46.594
2577	47.422
2578	46.859
2579	46.953
2580	46.156
2581	46.172
2582	47.531
2583	46.375
2584	46.219
2585	46.984
2586	45.406
2587	46.078
2588	45.266
2589	46.297
2590	44.703
2591	46.172
2592	45
2593	52.375
2594	44.859
2595	44.141
2596	45.547
2597	46.438
2598	44.656
2599	44.375
2600	45.766
2601	45.109
2602	45.266
2603	45.344
2604	44.172
2605	44.156
2606	45
2607	44.844
2608	44.797
2609	44.234
2610	44.203
2611	44.688
2612	45.031
2613	45.078
2614	45.188
2615	44.953
2616	43.297
2617	45.016
2618	44.125
2619	44.141
2620	43.812
2621	45.344
2622	45.25
2623	44.297
2624	43.984
2625	43.141
2626	44.078
2627	44.328
2628	43.609
2629	44.578
2630	45.406
2631	43.031
2632	43.203
2633	43.484
2634	44.703
2635	44.047
2636	43.656
2637	41.781
2638	42.297
2639	43.484
2640	43.297
2641	43.031
2642	43.578
2643	42.938
2644	42.828
2645	42.953
2646	43.75
2647	43.234
2648	42.094
2649	42.859
2650	43.141
2651	41.703
2652	42.562
2653	43.031
2654	42.234
2655	41.984
2656	42.5
2657	42.891
2658	41.25
2659	43.016
2660	42.312
2661	42.172
2662	42.094
2663	42.859
2664	42.312
2665	42
2666	42.625
2667	41.812
2668	42.578
2669	41.781
2670	41.969
2671	42.578
2672	42.281
2673	42.266
2674	42.969
2675	43.531
2676	42.297
2677	43.062
2678	41.344
2679	41.625
2680	40.375
2681	42.656
2682	41.297
2683	40.891
2684	41.484
2685	41.828
2686	41.797
2687	42.703
2688	40.719
2689	40.859
2690	43.016
2691	42.938
2692	42.453
2693	42.219
2694	41.828
2695	42.719
2696	43.062
2697	42.156
2698	41.109
2699	42.469
2700	42.188
2701	42.781
2702	41.75
2703	41.922
2704	41.875
2705	41.969
2706	42.359
2707	42.859
2708	41.328
2709	42.156
2710	41.156
2711	41.594
2712	41.922
2713	41.938
2714	42.125
2715	40.969
2716	41.031
2717	41.734
2718	40.406
2719	40.922
2720	41.938
2721	41.938
2722	41.016
2723	42.016
2724	43.234
2725	41.375
2726	41.359
2727	41.969
2728	41.172
2729	41.266
2730	40.625
2731	41.328
2732	41.172
2733	42.531
2734	41.938
2735	41.672
2736	41.594
2737	40.516
2738	40.938
2739	41.375
2740	41.875
2741	41.062
2742	40.531
2743	42.094
2744	41.734
2745	39.828
2746	42.578
2747	41.141
2748	41.844
2749	42.234
2750	41.312
2751	40.641
2752	41.75
2753	41.078
2754	40.984
2755	40.625
2756	41.953
2757	41.719
2758	40.594
2759	41.219
2760	41.031
2761	41.188
2762	40.141
2763	41.641
2764	40.656
2765	40.188
2766	41.094
2767	41.25
2768	40.344
2769	39.438
2770	40.453
2771	41.688
2772	41.297
2773	40.578
2774	41.422
2775	40.688
2776	40.312
2777	41.172
2778	40.781
2779	40.516
2780	41.203
2781	41.906
2782	41.953
2783	42.094
2784	41.156
2785	41.406
2786	41.266
2787	41.703
2788	40.578
2789	41.844
2790	41.094
2791	41.781
2792	40.375
2793	39.984
2794	41.203
2795	40.328
2796	41.078
2797	39.984
2798	41.906
2799	39.875
2800	40.922
2801	41.375
2802	40.75
2803	40.797
2804	41.156
2805	41.781
2806	41.078
2807	41.453
2808	41.25
2809	40.672
2810	41.453
2811	40.812
2812	40.516
2813	40.922
2814	40.609
2815	40.453
2816	41.312
2817	41.297
2818	40.344
2819	41.469
2820	41.188
2821	41.297
2822	41.375
2823	41.375
2824	40.469
2825	41.25
2826	40.75
2827	41.672
2828	41.375
2829	40.516
2830	40.312
2831	40.219
2832	40.984
2833	40.672
2834	41.797
2835	40.578
2836	41.297
2837	42.422
2838	40.594
2839	42.312
2840	41.641
2841	42.266
2842	41.156
2843	42.484
2844	41.641
2845	41.422
2846	41.234
2847	41.234
2848	41.297
2849	40.984
2850	42.109
2851	40.062
2852	41.219
2853	40.031
2854	41.312
2855	41.594
2856	41.562
2857	41.812
2858	42.141
2859	41.625
2860	40.844
2861	40.969
2862	41.781
2863	41
2864	41.016
2865	40.969
2866	41.062
2867	40.266
2868	41.75
2869	41.453
2870	41.094
2871	41.406
2872	40.484
2873	40.109
2874	40.922
2875	40.766
2876	40.516
2877	40.641
2878	40.328
2879	41.016
2880	41.766
2881	42.875
2882	45.734
2883	47.484
2884	50.141
2885	50.828
2886	51.594
2887	51.984
2888	52.281
2889	51.844
2890	52.516
2891	53.953
2892	53.812
2893	54.062
2894	52.047
2895	54.094
2896	53.938
2897	54.391
2898	53.109
2899	54.172
2900	51.312
2901	52.531
2902	51.078
2903	50.891
2904	50.969
2905	51.547
2906	51.719
2907	53.484
2908	52.188
2909	54.062
2910	53.406
2911	52.922
2912	51.391
2913	52.047
2914	51.844
2915	52.266
2916	50.141
2917	50.016
2918	49.766
2919	50.25
2920	50.297
2921	50.484
2922	48.578
2923	50.219
2924	48.688
2925	49.828
2926	48.469
2927	46.828
2928	49.203
2929	46.797
2930	47.516
2931	47.203
2932	47.469
2933	46.297
2934	47.109
2935	46.828
2936	45.906
2937	45.438
2938	45.922
2939	47.062
2940	45.609
2941	45.922
2942	44.875
2943	45.922
2944	46.703
2945	46.031
2946	44.578
2947	44.984
2948	45.484
2949	46.469
2950	45.578
2951	44.891
2952	44.938
2953	44.469
2954	45.453
2955	45.516
2956	42.797
2957	44.422
2958	44.922
2959	45.984
2960	44.047
2961	43.516
2962	43.812
2963	43.828
2964	44.047
2965	42.922
2966	45.297
2967	44.125
2968	44.391
2969	44.016
2970	43.75
2971	43.156
2972	43.469
2973	43.891
2974	43.984
2975	43.734
2976	44.516
2977	43.688
2978	43.562
2979	43.625
2980	42.906
2981	44.203
2982	43.797
2983	43.609
2984	43.469
2985	43.438
2986	43.375
2987	42.031
2988	43.312
2989	43.781
2990	42.344
2991	44.375
2992	44.219
2993	43.438
2994	43.5
2995	42.781
2996	41.375
2997	43.266
2998	41.266
2999	44.625
3000	41.781
3001	43.703
3002	42.234
3003	43.109
3004	42.828
3005	41.516
3006	42.672
3007	42.766
3008	43.312
3009	43.703
3010	43.172
3011	43.625
3012	43.438
3013	43.594
3014	43.016
3015	42.578
3016	41.312
3017	42.641
3018	43.359
3019	43.859
3020	42.484
3021	42.672
3022	42.203
3023	43.156
3024	42
3025	42.844
3026	41.422
3027	42.516
3028	42.172
3029	42.625
3030	42.422
3031	41.828
3032	42
3033	42.734
3034	41.609
3035	41.797
3036	42.75
3037	41.469
3038	41.297
3039	41
3040	42.594
3041	41.844
3042	41.422
3043	42.547
3044	42.359
3045	43.141
3046	42.062
3047	42.609
3048	41.625
3049	43.25
3050	41.266
3051	41.516
3052	42.062
3053	43.016
3054	41.984
3055	40.812
3056	40.828
3057	41.125
3058	42.094
3059	41.438
3060	41.938
3061	41.453
3062	41.828
3063	41.438
3064	42.031
3065	40.828
3066	43.078
3067	43.109
3068	42
3069	41.609
3070	42.5
3071	40.703
3072	41.219
3073	42.125
3074	41.359
3075	41.125
3076	42.391
3077	41.578
3078	41
3079	42.688
3080	42.688
3081	42.375
3082	42.172
3083	42.344
3084	44.359
3085	47.141
3086	47.656
3087	49.859
3088	50.797
3089	51.281
3090	51.031
3091	54.047
3092	53.562
3093	53.609
3094	54.047
3095	53.391
3096	55.016
3097	54.391
3098	54.25
3099	53.641
3100	55.062
3101	53.703
3102	53.328
3103	52.406
3104	53.641
3105	50.719
3106	53.578
3107	51.844
3108	48.891
3109	50.125
3110	51.438
3111	49.484
3112	49.609
3113	49.297
3114	47.359
3115	49.25
3116	49.234
3117	49.281
3118	47.781
3119	49.484
3120	48.375
3121	48.531
3122	47.719
3123	46.594
3124	46.406
3125	47.797
3126	47.031
3127	45.859
3128	46.875
3129	47.109
3130	45.922
3131	45.406
3132	46.094
3133	46.156
3134	45.875
3135	45.625
3136	45.344
3137	46.078
3138	45.203
3139	46.438
3140	44.906
3141	44.219
3142	45.453
3143	44.766
3144	45.016
3145	45.469
3146	45.234
3147	43.375
3148	44.734
3149	45.938
3150	44.953
3151	44.922
3152	44.812
3153	45
3154	43.609
3155	44.625
3156	45.047
3157	43.438
3158	43.688
3159	44.234
3160	43.953
3161	44.75
3162	43.922
3163	44.844
3164	44.609
3165	44.203
3166	44.062
3167	43.266
3168	43.672
3169	43.484
3170	43.406
3171	44.406
3172	44.828
3173	44.844
3174	44
3175	43.5
3176	43.641
3177	43.875
3178	43.406
3179	43.953
3180	43.594
3181	43.281
3182	43.359
3183	44.812
3184	44.125
3185	43.031
3186	43.031
3187	44.734
3188	43
3189	44.641
3190	44.266
3191	43.953
3192	42.141
3193	44.109
3194	42.75
3195	43.156
3196	42.656
3197	42.969
3198	43.703
3199	42.859
3200	42.141
3201	42.062
3202	43.672
3203	43.5
3204	42.453
3205	43.797
3206	43.828
3207	42.328
3208	42.938
3209	42.875
3210	43.594
3211	43.281
3212	42.672
3213	44.312
3214	42.203
3215	42.891
3216	43.781
3217	43.234
3218	43.297
3219	44.047
3220	42.953
3221	43.219
3222	43.266
3223	43.109
3224	42.656
3225	40.906
3226	42.953
3227	44.469
3228	46.391
3229	47.609
3230	50.625
3231	50.719
3232	52.375
3233	52.578
3234	52.312
3235	52.547
3236	54.109
3237	52.438
3238	53.844
3239	54.109
3240	52.906
3241	53.453
3242	53.781
3243	52.312
3244	53.406
3245	52.594
3246	52.094
3247	53.594
3248	51.641
3249	54.062
3250	54.578
3251	53.547
3252	52.906
3253	53.344
3254	52.578
3255	52.688
3256	53
3257	52.328
3258	52.078
3259	51.969
3260	50.219
3261	50.891
3262	50.469
3263	50.406
3264	50.188
3265	49.453
3266	49.125
3267	48.688
3268	49.016
3269	48.297
3270	48.297
3271	48.141
3272	48.438
3273	48.719
3274	47.578
3275	48.078
3276	48.219
3277	46.703
3278	48.047
3279	48.672
3280	47.734
3281	47.188
3282	47.188
3283	47.562
3284	47.734
3285	45.422
3286	46.688
3287	46.484
3288	46.359
3289	46.641
3290	44.828
3291	45.609
3292	45.047
3293	45.766
3294	45.891
3295	46.172
3296	45.672
3297	45.578
3298	45.172
3299	44.969
3300	45.812
3301	45.5
3302	45.312
3303	46.453
3304	45.688
3305	44.781
3306	44.75
3307	45.578
3308	45.281
3309	44.281
3310	45.5
3311	45.719
3312	45
3313	46.062
3314	44.922
3315	44.969
3316	45.094
3317	44.609
3318	44.484
3319	44.656
3320	44.891
3321	45.359
3322	44.875
3323	45.891
3324	44.094
3325	44.734
3326	44.453
3327	43.422
3328	44.844
3329	44.344
3330	44.344
3331	44.672
3332	44.297
3333	44.047
3334	43.203
3335	43.844
3336	44.938
3337	44.094
3338	42.984
3339	43.812
3340	45.047
3341	42.812
3342	44.203
3343	43.672
3344	43.438
3345	43.266
3346	44.406
3347	44.859
3348	43.562
3349	44.438
3350	44.297
3351	43.422
3352	44.484
3353	43.953
3354	44.156
3355	43.812
3356	43.797
3357	43.906
3358	43.375
3359	44.188
3360	42.656
3361	43.344
3362	43.047
3363	42.703
3364	43.094
3365	43.25
3366	42.844
3367	43.125
3368	42.891
3369	44
3370	42.469
3371	43.797
3372	43.609
3373	43.188
3374	43.172
3375	43.219
3376	43.312
3377	42.859
3378	43.172
3379	42.969
3380	42.719
3381	41.516
3382	43.422
3383	42.281
3384	42.656
3385	42.797
3386	42.609
3387	42.531
3388	43.625
3389	42.75
3390	42.828
3391	42.016
3392	43.094
3393	42.688
3394	42.109
3395	41.781
3396	43
3397	43.234
3398	43.062
3399	42.812
3400	43.219
3401	43.156
3402	43.062
3403	42.844
3404	42.047
3405	41.953
3406	41.625
3407	42.078
3408	42.156
3409	42.656
3410	42.984
3411	42.344
3412	42.922
3413	42.641
3414	41.781
3415	42.828
3416	42.531
3417	43.438
3418	41.625
3419	42.156
3420	42.812
3421	42.828
3422	41.625
3423	42.625
3424	42.766
3425	41.891
3426	42.953
3427	43.469
3428	42.328
3429	41.969
3430	42.359
3431	42.141
3432	42.562
3433	42.484
3434	42.031
3435	42.172
3436	42.594
3437	41.734
3438	42.766
3439	41.484
3440	41.391
3441	42.141
3442	41.812
3443	42.594
3444	42.547
3445	41.453
3446	42.25
3447	41.688
3448	41.422
3449	43.094
3450	42.234
3451	42.031
3452	41.328
3453	41.25
3454	40.797
3455	41.109
3456	41.766
3457	42.281
3458	40.469
3459	40.906
3460	41.625
3461	40.953
3462	41.672
3463	41.344
3464	41.281
3465	41.312
3466	41.344
3467	41.391
3468	41.109
3469	41.734
3470	42.016
3471	42.375
3472	41.719
3473	41.312
3474	41.531
3475	42.297
3476	42.203
3477	42.422
3478	41.453
3479	40.844
3480	42.078
3481	41.609
3482	42.594
3483	43.188
3484	42.438
3485	42.438
3486	42.609
3487	41.812
3488	41.219
3489	42.094
3490	42.547
3491	41.938
3492	41.969
3493	42.5
3494	41.891
3495	42.375
3496	40.797
3497	43.375
3498	42.203
3499	41.391
3500	42.328
3501	41.719
3502	41.375
3503	41.594
3504	41.844
3505	42.078
3506	42.766
3507	42.719
3508	41.078
3509	40.828
3510	41.672
3511	42.625
3512	42.719
3513	41.609
3514	41.984
3515	42.172
3516	42.297
3517	41.562
3518	41.125
3519	41.156
3520	40.469
3521	41.656
3522	41.344
3523	52.531
3524	42.281
3525	40.516
3526	42.359
3527	40.797
3528	41.516
3529	41.547
3530	42.359
3531	42.625
3532	42.828
3533	41.922
3534	41.234
3535	41.984
3536	42.531
3537	41.922
3538	41.656
3539	41.969
3540	42.922
3541	42.344
3542	41.438
3543	41.5
3544	41.625
3545	41.594
3546	42.047
3547	40.375
3548	40.891
3549	41.484
3550	41.719
3551	40.984
3552	42.125
3553	42.203
3554	41.047
3555	43.219
3556	41.641
3557	42.125
3558	41.625
3559	41.719
3560	41.297
3561	41.766
3562	41.734
3563	41.922
3564	41.047
3565	42.828
3566	41.125
3567	41.891
3568	41.125
3569	41.156
3570	42.125
3571	42.047
3572	42.453
3573	43.531
3574	44.734
3575	46.828
3576	47.531
3577	50.328
3578	50.031
3579	50.25
3580	51.359
3581	52.484
3582	53.031
3583	53.031
3584	52.281
3585	52.094
3586	52.922
3587	54
3588	53.516
3589	52.719
3590	53.422
3591	51.688
3592	52.672
3593	53.203
3594	50.422
3595	51.312
3596	51.062
3597	51.234
3598	50.734
3599	50.219
3600	51.359
3601	50.078
3602	48.828
3603	50.203
3604	49.422
3605	51.031
3606	50.156
3607	49.609
3608	51.625
3609	52.031
3610	51.812
3611	52.656
3612	52
3613	52.797
3614	51.828
3615	53.188
3616	52.094
3617	51.359
3618	53.219
3619	52.797
3620	51.766
3621	51.469
3622	51.703
3623	51.359
3624	49.719
3625	50.219
3626	49.391
3627	49.578
3628	50.891
3629	49.969
3630	49.859
3631	49.672
3632	49.344
3633	49.047
3634	48.359
3635	48.688
3636	48.797
3637	47.016
3638	47.172
3639	46.969
3640	48
3641	47.062
3642	47.406
3643	47.438
3644	47.594
3645	47.828
3646	46.516
3647	47.156
3648	47.688
3649	45.906
3650	45.75
3651	47.641
3652	45.922
3653	46.266
3654	46.094
3655	46.031
3656	45.375
3657	45.922
3658	45.828
3659	44.359
3660	44.547
3661	45.781
3662	44.781
3663	47.047
3664	45.062
3665	44.219
3666	45.688
3667	45.109
3668	45.109
3669	45
3670	44.891
3671	44.781
3672	45.719
3673	45.984
3674	44.609
3675	45.594
3676	45.25
3677	44.359
3678	44.391
3679	45.078
3680	44.047
3681	44.859
3682	44.203
3683	44.391
3684	44.781
3685	45.188
3686	44.219
3687	45.047
3688	43.828
3689	45.359
3690	45.609
3691	45.531
3692	43.094
3693	43.172
3694	44.312
3695	45.281
3696	45.312
3697	45.312
3698	45.453
3699	44.484
3700	44.531
3701	44.344
3702	43.672
3703	44.312
3704	44.188
3705	44.281
3706	44.312
3707	45.062
3708	43.719
3709	45.516
3710	44.406
3711	44.578
3712	43.906
3713	45.125
3714	44.219
3715	44.219
3716	44.75
3717	45.234
3718	45.047
3719	44.5
3720	44.641
3721	43.875
3722	43.859
3723	43.844
3724	44.656
3725	43.266
3726	44.25
3727	44.688
3728	43.984
3729	42.859
3730	44.094
3731	43.594
3732	42.984
3733	43.766
3734	43.969
3735	43.734
3736	44.406
3737	43.984
3738	44.328
3739	44.484
3740	43.172
3741	42.938
3742	43.641
3743	43.781
3744	43.953
3745	43.047
3746	43.469
3747	44
3748	43.062
3749	43.297
3750	42.547
3751	43.219
3752	42.625
3753	43.609
3754	43.141
3755	42.766
3756	42.469
3757	42.188
3758	43.656
3759	42.406
3760	42.438
3761	43.594
3762	43.297
3763	43.984
3764	43.031
3765	42.719
3766	43.391
3767	42.188
3768	42.922
3769	42.594
3770	42.344
3771	42.297
3772	42.109
3773	43.438
3774	42.281
3775	43.547
3776	43.062
3777	43.125
3778	42.906
3779	41.016
3780	43.266
3781	42.578
3782	42.188
3783	41.984
3784	42.219
3785	41.75
3786	41.891
3787	42.844
3788	43.109
3789	43.094
3790	43
3791	42.656
3792	42.562
3793	43.422
3794	42.375
3795	42.406
3796	42.406
3797	42.75
3798	41.281
3799	42.641
3800	43.031
3801	43.25
3802	42.797
3803	42.656
3804	42.984
3805	42.828
3806	42.5
3807	42.656
3808	43.406
3809	41.312
3810	41.812
3811	42.422
3812	43.094
3813	41.719
3814	42.422
3815	42.094
3816	42.422
3817	42.141
3818	42.594
3819	42.953
3820	42.266
3821	42.578
3822	43.359
3823	42.281
3824	42.094
3825	42.844
3826	41.812
3827	42.328
3828	42.766
3829	42.625
3830	43.281
3831	42.609
3832	41.109
3833	42.25
3834	42.812
3835	42.281
3836	40.906
3837	42.812
3838	41.719
3839	42.031
3840	42.141
3841	41.891
3842	40.859
3843	42.453
3844	42.094
3845	42.359
3846	41.688
3847	40.688
3848	41.859
3849	41.734
3850	40.578
3851	42.094
3852	41.781
3853	42.609
3854	40.125
3855	41.562
3856	42.078
3857	40.453
3858	42.531
3859	41.234
3860	41.891
3861	40.516
3862	41.969
3863	42.438
3864	41.422
3865	42.234
3866	41.219
3867	40.609
3868	42.281
3869	42.75
3870	41.75
3871	41.562
3872	41.672
3873	41.25
3874	41.125
3875	42.438
3876	42.422
3877	41.031
3878	42.156
3879	42.469
3880	40.922
3881	42.734
3882	40.719
3883	42.938
3884	42.062
3885	41.062
3886	41.922
3887	41.969
3888	42.016
3889	42.781
3890	41.453
3891	43.266
3892	41.016
3893	42.109
3894	42.297
3895	41.312
3896	42.594
3897	40.984
3898	41.938
3899	42.828
3900	41.234
3901	41.797
3902	41.656
3903	41.266
3904	41.484
3905	40.953
3906	41.25
3907	41.281
3908	42.062
3909	42.219
3910	42.156
3911	42.391
3912	41.594
3913	41.312
3914	40.531
3915	42.062
3916	40.953
3917	41.531
3918	40.859
3919	42.719
3920	45.281
3921	45.875
3922	46.812
3923	49.25
3924	49.188
3925	50.125
3926	50.469
3927	51.047
3928	51.078
3929	51.797
3930	51.656
3931	52.266
3932	51.297
3933	52.141
3934	53.062
3935	51.797
3936	52.156
3937	53.234
3938	51.625
3939	52.047
3940	51.703
3941	50.703
3942	49.297
3943	50.547
3944	49.938
3945	49.703
3946	48.5
3947	49.312
3948	48.812
3949	48.906
3950	48.031
3951	48.172
3952	46.234
3953	47.609
3954	47.844
3955	46.969
3956	47.469
3957	46.875
3958	46.141
3959	46.984
3960	47.984
3961	45.75
3962	46.828
3963	46.656
3964	44.844
3965	45.203
3966	45.359
3967	46.531
3968	45.812
3969	45.812
3970	44.688
3971	45.516
3972	44.906
3973	45.109
3974	45.281
3975	43.953
3976	43.969
3977	43.969
3978	42.922
3979	43.844
3980	44.516
3981	45.344
3982	43.969
3983	46.062
3984	43.922
3985	44.25
3986	44.156
3987	44
3988	44
3989	44.312
3990	45.047
3991	45.406
3992	43.203
3993	43.594
3994	43.266
3995	43.625
3996	43.734
3997	42.359
3998	42.891
3999	43.391
4000	43.234
4001	44.562
4002	43.516
4003	43.578
4004	43.156
4005	43.938
4006	42.906
4007	43.797
4008	43.891
4009	43.094
4010	43.438
4011	43.375
4012	44.438
4013	43.938
4014	43.234
4015	43
4016	43.375
4017	42.516
4018	43.406
4019	43.469
4020	43.203
4021	42.609
4022	41.938
4023	41.969
4024	43.203
4025	43.266
4026	43.562
4027	43.328
4028	43.5
4029	42.766
4030	43.391
4031	43.156
4032	42.734
4033	42.656
4034	43.047
4035	42.297
4036	41.875
4037	43
4038	43.5
4039	42.781
4040	42.609
4041	42.312
4042	42.453
4043	42.219
4044	42.5
4045	42.25
4046	42.859
4047	42.156
4048	42.766
4049	42.859
4050	42.578
4051	42.906
4052	41.938
4053	42.984
4054	41.969
4055	42.375
4056	42.547
4057	41.859
4058	42.641
4059	43.062
4060	40.859
4061	41.859
4062	42.109
4063	41.516
4064	41.375
4065	42.641
4066	41.984
4067	42.047
4068	41.828
4069	42.094
4070	41.922
4071	41.891
4072	42.594
4073	42.234
4074	41.031
4075	42.031
4076	42.5
4077	43.391
4078	42.297
4079	42.031
4080	42.891
4081	42.375
4082	41.094
4083	42.016
4084	41.422
4085	41.641
4086	40.094
4087	41.609
4088	41.5
4089	41.312
4090	41.031
4091	43.172
4092	42.062
4093	42.875
4094	43.047
4095	42.875
4096	42.406
4097	40.625
4098	42.391
4099	42.328
4100	42.25
4101	42.047
4102	42.469
4103	41.797
4104	41.5
4105	41.031
4106	41.031
4107	40.672
4108	42.453
4109	41.781
4110	41.812
4111	42.688
4112	42.156
4113	42.391
4114	42.781
4115	41.734
4116	41.078
4117	41.859
4118	41.469
4119	41.703
4120	42.875
4121	42.094
4122	42.047
4123	43.25
4124	41.172
4125	42.141
4126	41.703
4127	41.375
4128	43.656
4129	41.969
4130	42.578
4131	42.719
4132	42.5
4133	41.938
4134	41.344
4135	41.062
4136	42.266
4137	41.641
4138	42.344
4139	42.406
4140	41.453
4141	41.219
4142	40.984
4143	42.641
4144	41.578
4145	41.906
4146	41.016
4147	41.719
4148	42.453
4149	42.375
4150	41.469
4151	42.406
4152	42.281
4153	41.828
4154	42.469
4155	42.328
4156	42.438
4157	41.797
4158	42.016
4159	42.859
4160	41.281
4161	42.375
4162	42.156
4163	42.016
4164	41.797
4165	42.703
4166	41.438
4167	40.016
4168	41.656
4169	40.844
4170	41.672
4171	41.125
4172	41.109
4173	41.312
4174	41.375
4175	40.109
4176	40.781
4177	42.578
4178	41.125
4179	40.969
4180	41.141
4181	42.188
4182	40.625
4183	42.516
4184	41.391
4185	41.172
4186	41.453
4187	41.672
4188	42.188
4189	40.828
4190	41.969
4191	42.047
4192	42.688
4193	41.172
4194	38.766
4195	41.219
4196	42.016
4197	40.859
4198	42.344
4199	39.984
4200	41
4201	41.141
4202	40.219
4203	41.219
4204	41.891
4205	41.75
4206	40.969
4207	41.766
4208	41.703
4209	42.078
4210	40.844
4211	42.297
4212	41.062
4213	40.688
4214	41.797
4215	40.688
4216	41.234
4217	40.844
4218	41.625
4219	40.297
4220	40.938
4221	41.172
4222	41.641
4223	41.047
4224	42.312
4225	41.297
4226	41.422
4227	41.703
4228	42.172
4229	41.094
4230	41.391
4231	41.812
4232	41.422
4233	40.094
4234	41.531
4235	41.219
4236	40.578
4237	41.203
4238	41.344
4239	41.109
4240	41.656
4241	41.422
4242	40.969
4243	40.688
4244	40.516
4245	41.547
4246	41.031
4247	41.219
4248	42.453
4249	40.984
4250	41.859
4251	42.516
4252	40.328
4253	40.969
4254	41.219
4255	41.328
4256	40.188
4257	41.672
4258	42.344
4259	41.406
4260	41.906
4261	41.469
4262	40.562
4263	41.844
4264	41.375
4265	41.828
4266	44.547
4267	45.875
4268	47.922
4269	48.25
4270	48.781
4271	50.141
4272	49.812
4273	49.688
4274	51.969
4275	51.359
4276	51.344
4277	50.859
4278	51.828
4279	51.484
4280	52.422
4281	52.359
4282	52.938
4283	52.266
4284	51.359
4285	51.281
4286	50.609
4287	50.531
4288	50.109
4289	50.094
4290	50.141
4291	50.156
4292	49.984
4293	49.922
4294	49.375
4295	47.984
4296	48.469
4297	50.266
4298	49.75
4299	48.594
4300	47.156
4301	47.047
4302	46.797
4303	47.062
4304	46.547
4305	46.156
4306	47.312
4307	46.562
4308	45.547
4309	47.266
4310	46.531
4311	46.219
4312	44.844
4313	46.297
4314	44.141
4315	46.438
4316	45.328
4317	45.797
4318	45.297
4319	45
4320	44.281
4321	44.25
4322	44.266
4323	44.453
4324	43.938
4325	44.594
4326	44.312
4327	42.438
4328	43.516
4329	44.578
4330	44.266
4331	43.516
4332	43.906
4333	44.203
4334	43.844
4335	44.422
4336	44.062
4337	43.547
4338	42.969
4339	43.5
4340	44.531
4341	43.797
4342	42.969
4343	42.984
4344	43.422
4345	43.125
4346	43.656
4347	44.281
4348	43.562
4349	42.578
4350	43.172
4351	42.875
4352	42.531
4353	42.297
4354	42.938
4355	43.922
4356	43.625
4357	42.531
4358	43.594
4359	42.312
4360	42.094
4361	43.484
4362	43.594
4363	42.969
4364	43.078
4365	42.25
4366	42.688
4367	42.609
4368	42.188
4369	42.656
4370	42.859
4371	43.188
4372	42.516
4373	43.391
4374	42.641
4375	41.656
4376	42.109
4377	42.672
4378	40.562
4379	41.875
4380	42.734
4381	41.891
4382	41.641
4383	41.578
4384	41.297
4385	42.875
4386	41.797
4387	43.266
4388	41.859
4389	42.219
4390	41.875
4391	43.016
4392	41.672
4393	42.672
4394	41.328
4395	41.734
4396	42.375
4397	40.984
4398	41.859
4399	42.453
4400	42.391
4401	41.344
4402	41.844
4403	41.672
4404	40.938
4405	41.906
4406	42.016
4407	41.766
4408	40.516
4409	41.594
4410	41.906
4411	40.688
4412	43.016
4413	42.234
4414	43.359
4415	41.703
4416	41.812
4417	40.031
4418	41.922
4419	41.875
4420	40.5
4421	42.734
4422	40.5
4423	41.984
4424	41.328
4425	40.656
4426	40.969
4427	42.25
4428	42.625
4429	40.5
4430	41
4431	42.016
4432	41.562
4433	41.875
4434	41.438
4435	42.109
4436	42.578
4437	42.094
4438	41.578
4439	43.141
4440	41.875
4441	42.266
4442	41.828
4443	40.625
4444	41.328
4445	41.797
4446	40.844
4447	41.484
4448	42.078
4449	42.859
4450	41.562
4451	41.219
4452	41.5
4453	41.906
4454	40.828
4455	42.516
4456	42.562
4457	42.766
4458	41.859
4459	40.891
4460	41.328
4461	42.266
4462	40.438
4463	40.453
4464	42.062
4465	42.438
4466	41.922
4467	40.781
4468	41.281
4469	40.766
4470	40.891
4471	43.766
4472	40.766
4473	40.703
4474	41.156
4475	42.875
4476	40.312
4477	42.344
4478	40.422
4479	42.578
4480	41.375
4481	41.969
4482	40.594
4483	41.875
4484	42.516
4485	41.453
4486	41.859
4487	40.984
4488	42.75
4489	40.906
4490	41.391
4491	41.781
4492	41.516
4493	40.594
4494	40.938
4495	41.812
4496	40.922
4497	39.969
4498	41.188
4499	41.016
4500	41.672
4501	41.453
4502	40.875
4503	40.734
4504	40.828
4505	40.984
4506	40.562
4507	41.719
4508	41.234
4509	40.125
4510	40.547
4511	41.453
4512	41.5
4513	41
4514	40.641
4515	41.203
4516	40.047
4517	40.219
4518	40.641
4519	42.516
4520	41.172
4521	42.406
4522	41.266
4523	41.891
4524	41.094
4525	41.359
4526	41.188
4527	41.172
4528	40.875
4529	41.109
4530	40.938
4531	40.422
4532	41.484
4533	40.953
4534	40.609
4535	41.438
4536	40.422
4537	41.328
4538	40.547
4539	40.734
4540	41.281
4541	41.547
4542	41
4543	42.281
4544	42.375
4545	42.641
4546	42.234
4547	41.516
4548	41.781
4549	41.719
4550	40.875
4551	41.844
4552	41.344
4553	41.328
4554	41.562
4555	41.453
4556	40.766
4557	40.938
4558	42.266
4559	40.953
4560	40.641
4561	41.875
4562	41.438
4563	41.109
4564	41.609
4565	40.766
4566	41.406
4567	40.5
4568	40.703
4569	41.484
4570	40.797
4571	41.266
4572	40.828
4573	41.797
4574	39.422
4575	41.297
4576	41.938
4577	41.234
4578	41.141
4579	41.938
4580	41.297
4581	41.531
4582	40.203
4583	41.719
4584	40.25
4585	42.047
4586	41.094
4587	41.406
4588	40.656
4589	40.953
4590	41.203
4591	41.328
4592	40.453
4593	40.078
4594	40.484
4595	40.219
4596	39.625
4597	40.047
4598	40.078
4599	40.25
4600	39.391
4601	41.594
4602	41.234
4603	40.922
4604	40.203
4605	39.891
4606	40.641
4607	40.594
4608	39.125
4609	41.531
4610	41.125
4611	39.688
4612	42.469
4613	45.438
4614	46.422
4615	47.328
4616	46.984
4617	48.438
4618	49.375
4619	50.484
4620	50.234
4621	51.141
4622	50.984
4623	50.688
4624	51.5
4625	50.391
4626	51.672
4627	51.688
4628	53.531
4629	52.125
4630	51.219
4631	50.469
4632	51.297
4633	49.812
4634	50.594
4635	50.844
4636	50.281
4637	49.484
4638	48.109
4639	47.766
4640	48.922
4641	47.609
4642	47.578
4643	47.469
4644	47.547
4645	46.094
4646	47.234
4647	45.828
4648	46.609
4649	45.219
4650	46.594
4651	47.781
4652	46.656
4653	45.688
4654	44.781
4655	46.062
4656	45.703
4657	45.812
4658	44.188
4659	45.953
4660	44.859
4661	45.953
4662	44.891
4663	44.375
4664	43.875
4665	44.094
4666	44.047
4667	43.688
4668	44.625
4669	44.344
4670	44.734
4671	43.531
4672	42.625
4673	44.359
4674	43.531
4675	44.125
4676	42.938
4677	43.172
4678	42.094
4679	44.641
4680	43.656
4681	44.062
4682	43.859
4683	44.141
4684	42.812
4685	43.875
4686	43.141
4687	42.797
4688	43.219
4689	43.219
4690	43.578
4691	43.953
4692	42.359
4693	43.016
4694	43.656
4695	42.406
4696	42.969
4697	42.906
4698	42.625
4699	42.938
4700	43.922
4701	43.703
4702	42.672
4703	42.469
4704	42.125
4705	42.266
4706	42.453
4707	43
4708	41.328
4709	42.766
4710	41.062
4711	42.516
4712	43.484
4713	41.859
4714	40.734
4715	40.219
4716	42.344
4717	41.375
4718	42.703
4719	43.469
4720	41.875
4721	42.906
4722	41.828
4723	41.312
4724	41.031
4725	40.5
4726	42.562
4727	41.359
4728	41.25
4729	41.312
4730	41.547
4731	41.281
4732	41.516
4733	41.594
4734	41.594
4735	42.562
4736	42.219
4737	40.922
4738	42.391
4739	41.562
4740	41.438
4741	41.578
4742	41.453
4743	41.688
4744	42.172
4745	41.5
4746	42.031
4747	40.844
4748	40.797
4749	41.906
4750	41.312
4751	41.641
4752	41.297
4753	42.359
4754	42.125
4755	41.844
4756	41.719
4757	40.938
4758	41.422
4759	41.078
4760	41.328
4761	42.109
4762	41.688
4763	40.016
4764	41.969
4765	41.578
4766	41.703
4767	41.594
4768	40.812
4769	41.812
4770	40.953
4771	40.891
4772	40.391
4773	42.172
4774	41.375
4775	42.234
4776	41.5
4777	41.922
4778	41.047
4779	39.562
4780	41.297
4781	41.844
4782	41.266
4783	41.266
4784	40.891
4785	40.562
4786	41.516
4787	41.062
4788	41.109
4789	41.016
4790	40.078
4791	40.359
4792	40.234
4793	40.781
4794	40.047
4795	40.953
4796	40.641
4797	41.266
4798	41
4799	40.188
4800	40.875
4801	41.953
4802	41.453
4803	41.656
4804	40.719
4805	40.422
4806	40.109
4807	40.891
4808	41.062
4809	41.281
4810	40.828
4811	40
4812	40.734
4813	40.859
4814	40.75
4815	41.078
4816	41.141
4817	39.812
4818	41.172
4819	41.828
4820	40.125
4821	41.047
4822	39.203
4823	40.625
4824	41.516
4825	40.453
4826	41.266
4827	40.828
4828	41.062
4829	41.031
4830	39.906
4831	41.25
4832	40.625
4833	42.094
4834	40.734
4835	41.094
4836	41.703
4837	40.594
4838	41.297
4839	41.547
4840	41.656
4841	40.938
4842	41.219
4843	40.031
4844	41.266
4845	39.938
4846	39.75
4847	41.844
4848	39.828
4849	41.469
4850	40.844
4851	40.578
4852	40.328
4853	40.656
4854	41.25
4855	41.047
4856	41.625
4857	40.797
4858	39.828
4859	39.578
4860	40.953
4861	40.391
4862	41.828
4863	39.938
4864	39.922
4865	40.969
4866	40.812
4867	41.344
4868	40.047
4869	39.891
4870	40.766
4871	39.797
4872	41.328
4873	41.516
4874	41.344
4875	41.281
4876	40.797
4877	40.656
4878	41.094
4879	40.719
4880	40.562
4881	40.641
4882	39.766
4883	40.078
4884	41.094
4885	40.938
4886	41.297
4887	40.141
4888	39.828
4889	39.891
4890	41.625
4891	39.516
4892	40.312
4893	38.766
4894	40.266
4895	40.672
4896	39.766
4897	39.359
4898	40.297
4899	40.734
4900	40.188
4901	40.438
4902	40.984
4903	40.234
4904	41.094
4905	40.156
4906	40.125
4907	40.312
4908	40.188
4909	40.969
4910	40.172
4911	40.609
4912	40.719
4913	40.906
4914	40.922
4915	40.297
4916	39.547
4917	40.359
4918	40.828
4919	40
4920	41.047
4921	39.969
4922	39.812
4923	40.531
4924	41.094
4925	39.75
4926	39.828
4927	39.891
4928	40.016
4929	40.328
4930	40.391
4931	39.719
4932	40.469
4933	40.828
4934	39.609
4935	41.219
4936	40.719
4937	39.438
4938	40.656
4939	40.484
4940	40.938
4941	40.547
4942	40.531
4943	40.062
4944	40.109
4945	40.219
4946	39.609
4947	40.031
4948	39.531
4949	39.922
4950	40.047
4951	40.562
4952	39.641
4953	40.531
4954	40.016
4955	40.484
4956	40.422
4957	40.484
4958	43.062
4959	44.266
4960	45.453
4961	46.109
4962	48.5
4963	48.844
4964	47.844
4965	49.547
4966	49.172
4967	50.203
4968	49.469
4969	50.219
4970	51.203
4971	51.281
4972	49.844
4973	50.484
4974	50.125
4975	49.828
4976	50.562
4977	48.25
4978	50.469
4979	48.984
4980	48.078
4981	49.562
4982	48.594
4983	49.312
4984	49.562
4985	49.031
4986	49.891
4987	50.328
4988	48.734
4989	48.609
4990	48.188
4991	48.203
4992	48.875
4993	48.188
4994	47.875
4995	47.547
4996	47.938
4997	48.531
4998	46.984
4999	47.578
5000	47.016
5001	46.672
5002	47.734
5003	46.844
5004	45.844
5005	46.078
5006	45.469
5007	45.672
5008	46.844
5009	44.234
5010	45.844
5011	44.953
5012	45.797
5013	44.359
5014	43.234
5015	45.234
5016	45.75
5017	43.781
5018	43.812
5019	43.859
5020	44.234
5021	43.312
5022	43.562
5023	44.141
5024	43.297
5025	44.516
5026	44.219
5027	44.625
5028	43.828
5029	45.094
5030	43.016
5031	43.281
5032	43.547
5033	44.719
5034	43.047
5035	43.922
5036	43.922
5037	42.688
5038	43.469
5039	42.156
5040	43.672
5041	43.562
5042	43.078
5043	43.031
5044	42.734
5045	42.266
5046	41.844
5047	42.156
5048	42.734
5049	43.031
5050	42.672
5051	42.922
5052	41.859
5053	42.953
5054	43.125
5055	42.719
5056	42.234
5057	42.406
5058	41.719
5059	41.547
5060	42.203
5061	42.016
5062	42.125
5063	41.266
5064	42.406
5065	42.078
5066	42.531
5067	40.484
5068	40.516
5069	41.641
5070	41.031
5071	42
5072	41.672
5073	41.25
5074	41.5
5075	41.625
5076	42.594
5077	42.109
5078	42.469
5079	41.344
5080	42.172
5081	40.625
5082	42.781
5083	41.672
5084	41.094
5085	42.922
5086	43.453
5087	41.234
5088	42.125
5089	39.938
5090	41.812
5091	41.719
5092	41.078
5093	41.734
5094	40.984
5095	41.891
5096	41.766
5097	40.516
5098	40.922
5099	40.969
5100	40.891
5101	41.453
5102	41.453
5103	42.516
5104	42.406
5105	41.141
5106	40.25
5107	41.641
5108	41.078
5109	40.938
5110	41.094
5111	41.516
5112	40.797
5113	41.359
5114	40.922
5115	41.5
5116	42.375
5117	40.188
5118	42
5119	42.125
5120	40.812
5121	41.578
5122	41.25
5123	40.828
5124	41.141
5125	41.516
5126	40.844
5127	40.844
5128	41.469
5129	41
5130	41.75
5131	40.578
5132	40.938
5133	39.812
5134	40.844
5135	40.094
5136	39.953
5137	40.312
5138	40.797
5139	41.016
5140	41.609
5141	41.75
5142	40.625
5143	40.797
5144	40.141
5145	40.672
5146	40.922
5147	39.984
5148	40.859
5149	41.469
5150	40.219
5151	40.281
5152	40.609
5153	40.328
5154	40.766
5155	40.562
5156	41.219
5157	39.953
5158	40.344
5159	41.328
5160	40.406
5161	39.047
5162	40.469
5163	40.922
5164	40.016
5165	39.703
5166	40.766
5167	39.484
5168	40.547
5169	41.656
5170	40.625
5171	40.422
5172	40.109
5173	40.625
5174	40.391
5175	41.75
5176	40.75
5177	40.188
5178	40.406
5179	40.5
5180	40.641
5181	41.797
5182	40.969
5183	41.641
5184	41.344
5185	40.719
5186	40.094
5187	41.984
5188	40
5189	40.609
5190	39.594
5191	40.312
5192	41.672
5193	40.688
5194	40.672
5195	40.734
5196	41.172
5197	40.688
5198	39.828
5199	40.375
5200	40.438
5201	40.047
5202	40.609
5203	40.703
5204	40.188
5205	40.328
5206	40.469
5207	41.172
5208	41.141
5209	39.75
5210	41.234
5211	40.344
5212	40.375
5213	40.5
5214	39.734
5215	39.625
5216	40.094
5217	39.656
5218	38.969
5219	41.703
5220	40.234
5221	39.422
5222	39.203
5223	41.344
5224	40.234
5225	40.328
5226	40.078
5227	40.375
5228	40.047
5229	40.766
5230	39.312
5231	38.516
5232	40.031
5233	40.062
5234	39.453
5235	39.625
5236	40.266
5237	39.438
5238	39.656
5239	40.188
	
