1	45.275
2	44.255
3	44.922
4	45.765
5	45.196
6	44.824
7	45.765
8	44.961
9	44.745
10	45.922
11	47.039
12	48.02
13	51.314
14	52.451
15	54.549
16	54.333
17	55.333
18	54.863
19	55.686
20	56
21	56.529
22	55.765
23	56.804
24	55.255
25	56.804
26	56.078
27	56.235
28	56.765
29	55.353
30	54.922
31	55.686
32	54.196
33	54.118
34	54.294
35	53.686
36	53.588
37	53.922
38	53.98
39	55.549
40	53.353
41	55.078
42	53.941
43	52.49
44	52.431
45	52.588
46	53.196
47	50.784
48	49.784
49	49.02
50	51.431
51	51.157
52	49.686
53	48.49
54	49.608
55	49.667
56	49.784
57	48.804
58	49.608
59	49.255
60	49.353
61	48.588
62	47.745
63	47.745
64	48.667
65	48.216
66	48.196
67	47.412
68	46.784
69	48.059
70	47.667
71	48.02
72	48.588
73	47.373
74	47.176
75	46.843
76	47.216
77	48.569
78	48.039
79	45.176
80	46.745
81	47.549
82	48.451
83	47.882
84	47.196
85	46.412
86	47.471
87	46.373
88	46.824
89	47.353
90	47.608
91	46.471
92	47.176
93	47.078
94	46.196
95	45.941
96	46.922
97	47.392
98	46.137
99	46.451
100	46.216
101	45.961
102	46.863
103	46.882
104	45.647
105	47.176
106	46.412
107	45.843
108	45.706
109	45.412
110	46.098
111	46.294
112	45.588
113	45.824
114	46.333
115	47.059
116	45.608
117	45.725
118	46.941
119	45.608
120	45.608
121	47.294
122	45.392
123	46.216
124	47.471
125	44.824
126	46.412
127	46.863
128	45.451
129	46.569
130	44.863
131	45.412
132	44.667
133	45.49
134	46.235
135	46.216
136	46.255
137	45.216
138	45.922
139	45.647
140	45.745
141	46.294
142	45.49
143	48.157
144	45.275
145	46.353
146	47
147	46.706
148	46.294
149	47.02
150	46.647
151	47.451
152	47.686
153	46.431
154	46.784
155	46.882
156	46.118
157	45.569
158	46.196
159	45.314
160	46.569
161	47.118
162	44.863
163	45.902
164	45.843
165	46.863
166	45.843
167	46.333
168	45.333
169	46.431
170	46.392
171	44.941
172	47.471
173	46.922
174	45.373
175	46.294
176	46.314
177	46.333
178	45.941
179	46.098
180	45.902
181	46.098
182	46.471
183	46.843
184	45.765
185	46.157
186	46.196
187	45.451
188	45.725
189	46.137
190	45.627
191	46.02
192	45.961
193	44.98
194	46.392
195	46.51
196	46.431
197	46.51
198	46.608
199	45.431
200	45.196
201	46.118
202	45.118
203	45.431
204	46.902
205	45.02
206	45.745
207	44.941
208	45.078
209	45.784
210	45.627
211	47
212	44.471
213	47.392
214	46.706
215	46.961
216	46.275
217	47.824
218	45.255
219	46.961
220	45.922
221	46.02
222	46.098
223	46.255
224	45.373
225	46.588
226	46.235
227	46.118
228	44.784
229	45.922
230	46.333
231	44.392
232	46.549
233	46.216
234	47.353
235	46.529
236	44.627
237	45.373
238	44.275
239	47.882
240	46.627
241	46.765
242	45.412
243	46.706
244	46.157
245	46.412
246	45.471
247	44.706
248	46.373
249	46.412
250	46.314
251	46.549
252	45.176
253	46.647
254	46.176
255	46
256	46.961
257	45.294
258	46.843
259	46.196
260	45.255
261	45.725
262	45.176
263	46.255
264	45.863
265	45.784
266	46.627
267	44.882
268	45
269	45.529
270	45.843
271	46
272	45.961
273	46.078
274	44.078
275	45.627
276	46.431
277	46.549
278	46.608
279	47.078
280	46.333
281	46.216
282	44.314
283	45.216
284	44.294
285	46.314
286	46.627
287	45.882
288	45.922
289	45.588
290	45.608
291	46.961
292	45.451
293	44.824
294	46.02
295	44.902
296	45.039
297	44.922
298	45.255
299	44.725
300	45.412
301	45.647
302	45.451
303	46.725
304	45.02
305	45.706
306	45.725
307	46.49
308	44.02
309	43.588
310	44.176
311	45.471
312	45.569
313	44.784
314	44.824
315	45.569
316	45.843
317	45
318	45.725
319	45.824
320	45.157
321	46.412
322	46.529
323	46.196
324	45.843
325	47.118
326	45.725
327	44.961
328	45.941
329	47.294
330	45.569
331	45.451
332	45.314
333	45
334	46.137
335	45.902
336	45.98
337	44.922
338	44.471
339	45.51
340	45.314
341	46.804
342	44.588
343	46.941
344	46.039
345	44.824
346	44.647
347	47.588
348	44.922
349	45
350	47.235
351	45.961
352	45.98
353	45.529
354	43.941
355	45.529
356	45.02
357	45.216
358	44.647
359	45.725
360	44.49
361	44.176
362	45.431
363	45.353
364	46.02
365	46.275
366	46.118
367	45.078
368	46.608
369	45.039
370	46.294
371	45.863
372	45.549
373	46.039
374	45.059
375	45.882
376	45.588
377	44.588
378	44.451
379	45.137
380	44.078
381	46.451
382	44.529
383	44.941
384	45.157
385	45.02
386	45.353
387	47.059
388	45.059
389	44.863
390	46.137
391	45.529
392	45.98
393	44.961
394	45.392
395	44.255
396	46.627
397	45.098
398	46.078
399	45.275
400	45.431
401	45.078
402	44.569
403	47.412
404	44.549
405	45.765
406	45.569
407	45.863
408	44.961
409	46.118
410	45.392
411	45.373
412	45.471
413	44.98
414	45.804
415	45.608
416	45.922
417	44.667
418	46.333
419	45.02
420	46.118
421	44.392
422	44.51
423	45.902
424	44.627
425	47.118
426	45.392
427	45.725
428	44.137
429	44.431
430	46.51
431	46.392
432	45.098
433	45.529
434	46.059
435	46.059
436	46.098
437	46.176
438	45.294
439	45.098
440	46.49
441	46.667
442	48.843
443	50.98
444	51.686
445	53.392
446	54.471
447	54.804
448	54.588
449	55.627
450	55.745
451	55.275
452	56.863
453	54
454	55.725
455	55.529
456	55
457	56.392
458	55.745
459	55.98
460	53.216
461	53.961
462	52.549
463	51.961
464	53.098
465	52.569
466	50.902
467	53.118
468	52.882
469	51.098
470	51.157
471	51.706
472	50.725
473	52.51
474	51.627
475	51.078
476	51.176
477	50.137
478	47.902
479	48.51
480	49.431
481	49.961
482	48
483	48.725
484	47.588
485	48.255
486	47.765
487	48.941
488	47.902
489	49.882
490	47.843
491	48.549
492	47.392
493	49.059
494	48.137
495	48.216
496	47.549
497	47.471
498	48.235
499	46.588
500	47.275
501	47.686
502	46.549
503	46.333
504	47.745
505	46.588
506	46.098
507	45.314
508	47.118
509	47.098
510	47.549
511	46.392
512	47.549
513	48.412
514	47.314
515	45.353
516	45.627
517	46.471
518	45.863
519	47.235
520	46.059
521	47.039
522	46.235
523	47.255
524	46.216
525	46.118
526	46.412
527	46.078
528	45.333
529	47.118
530	46.333
531	45.667
532	48
533	46.176
534	46.216
535	46.863
536	47.118
537	46.314
538	46.451
539	46.667
540	45.863
541	47.353
542	47.725
543	45.824
544	45.471
545	47.176
546	45.588
547	46.804
548	46.922
549	47.078
550	47.059
551	45.608
552	46.941
553	45.471
554	46.745
555	46.118
556	46.314
557	47.627
558	46.235
559	46.843
560	47.098
561	45.275
562	46.059
563	46.137
564	46.216
565	45.863
566	46.608
567	47.02
568	47.765
569	45.431
570	47.392
571	46.98
572	44.549
573	46.765
574	45.176
575	46.451
576	45.549
577	46.255
578	46.294
579	46.059
580	47.471
581	46.49
582	47.412
583	45.49
584	46.922
585	45.824
586	46.451
587	46.706
588	45.98
589	46.882
590	46.02
591	46.588
592	45.843
593	44.745
594	47.078
595	46.608
596	45.784
597	46.725
598	47.49
599	46.412
600	45.961
601	45.824
602	46.412
603	46.02
604	45.529
605	46.157
606	46.431
607	46.529
608	45.804
609	46.078
610	44.961
611	45.745
612	47.078
613	47.51
614	45.765
615	45.196
616	46.314
617	44.961
618	47.333
619	46.039
620	46.373
621	45.725
622	45.627
623	47.549
624	45.451
625	45.118
626	45.863
627	44.255
628	44.922
629	45.98
630	46.686
631	46.333
632	45.765
633	45.843
634	46.451
635	44.647
636	45.157
637	46.039
638	44.471
639	46.039
640	44.745
641	45.647
642	44.098
643	45.373
644	44.882
645	46.706
646	45.333
647	44.667
648	46.255
649	45.647
650	46.157
651	45.039
652	46.333
653	45.196
654	44.412
655	45.059
656	44.725
657	45.706
658	44.314
659	46.294
660	45.471
661	45.667
662	46.451
663	43.941
664	45.451
665	44.608
666	44
667	46.039
668	45.294
669	44.529
670	45.882
671	46.157
672	46.686
673	46.078
674	47.373
675	45.412
676	44.529
677	46.157
678	44.608
679	44.549
680	45.647
681	45.157
682	46.784
683	46.569
684	46.373
685	45.529
686	45.451
687	44.784
688	46.314
689	45.294
690	45.706
691	45.235
692	46.549
693	44.745
694	44.725
695	45.333
696	46.333
697	45.255
698	46
699	45.882
700	45.745
701	45.745
702	46.137
703	45.078
704	45.588
705	45.373
706	44.922
707	44.686
708	45.706
709	45.392
710	46.137
711	45.725
712	45.706
713	47.157
714	45.961
715	47.275
716	45.235
717	45.392
718	43.745
719	46.569
720	45.235
721	46.078
722	45.549
723	44.922
724	46.784
725	46.255
726	46.902
727	46.392
728	46.627
729	45
730	46.235
731	45.157
732	45.804
733	46.608
734	45.863
735	45.275
736	47.392
737	46.745
738	46.941
739	49.843
740	51.902
741	51.745
742	54.294
743	53.51
744	56.255
745	55.039
746	56.137
747	54.843
748	55.431
749	55.176
750	54.059
751	54.765
752	55.627
753	54.941
754	53.078
755	56.255
756	54.765
757	54.275
758	54.608
759	53.588
760	53.314
761	52.078
762	53.431
763	52.176
764	52.412
765	50.529
766	51.078
767	49.667
768	50.588
769	48.196
770	51.176
771	47.647
772	48.059
773	49.353
774	49.118
775	49.451
776	47.608
777	46.941
778	48.569
779	47.745
780	47.804
781	47.824
782	46.627
783	46.667
784	47.294
785	46.549
786	48.647
787	47.392
788	47.137
789	47.373
790	46.765
791	47.843
792	47.098
793	45.176
794	47.392
795	46.588
796	47.667
797	47.588
798	46.961
799	47.255
800	46.176
801	47.216
802	46.471
803	47.667
804	46.588
805	45.725
806	47.784
807	45.627
808	46.902
809	46.98
810	46.039
811	47.49
812	45.216
813	46.098
814	47.471
815	45.961
816	45.922
817	46.569
818	46.804
819	44.843
820	45.353
821	45.627
822	46.686
823	45.49
824	48.216
825	45.765
826	45.882
827	46.804
828	45.392
829	46.569
830	46.471
831	45.392
832	47.02
833	47
834	46.667
835	45.353
836	47
837	47.059
838	44.902
839	45.941
840	46.451
841	46.627
842	45.902
843	46.255
844	46.902
845	45.725
846	46.314
847	46.608
848	46.745
849	46.941
850	46.647
851	45.412
852	45.804
853	47.686
854	45.157
855	46.275
856	46.922
857	46.294
858	46.431
859	46.706
860	45.902
861	45.98
862	45.882
863	45.196
864	46.333
865	45.824
866	45.804
867	45.784
868	44.824
869	44.451
870	46.078
871	46.137
872	46.804
873	45.882
874	47
875	45.784
876	46.569
877	46.059
878	46.569
879	45.569
880	46.353
881	45.706
882	45.471
883	46.137
884	48.098
885	45.196
886	45.784
887	46.49
888	45.922
889	46.137
890	45.078
891	45.529
892	46.608
893	47.059
894	46.961
895	47.255
896	46.824
897	46.471
898	45.745
899	46.137
900	47.294
901	45.235
902	46.392
903	45.02
904	45.608
905	45.431
906	46.373
907	46.804
908	46.824
909	46.275
910	46.431
911	47.196
912	46.961
913	45.882
914	45.824
915	45.275
916	46.235
917	46.059
918	47.078
919	47.02
920	46.176
921	46.706
922	46.078
923	45.941
924	46.588
925	47.863
926	46.882
927	45.824
928	45.333
929	44.882
930	47.275
931	45.451
932	45.059
933	46.098
934	45
935	46.353
936	45.824
937	46.176
938	46.471
939	47.588
940	45.725
941	45.843
942	46.059
943	46.039
944	46.078
945	46.137
946	45.51
947	45.294
948	45.843
949	46.412
950	45.353
951	45.686
952	44.686
953	45.529
954	46.412
955	45.922
956	44.882
957	45.431
958	45.922
959	45.882
960	45.118
961	46.627
962	45.373
963	46.843
964	45.176
965	44.765
966	45.745
967	46.098
968	45.941
969	44.863
970	46.176
971	45.725
972	47.882
973	46.353
974	46.176
975	45.765
976	46.686
977	46.235
978	46
979	45.373
980	46.51
981	45.451
982	46.02
983	45.667
984	45.686
985	45.235
986	46.118
987	44.569
988	45.784
989	45.804
990	46.235
991	46.392
992	46.627
993	46.392
994	45.02
995	45.647
996	46.353
997	45.667
998	46.216
999	45.373
1000	45.863
1001	46.863
1002	46.745
1003	45.451
1004	45.118
1005	46.098
1006	45.196
1007	44.745
1008	45
1009	45.118
1010	44.608
1011	47.235
1012	44.961
1013	45.118
1014	47.333
1015	45.431
1016	45.098
1017	44.608
1018	44.961
1019	45.784
1020	46.216
1021	46.02
1022	45.137
1023	45.49
1024	45.412
1025	44.059
1026	45.824
1027	46.922
1028	46.667
1029	45.431
1030	45.745
1031	45.863
1032	46.392
1033	46.078
1034	45.333
1035	45.255
1036	46.608
1037	45.196
1038	45.098
1039	45.863
1040	44.49
1041	45.588
1042	46.647
1043	45.843
1044	47.569
1045	47.137
1046	45.843
1047	44.824
1048	46.333
1049	44.314
1050	45.098
1051	46.569
1052	45.98
1053	46.314
1054	46.314
1055	45.725
1056	44.353
1057	46.941
1058	43.902
1059	45.314
1060	45.176
1061	46.235
1062	46.275
1063	44.922
1064	45.275
1065	46.235
1066	44.765
1067	45.961
1068	45.824
1069	46.608
1070	45.843
1071	46.078
1072	45
1073	45.451
1074	45.588
1075	46.039
1076	46.392
1077	45.784
1078	44.843
1079	46.373
1080	46.608
1081	45.314
1082	45.059
1083	46.137
1084	45.804
1085	45.588
1086	46.275
1087	46.294
1088	45.882
1089	45.529
1090	45.431
1091	46.235
1092	47.137
1093	45.137
1094	45.235
1095	45.922
1096	45.412
1097	45.824
1098	44.569
1099	46.412
1100	45.353
1101	45.098
1102	46.51
1103	45.51
1104	45.745
1105	46
1106	45.333
1107	46.333
1108	45.078
1109	44.706
1110	45.294
1111	45.137
1112	45.314
1113	44.549
1114	45.353
1115	44.373
1116	45.529
1117	45.863
1118	43.706
1119	45.706
1120	45.412
1121	46.412
1122	45.059
1123	46.157
1124	45.98
1125	44.902
1126	45.824
1127	46.529
1128	45.863
1129	46.451
1130	45.51
1131	44.765
1132	43.216
1133	46.353
1134	44.627
1135	45.353
1136	45.863
1137	45
1138	45.157
1139	45.137
1140	44.588
1141	45.686
1142	45.725
1143	44.961
1144	45.765
1145	46.02
1146	46.863
1147	45.706
1148	45.49
1149	46.02
1150	45.804
1151	45.431
1152	46.255
1153	45.118
1154	45.51
1155	46.627
1156	44.686
1157	44.02
1158	44.647
1159	44.843
1160	46.098
1161	44.353
1162	46.725
1163	46.686
1164	45.686
1165	45.49
1166	45.588
1167	45.392
1168	45.863
1169	46.843
1170	49.333
1171	51.059
1172	52.569
1173	52.275
1174	53.667
1175	54.353
1176	54.667
1177	55.843
1178	55.137
1179	54.745
1180	56
1181	55.314
1182	55.686
1183	55.784
1184	57.275
1185	54.882
1186	54.098
1187	55.706
1188	54.294
1189	54.353
1190	54.216
1191	54.098
1192	52.961
1193	52.098
1194	50.902
1195	52.137
1196	51.216
1197	52.353
1198	50.549
1199	49.118
1200	49.118
1201	49
1202	50.647
1203	50.196
1204	52.471
1205	52.176
1206	53.039
1207	53.98
1208	53.725
1209	54.294
1210	54.118
1211	54.98
1212	52.353
1213	52.51
1214	52.353
1215	51.529
1216	51.941
1217	49.059
1218	52.275
1219	48.255
1220	48.941
1221	49.961
1222	48.02
1223	48.216
1224	50.255
1225	48.745
1226	48.333
1227	47.922
1228	47.02
1229	48.765
1230	47.333
1231	48.902
1232	48.725
1233	46.471
1234	49.686
1235	47.51
1236	47.353
1237	48.588
1238	47.843
1239	46.647
1240	47.961
1241	47.569
1242	46.706
1243	47.588
1244	47.922
1245	48.333
1246	48.451
1247	47.608
1248	46.392
1249	47.137
1250	47.745
1251	47.275
1252	47.725
1253	47.882
1254	47.255
1255	47.627
1256	48.373
1257	47.157
1258	47.216
1259	47.98
1260	46.157
1261	47.157
1262	48.627
1263	47.216
1264	47.902
1265	47.804
1266	48.176
1267	47.216
1268	48.569
1269	47.706
1270	46.608
1271	47.725
1272	46.824
1273	46.902
1274	47.706
1275	46.824
1276	45.824
1277	48.255
1278	45.902
1279	46.412
1280	46.235
1281	46.373
1282	47.235
1283	45.922
1284	46.647
1285	47.686
1286	46.824
1287	47.275
1288	47.608
1289	45.686
1290	46.608
1291	46.275
1292	47.059
1293	46.902
1294	46.647
1295	46.098
1296	47.647
1297	47.471
1298	45.647
1299	47.137
1300	47.02
1301	45.941
1302	46.569
1303	47.686
1304	45.471
1305	46.412
1306	46.706
1307	45.784
1308	47.216
1309	45.529
1310	47.294
1311	47
1312	46.549
1313	47.176
1314	47.078
1315	47.137
1316	46.941
1317	47.373
1318	46.176
1319	46.039
1320	45.059
1321	45.98
1322	46.765
1323	45.078
1324	44.51
1325	47.059
1326	47
1327	47.647
1328	47.078
1329	47.373
1330	45.078
1331	47.314
1332	45.961
1333	46
1334	45.549
1335	47.529
1336	47
1337	46.843
1338	46.902
1339	45.824
1340	45.922
1341	44.608
1342	45.941
1343	46.647
1344	46.49
1345	45.725
1346	46.49
1347	46.765
1348	47.294
1349	46.02
1350	45.431
1351	45.49
1352	45.98
1353	46.863
1354	45.51
1355	46.196
1356	46.765
1357	46.431
1358	45.569
1359	45.765
1360	46.137
1361	45.824
1362	45.529
1363	46.059
1364	45.294
1365	45.824
1366	45.196
1367	45.725
1368	46.196
1369	46.118
1370	44.706
1371	45.843
1372	46.216
1373	46.176
1374	45.373
1375	45.392
1376	46.667
1377	44.706
1378	45.765
1379	47.275
1380	47.353
1381	46.706
1382	46.314
1383	46.02
1384	45.98
1385	47.118
1386	46.843
1387	44.745
1388	45.353
1389	46.373
1390	46.353
1391	44.647
1392	46.431
1393	44.765
1394	44.647
1395	45.431
1396	46.314
1397	46.373
1398	44.314
1399	45.843
1400	46.039
1401	46.294
1402	47.137
1403	44.255
1404	45.843
1405	45.569
1406	44.882
1407	45.353
1408	44.686
1409	44.941
1410	45.745
1411	45.216
1412	45.471
1413	44.824
1414	45.902
1415	45.647
1416	44.569
1417	45.588
1418	45.922
1419	46.471
1420	45.667
1421	47.529
1422	46.373
1423	45
1424	46.137
1425	44.922
1426	47
1427	46.451
1428	45.765
1429	45.02
1430	45
1431	45.098
1432	46.157
1433	45.02
1434	45.725
1435	46.039
1436	45.686
1437	47.059
1438	47.02
1439	45.882
1440	46.471
1441	45.608
1442	44.627
1443	44.706
1444	46.51
1445	45.804
1446	45.725
1447	45.529
1448	47.275
1449	45.804
1450	45.941
1451	45.588
1452	45.176
1453	45.784
1454	46.686
1455	46.412
1456	46.922
1457	45.353
1458	46.451
1459	45.863
1460	47.451
1461	45.078
1462	46.471
1463	46.039
1464	45.961
1465	46.255
1466	45.333
1467	46
1468	46.039
1469	46.275
1470	44.039
1471	46.529
1472	45.255
1473	45.392
1474	45.569
1475	45.353
1476	44.843
1477	45.725
1478	44.863
1479	45.549
1480	43.804
1481	45.118
1482	44.235
1483	44.255
1484	44.235
1485	44.824
1486	45.765
1487	45.275
1488	45.51
1489	46.431
1490	45.098
1491	45.706
1492	46.255
1493	45.667
1494	45.059
1495	46.431
1496	44.02
1497	45.745
1498	45.412
1499	44.863
1500	45.294
1501	46.078
1502	46.569
1503	45.843
1504	46.216
1505	44.157
1506	46.039
1507	45.667
1508	45.588
1509	45.686
1510	45.608
1511	47.451
1512	44.902
1513	44.451
1514	46.275
1515	45.725
1516	44.627
1517	45.765
1518	45.157
1519	45.039
1520	45.49
1521	45.451
1522	45.784
1523	45.451
1524	46.118
1525	46.118
1526	45.961
1527	46.118
1528	45.706
1529	45.039
1530	45.745
1531	45.255
1532	45.059
1533	46.51
1534	45.196
1535	44.059
1536	45.863
1537	44.647
1538	45.49
1539	45.451
1540	45.627
1541	45.961
1542	45.725
1543	44.863
1544	45.98
1545	46.412
1546	46.373
1547	45.451
1548	45.882
1549	45.333
1550	45.196
1551	45.627
1552	45.431
1553	45.569
1554	44.569
1555	44.922
1556	44.961
1557	45.863
1558	47.059
1559	46.98
1560	45.725
1561	46.667
1562	45.98
1563	46.294
1564	45.49
1565	47.941
1566	44.961
1567	44.451
1568	45.098
1569	46.235
1570	44.49
1571	45.275
1572	45.765
1573	45.686
1574	45.863
1575	45.412
1576	47.431
1577	45.98
1578	45.725
1579	45.725
1580	45.745
1581	46.196
1582	46.039
1583	44.176
1584	44.549
1585	45.647
1586	46.686
1587	45.745
1588	45.804
1589	46.51
1590	51.549
1591	51.882
1592	53.49
1593	53
1594	53.98
1595	55.098
1596	55.157
1597	54.275
1598	55.686
1599	55.941
1600	54.882
1601	55.294
1602	53.137
1603	55.255
1604	54.549
1605	52.686
1606	53.333
1607	52.706
1608	54.353
1609	53.431
1610	53.647
1611	53.98
1612	52.392
1613	51.216
1614	52.431
1615	51.843
1616	50.51
1617	51.216
1618	51.039
1619	49.353
1620	49.961
1621	49.588
1622	48.392
1623	48.569
1624	49.157
1625	49.588
1626	49.745
1627	47.059
1628	47.98
1629	49.098
1630	47.451
1631	47.059
1632	48.941
1633	47.863
1634	49.196
1635	47.824
1636	46.725
1637	47.882
1638	47.294
1639	47.255
1640	47.569
1641	46.961
1642	46.235
1643	48.471
1644	47.216
1645	46.725
1646	46.275
1647	47.137
1648	47.353
1649	47.667
1650	47.216
1651	47.373
1652	46.667
1653	46.941
1654	46.314
1655	47.51
1656	45.529
1657	47.137
1658	47.216
1659	46.392
1660	46.569
1661	47.157
1662	46
1663	46.941
1664	47.275
1665	47.255
1666	47.039
1667	46.471
1668	46
1669	48.647
1670	45.745
1671	45.49
1672	47.804
1673	46.078
1674	45.353
1675	45.529
1676	46.588
1677	46.686
1678	45.902
1679	46.627
1680	46.176
1681	46.176
1682	46.333
1683	47.176
1684	46.51
1685	46
1686	45.961
1687	45.745
1688	46.647
1689	47.098
1690	45.647
1691	46.118
1692	45.843
1693	46.059
1694	47.059
1695	46.471
1696	45.882
1697	45.843
1698	45.216
1699	46.098
1700	45.706
1701	46.078
1702	45.039
1703	46.275
1704	45.549
1705	46.157
1706	45.765
1707	46.333
1708	46.882
1709	47.353
1710	47.098
1711	47.275
1712	45.451
1713	47.118
1714	47.627
1715	46.863
1716	45.549
1717	45.588
1718	46.725
1719	44.784
1720	46.255
1721	46.059
1722	46.608
1723	46.569
1724	47.078
1725	47.235
1726	47.824
1727	45.392
1728	46.784
1729	45.373
1730	45.02
1731	47
1732	45.725
1733	47.176
1734	48.118
1735	46.196
1736	47.353
1737	45.51
1738	43.843
1739	46.922
1740	46.412
1741	45.431
1742	46.922
1743	46.51
1744	45.922
1745	45.941
1746	44.569
1747	46.176
1748	47.431
1749	46.627
1750	47.216
1751	46.765
1752	45.392
1753	47.157
1754	46.039
1755	46.059
1756	45.627
1757	46
1758	46.02
1759	46.039
1760	45.706
1761	46.137
1762	47.216
1763	45.02
1764	44.843
1765	47.118
1766	45.725
1767	45.51
1768	46.275
1769	47.451
1770	45.922
1771	45.392
1772	47.216
1773	45.431
1774	45.216
1775	47.02
1776	45.804
1777	44.627
1778	46
1779	45.431
1780	45.549
1781	46.059
1782	46.765
1783	46.157
1784	46.784
1785	45.627
1786	46.647
1787	47.157
1788	45.98
1789	45.314
1790	47.196
1791	46.235
1792	47.49
1793	45.176
1794	47.647
1795	46.275
1796	45.98
1797	46.471
1798	44.314
1799	46.039
1800	45.078
1801	46.784
1802	45.784
1803	46.51
1804	45.451
1805	45.922
1806	44.941
1807	45.529
1808	46.431
1809	46.784
1810	45.333
1811	45.373
1812	46.608
1813	45.882
1814	46.549
1815	45.608
1816	45.745
1817	47.529
1818	45.314
1819	46.294
1820	46.49
1821	46.255
1822	46.431
1823	47.647
1824	46.745
1825	45.725
1826	45.843
1827	47.078
1828	45.353
1829	45.235
1830	44.216
1831	45.843
1832	47.059
1833	44.529
1834	47.588
1835	44.922
1836	46.392
1837	45.804
1838	46.725
1839	48.353
1840	44.471
1841	45.137
1842	47.843
1843	50.49
1844	51.196
1845	52.824
1846	52.627
1847	53.412
1848	54.686
1849	54.961
1850	55.118
1851	54.98
1852	55.902
1853	54.765
1854	55.784
1855	55.882
1856	56.02
1857	55.549
1858	55.333
1859	54.902
1860	54.314
1861	53.49
1862	52.569
1863	51.902
1864	51.275
1865	51.294
1866	52.176
1867	51.353
1868	50.569
1869	51.157
1870	49.627
1871	51.412
1872	49.588
1873	49.824
1874	49.098
1875	49.745
1876	50.314
1877	48.961
1878	49.353
1879	48.902
1880	48.667
1881	49.196
1882	49.451
1883	46.922
1884	48.549
1885	48.529
1886	48.373
1887	48.373
1888	48.255
1889	48.078
1890	48.549
1891	48.804
1892	47.059
1893	47.549
1894	48.588
1895	47.353
1896	46.333
1897	47.784
1898	47.765
1899	47.961
1900	47.353
1901	47.863
1902	48.451
1903	48.157
1904	47.588
1905	48.784
1906	46.745
1907	47.647
1908	48.098
1909	46.902
1910	48.353
1911	48.176
1912	45.686
1913	46.137
1914	47.941
1915	49.059
1916	48.157
1917	48.078
1918	47.431
1919	48.137
1920	47.392
1921	48.431
1922	47.627
1923	48.941
1924	47.863
1925	47.451
1926	47.431
1927	45.51
1928	46.98
1929	47.765
1930	47.961
1931	47.882
1932	47.471
1933	47.804
1934	45.392
1935	47.412
1936	48.02
1937	46.765
1938	47.549
1939	47.353
1940	46.686
1941	46.216
1942	46.431
1943	47.569
1944	47.588
1945	46.569
1946	47.333
1947	47.255
1948	46.902
1949	47.608
1950	46.922
1951	45.392
1952	48.02
1953	47.471
1954	46.667
1955	47.039
1956	46.118
1957	45.627
1958	47.961
1959	47.765
1960	47.804
1961	47.882
1962	48
1963	47.471
1964	48.569
1965	46.98
1966	47.314
1967	47.314
1968	48.039
1969	46.275
1970	46.608
1971	46.902
1972	45.902
1973	46.882
1974	47.49
1975	46.098
1976	47.588
1977	46.706
1978	46.059
1979	47.804
1980	46.902
1981	46.961
1982	45.49
1983	46.255
1984	47.647
1985	47
1986	46.824
1987	45.549
1988	47.255
1989	47.431
1990	46.608
1991	47.49
1992	45.667
1993	47.196
1994	45.588
1995	46.529
1996	46.294
1997	46.059
1998	45.49
1999	46.294
2000	46.451
2001	46.51
2002	46.098
2003	45.765
2004	47.157
2005	46.392
2006	46.804
2007	45.686
2008	45.882
2009	47.137
2010	46.078
2011	47.314
2012	46.922
2013	45.706
2014	46.706
2015	46.02
2016	47.216
2017	46.843
2018	46.824
2019	45.686
2020	45.902
2021	46.176
2022	47.157
2023	45.922
2024	46.569
2025	46.059
2026	44.804
2027	44.941
2028	45.549
2029	44.333
2030	45.412
2031	46.784
2032	44.863
2033	46.157
2034	45.137
2035	45.745
2036	45.647
2037	46.725
2038	45.843
2039	45.608
2040	46.373
2041	46.451
2042	46.137
2043	44.392
2044	46.216
2045	47.725
2046	44.647
2047	46.784
2048	45.373
2049	46.608
2050	45.765
2051	46.98
2052	46.216
2053	46.176
2054	46.941
2055	46.392
2056	46.412
2057	46.608
2058	45.765
2059	45.843
2060	46.176
2061	45.353
2062	44.647
2063	47.549
2064	45.627
2065	47.039
2066	47
2067	46.275
2068	46.353
2069	46.255
2070	45.569
2071	45.373
2072	45.667
2073	45.824
2074	45.196
2075	46.882
2076	46.471
2077	46.392
2078	46.294
2079	46.627
2080	46.902
2081	46.412
2082	46.078
2083	46.02
2084	45.451
2085	46
2086	46.412
2087	45.824
2088	46.333
2089	47.51
2090	45.176
2091	45.961
2092	46.216
2093	46.647
2094	45.647
2095	47.843
2096	46.314
2097	45.765
2098	46.745
2099	45.804
2100	45.196
2101	45.392
2102	44.902
2103	45.902
2104	46.549
2105	45.176
2106	46.098
2107	45.451
2108	45.843
2109	45.333
2110	45.412
2111	45.922
2112	45.275
2113	46.529
2114	45.882
2115	47.157
2116	46.412
2117	46.471
2118	46.078
2119	44.686
2120	46.098
2121	47.176
2122	45.196
2123	46.333
2124	45.824
2125	45.451
2126	44.961
2127	46.902
2128	45.882
2129	44.765
2130	45.686
2131	45.863
2132	46.333
2133	45.824
2134	45.824
2135	45.529
2136	45.863
2137	45.941
2138	46.941
2139	44.471
2140	46.49
2141	45.569
2142	46.98
2143	45.686
2144	45.157
2145	45.49
2146	45.549
2147	44.961
2148	45.059
2149	46.843
2150	45.608
2151	45.922
2152	45.353
2153	45.686
2154	45.725
2155	45.745
2156	43.882
2157	43.549
2158	45.196
2159	46.098
2160	45.49
2161	44
2162	46.098
2163	45.353
2164	45.863
2165	46.647
2166	45.784
2167	45.882
2168	45.627
2169	45.235
2170	44.843
2171	45.686
2172	45.275
2173	46.608
2174	46.373
2175	45.549
2176	45.431
2177	45.647
2178	46.235
2179	44.647
2180	46.804
2181	45.431
2182	46.627
2183	46.196
2184	45
2185	45.039
2186	45.471
2187	46.275
2188	47.353
2189	49.294
2190	51.059
2191	51.765
2192	52.902
2193	52.49
2194	52.725
2195	53.706
2196	54.255
2197	53.569
2198	55.059
2199	53.667
2200	56.412
2201	55.608
2202	55.961
2203	53.216
2204	55.765
2205	54.843
2206	53.745
2207	52.686
2208	52.843
2209	51.784
2210	51.922
2211	53.02
2212	51.627
2213	51.765
2214	51.706
2215	51.392
2216	50.098
2217	52.235
2218	49.294
2219	49.902
2220	49.235
2221	48.941
2222	50.333
2223	49.431
2224	48.608
2225	48.451
2226	48.02
2227	49.216
2228	48.863
2229	47.216
2230	48
2231	46.549
2232	47.588
2233	47.059
2234	47.431
2235	48.196
2236	48.118
2237	47.98
2238	47.627
2239	47.529
2240	47.667
2241	47.039
2242	47.275
2243	47.529
2244	47.137
2245	46.275
2246	46.255
2247	47.451
2248	46.725
2249	46.725
2250	47.902
2251	47.922
2252	47.588
2253	44.804
2254	46.294
2255	46.059
2256	45.784
2257	47.98
2258	46.941
2259	48.549
2260	46.843
2261	46.196
2262	45.706
2263	46.765
2264	46.216
2265	45.98
2266	46.51
2267	45.686
2268	46.373
2269	46.157
2270	45.216
2271	45.392
2272	45.824
2273	47.373
2274	47.039
2275	46.098
2276	46.706
2277	47.353
2278	46.059
2279	45.686
2280	46.824
2281	45.882
2282	46.765
2283	45.49
2284	47.431
2285	46.02
2286	47.137
2287	45.98
2288	46.196
2289	47.137
2290	44.765
2291	45.784
2292	46.529
2293	45.882
2294	45.725
2295	46.078
2296	46.549
2297	45.039
2298	46.412
2299	45.235
2300	45.765
2301	46.314
2302	47.255
2303	47.137
2304	45.824
2305	46.686
2306	44.922
2307	46.176
2308	45.824
2309	45.98
2310	47.255
2311	46.863
2312	46.608
2313	46.353
2314	46.902
2315	47.314
2316	46.078
2317	46.196
2318	45.157
2319	47.176
2320	46.725
2321	45.922
2322	45.588
2323	44.98
2324	45.647
2325	45.922
2326	45.706
2327	46.137
2328	45.882
2329	45.843
2330	45.941
2331	46.216
2332	44.588
2333	46.118
2334	46.118
2335	47.255
2336	46.118
2337	45.529
2338	46.412
2339	46.039
2340	44.706
2341	45.98
2342	46.373
2343	46.078
2344	44.216
2345	46.784
2346	46.118
2347	46.294
2348	46.294
2349	45.98
2350	46.216
2351	45.784
2352	45.49
2353	46.275
2354	47.353
2355	46.275
2356	45
2357	45.706
2358	46.608
2359	44.961
2360	45.588
2361	46.882
2362	46.353
2363	46.588
2364	46.078
2365	46.235
2366	44.725
2367	46.725
2368	46.549
2369	46.275
2370	46.882
2371	46.902
2372	44.294
2373	46.196
2374	47.078
2375	46.02
2376	45.314
2377	46.725
2378	46.176
2379	46.118
2380	45.941
2381	46.059
2382	45.902
2383	44.863
2384	46.941
2385	44.314
2386	45.922
2387	45.98
2388	44.725
2389	45.235
2390	46.275
2391	44.471
2392	46.294
2393	45.412
2394	46.51
2395	46.647
2396	48.529
2397	50.412
2398	50.902
2399	51.137
2400	53.431
2401	51.667
2402	54.078
2403	53.275
2404	55.373
2405	53.843
2406	54.745
2407	54.51
2408	54.059
2409	53.647
2410	54.137
2411	53.745
2412	54.176
2413	54.667
2414	50.863
2415	52.137
2416	53.549
2417	52.51
2418	52.961
2419	52.706
2420	51.549
2421	51.078
2422	51.039
2423	51
2424	50.569
2425	50.863
2426	50.941
2427	49.922
2428	48.588
2429	49.941
2430	49.647
2431	48.922
2432	48.961
2433	47.647
2434	47.765
2435	47.745
2436	48.039
2437	48.216
2438	48.392
2439	48.157
2440	48.314
2441	48.392
2442	46.608
2443	46.51
2444	46.882
2445	47.078
2446	46.255
2447	47.627
2448	47.627
2449	46.157
2450	45.471
2451	47
2452	45.569
2453	47.294
2454	46.843
2455	47.686
2456	46.843
2457	45.549
2458	47.647
2459	46.745
2460	46.706
2461	47.588
2462	47.353
2463	47.529
2464	48.255
2465	47.529
2466	46.863
2467	47.549
2468	48.333
2469	46.078
2470	46.039
2471	45.745
2472	47.667
2473	46.216
2474	46.961
2475	46.784
2476	47.392
2477	48.471
2478	46.412
2479	46.667
2480	46.98
2481	47.549
2482	47
2483	48.059
2484	46.98
2485	47.078
2486	47.118
2487	47.412
2488	46.706
2489	46.49
2490	47.412
2491	47
2492	47.216
2493	47.49
2494	47.275
2495	45.961
2496	46.706
2497	46.196
2498	48.549
2499	46.373
2500	46.294
2501	46.255
2502	47.549
2503	47.353
2504	47.902
2505	47.686
2506	46.392
2507	46.843
2508	46.235
2509	47.333
2510	46.235
2511	46.412
2512	46.863
2513	46.314
2514	45.98
2515	47.275
2516	47.039
2517	46.176
2518	45.922
2519	47.529
2520	47.216
2521	46.667
2522	47.196
2523	46.431
2524	46.765
2525	46.196
2526	47.059
2527	46.627
2528	45.824
2529	46.902
2530	46.549
2531	46.02
2532	46.078
2533	47.353
2534	46.118
2535	48.02
2536	51.196
2537	50.02
2538	53.216
2539	52.49
2540	53.451
2541	53.216
2542	54.118
2543	55.118
2544	54.176
2545	54.725
2546	55.706
2547	53.902
2548	54.49
2549	54.02
2550	54.843
2551	54.588
2552	53.627
2553	53.451
2554	51.706
2555	51.02
2556	51.471
2557	51.608
2558	52.255
2559	50.275
2560	49.686
2561	50.314
2562	51.059
2563	49.784
2564	49.235
2565	50.039
2566	49.843
2567	50.078
2568	48.667
2569	48.039
2570	48.471
2571	48.392
2572	49.392
2573	49.588
2574	46.902
2575	49.784
2576	47.922
2577	47.549
2578	48.118
2579	49.039
2580	47.961
2581	49.314
2582	47.667
2583	48.196
2584	46.431
2585	46.373
2586	47.667
2587	47.255
2588	47.745
2589	47.51
2590	47.745
2591	49.02
2592	46.843
2593	47.627
2594	47.333
2595	46.961
2596	46.392
2597	47.922
2598	47.882
2599	46.627
2600	46.627
2601	46.922
2602	48.882
2603	46.902
2604	46.02
2605	47.784
2606	46.588
2607	46.392
2608	45.922
2609	47.51
2610	46.745
2611	48.314
2612	47.039
2613	47.392
2614	47.157
2615	47.725
2616	48.275
2617	48.529
2618	47.725
2619	48.725
2620	47.804
2621	48.098
2622	47.02
2623	46.706
2624	47.059
2625	47.235
2626	47.549
2627	48.294
2628	48.333
2629	46.98
2630	48.078
2631	46.941
2632	47.706
2633	47
2634	47.745
2635	45.686
2636	45.588
2637	48.078
2638	47.627
2639	47.078
2640	48.451
2641	46.667
2642	47.647
2643	47.431
2644	46.98
2645	47.902
2646	47.216
2647	46.51
2648	46.549
2649	47.078
2650	46.961
2651	46.373
2652	47.588
2653	47.431
2654	48.118
2655	47.02
2656	47.686
2657	46.196
2658	46.765
2659	46.353
2660	45.961
2661	46.333
2662	46.216
2663	46.647
2664	46.549
2665	46.706
2666	46.706
2667	47.02
2668	46.51
2669	46.686
2670	46.471
2671	48.314
2672	44.98
2673	47.745
2674	46.922
2675	47.196
2676	46.902
2677	47.098
2678	46.667
2679	46.353
2680	45.176
2681	47.627
2682	47.059
2683	45.529
2684	45.118
2685	46.235
2686	46.882
2687	47.039
2688	46.686
2689	47.235
2690	47.078
2691	46.137
2692	46.49
2693	45.98
2694	46.235
2695	45.941
2696	47.51
2697	46.98
2698	47.961
2699	46.824
2700	45.725
2701	46.941
2702	47.471
2703	46.294
2704	45.549
2705	46.804
2706	47.784
2707	45.745
2708	47.51
2709	48.059
2710	45.647
2711	45.412
2712	46.745
2713	46
2714	45.843
2715	45.765
2716	46.451
2717	46.157
2718	46.157
2719	46.667
2720	45.471
2721	46.176
2722	45.451
2723	45.49
2724	45.235
2725	46.216
2726	46.824
2727	46.765
2728	45.706
2729	46
2730	46.51
2731	46
2732	46.667
2733	45.431
2734	46.471
2735	46.98
2736	45.588
2737	44.843
2738	45.804
2739	46.451
2740	46.196
2741	45.49
2742	45.451
2743	45.784
2744	46.627
2745	46.843
2746	46.529
2747	46.745
2748	44.863
2749	48.333
2750	45.216
2751	46.157
2752	45.353
2753	45.569
2754	46.196
2755	45.725
2756	47.059
2757	46.529
2758	45.529
2759	46.314
2760	45.294
2761	45.647
2762	44.118
2763	44.961
2764	46.98
2765	45.843
2766	44.882
2767	45.804
2768	45.804
2769	44.51
2770	45.549
2771	46.02
2772	44.804
2773	45.588
2774	44.98
2775	44.157
2776	46.49
2777	46.255
2778	46.647
2779	46.784
2780	46.255
2781	46.039
2782	45.902
2783	44.608
2784	44.824
2785	45.882
2786	45.627
2787	46.333
2788	44.961
2789	46.569
2790	44.098
2791	46.078
2792	46.098
2793	45.549
2794	45.02
2795	47.588
2796	44.431
2797	44.706
2798	46.569
2799	45.627
2800	45.686
2801	46.471
2802	45
2803	45.412
2804	45.216
2805	46.059
2806	45.784
2807	45.412
2808	46.216
2809	44.451
2810	45.98
2811	45.02
2812	46.804
2813	46.549
2814	45.392
2815	45.725
2816	44.961
2817	46.49
2818	45.647
2819	47.431
2820	45.431
2821	45.667
2822	45.647
2823	44.745
2824	44.941
2825	46.549
2826	44.745
2827	47
2828	45.569
2829	46.804
2830	46.02
2831	45.961
2832	46.412
2833	45.902
2834	44.941
2835	46.471
2836	45.353
2837	47.176
2838	45.353
2839	45.412
2840	45.588
2841	46.255
2842	46.235
2843	45.784
2844	45.373
2845	46.353
2846	45.275
2847	45.843
2848	44.549
2849	45.941
2850	46.804
2851	46.216
2852	45.667
2853	44.922
2854	46.98
2855	45.353
2856	46.059
2857	46.843
2858	46.078
2859	45.529
2860	45.392
2861	45.804
2862	46.275
2863	46.941
2864	47.118
2865	46
2866	46.392
2867	47.098
2868	46.176
2869	46.392
2870	46.882
2871	46.412
2872	45.098
2873	45.51
2874	46.235
2875	45.392
2876	45.863
2877	46.294
2878	45.235
2879	44.765
2880	46.098
2881	47.647
2882	48.843
2883	53.176
2884	52.216
2885	51.49
2886	52.667
2887	53.843
2888	54.216
2889	53.902
2890	54.706
2891	54.333
2892	54.706
2893	54.275
2894	53.216
2895	53.961
2896	53.059
2897	53.49
2898	54.549
2899	51.549
2900	51.412
2901	51.333
2902	51.137
2903	50.784
2904	51.863
2905	51.392
2906	52.216
2907	52.353
2908	52.255
2909	52.157
2910	53.804
2911	51.412
2912	52.941
2913	52.902
2914	51.922
2915	50.686
2916	49.02
2917	50.725
2918	49.137
2919	50.176
2920	49.294
2921	49.647
2922	48.059
2923	48.216
2924	47.725
2925	48.588
2926	48.098
2927	47.588
2928	48.784
2929	46.804
2930	46.961
2931	47.333
2932	46.765
2933	47.294
2934	47.137
2935	47.294
2936	45.824
2937	46.49
2938	46.686
2939	46.863
2940	48.216
2941	46.608
2942	46.078
2943	47.451
2944	47.471
2945	45.255
2946	47
2947	47.196
2948	47.529
2949	46.549
2950	48.412
2951	46.216
2952	47
2953	47.843
2954	46.275
2955	48.255
2956	47.49
2957	47.157
2958	45.804
2959	46.725
2960	46.804
2961	47.196
2962	46.765
2963	46.902
2964	46.745
2965	47.431
2966	47.157
2967	47.725
2968	45.784
2969	45.471
2970	47.686
2971	47.235
2972	45.627
2973	46.549
2974	47.451
2975	48.078
2976	48.353
2977	46.569
2978	46.196
2979	48.118
2980	46.275
2981	48.039
2982	47.275
2983	46.216
2984	46.216
2985	46.824
2986	46.843
2987	47.078
2988	46.98
2989	47.431
2990	46.98
2991	47.137
2992	46.706
2993	47.235
2994	46.392
2995	46.431
2996	46.51
2997	47.412
2998	46.843
2999	47.118
3000	45.706
3001	45.647
3002	47.216
3003	45.863
3004	46.078
3005	46.118
3006	45.314
3007	48.196
3008	46.686
3009	47.216
3010	47.686
3011	47.137
3012	47.392
3013	46.882
3014	46.196
3015	47.235
3016	46.529
3017	46.333
3018	47.098
3019	47.686
3020	46.412
3021	47.882
3022	47.078
3023	48.176
3024	46.941
3025	46.804
3026	46.608
3027	46.529
3028	45
3029	46.196
3030	45.608
3031	46.922
3032	45.961
3033	47.098
3034	47.275
3035	46.765
3036	47.039
3037	46.471
3038	46.255
3039	47.157
3040	45.51
3041	45.549
3042	47.02
3043	46.255
3044	46.647
3045	46.216
3046	47.02
3047	46.961
3048	47.176
3049	47.294
3050	47.412
3051	47
3052	47.118
3053	48.294
3054	46.863
3055	45.412
3056	46.569
3057	46.471
3058	46.725
3059	45
3060	47.824
3061	48
3062	47.745
3063	45.882
3064	48.118
3065	47
3066	48.039
3067	46.941
3068	47.471
3069	46.176
3070	47.059
3071	47.51
3072	46.235
3073	46.569
3074	46.745
3075	45.98
3076	46.216
3077	47.98
3078	47.078
3079	46.353
3080	47.49
3081	47.608
3082	46.51
3083	46.078
3084	49
3085	50.157
3086	51.863
3087	53.137
3088	52.471
3089	53.255
3090	52.745
3091	54.961
3092	54.176
3093	55.804
3094	55.431
3095	55.294
3096	55.294
3097	54.353
3098	53.549
3099	54.765
3100	53.549
3101	55.118
3102	52.196
3103	52.412
3104	52.098
3105	51.039
3106	51.314
3107	51.02
3108	52.039
3109	52.078
3110	49.373
3111	50.255
3112	50.353
3113	49.51
3114	48.451
3115	48.647
3116	49.255
3117	48.02
3118	48.02
3119	48.196
3120	47.941
3121	48.529
3122	48.706
3123	49.608
3124	47.882
3125	48.471
3126	48.373
3127	48.902
3128	47.627
3129	48.647
3130	46.706
3131	47.137
3132	47.725
3133	48.529
3134	48.118
3135	46.765
3136	47.569
3137	48.725
3138	47.569
3139	47.529
3140	48.118
3141	46.961
3142	47.608
3143	47.902
3144	48.392
3145	45.686
3146	46.588
3147	47.686
3148	47.569
3149	48.255
3150	46.216
3151	46.569
3152	46.353
3153	48.098
3154	47.529
3155	46.843
3156	48.745
3157	48.647
3158	46.471
3159	47.275
3160	48.765
3161	47.627
3162	46.863
3163	47.706
3164	47.51
3165	46.765
3166	46.451
3167	48.314
3168	47.353
3169	47.843
3170	47.49
3171	46.275
3172	47.765
3173	46.176
3174	47.627
3175	47.196
3176	47.176
3177	48.863
3178	47.039
3179	48.49
3180	47.118
3181	48.196
3182	48.353
3183	48.471
3184	48.353
3185	47.51
3186	48
3187	46.569
3188	46.804
3189	47.137
3190	47.745
3191	48.549
3192	46.98
3193	47.549
3194	47.373
3195	46.098
3196	46.588
3197	46.902
3198	46.804
3199	47.922
3200	47.294
3201	47.569
3202	47.941
3203	47.804
3204	46.824
3205	48.412
3206	48.667
3207	48.059
3208	47.686
3209	48.314
3210	47.765
3211	46.588
3212	49.412
3213	47.333
3214	48.294
3215	47.02
3216	46.49
3217	47.843
3218	47.078
3219	47.765
3220	48.49
3221	48.02
3222	46.941
3223	48.588
3224	46.902
3225	48.118
3226	47.941
3227	48.294
3228	50.216
3229	51.922
3230	54.255
3231	51.255
3232	55.49
3233	54.667
3234	56.157
3235	55.059
3236	55.824
3237	53.725
3238	54.294
3239	54.863
3240	53.824
3241	54.078
3242	54.725
3243	53.471
3244	54.804
3245	52.569
3246	53.51
3247	53.353
3248	53.412
3249	54.647
3250	54.353
3251	54.98
3252	52.314
3253	52.961
3254	53.49
3255	53.176
3256	52.765
3257	52.392
3258	52.804
3259	52.471
3260	51.098
3261	50.412
3262	50.353
3263	49.745
3264	50.353
3265	51.392
3266	48.725
3267	51.882
3268	49.333
3269	49.686
3270	49.725
3271	49
3272	48.059
3273	49.745
3274	48.941
3275	49.333
3276	49.392
3277	50.529
3278	48.98
3279	48.039
3280	49.549
3281	48.549
3282	49.157
3283	46.882
3284	48.647
3285	49.235
3286	49.176
3287	49.314
3288	48.333
3289	46.98
3290	48.863
3291	49.255
3292	49.392
3293	49.078
3294	50.667
3295	48.902
3296	47.882
3297	49.49
3298	50.039
3299	48.118
3300	49.078
3301	49.922
3302	47.51
3303	48.569
3304	49.235
3305	47.686
3306	49.176
3307	48.118
3308	49.196
3309	48.02
3310	49.471
3311	48.882
3312	50.431
3313	49.882
3314	48.039
3315	49.216
3316	47.765
3317	47.922
3318	48.569
3319	47.882
3320	48.843
3321	48.961
3322	48.686
3323	48.627
3324	48
3325	47.706
3326	49.392
3327	49.706
3328	48.137
3329	49.49
3330	49.157
3331	50.098
3332	48.784
3333	47.882
3334	48
3335	47.176
3336	49.255
3337	49.098
3338	48.627
3339	47.686
3340	48.98
3341	49.235
3342	48.275
3343	49.294
3344	49.118
3345	48.824
3346	48.255
3347	49.078
3348	48.529
3349	48.235
3350	48.275
3351	48.471
3352	49.471
3353	49.588
3354	48.157
3355	48.804
3356	48.51
3357	48.608
3358	48.333
3359	48.431
3360	47.549
3361	47.431
3362	47.451
3363	48.431
3364	48.196
3365	47.941
3366	47.686
3367	47.137
3368	46.431
3369	49
3370	48.784
3371	48.098
3372	48.471
3373	48.078
3374	49.824
3375	48.549
3376	48.529
3377	49.196
3378	48.784
3379	48.196
3380	49.725
3381	48.314
3382	47.196
3383	47.451
3384	47.471
3385	47.961
3386	48.451
3387	47.843
3388	48.549
3389	48.412
3390	47.824
3391	49.941
3392	47.961
3393	48.843
3394	47.843
3395	47.549
3396	46.49
3397	47.667
3398	47.157
3399	47.706
3400	47.922
3401	48.078
3402	47.863
3403	47.922
3404	48.157
3405	47.431
3406	47.373
3407	47.686
3408	47.725
3409	47.863
3410	47.098
3411	46.353
3412	47.392
3413	48.039
3414	47.216
3415	47.412
3416	45.588
3417	46.255
3418	47.784
3419	46.235
3420	47.137
3421	47.98
3422	47.784
3423	47.353
3424	48.373
3425	47
3426	47.118
3427	48.373
3428	48.137
3429	46.569
3430	48.314
3431	48.471
3432	47.255
3433	47.529
3434	46.765
3435	47.706
3436	46.078
3437	46.843
3438	47
3439	45.392
3440	47.059
3441	47.157
3442	47.039
3443	47.118
3444	47.392
3445	47.529
3446	46.863
3447	47.941
3448	47.902
3449	46.098
3450	46.039
3451	46.294
3452	46.353
3453	46.745
3454	45.863
3455	47.118
3456	46.98
3457	46.667
3458	46.412
3459	45.922
3460	46.608
3461	46.392
3462	47.078
3463	46.157
3464	45.51
3465	46.353
3466	48.196
3467	46.431
3468	46.745
3469	47.196
3470	45.314
3471	46.216
3472	45.235
3473	46.451
3474	45.745
3475	45.98
3476	46.549
3477	47.569
3478	46.706
3479	46.608
3480	47.706
3481	47.549
3482	46.196
3483	47.627
3484	47.529
3485	47.137
3486	46.294
3487	46.196
3488	46.765
3489	45.373
3490	46.804
3491	45.569
3492	46.725
3493	47.078
3494	46.941
3495	45.529
3496	46.235
3497	47.412
3498	45.51
3499	46.294
3500	46.863
3501	46.471
3502	44.922
3503	45.118
3504	47.078
3505	46.451
3506	46.039
3507	47.059
3508	45.804
3509	47.588
3510	47.098
3511	46.392
3512	46.49
3513	46.412
3514	47.392
3515	46.49
3516	45.706
3517	46.784
3518	45.725
3519	44.804
3520	46.137
3521	46.235
3522	46.431
3523	47.627
3524	44.549
3525	45.157
3526	46.333
3527	46.216
3528	46.039
3529	45.157
3530	46.569
3531	45.804
3532	46.882
3533	45.961
3534	45.176
3535	47.02
3536	45.373
3537	47.412
3538	47.118
3539	46.039
3540	47.431
3541	47.059
3542	46.745
3543	46.51
3544	46.451
3545	45.725
3546	46.196
3547	46.765
3548	46.588
3549	45.706
3550	45.804
3551	45.431
3552	46.176
3553	47.843
3554	46.098
3555	47.412
3556	45.157
3557	46.804
3558	46.686
3559	45.471
3560	46.098
3561	46.118
3562	47.157
3563	46.647
3564	46
3565	47.471
3566	46.176
3567	46.902
3568	45.961
3569	45.98
3570	46.902
3571	46.294
3572	46.765
3573	47.745
3574	49.196
3575	49.51
3576	50.686
3577	52.294
3578	52.431
3579	52.706
3580	52
3581	53.725
3582	52.686
3583	54.667
3584	52.98
3585	52.02
3586	52.176
3587	52.608
3588	52.392
3589	54.078
3590	53.412
3591	53.49
3592	52.392
3593	50.588
3594	51.608
3595	51.961
3596	51.922
3597	51.137
3598	51.118
3599	51.137
3600	50.608
3601	51.529
3602	51.216
3603	49.863
3604	50.667
3605	50.176
3606	49.784
3607	48.725
3608	51.667
3609	51.451
3610	51.627
3611	53.137
3612	52.804
3613	53.137
3614	53.294
3615	53.275
3616	52.294
3617	51.882
3618	53.216
3619	52.549
3620	51.549
3621	51.216
3622	51.882
3623	49.98
3624	51.098
3625	50.627
3626	48.961
3627	49.471
3628	50.059
3629	49.804
3630	48.431
3631	51.039
3632	48.451
3633	49.078
3634	49.431
3635	48.412
3636	48.922
3637	48.725
3638	48.02
3639	48.961
3640	47.941
3641	48.431
3642	49.49
3643	49.078
3644	47.275
3645	47.353
3646	47.333
3647	46.725
3648	48.608
3649	48.176
3650	47.804
3651	48.098
3652	48.51
3653	48.078
3654	47.176
3655	49.392
3656	48.078
3657	46.725
3658	47.706
3659	47.098
3660	47
3661	46.843
3662	47.529
3663	46.627
3664	46.647
3665	47.725
3666	46.725
3667	46.765
3668	47.843
3669	46.843
3670	47.392
3671	47.333
3672	47.314
3673	48.314
3674	46.882
3675	47.275
3676	47.49
3677	47.765
3678	47.49
3679	48.078
3680	47.882
3681	49.647
3682	47.569
3683	48.235
3684	47.333
3685	48.431
3686	46.667
3687	47.098
3688	47.412
3689	46.569
3690	47.471
3691	49.157
3692	47.725
3693	48.49
3694	47.765
3695	47.49
3696	47.824
3697	48.216
3698	48.941
3699	48.824
3700	48.216
3701	50.314
3702	48.412
3703	49.294
3704	47.451
3705	47.941
3706	49.333
3707	47.412
3708	48.549
3709	48.255
3710	47.529
3711	48.02
3712	49.451
3713	46.922
3714	49.118
3715	48.039
3716	46.941
3717	49
3718	48.02
3719	46.824
3720	47.549
3721	48.51
3722	49.961
3723	47.608
3724	48.784
3725	49.627
3726	48.765
3727	48.333
3728	48.588
3729	46.725
3730	47.176
3731	47.549
3732	48.176
3733	47.706
3734	47.824
3735	48.941
3736	49.431
3737	47.647
3738	47.451
3739	48.216
3740	47.392
3741	49.196
3742	48.314
3743	48.098
3744	47.529
3745	47.627
3746	47.51
3747	46.608
3748	47.843
3749	48.804
3750	47.647
3751	47.804
3752	47.569
3753	47.765
3754	47.843
3755	47.667
3756	49.137
3757	48.431
3758	48.235
3759	47.353
3760	49.314
3761	48.196
3762	48.118
3763	48.137
3764	47.294
3765	46.667
3766	46.863
3767	45.51
3768	47.882
3769	47.333
3770	46.98
3771	47.137
3772	47.608
3773	45.588
3774	46.667
3775	46.686
3776	46
3777	46.588
3778	47.745
3779	47.588
3780	46.255
3781	45.804
3782	47.667
3783	47.804
3784	47.765
3785	45.804
3786	47.824
3787	47.216
3788	46.725
3789	46.275
3790	46.235
3791	46.49
3792	47.902
3793	46.529
3794	47.882
3795	47.686
3796	48.176
3797	45.392
3798	47.373
3799	47.294
3800	46.569
3801	47.059
3802	47.647
3803	46.412
3804	47.333
3805	47.667
3806	46.608
3807	46.941
3808	46.471
3809	46.569
3810	45.255
3811	47.471
3812	47.51
3813	47.098
3814	47.902
3815	48.569
3816	47.451
3817	46.725
3818	47.647
3819	47.451
3820	47.255
3821	46.235
3822	48.549
3823	47.529
3824	47.863
3825	48.216
3826	47.804
3827	45.882
3828	46.941
3829	47.98
3830	45.843
3831	47.686
3832	47.059
3833	46.745
3834	45.314
3835	47.686
3836	46.373
3837	45.941
3838	47.49
3839	46.196
3840	45.941
3841	45.588
3842	46.569
3843	46.98
3844	45.627
3845	47.608
3846	47.255
3847	45.725
3848	46.451
3849	46.118
3850	46.431
3851	46.922
3852	46.392
3853	47.49
3854	45.784
3855	48.275
3856	46.961
3857	47.431
3858	46.902
3859	47.941
3860	45.176
3861	47.373
3862	48.627
3863	46.98
3864	45.333
3865	46.529
3866	47.51
3867	46.392
3868	47.176
3869	47.667
3870	45.118
3871	45.176
3872	47.922
3873	48.039
3874	46.863
3875	45.686
3876	46.157
3877	47.392
3878	47.039
3879	45.765
3880	46.941
3881	47.471
3882	46.51
3883	46.451
3884	47.078
3885	47.529
3886	47.196
3887	47.137
3888	46.863
3889	48.451
3890	46.549
3891	47.412
3892	46.941
3893	46.569
3894	45.647
3895	46.961
3896	47.294
3897	45
3898	45.941
3899	47.451
3900	46.725
3901	46.902
3902	46.765
3903	47.235
3904	45.392
3905	45.078
3906	47.784
3907	46.314
3908	45.941
3909	45.98
3910	46.471
3911	45.059
3912	46.196
3913	46.49
3914	46.412
3915	45.608
3916	47.804
3917	46.49
3918	46.49
3919	47.059
3920	48.922
3921	50.412
3922	51.549
3923	51.902
3924	51.196
3925	52.961
3926	52.569
3927	53.902
3928	52.569
3929	54.49
3930	54.745
3931	55.039
3932	55.627
3933	53.941
3934	53.804
3935	53.02
3936	53.686
3937	52.196
3938	53.725
3939	51.98
3940	51.784
3941	51.627
3942	51.627
3943	51.294
3944	48.725
3945	49.176
3946	49.804
3947	49.294
3948	49.647
3949	48.373
3950	48.314
3951	48.706
3952	48.902
3953	49.431
3954	48.51
3955	48.863
3956	47.02
3957	48.647
3958	48.725
3959	48.529
3960	48.667
3961	48.549
3962	48.961
3963	47.961
3964	46.333
3965	48.961
3966	48.824
3967	48.353
3968	46.941
3969	45.392
3970	47.49
3971	46.196
3972	47.843
3973	46.216
3974	46.961
3975	45.941
3976	48
3977	47.745
3978	47.353
3979	45.392
3980	46.745
3981	46.961
3982	47.706
3983	46.255
3984	46.941
3985	46.118
3986	47.176
3987	46.647
3988	46.765
3989	46.627
3990	47.588
3991	47.843
3992	47.529
3993	47.294
3994	47.235
3995	46.863
3996	46.549
3997	46.608
3998	47.745
3999	47.902
4000	48.235
4001	46.098
4002	46.02
4003	47.647
4004	45.49
4005	45.627
4006	47.471
4007	47.784
4008	46.706
4009	45.078
4010	46.961
4011	46.804
4012	46.275
4013	46.49
4014	46.588
4015	46.373
4016	46.235
4017	46.98
4018	47.353
4019	47.471
4020	46.353
4021	45.412
4022	46.804
4023	48.235
4024	46
4025	45.745
4026	46.412
4027	46.804
4028	46.549
4029	46.373
4030	45.98
4031	46.039
4032	47.196
4033	47.529
4034	45.529
4035	47.549
4036	46.157
4037	46.451
4038	46.882
4039	45.549
4040	46.275
4041	46.294
4042	46.765
4043	46.412
4044	46.118
4045	45.431
4046	46.216
4047	46.098
4048	46.686
4049	44.725
4050	45.882
4051	46.471
4052	45.902
4053	45.843
4054	46.275
4055	45.961
4056	46.608
4057	46.784
4058	47.294
4059	46.275
4060	46.314
4061	44.941
4062	46.608
4063	45.745
4064	46.059
4065	45.412
4066	45.49
4067	47.176
4068	47.314
4069	47.431
4070	46.196
4071	46.882
4072	44.941
4073	46.118
4074	46.078
4075	46.765
4076	44.961
4077	47.176
4078	46.275
4079	47.02
4080	47.196
4081	46.706
4082	46.863
4083	45.647
4084	47.647
4085	45.216
4086	47.196
4087	46.216
4088	47.824
4089	47.373
4090	47.412
4091	44.824
4092	45.882
4093	47.608
4094	46.98
4095	46.255
4096	45.471
4097	46.392
4098	47.706
4099	45.804
4100	45.098
4101	47.098
4102	46.451
4103	47.137
4104	46.02
4105	46.627
4106	47.627
4107	46.745
4108	47.118
4109	46.51
4110	46.647
4111	46.784
4112	46.784
4113	46.824
4114	47.137
4115	46.627
4116	45.686
4117	47.961
4118	45.471
4119	44.471
4120	46.431
4121	46.529
4122	46.216
4123	47.824
4124	46.549
4125	46.569
4126	44.569
4127	46.706
4128	47.686
4129	46.059
4130	47.314
4131	45.765
4132	45.745
4133	45.176
4134	47.647
4135	46.627
4136	46.51
4137	46.608
4138	45.725
4139	47.745
4140	45.706
4141	46.431
4142	46.078
4143	46.294
4144	46.333
4145	45.882
4146	45.51
4147	46.294
4148	45.176
4149	46.608
4150	45.373
4151	46.392
4152	46.02
4153	45.941
4154	46.039
4155	45.784
4156	45.255
4157	47.02
4158	47.196
4159	45.902
4160	45.902
4161	46.373
4162	46
4163	44.941
4164	45.706
4165	47.176
4166	45.784
4167	47.49
4168	47.667
4169	45.882
4170	45.412
4171	46.569
4172	45.059
4173	46.275
4174	46.196
4175	45.569
4176	45.725
4177	46.294
4178	46.255
4179	46.902
4180	45.961
4181	45.882
4182	47.196
4183	46.51
4184	46
4185	46.235
4186	46.078
4187	46.059
4188	46.118
4189	44.255
4190	45.235
4191	46.235
4192	45.157
4193	44.843
4194	45.882
4195	45.392
4196	46.451
4197	45.49
4198	46.608
4199	45.804
4200	45
4201	45.745
4202	45.059
4203	44.784
4204	45.549
4205	46.118
4206	45.451
4207	45.314
4208	46.392
4209	45.137
4210	45.078
4211	45.902
4212	45.431
4213	45.137
4214	45.255
4215	46.843
4216	46.686
4217	45.843
4218	47.588
4219	45.667
4220	45.176
4221	45.765
4222	45.039
4223	46.216
4224	44.196
4225	46.196
4226	45.176
4227	45.706
4228	46.196
4229	46
4230	44.941
4231	47.294
4232	45.392
4233	45.686
4234	46.51
4235	44.235
4236	45.824
4237	46
4238	45.098
4239	44.961
4240	45.98
4241	45.667
4242	45.51
4243	45.902
4244	45.471
4245	46.843
4246	47.098
4247	45.745
4248	45.941
4249	44.804
4250	46.647
4251	46.078
4252	45.157
4253	45.706
4254	45.235
4255	46.157
4256	44.549
4257	47.235
4258	45.471
4259	44.667
4260	45.118
4261	46.294
4262	45.255
4263	45.235
4264	44.588
4265	45.667
4266	47.588
4267	48.608
4268	52
4269	51.235
4270	50.49
4271	51.765
4272	51.529
4273	52.549
4274	52.725
4275	54.078
4276	52.333
4277	53.51
4278	54.059
4279	52.176
4280	53.863
4281	54.529
4282	53.667
4283	52.51
4284	51.157
4285	52.392
4286	51.059
4287	50.529
4288	50.902
4289	50.804
4290	50.549
4291	51.118
4292	51
4293	49.941
4294	50.745
4295	51.627
4296	49.804
4297	49.647
4298	49.431
4299	50.02
4300	48.333
4301	47.51
4302	48.627
4303	47.647
4304	47.667
4305	48.118
4306	47.98
4307	47.608
4308	47.118
4309	47.216
4310	47.235
4311	47.765
4312	48.039
4313	47.784
4314	47.706
4315	46.431
4316	46.118
4317	46.647
4318	48.392
4319	45.765
4320	46.549
4321	47.118
4322	47.51
4323	47.686
4324	47.706
4325	47.902
4326	47.255
4327	45.804
4328	47.392
4329	46.314
4330	46.51
4331	46.902
4332	46.549
4333	45.961
4334	45.392
4335	45.98
4336	45.882
4337	45.451
4338	46.039
4339	46.275
4340	46.294
4341	46.333
4342	46.941
4343	46.922
4344	46.412
4345	46.471
4346	47.02
4347	46.078
4348	46.941
4349	47.706
4350	45.686
4351	45.863
4352	44.529
4353	45.824
4354	46.549
4355	46.373
4356	45.431
4357	45.902
4358	46.686
4359	46.863
4360	45.588
4361	45.902
4362	47.529
4363	45.255
4364	45.471
4365	46.333
4366	45.667
4367	46.137
4368	46.353
4369	44.588
4370	45.196
4371	45.137
4372	46.627
4373	48.078
4374	44.745
4375	45.529
4376	45.941
4377	47.059
4378	45.137
4379	46.824
4380	44.706
4381	46.137
4382	45.118
4383	46.569
4384	46.275
4385	44.902
4386	46.49
4387	45.216
4388	44.843
4389	45.098
4390	44.647
4391	46.627
4392	45.529
4393	46.078
4394	46.431
4395	46.49
4396	46.431
4397	46.275
4398	44.353
4399	44.51
4400	46.608
4401	45.824
4402	44.98
4403	45.294
4404	45.294
4405	44.824
4406	46.961
4407	46.686
4408	44.49
4409	46.275
4410	45.569
4411	44.98
4412	44.804
4413	46.02
4414	45.784
4415	44.941
4416	45.98
4417	44.706
4418	44.353
4419	46.902
4420	46.373
4421	46.686
4422	45.373
4423	45.059
4424	45.804
4425	44.49
4426	45.333
4427	46.098
4428	45.804
4429	45.549
4430	44.804
4431	46.353
4432	46.02
4433	46.275
4434	45.627
4435	45.49
4436	46.902
4437	46.863
4438	45.02
4439	45.451
4440	47.412
4441	46.667
4442	44.882
4443	47.098
4444	46.784
4445	45.549
4446	45.373
4447	45.961
4448	47.275
4449	46.647
4450	45.412
4451	44.373
4452	45.961
4453	45.843
4454	45.706
4455	45.333
4456	45.608
4457	46.412
4458	46.451
4459	45.235
4460	46.078
4461	46.118
4462	45.039
4463	44.667
4464	46.745
4465	46.784
4466	44.98
4467	45.784
4468	46.314
4469	45.255
4470	46.098
4471	46.235
4472	45.902
4473	46.235
4474	45.294
4475	45.431
4476	44.569
4477	45.686
4478	45.686
4479	46.804
4480	45.588
4481	44.549
4482	45.294
4483	45.137
4484	45.863
4485	45.176
4486	47.157
4487	45.667
4488	45.961
4489	45.804
4490	45.471
4491	45.059
4492	46
4493	46.157
4494	44.078
4495	45.745
4496	46.549
4497	45.412
4498	45.686
4499	45.451
4500	43.922
4501	45.451
4502	44.765
4503	45.02
4504	46.137
4505	44.725
4506	45.216
4507	44.784
4508	45
4509	45.667
4510	45.882
4511	45.569
4512	44.392
4513	45.941
4514	45.765
4515	44.627
4516	45.118
4517	44.843
4518	43.843
4519	47.039
4520	46.588
4521	44.745
4522	45.059
4523	46.157
4524	45.235
4525	46.039
4526	46.157
4527	44.98
4528	44.784
4529	46.216
4530	45.549
4531	45.922
4532	45.314
4533	46
4534	44.961
4535	45.412
4536	46.373
4537	45.549
4538	46.118
4539	47.686
4540	45.02
4541	44.039
4542	45.059
4543	45.098
4544	46.804
4545	44.529
4546	47.078
4547	46.627
4548	44.157
4549	44.627
4550	45.706
4551	45.745
4552	45.176
4553	44.882
4554	45.882
4555	44.49
4556	44.784
4557	45.255
4558	47.471
4559	45.569
4560	44.863
4561	46.235
4562	46.608
4563	46.922
4564	44.863
4565	44.49
4566	44.922
4567	45.039
4568	46.745
4569	45.078
4570	45.235
4571	46.412
4572	45.255
4573	45.157
4574	44.078
4575	46.098
4576	44.725
4577	46.137
4578	46
4579	46.235
4580	45.333
4581	45.118
4582	44.314
4583	44.294
4584	46.275
4585	44.608
4586	45.765
4587	47.059
4588	46.275
4589	45.059
4590	46.02
4591	45.431
4592	45.373
4593	46.333
4594	45.216
4595	46.255
4596	44.863
4597	45.196
4598	46.412
4599	44.471
4600	43.882
4601	45.098
4602	46.118
4603	46.137
4604	44.373
4605	44.686
4606	44.353
4607	44.725
4608	44.059
4609	45.314
4610	45.235
4611	46.667
4612	46.196
4613	46.902
4614	48.569
4615	49.882
4616	50.451
4617	51.784
4618	51.51
4619	53.118
4620	50.059
4621	51.49
4622	52.078
4623	52.667
4624	52.765
4625	51.569
4626	51.961
4627	51.863
4628	51.608
4629	52.608
4630	52.51
4631	51.02
4632	51.196
4633	51
4634	50.294
4635	49.941
4636	50.686
4637	48.745
4638	49.137
4639	48.608
4640	48.51
4641	47.431
4642	49.235
4643	49.216
4644	46.863
4645	48.51
4646	47.196
4647	46.706
4648	48.51
4649	46.98
4650	49.078
4651	46.765
4652	47.922
4653	48.843
4654	46.51
4655	47.686
4656	47.725
4657	45.431
4658	47.137
4659	45.608
4660	46.824
4661	46.137
4662	47.157
4663	47.275
4664	47.059
4665	47.235
4666	46.941
4667	46
4668	45.686
4669	46.686
4670	45.745
4671	45.765
4672	46.059
4673	45.922
4674	46.49
4675	46.529
4676	46.294
4677	46.078
4678	45
4679	47.098
4680	46.235
4681	45.706
4682	46.392
4683	45.863
4684	45.157
4685	45.902
4686	45.137
4687	45.647
4688	46.804
4689	45.961
4690	46.961
4691	46.49
4692	45.392
4693	46.471
4694	45.314
4695	45.333
4696	44.608
4697	46.902
4698	45.176
4699	44.569
4700	46.882
4701	46.235
4702	46.431
4703	47.941
4704	45.647
4705	44.098
4706	46.02
4707	47.118
4708	45.765
4709	46.451
4710	47.176
4711	46.137
4712	46
4713	45.882
4714	46.078
4715	45.314
4716	44.294
4717	45.176
4718	44.373
4719	45.176
4720	45.098
4721	46.686
4722	44.784
4723	44.922
4724	45.647
4725	45.902
4726	45.294
4727	45.882
4728	46.137
4729	46.392
4730	45.706
4731	45.745
4732	44.588
4733	46.039
4734	46.49
4735	45.49
4736	45.902
4737	45.471
4738	47.647
4739	45.765
4740	45.51
4741	46.078
4742	46.059
4743	45.235
4744	45.882
4745	45.157
4746	47.137
4747	44.588
4748	44.706
4749	45.02
4750	43.824
4751	43.588
4752	45.725
4753	47.059
4754	45.098
4755	45.627
4756	45.824
4757	45.804
4758	46.078
4759	44.843
4760	45.824
4761	45.804
4762	44.588
4763	45.157
4764	45.412
4765	46.235
4766	45.686
4767	45.843
4768	45.667
4769	45.569
4770	46.039
4771	46.176
4772	43.647
4773	44.745
4774	45.49
4775	46.255
4776	46.157
4777	45.882
4778	45.843
4779	44.02
4780	44.745
4781	44.745
4782	45.137
4783	46.216
4784	45.412
4785	45.314
4786	46.569
4787	45.333
4788	43.588
4789	44.431
4790	44.961
4791	44.765
4792	45.255
4793	44.51
4794	44.863
4795	45.529
4796	46.373
4797	45.51
4798	43.98
4799	44.941
4800	45.51
4801	45.667
4802	45.745
4803	46.196
4804	45.667
4805	45.235
4806	45.196
4807	44.961
4808	44.863
4809	46.373
4810	45.627
4811	45.745
4812	45.157
4813	46.039
4814	46.569
4815	44.216
4816	43.902
4817	45.176
4818	45.373
4819	47.275
4820	44.549
4821	45.196
4822	44.961
4823	45.098
4824	45.059
4825	46.059
4826	45.412
4827	45.725
4828	47.196
4829	44.745
4830	44.784
4831	45.098
4832	44.843
4833	45.843
4834	46.098
4835	43.627
4836	45.078
4837	46.922
4838	45.882
4839	45.314
4840	45.51
4841	44.843
4842	44.529
4843	45.608
4844	43.471
4845	44.373
4846	46.098
4847	46.216
4848	45.078
4849	45.196
4850	46.039
4851	47.137
4852	45.098
4853	45.51
4854	44.412
4855	46.137
4856	45.098
4857	45.667
4858	46.137
4859	44.02
4860	44.549
4861	43.98
4862	45.451
4863	44.471
4864	45.627
4865	45.647
4866	45.765
4867	46.667
4868	45.235
4869	45.255
4870	46.51
4871	46.431
4872	44.765
4873	44.137
4874	43.784
4875	45.451
4876	45.843
4877	45.039
4878	45.02
4879	44.549
4880	45.941
4881	45.529
4882	43.98
4883	44.725
4884	46.667
4885	44.745
4886	45.235
4887	44.765
4888	45.529
4889	44.471
4890	44.882
4891	43.686
4892	44.745
4893	44.059
4894	46.196
4895	44.882
4896	44.784
4897	44.431
4898	45.608
4899	45.451
4900	44.882
4901	45.078
4902	44.373
4903	44.294
4904	43.922
4905	45.686
4906	45.627
4907	43.961
4908	45.392
4909	45
4910	45.392
4911	44.333
4912	45.039
4913	44.039
4914	45.157
4915	43.314
4916	44.647
4917	44.216
4918	45.039
4919	46.176
4920	44.588
4921	45.412
4922	43.843
4923	46.137
4924	44.176
4925	44.392
4926	45.275
4927	44.275
4928	44.333
4929	46.098
4930	45.824
4931	45.373
4932	45.843
4933	45.863
4934	43.941
4935	45.314
4936	44.902
4937	45.098
4938	45.745
4939	45.667
4940	45.51
4941	45.216
4942	44.471
4943	45.353
4944	44.745
4945	44.059
4946	44.961
4947	43.02
4948	42.882
4949	46.02
4950	44.137
4951	44.333
4952	44.941
4953	44.745
4954	43.824
4955	44.196
4956	44.765
4957	44.588
4958	46.647
4959	49.843
4960	49.627
4961	50.745
4962	51.765
4963	51.314
4964	49.706
4965	51.686
4966	51.667
4967	51.451
4968	51.961
4969	53.353
4970	52.059
4971	52.588
4972	50.745
4973	52.98
4974	51.608
4975	51.098
4976	51.667
4977	48.216
4978	49.961
4979	50.451
4980	49.745
4981	51.137
4982	49.706
4983	51.196
4984	51.157
4985	50.745
4986	51.353
4987	51.765
4988	51.392
4989	48.686
4990	50.588
4991	49.157
4992	49.137
4993	49.333
4994	49.098
4995	47.196
4996	48.725
4997	48.49
4998	46.667
4999	46.294
5000	47.902
5001	47.176
5002	48.098
5003	47.196
5004	48.078
5005	46.902
5006	47.078
5007	46.314
5008	47.02
5009	45.765
5010	47.647
5011	46.843
5012	46.824
5013	46.059
5014	45.98
5015	47.333
5016	45.235
5017	45.804
5018	45.373
5019	45.647
5020	46.333
5021	45.451
5022	46.353
5023	45.804
5024	46
5025	45.98
5026	45.059
5027	45.549
5028	46.216
5029	46.745
5030	45.765
5031	46.118
5032	45.98
5033	45.941
5034	46.118
5035	45.373
5036	45.804
5037	46.725
5038	47.078
5039	45.686
5040	46.137
5041	45.588
5042	45.333
5043	46.647
5044	45.706
5045	45.373
5046	45.412
5047	46.137
5048	46.078
5049	44.843
5050	45.039
5051	45.804
5052	44.196
5053	46
5054	46.157
5055	46.314
5056	44.824
5057	44.706
5058	45.196
5059	44.843
5060	45.51
5061	44.431
5062	44.137
5063	45.471
5064	46.157
5065	45.373
5066	44.353
5067	45
5068	45.157
5069	45.412
5070	44.118
5071	45.353
5072	44.235
5073	44.098
5074	45.176
5075	44.686
5076	45.706
5077	45.216
5078	44.176
5079	45.412
5080	44.784
5081	43.98
5082	45.569
5083	45.431
5084	44.118
5085	46.098
5086	45.745
5087	44.294
5088	45.49
5089	45.765
5090	46.216
5091	45.353
5092	45.647
5093	46.176
5094	44.569
5095	45.275
5096	45.667
5097	45.039
5098	44.784
5099	46.157
5100	45.51
5101	44.353
5102	45.451
5103	45.745
5104	45.333
5105	46.863
5106	45.51
5107	45.196
5108	44.706
5109	45.608
5110	45.098
5111	45.49
5112	45.745
5113	45.392
5114	44.941
5115	44.804
5116	46.216
5117	47.686
5118	46.412
5119	45.294
5120	45.608
5121	44.471
5122	44.725
5123	44.647
5124	45.49
5125	44.902
5126	45.353
5127	44.725
5128	44.275
5129	46.039
5130	43.451
5131	45.039
5132	45.059
5133	45.275
5134	44.667
5135	45.235
5136	44.725
5137	45.078
5138	45.49
5139	44.902
5140	45.431
5141	45.02
5142	43.49
5143	44.333
5144	46.392
5145	44.627
5146	44.824
5147	44.353
5148	43.118
5149	44.235
5150	46.216
5151	44.471
5152	45.373
5153	45.529
5154	44.765
5155	44.627
5156	45.706
5157	45.725
5158	44.118
5159	43.725
5160	44.725
5161	45.137
5162	45.02
5163	43.647
5164	45.529
5165	44
5166	44.098
5167	45.196
5168	44.353
5169	43.98
5170	44.49
5171	44.176
5172	44.157
5173	44.549
5174	45.667
5175	45.588
5176	44.451
5177	43.941
5178	44.137
5179	46.608
5180	44.686
5181	45.373
5182	45.745
5183	44.412
5184	45.196
5185	45.647
5186	45.176
5187	45.706
5188	45.569
5189	46.196
5190	45.078
5191	45.627
5192	45.235
5193	45.706
5194	47
5195	44.431
5196	43.882
5197	45.157
5198	45.902
5199	45.745
5200	45.333
5201	46.627
5202	44.608
5203	45
5204	45.255
5205	45.431
5206	45.118
5207	44.588
5208	45.196
5209	44.765
5210	44.941
5211	45.196
5212	45.157
5213	44.314
5214	45.039
5215	46.176
5216	46
5217	42.431
5218	45.549
5219	45.902
5220	44.412
5221	46.137
5222	45.392
5223	46.216
5224	44.412
5225	44.51
5226	45.137
5227	44.51
5228	43.588
5229	45.333
5230	45.118
5231	44.314
5232	45.784
5233	46.02
5234	43.608
5235	42.922
5236	44.353
5237	44.255
5238	45.235
5239	45.176
	
