1	65.062
2	64.438
3	65.094
4	66.125
5	65.719
6	64.25
7	66.062
8	65.594
9	65.562
10	64.812
11	67.75
12	65.5
13	65.625
14	66.031
15	66.094
16	64.688
17	67.156
18	66.156
19	67.562
20	66.375
21	65.844
22	65.406
23	65.781
24	64.875
25	66.094
26	65.125
27	67.156
28	64.344
29	65.75
30	64.125
31	65.625
32	65.344
33	64.125
34	67.031
35	66.188
36	66.344
37	65.781
38	65.812
39	66
40	66.375
41	65.5
42	65.5
43	66.688
44	65.219
45	65.969
46	66.938
47	64.688
48	64.938
49	66.906
50	65.594
51	65.312
52	66.875
53	65.75
54	66.625
55	65.219
56	65.531
57	66.594
58	66.281
59	67.906
60	66.031
61	67.188
62	72.406
63	76.406
64	78.375
65	78.031
66	80.438
67	77.688
68	78.562
69	78.469
70	76.25
71	76.562
72	75.219
73	74.656
74	75.656
75	73.188
76	74.344
77	72.094
78	72
79	70.906
80	71.031
81	73.5
82	71.5
83	68.562
84	69.281
85	68.594
86	69.656
87	70.062
88	69.938
89	66.438
90	68.188
91	71.344
92	68.094
93	68.688
94	68.438
95	68.656
96	67.656
97	66.531
98	66.375
99	68.094
100	67.469
101	67.875
102	67.688
103	69.438
104	67.062
105	68.156
106	68.25
107	67.625
108	69.25
109	69.531
110	67.031
111	68.438
112	67.188
113	66.688
114	68.938
115	66.844
116	68.594
117	66.688
118	66.125
119	66.938
120	66.688
121	67
122	66.062
123	66.938
124	66.656
125	67.125
126	66.094
127	67.344
128	67.156
129	64.906
130	66.344
131	67.125
132	66.781
133	66.469
134	66.406
135	67.031
136	66.844
137	67.656
138	66.094
139	65.875
140	65.562
141	65.719
142	64.875
143	66.031
144	67.875
145	65.562
146	66.469
147	64.125
148	64.594
149	65.875
150	64.625
151	65.812
152	65.25
153	65.344
154	65.062
155	65.156
156	68.688
157	66
158	64.781
159	66.188
160	66.906
161	65.594
162	65.031
163	66.969
164	66.75
165	64.469
166	64.156
167	66
168	65.031
169	65.5
170	65.281
171	65.875
172	66.031
173	65.375
174	65.719
175	66
176	66.688
177	66.312
178	65.812
179	65.031
180	66.031
181	65.406
182	66.375
183	65.781
184	66.219
185	64.375
186	64.656
187	65.375
188	65.219
189	66.312
190	66.469
191	65.938
192	66.812
193	65.469
194	66.188
195	67.188
196	65.969
197	64.906
198	65.125
199	65.219
200	65.031
201	63.25
202	64.125
203	66.562
204	64.406
205	64.125
206	64.188
207	64.75
208	65.625
209	68.719
210	74.875
211	77.062
212	77.656
213	76.594
214	74.531
215	78.438
216	77.438
217	77.906
218	75.625
219	76.031
220	73.594
221	75.719
222	73.031
223	71.688
224	71.438
225	72.312
226	72.344
227	70.219
228	71.5
229	69.562
230	68.562
231	69.344
232	71.156
233	67.719
234	68.344
235	69.625
236	69.25
237	68.031
238	66.781
239	67.75
240	66.844
241	68
242	67.812
243	67.094
244	67.5
245	66.906
246	66.625
247	68.5
248	68.5
249	65.656
250	65.906
251	67.656
252	65.688
253	67.906
254	65.875
255	66.188
256	68.281
257	67.812
258	67.625
259	67.094
260	67.75
261	65.375
262	66.688
263	65.938
264	65.531
265	65.062
266	66.906
267	69.25
268	68.25
269	65.406
270	66.375
271	66.812
272	66.312
273	67.969
274	66.594
275	67.656
276	69.062
277	65.625
278	67.062
279	65.531
280	66.656
281	65.531
282	64.75
283	66.875
284	66.969
285	66.875
286	65.75
287	65.156
288	65.062
289	64.344
290	65.344
291	67.719
292	66.531
293	65.188
294	66.688
295	66.469
296	66.812
297	65.312
298	65.219
299	65.938
300	64.781
301	64.75
302	65.188
303	66.094
304	65.75
305	65.531
306	65.844
307	66.688
308	65.531
309	65.438
310	65.75
311	65.812
312	65.562
313	67.344
314	63.938
315	65.438
316	66.062
317	67.156
318	65.188
319	66.344
320	65.562
321	64.844
322	65.656
323	66.031
324	64.156
325	65.312
326	66.469
327	63.938
328	66.312
329	66.688
330	65.562
331	66.375
332	67.344
333	65.969
334	65.875
335	65.062
336	63.469
337	63.312
338	64.656
339	66.406
340	65.688
341	64.969
342	64.094
343	66.625
344	64.5
345	66.656
346	65.375
347	65.438
348	65.281
349	65.5
350	67.719
351	74.094
352	77.656
353	76.531
354	75.594
355	77.312
356	79.312
357	76.719
358	76.562
359	75.375
360	77.125
361	76.375
362	74.375
363	75.156
364	73.5
365	71.344
366	73.781
367	71.312
368	73.062
369	70.281
370	69.094
371	71
372	70.219
373	68.656
374	69.719
375	69.125
376	69.375
377	68.469
378	68
379	69.062
380	68.25
381	68.312
382	68.031
383	67.781
384	68.5
385	67.312
386	67.781
387	66.531
388	68.094
389	66.844
390	68.562
391	66.656
392	68.5
393	67.438
394	68.219
395	68.219
396	65.062
397	66.562
398	65.281
399	65.469
400	66.656
401	66.156
402	65.188
403	68.5
404	68.812
405	65.375
406	66.938
407	66
408	65.781
409	66.844
410	66
411	68.062
412	67.188
413	66.75
414	64.781
415	67.562
416	68.844
417	64.531
418	67.281
419	66.656
420	66.219
421	66.156
422	65.75
423	66.781
424	65.656
425	65.469
426	64.094
427	66.812
428	67.188
429	65.062
430	67.062
431	65.812
432	64.094
433	64.188
434	66.375
435	66.719
436	66.406
437	64.75
438	65.969
439	65.438
440	65.906
441	67.219
442	67.594
443	64.875
444	66.438
445	66.594
446	64.562
447	66.625
448	66.156
449	65.906
450	64.625
451	66.688
452	68.375
453	67.469
454	65.469
455	64.562
456	66.031
457	64.219
458	64.25
459	65.656
460	64.969
461	65.562
462	68.25
463	65.719
464	65.906
465	66.438
466	66.875
467	66.719
468	67.125
469	65.969
470	68.031
471	66.625
472	67.094
473	67.281
474	66.75
475	66.5
476	67.906
477	64.688
478	66.469
479	67.375
480	66.031
481	65.062
482	66.125
483	66.281
484	66.062
485	66.344
486	66.656
487	67.625
488	66.438
489	66.406
490	67.344
491	65.156
492	68.094
493	66.688
494	67.156
495	65.344
496	66.688
497	67.188
498	65.938
499	67.781
500	66.688
501	65.562
502	66.906
503	66.688
504	66.188
505	66.188
506	66.062
507	66.375
508	66.688
509	65.812
510	67.125
511	66.75
512	67.031
513	67.125
514	66.531
515	67.094
516	66.875
517	67.312
518	66.5
519	66.312
520	67.25
521	67.25
522	65.5
523	66.25
524	67.531
525	67.094
526	64.406
527	67.094
528	66
529	65.188
530	65.688
531	66.25
532	68
533	66.688
534	66.062
535	66.812
536	67.312
537	65.531
538	68.531
539	66.375
540	66.312
541	67.375
542	65.5
543	66.188
544	66.344
545	65.812
546	66.312
547	66.625
548	66.156
549	65.156
550	65.625
551	65.781
552	66.531
553	67.531
554	66.406
555	66.469
556	67.656
557	65.531
558	64.125
559	66.594
560	65.875
561	65.344
562	65.406
563	67.469
564	64.844
565	66.156
566	64.812
567	65.406
568	65.312
569	64.562
570	64.438
571	64.719
572	66.438
573	65.25
574	65.438
575	64.875
576	64.344
577	65.219
578	63.406
579	65.406
580	64.656
581	66.375
582	70.594
583	74.281
584	76.312
585	77.531
586	76.625
587	75.156
588	78.312
589	76.25
590	76.906
591	75.156
592	75.875
593	76.562
594	72.594
595	71
596	74.562
597	71.344
598	69.688
599	70.938
600	69.156
601	71.625
602	69.656
603	68.594
604	67.969
605	67.625
606	65.844
607	68.219
608	68.344
609	66.75
610	68.5
611	66.969
612	66.906
613	67.094
614	66.594
615	67.844
616	67.781
617	69.25
618	66.719
619	67
620	67.75
621	66.062
622	66.906
623	67.125
624	67.25
625	65.625
626	67.156
627	66.531
628	68.125
629	66.844
630	69
631	65.688
632	69.812
633	68
634	66.531
635	66.438
636	66.438
637	69.75
638	67.344
639	68
640	67.344
641	67.188
642	66.875
643	67.062
644	65.062
645	66.625
646	66.875
647	67.5
648	67.594
649	67.875
650	65.156
651	66.438
652	68.969
653	67.875
654	67.406
655	66.25
656	66.594
657	66.562
658	67.719
659	68.344
660	66.375
661	66.156
662	65.625
663	65.594
664	65.062
665	66.812
666	68.375
667	67.688
668	65.5
669	67
670	66.344
671	65.406
672	66.375
673	66.406
674	66.938
675	68.219
676	65.812
677	66.281
678	65.375
679	71.031
680	76.031
681	77.906
682	76.094
683	79
684	76.438
685	78.375
686	74.625
687	76.719
688	75.25
689	75.562
690	73.969
691	73.844
692	72.625
693	72.688
694	71.531
695	71.656
696	69.719
697	70.5
698	70.188
699	68.938
700	68.844
701	69.719
702	69.125
703	68.781
704	69.281
705	68.594
706	69.469
707	68.906
708	69.812
709	68.438
710	67.188
711	66.812
712	68.5
713	68.562
714	68.781
715	67.125
716	66.969
717	67.031
718	67.125
719	68.188
720	67.781
721	66.781
722	67.75
723	67.469
724	66.906
725	65.25
726	67.812
727	68.562
728	67.719
729	68.219
730	67.219
731	67.875
732	67.469
733	67.688
734	67.219
735	67.344
736	66
737	67.469
738	65.469
739	67
740	67.938
741	64.656
742	64.219
743	67.656
744	67.625
745	68.219
746	66.531
747	67.156
748	66.594
749	67.469
750	66.438
751	66.469
752	67.625
753	66.844
754	65.656
755	68.344
756	65.438
757	65.75
758	67.312
759	66.344
760	66.188
761	65.375
762	66.25
763	66.688
764	65.812
765	66.375
766	66.75
767	64.625
768	67.094
769	64.781
770	65.25
771	65.188
772	65.25
773	64.312
774	67.562
775	64.781
776	65.531
777	64.906
778	66.219
779	65.594
780	65.875
781	65.75
782	65.438
783	65.281
784	65
785	66.062
786	67.281
787	65.031
788	66.219
789	64.375
790	66.594
791	66.75
792	66.125
793	66.219
794	64.094
795	66.406
796	66.781
797	65.031
798	65.906
799	66.844
800	66.031
801	65.344
802	65.562
803	66.5
804	67.406
805	66.906
806	63.344
807	64.625
808	67.656
809	67.125
810	66.688
811	65.219
812	63.844
813	66.188
814	67.094
815	64.719
816	65.562
817	65.531
818	65.656
819	64.312
820	66.219
821	64.812
822	65.969
823	65.531
824	65.281
825	64.75
826	65.906
827	64.125
828	65.812
829	65.219
830	64.625
831	63.812
832	66.312
833	66.031
834	65.688
835	64.625
836	65.406
837	63.812
838	64.875
839	65.094
840	64.156
841	66.281
842	64.906
843	64.156
844	65.344
845	64.938
846	64.75
847	62.875
848	64.844
849	62.562
850	64.844
851	66.281
852	65.875
853	65.25
854	63.938
855	65.625
856	63.719
857	64.219
858	64.781
859	64.5
860	64.625
861	63.062
862	62.656
863	64.25
864	64.75
865	64.188
866	64.594
867	64.844
868	65.031
869	64.906
870	63.438
871	65.031
872	64.938
873	64.438
874	65.938
875	65.156
876	62.906
877	64.438
878	63.75
879	63.406
880	65.219
881	63.062
882	64.219
883	65.344
884	63.906
885	63.656
886	64.25
887	65.562
888	63.719
889	64.156
890	64.188
891	65.5
892	65.281
893	70.438
894	73.156
895	74.812
896	73.594
897	74.781
898	77.656
899	76.688
900	75.062
901	77.281
902	74.312
903	75.719
904	72.156
905	72.25
906	71.375
907	69.188
908	69.219
909	70.469
910	67.25
911	69.375
912	71.156
913	73.688
914	74.031
915	73.656
916	75.156
917	73.938
918	74.438
919	73.094
920	71.875
921	71.844
922	68.75
923	72.5
924	69.156
925	68.5
926	67.812
927	70.906
928	68.969
929	67.812
930	67.5
931	68.312
932	65.844
933	66.719
934	65.875
935	66.812
936	66.812
937	65.781
938	66.688
939	66.125
940	67.969
941	66.156
942	66.5
943	67.438
944	66.594
945	65.562
946	66.844
947	65.656
948	65.125
949	65
950	66.938
951	65.938
952	66.344
953	66.562
954	64.875
955	65.094
956	63.344
957	64.344
958	65.406
959	63.156
960	66.469
961	65.906
962	64.156
963	64.656
964	64.969
965	65
966	65.656
967	66.656
968	65.844
969	65.906
970	65.594
971	66.625
972	71.031
973	75.656
974	74.75
975	73.688
976	75.844
977	76.5
978	76
979	73.906
980	73.281
981	72.219
982	71.406
983	70.562
984	71.562
985	70.719
986	68.781
987	69.719
988	69.875
989	71.125
990	69.375
991	68.219
992	67.062
993	69.531
994	67.594
995	69.781
996	68
997	67.406
998	67.062
999	67.656
1000	66.281
1001	66.25
1002	67.031
1003	67.969
1004	65.594
1005	67.469
1006	65.812
1007	65.156
1008	65.938
1009	66
1010	65.844
1011	66.719
1012	66.625
1013	65.375
1014	64.688
1015	67
1016	65.156
1017	64.188
1018	65.656
1019	66.781
1020	66.812
1021	64.906
1022	65.844
1023	67.344
1024	66.781
1025	64.75
1026	66.219
1027	64.375
1028	64.438
1029	64.719
1030	63.656
1031	67.062
1032	66.719
1033	65.5
1034	63.875
1035	63.719
1036	66.719
1037	66.125
1038	65.719
1039	66.25
1040	65.375
1041	64.719
1042	64.188
1043	64.656
1044	66.281
1045	65.531
1046	66.875
1047	63.969
1048	65.875
1049	65.156
1050	65.938
1051	67.25
1052	65.594
1053	66.594
1054	65.375
1055	64.094
1056	64.906
1057	64.906
1058	65.281
1059	65.438
1060	65.969
1061	66.719
1062	64.906
1063	66.219
1064	65.906
1065	67.219
1066	64.188
1067	66.688
1068	66.562
1069	66.75
1070	63.219
1071	66.031
1072	63.344
1073	65.75
1074	65.469
1075	65.375
1076	66.5
1077	65.969
1078	64.438
1079	66.344
1080	66.812
1081	67.062
1082	64.844
1083	65.312
1084	64.75
1085	64.75
1086	64.656
1087	64.438
1088	64.844
1089	65.281
1090	65.031
1091	65.938
1092	65.219
1093	64.062
1094	64.312
1095	65.812
1096	64.562
1097	65.531
1098	63.406
1099	65.812
1100	65.031
1101	62.656
1102	64.375
1103	64
1104	64.688
1105	64.812
1106	63.875
1107	64.812
1108	65
1109	63.562
1110	63.25
1111	66.188
1112	64.656
1113	64.438
1114	63.906
1115	65.594
1116	65.531
1117	66
1118	66.031
1119	65.375
1120	64.312
1121	64.75
1122	65.281
1123	63.938
1124	65.125
1125	64.781
1126	63.688
1127	63.281
1128	65.656
1129	63.625
1130	63.219
1131	63.562
1132	63.469
1133	63.531
1134	63.875
1135	64.906
1136	65.656
1137	63.625
1138	64.219
1139	65.094
1140	64.719
1141	64.531
1142	63.875
1143	66
1144	66.062
1145	64.75
1146	63.969
1147	62.719
1148	63.656
1149	63.5
1150	64.688
1151	64.094
1152	65.188
1153	65.688
1154	62.812
1155	63.812
1156	65.781
1157	64.844
1158	65.719
1159	64.281
1160	64.312
1161	63.844
1162	64.375
1163	64.219
1164	64.031
1165	64.156
1166	64.094
1167	64.031
1168	65.312
1169	65.125
1170	64.25
1171	63.125
1172	64.125
1173	65.188
1174	64.625
1175	64.688
1176	62.75
1177	65.438
1178	64.812
1179	65.062
1180	64.938
1181	63.406
1182	63.719
1183	62.5
1184	63.75
1185	65.344
1186	63.312
1187	63.938
1188	64.219
1189	61.969
1190	63.812
1191	63.406
1192	64.781
1193	65.812
1194	63.719
1195	64.781
1196	65.75
1197	63.969
1198	62.594
1199	64.5
1200	64.469
1201	64.219
1202	63.906
1203	63.688
1204	64.281
1205	62.719
1206	64.406
1207	63.531
1208	64.188
1209	65.719
1210	63.188
1211	63.25
1212	65.156
1213	66.062
1214	63.875
1215	63.688
1216	63.562
1217	64.469
1218	64.062
1219	63.844
1220	63.031
1221	63.281
1222	67.656
1223	70.5
1224	71.188
1225	73.125
1226	74.75
1227	73.5
1228	75.375
1229	73.844
1230	73.969
1231	73.094
1232	71.375
1233	71.844
1234	71.719
1235	70.719
1236	70.719
1237	70.406
1238	69.125
1239	68.688
1240	69.469
1241	69.25
1242	67.875
1243	67
1244	67.25
1245	66.625
1246	65.719
1247	65.562
1248	66
1249	64.844
1250	66.25
1251	64.781
1252	67.156
1253	65.312
1254	66.406
1255	64.031
1256	64.875
1257	65.719
1258	65.781
1259	65.406
1260	65.562
1261	65
1262	65.5
1263	66.375
1264	66.344
1265	64.531
1266	64.281
1267	63.812
1268	67.094
1269	66.281
1270	62.688
1271	64.594
1272	63.719
1273	65.406
1274	63.344
1275	63.344
1276	64.406
1277	65.062
1278	63.875
1279	63.812
1280	64
1281	63.438
1282	63.781
1283	65.188
1284	63.438
1285	63.5
1286	65.5
1287	65.406
1288	64.719
1289	64.844
1290	65
1291	63.781
1292	64.25
1293	62.562
1294	64.188
1295	64.938
1296	65.469
1297	65.875
1298	62.906
1299	65.094
1300	65.031
1301	66.094
1302	65.094
1303	64.781
1304	63.094
1305	64.031
1306	62.25
1307	64.75
1308	64.281
1309	63.094
1310	63.625
1311	64.875
1312	63.906
1313	63.812
1314	62.781
1315	63.906
1316	62.375
1317	62.906
1318	64.156
1319	64.469
1320	65.375
1321	63.531
1322	62.031
1323	63.656
1324	64.031
1325	64.969
1326	63.125
1327	65
1328	63.75
1329	61.969
1330	64.031
1331	62.875
1332	63.906
1333	62.906
1334	64.094
1335	62.5
1336	62.812
1337	65.094
1338	63.656
1339	63.562
1340	62.781
1341	64.406
1342	61.75
1343	63.688
1344	63.531
1345	62.938
1346	64.25
1347	63.312
1348	63.75
1349	63.094
1350	64.469
1351	64.469
1352	63
1353	63.344
1354	64.562
1355	63.406
1356	65.188
1357	62.594
1358	63.469
1359	64.625
1360	63.406
1361	63
1362	63.844
1363	63.188
1364	64.25
1365	63.625
1366	63.188
1367	64
1368	64.312
1369	64.188
1370	63.531
1371	63.094
1372	62.719
1373	62.906
1374	63.844
1375	66.375
1376	62.562
1377	63.844
1378	64.656
1379	65.844
1380	63.562
1381	62.969
1382	64.656
1383	63.844
1384	64.344
1385	64.438
1386	62.594
1387	63.875
1388	64.344
1389	63.062
1390	62.5
1391	63.625
1392	65.219
1393	64.781
1394	64.594
1395	62.125
1396	63.344
1397	63.406
1398	64.062
1399	64.125
1400	64.312
1401	62.344
1402	62.75
1403	64.438
1404	70.531
1405	71.344
1406	71.562
1407	73.688
1408	73.5
1409	73.469
1410	74.531
1411	73.406
1412	73.344
1413	71.75
1414	73.125
1415	71.125
1416	71.656
1417	70.844
1418	70
1419	70.438
1420	68.031
1421	70.219
1422	67.969
1423	66.562
1424	68.344
1425	65.5
1426	65.688
1427	67.031
1428	67.062
1429	66.75
1430	66.406
1431	66.156
1432	65.719
1433	66.281
1434	65.031
1435	66.906
1436	65.469
1437	66.125
1438	64.656
1439	66.875
1440	65.438
1441	64.406
1442	63.688
1443	64.594
1444	64.75
1445	65.312
1446	64.562
1447	66.062
1448	65.812
1449	63.781
1450	66.156
1451	64.75
1452	67.25
1453	64.625
1454	65.312
1455	63.438
1456	64
1457	64.188
1458	64.969
1459	64.219
1460	65.125
1461	63.438
1462	62.969
1463	63.938
1464	65.25
1465	65.625
1466	63.219
1467	70.156
1468	71.906
1469	72.688
1470	73.438
1471	73.625
1472	73.781
1473	71.875
1474	73.031
1475	70.906
1476	74.062
1477	71.688
1478	73.594
1479	73.719
1480	73.969
1481	71.031
1482	68.719
1483	70.469
1484	69.125
1485	68.5
1486	67.531
1487	66.844
1488	65.406
1489	66.375
1490	67.719
1491	66.344
1492	65.469
1493	65.812
1494	64.875
1495	67.562
1496	64.781
1497	66.531
1498	64.156
1499	66.188
1500	66.344
1501	63.75
1502	66.125
1503	64.531
1504	66.188
1505	66.312
1506	65.719
1507	66.219
1508	64.375
1509	65.719
1510	64.844
1511	64.781
1512	65.531
1513	64.719
1514	63.844
1515	66.188
1516	65.906
1517	65.656
1518	66.125
1519	65.281
1520	65.406
1521	66.062
1522	64.438
1523	65.25
1524	66.344
1525	65.719
1526	63.031
1527	64.656
1528	66.75
1529	63.438
1530	63.469
1531	64.125
1532	64.5
1533	62.375
1534	64.531
1535	64.5
1536	64.344
1537	65.25
1538	62.938
1539	64.281
1540	65
1541	62.469
1542	64.594
1543	64.469
1544	64.781
1545	63.281
1546	64.344
1547	65.062
1548	64.438
1549	64.812
1550	63.25
1551	63.156
1552	64.031
1553	62.75
1554	64.438
1555	63.875
1556	64.406
1557	63
1558	63.562
1559	62.531
1560	64.344
1561	64.5
1562	63.344
1563	65.531
1564	63.906
1565	64.75
1566	63.281
1567	68.75
1568	71.156
1569	71
1570	73.969
1571	72.812
1572	74.344
1573	73.5
1574	72.844
1575	71.906
1576	72.031
1577	70.188
1578	69.094
1579	69.125
1580	68.562
1581	69.031
1582	68.188
1583	66.781
1584	66.312
1585	68.031
1586	66.469
1587	67.062
1588	64.344
1589	66.125
1590	66.188
1591	64.844
1592	65.344
1593	64.375
1594	65.125
1595	65.688
1596	63.656
1597	64.938
1598	64.969
1599	65.594
1600	63.688
1601	65
1602	65.844
1603	64.969
1604	66.594
1605	64.094
1606	62.938
1607	64.125
1608	64.688
1609	63.5
1610	62.5
1611	64.656
1612	63.469
1613	63.688
1614	63.625
1615	64.062
1616	63.719
1617	65.125
1618	63.062
1619	63.156
1620	63.375
1621	63.531
1622	63.156
1623	64.188
1624	64.219
1625	64.031
1626	64.562
1627	64.031
1628	63.5
1629	64
1630	63.406
1631	64.406
1632	64.688
1633	64.25
1634	63.25
1635	66.812
1636	68.188
1637	68.469
1638	73.125
1639	73.375
1640	74.5
1641	74.562
1642	73.156
1643	73.031
1644	71.156
1645	72.625
1646	70.562
1647	68.469
1648	69.875
1649	67.594
1650	67.094
1651	69.188
1652	67.938
1653	66.438
1654	68.219
1655	65.531
1656	66.656
1657	64.75
1658	67.125
1659	67.312
1660	65.938
1661	64.438
1662	63.844
1663	67.219
1664	66.969
1665	64.969
1666	66.438
1667	64.625
1668	65.688
1669	65.781
1670	65.281
1671	65.5
1672	63.938
1673	64.344
1674	64.656
1675	64.438
1676	65.562
1677	64.625
1678	64.906
1679	63.625
1680	66.062
1681	62.969
1682	64.219
1683	65.312
1684	65.875
1685	62.219
1686	64.031
1687	63.156
1688	65.438
1689	63.625
1690	62.812
1691	63.406
1692	64.531
1693	64.125
1694	63.5
1695	63.656
1696	64.25
1697	63.312
1698	63.406
1699	63.156
1700	64.219
1701	62.406
1702	62.906
1703	63.219
1704	63.344
1705	63.219
1706	62.75
1707	63.531
1708	65.906
1709	62.469
1710	63.469
1711	62.781
1712	63.656
1713	64.094
1714	65.469
1715	63.875
1716	62.406
1717	64.844
1718	63.031
1719	60.844
1720	63.031
1721	62.281
1722	64.781
1723	63.5
1724	64.406
1725	63.125
1726	66.062
1727	70.875
1728	70.969
1729	73.312
1730	71.906
1731	73.969
1732	75
1733	73.625
1734	72.719
1735	70.531
1736	71.688
1737	70.469
1738	69.156
1739	69.594
1740	70.031
1741	68.062
1742	69.5
1743	67.156
1744	68.438
1745	68
1746	68.406
1747	68.75
1748	66.719
1749	67.469
1750	67.406
1751	67.344
1752	65.75
1753	66.438
1754	66.562
1755	66.781
1756	64.875
1757	65.062
1758	66.031
1759	66.094
1760	66.594
1761	63.969
1762	65.688
1763	66.406
1764	65.531
1765	65.688
1766	64.969
1767	66.906
1768	65.188
1769	65.25
1770	65.281
1771	64.188
1772	65.75
1773	66.219
1774	66.094
1775	65.656
1776	66.375
1777	65
1778	64.688
1779	65.094
1780	63.688
1781	65.438
1782	64.094
1783	64.312
1784	66.625
1785	66.219
1786	65.406
1787	64.344
1788	63.125
1789	64.719
1790	64.531
1791	64.375
1792	63.75
1793	63.312
1794	63.938
1795	64.031
1796	65
1797	63.969
1798	65.562
1799	64.875
1800	65.75
1801	62.969
1802	64.844
1803	64.5
1804	64.344
1805	65.094
1806	63.781
1807	63.5
1808	64.219
1809	64.031
1810	65.406
1811	65.094
1812	63.125
1813	61.594
1814	62.844
1815	62.156
1816	61.844
1817	64.219
1818	64.062
1819	65.094
1820	62.219
1821	63.188
1822	63.156
1823	65.938
1824	65
1825	65.312
1826	61.656
1827	63.031
1828	62.625
1829	62.969
1830	65.062
1831	63.312
1832	62.344
1833	63.219
1834	63.875
1835	63.125
1836	63.812
1837	65.625
1838	62.219
1839	63.188
1840	62.375
1841	62.719
1842	64.094
1843	64.5
1844	62.406
1845	62.625
1846	63.875
1847	61.562
1848	61.688
1849	61.781
1850	64.594
1851	62.656
1852	64.312
1853	63.062
1854	63.125
1855	63.781
1856	61.812
1857	62.344
1858	61.281
1859	62.25
1860	63.281
1861	62.844
1862	63.062
1863	62.562
1864	63.812
1865	63.844
1866	61.906
1867	61.312
1868	61.75
1869	63.062
1870	62.062
1871	61.156
1872	62.375
1873	62.469
1874	62.25
1875	62.656
1876	62.312
1877	64.219
1878	61.594
1879	64.562
1880	61.562
1881	62.469
1882	62.656
1883	63.844
1884	62.875
1885	66
1886	71.844
1887	70.844
1888	71.031
1889	72.625
1890	71.688
1891	73.188
1892	72.281
1893	72.812
1894	71.062
1895	69.094
1896	68.5
1897	69.625
1898	67.125
1899	68.375
1900	66.25
1901	68.312
1902	66.438
1903	65.031
1904	66.656
1905	65.375
1906	66.031
1907	66.781
1908	64.031
1909	64.938
1910	64.656
1911	65.438
1912	65.594
1913	64
1914	64.281
1915	64.438
1916	64.812
1917	67.188
1918	63.094
1919	63.906
1920	62.281
1921	63.531
1922	63.906
1923	63.719
1924	62.719
1925	63.156
1926	61.625
1927	63.875
1928	63.625
1929	63.594
1930	62.875
1931	61.25
1932	64.5
1933	63.969
1934	62.156
1935	65
1936	63.812
1937	63.094
1938	61.969
1939	63.25
1940	62.656
1941	61.656
1942	62.969
1943	61.781
1944	64.781
1945	61.688
1946	63.469
1947	62.469
1948	63.656
1949	61.938
1950	63.656
1951	62.719
1952	62.25
1953	62.719
1954	63.5
1955	62.531
1956	62.562
1957	62.312
1958	61.969
1959	63.438
1960	61.5
1961	61.531
1962	61.938
1963	62.406
1964	62.094
1965	60.25
1966	63.25
1967	63.125
1968	62.719
1969	60
1970	63.906
1971	62.531
1972	62.094
1973	62.719
1974	61.812
1975	60.812
1976	60.75
1977	62.438
1978	61
1979	62.906
1980	61.562
1981	63.438
1982	61.5
1983	61.906
1984	61.188
1985	62.594
1986	61.406
1987	62.469
1988	61.875
1989	62
1990	60.594
1991	63.281
1992	61.969
1993	61.906
1994	62.188
1995	63.25
1996	61.781
1997	61.688
1998	61.188
1999	63.156
2000	63.562
2001	62.625
2002	61.969
2003	64.219
2004	62.344
2005	60.562
2006	62.906
2007	63.75
2008	62.938
2009	61.875
2010	63.875
2011	61.656
2012	61.031
2013	61.625
2014	63.125
2015	62.469
2016	61.406
2017	60.969
2018	62.031
2019	62.219
2020	61.906
2021	63.562
2022	62.938
2023	61.5
2024	62.719
2025	62.406
2026	59.656
2027	61.5
2028	62.188
2029	60.812
2030	61.031
2031	63.094
2032	60.5
2033	60.438
2034	62.938
2035	63.094
2036	60.781
2037	63.188
2038	61.344
2039	62.781
2040	60.906
2041	60.719
2042	61.906
2043	63.406
2044	66.25
2045	69.5
2046	70.5
2047	70.5
2048	70.094
2049	70.781
2050	71.312
2051	68.969
2052	69
2053	69.812
2054	69.406
2055	70.156
2056	68.531
2057	66.438
2058	64.969
2059	65.719
2060	67.656
2061	64.375
2062	63.125
2063	64.625
2064	66.375
2065	65.031
2066	64.938
2067	64.875
2068	64.375
2069	62.844
2070	63.156
2071	63.562
2072	64.969
2073	62.938
2074	63.156
2075	63.406
2076	62.25
2077	65.094
2078	62.438
2079	63.719
2080	64.062
2081	61.781
2082	64.75
2083	63.594
2084	62.781
2085	63.062
2086	63.312
2087	63.25
2088	62.344
2089	63.656
2090	62.781
2091	63.719
2092	63.469
2093	63.875
2094	63.125
2095	63.781
2096	63.125
2097	63.281
2098	62.062
2099	63.594
2100	63.469
2101	63.781
2102	60.938
2103	63
2104	63.562
2105	63.031
2106	60.875
2107	62.25
2108	62.156
2109	61.062
2110	62.781
2111	63.438
2112	60.531
2113	61.719
2114	63.75
2115	62.656
2116	62.031
2117	62.75
2118	61.844
2119	62.188
2120	63.75
2121	62.125
2122	62.812
2123	60.719
2124	62.562
2125	63.094
2126	62.656
2127	62.75
2128	61.062
2129	61.031
2130	60.656
2131	62.812
2132	60.281
2133	61.719
2134	62.562
2135	63.219
2136	61
2137	62.219
2138	62.594
2139	62.5
2140	62.625
2141	62.531
2142	61.25
2143	61.062
2144	61.156
2145	63.094
2146	64
2147	60.219
2148	61.688
2149	60.344
2150	61.406
2151	61.25
2152	62.406
2153	63
2154	61.594
2155	62.562
2156	63.781
2157	60.094
2158	61.812
2159	63.406
2160	61.781
2161	61.781
2162	61.031
2163	62.781
2164	63.531
2165	62.625
2166	61.062
2167	62.219
2168	63.375
2169	62.094
2170	62.094
2171	62.906
2172	63.25
2173	61.438
2174	62.031
2175	63.188
2176	62
2177	64.281
2178	61.562
2179	62.031
2180	63.062
2181	61.625
2182	61.156
2183	62.188
2184	60.781
2185	59.844
2186	60.875
2187	61.344
2188	62.094
2189	62.344
2190	61.625
2191	62.25
2192	62.062
2193	63.031
2194	60.906
2195	60
2196	63.031
2197	61.156
2198	63.156
2199	61.906
2200	63.781
2201	61.781
2202	62.969
2203	67.75
2204	70.156
2205	70.906
2206	70.812
2207	70.594
2208	71.5
2209	69.469
2210	70.094
2211	69.062
2212	69.094
2213	68.438
2214	69
2215	69.062
2216	67.969
2217	68.75
2218	65.688
2219	67.562
2220	65.875
2221	65.25
2222	64.844
2223	65.562
2224	64.625
2225	62.906
2226	63.75
2227	65.5
2228	64.344
2229	64.344
2230	64.625
2231	63.906
2232	63.281
2233	62.781
2234	62.75
2235	61.062
2236	63.062
2237	64.188
2238	63.938
2239	63.531
2240	64.844
2241	62.125
2242	62.938
2243	62.75
2244	59.125
2245	63.969
2246	63.219
2247	64.562
2248	62.469
2249	61.375
2250	60.562
2251	64.5
2252	63.125
2253	63.906
2254	64.188
2255	63.094
2256	62.812
2257	60.812
2258	62
2259	61.188
2260	63.281
2261	61.031
2262	61.906
2263	61.938
2264	62.344
2265	60.875
2266	62.688
2267	64.938
2268	61.406
2269	62.594
2270	61.281
2271	63.594
2272	62.812
2273	61.781
2274	62.375
2275	62.594
2276	62.031
2277	64.344
2278	62.531
2279	61.25
2280	60.969
2281	62.969
2282	61.875
2283	62.25
2284	61.719
2285	64.062
2286	62.938
2287	61.438
2288	60.25
2289	60.688
2290	61.531
2291	63.281
2292	62.969
2293	61.156
2294	61.844
2295	62.875
2296	63.031
2297	59.25
2298	62.156
2299	63.031
2300	62.781
2301	61.469
2302	61.719
2303	61.625
2304	62.031
2305	61.25
2306	61.969
2307	62.031
2308	61.688
2309	60.438
2310	62.062
2311	61.594
2312	61.531
2313	61.719
2314	59.719
2315	59.812
2316	61.312
2317	63.219
2318	61.875
2319	60.938
2320	62.75
2321	61.188
2322	61.375
2323	61.375
2324	62.375
2325	61.812
2326	61.5
2327	61.75
2328	62.906
2329	62.312
2330	60.656
2331	61.219
2332	61.781
2333	61.375
2334	60.75
2335	62.125
2336	63.594
2337	60.375
2338	61.469
2339	60.594
2340	61.531
2341	61.531
2342	59.406
2343	60.625
2344	61.156
2345	61.719
2346	61.781
2347	58.812
2348	59.5
2349	61.594
2350	61.969
2351	61.031
2352	62.75
2353	61.938
2354	62.906
2355	61.594
2356	61.188
2357	61.438
2358	60.344
2359	62.406
2360	62.188
2361	62.625
2362	65.719
2363	68.844
2364	69.344
2365	71
2366	69.562
2367	69.781
2368	69.969
2369	70.719
2370	69.719
2371	69.531
2372	68.25
2373	68.062
2374	70.375
2375	67.656
2376	68.094
2377	68.094
2378	66.656
2379	66.688
2380	66.25
2381	64.531
2382	65.969
2383	67.219
2384	66.75
2385	64.688
2386	64.781
2387	65.031
2388	63.5
2389	62.938
2390	62.625
2391	63.719
2392	62.969
2393	65.188
2394	62.062
2395	63.969
2396	62.062
2397	64.719
2398	63.969
2399	61.906
2400	62.875
2401	63.625
2402	63.219
2403	63
2404	62.656
2405	61.656
2406	61.344
2407	64.219
2408	62.281
2409	62.219
2410	62.562
2411	63.938
2412	63.219
2413	62.656
2414	62.812
2415	62.031
2416	61.469
2417	62.344
2418	61.906
2419	62.812
2420	61.562
2421	62.75
2422	61.469
2423	62.719
2424	60.438
2425	62.156
2426	61.281
2427	63.094
2428	61.312
2429	64.75
2430	61.219
2431	61.5
2432	62.844
2433	61.938
2434	61.969
2435	60.781
2436	63.156
2437	61.062
2438	65.031
2439	62.219
2440	60.719
2441	61.969
2442	61.031
2443	61.469
2444	61.312
2445	61.062
2446	61.938
2447	62.188
2448	63.281
2449	61.094
2450	63.312
2451	64.281
2452	63.5
2453	61.5
2454	60.906
2455	62.281
2456	61.531
2457	60.156
2458	62.594
2459	62.375
2460	59.688
2461	61.812
2462	60.719
2463	60.781
2464	62.219
2465	61.062
2466	61.438
2467	61.344
2468	61.812
2469	60.406
2470	62.25
2471	61.312
2472	60.312
2473	60.781
2474	60.969
2475	61.875
2476	60.281
2477	61.281
2478	61.125
2479	60.219
2480	59.188
2481	59.5
2482	61.438
2483	61.062
2484	59.906
2485	61.531
2486	61.75
2487	62.531
2488	59.969
2489	60.938
2490	61.344
2491	60.125
2492	61.031
2493	59.062
2494	59.406
2495	61.906
2496	59.938
2497	61.25
2498	60.625
2499	60.781
2500	61.594
2501	60.844
2502	61.5
2503	61.375
2504	61.25
2505	64.156
2506	61.688
2507	61.781
2508	62.812
2509	60.75
2510	61.156
2511	61.969
2512	62.406
2513	61.125
2514	62.688
2515	60.344
2516	61.594
2517	60.375
2518	60.562
2519	62.812
2520	63.781
2521	65.938
2522	67.594
2523	68.719
2524	68.469
2525	68.875
2526	69.875
2527	69.094
2528	69.375
2529	68.094
2530	68.219
2531	67.312
2532	65.562
2533	67.375
2534	65.594
2535	65.75
2536	65.062
2537	64.281
2538	63.25
2539	63.562
2540	63.688
2541	64.125
2542	62.781
2543	64.344
2544	61.312
2545	63.094
2546	61.969
2547	63.469
2548	63.594
2549	62.219
2550	63
2551	62.062
2552	62.25
2553	61.062
2554	61.5
2555	61.156
2556	62.406
2557	61.906
2558	61.188
2559	60.812
2560	61.531
2561	61.438
2562	59.844
2563	61.594
2564	59.812
2565	62.531
2566	60.406
2567	62.875
2568	62.438
2569	62.219
2570	60.562
2571	60.438
2572	60.344
2573	61.469
2574	60.312
2575	60.875
2576	61.406
2577	61.562
2578	59.188
2579	61.219
2580	62.594
2581	63.25
2582	61.062
2583	61.938
2584	61.625
2585	59.688
2586	60.594
2587	61.125
2588	61.156
2589	62.656
2590	59.812
2591	63.375
2592	60.812
2593	61.312
2594	60.156
2595	61.188
2596	61.156
2597	61.594
2598	61.594
2599	61.062
2600	59.375
2601	59.031
2602	60.281
2603	61.469
2604	61.719
2605	61.812
2606	61
2607	61.062
2608	59.094
2609	61.125
2610	60.531
2611	61.25
2612	60.812
2613	59.844
2614	61.625
2615	62.344
2616	62.312
2617	61.219
2618	60.875
2619	60.75
2620	61.531
2621	61.875
2622	61.094
2623	60.844
2624	61.156
2625	60.156
2626	59.031
2627	61
2628	61.344
2629	62.281
2630	60.688
2631	60.781
2632	60.5
2633	61.375
2634	60.5
2635	60.25
2636	61.938
2637	60.844
2638	61.125
2639	59.969
2640	60.125
2641	61.031
2642	60.312
2643	59.062
2644	60.625
2645	62.281
2646	60.719
2647	59.938
2648	60.688
2649	60.656
2650	61.875
2651	64.25
2652	67.281
2653	68.656
2654	67.406
2655	68.781
2656	69.031
2657	69.844
2658	67.281
2659	68.781
2660	67.656
2661	67.125
2662	64.938
2663	64.375
2664	65.719
2665	66.719
2666	64.625
2667	64.281
2668	66
2669	64.344
2670	61.75
2671	64.094
2672	62.406
2673	63.25
2674	65
2675	61.719
2676	63.5
2677	63.531
2678	62.906
2679	64.406
2680	68.75
2681	65.844
2682	71.156
2683	68.75
2684	70.688
2685	70.469
2686	66.156
2687	67.969
2688	65.781
2689	65.219
2690	65.469
2691	64.906
2692	65.594
2693	62.375
2694	64.656
2695	65.281
2696	65
2697	62.75
2698	63.031
2699	61.656
2700	64.156
2701	63.344
2702	63.906
2703	62.594
2704	63
2705	62.375
2706	64.312
2707	61.625
2708	63.438
2709	60.938
2710	63.594
2711	61.656
2712	63.156
2713	61.312
2714	63.125
2715	63.562
2716	62.906
2717	62.125
2718	63.281
2719	64.062
2720	63.188
2721	61.781
2722	62.938
2723	62.156
2724	62.219
2725	62.375
2726	62.656
2727	61.781
2728	61.812
2729	62.281
2730	62.625
2731	61.594
2732	61.594
2733	60.031
2734	62.719
2735	61.906
2736	63
2737	62.719
2738	61.656
2739	60.656
2740	61.938
2741	61.188
2742	61.562
2743	61.531
2744	60.875
2745	59.344
2746	59.719
2747	60.812
2748	58.875
2749	60.156
2750	60.406
2751	60.625
2752	62.656
2753	60.812
2754	60.906
2755	61.094
2756	60.812
2757	62.562
2758	63.125
2759	61.719
2760	61.219
2761	62.406
2762	60.812
2763	62.125
2764	60.094
2765	59.75
2766	61.406
2767	60.75
2768	60.375
2769	61.469
2770	60.531
2771	62.094
2772	63.062
2773	61.531
2774	61.344
2775	60.594
2776	60.312
2777	62.812
2778	61.094
2779	60.844
2780	61.031
2781	60.688
2782	60.469
2783	62.188
2784	61.938
2785	61.469
2786	62.031
2787	61.875
2788	62
2789	61.562
2790	61.219
2791	58.938
2792	60.375
2793	59.594
2794	60.438
2795	60.375
2796	61.688
2797	60.312
2798	61
2799	62.5
2800	62.281
2801	60.875
2802	60.719
2803	59.938
2804	61.844
2805	62.812
2806	66.188
2807	67.125
2808	69.812
2809	67.938
2810	69.75
2811	68.469
2812	67.562
2813	68.25
2814	66.844
2815	65.5
2816	64.844
2817	64.062
2818	64.188
2819	64.5
2820	64.125
2821	63.75
2822	64.062
2823	62.656
2824	62.625
2825	61.625
2826	62.062
2827	63.875
2828	62.25
2829	59.562
2830	62.406
2831	62.094
2832	62.875
2833	61.344
2834	61.5
2835	64
2836	63.812
2837	64.062
2838	65.75
2839	68.656
2840	68.562
2841	68.188
2842	68.719
2843	67.156
2844	67.625
2845	67.594
2846	66.406
2847	67.688
2848	66.812
2849	66.156
2850	65.531
2851	65.219
2852	63.312
2853	65.312
2854	63.969
2855	64.5
2856	63.406
2857	63.594
2858	62.438
2859	61.875
2860	62.875
2861	62.188
2862	63.438
2863	63.469
2864	61.344
2865	62.281
2866	62.938
2867	62.562
2868	63.406
2869	60.031
2870	61.75
2871	63.188
2872	61.938
2873	60.844
2874	61.531
2875	63.281
2876	62.25
2877	60.344
2878	61.75
2879	63.219
2880	62.281
2881	61.594
2882	60.906
2883	61.469
2884	61.688
2885	61.219
2886	61.844
2887	61.562
2888	60.375
2889	59.906
2890	61.531
2891	61.031
2892	62.562
2893	61.25
2894	61
2895	60.906
2896	62.312
2897	62.688
2898	61.5
2899	61.188
2900	61.625
2901	59.594
2902	60.219
2903	60.438
2904	61.531
2905	60.312
2906	60.875
2907	60.25
2908	61.188
2909	61.625
2910	61.562
2911	63.75
2912	60.75
2913	61.25
2914	60
2915	59.562
2916	62.281
2917	60.875
2918	62.25
2919	60.844
2920	58.75
2921	58.5
2922	60.281
2923	59.656
2924	60.5
2925	60.344
2926	59.719
2927	60.344
2928	61.188
2929	60.156
2930	60.375
2931	59.844
2932	60.219
2933	60.969
2934	61
2935	61.469
2936	59.156
2937	60.219
2938	60.75
2939	60.219
2940	60.219
2941	58.344
2942	60.5
2943	60.844
2944	58.656
2945	61.062
2946	59.875
2947	60.125
2948	59.156
2949	59.531
2950	60.062
2951	59.938
2952	59.594
2953	59.406
2954	59.938
2955	58.906
2956	60.656
2957	61.125
2958	60.75
2959	61.375
2960	62.062
2961	61.156
2962	59.719
2963	60.188
2964	61.375
2965	60.875
2966	61.469
2967	60.938
2968	59.938
2969	60.219
2970	61.094
2971	59.781
2972	58.719
2973	59.469
2974	59.781
2975	57.625
2976	60.656
2977	60.5
2978	60.719
2979	59.156
2980	60.25
2981	60.062
2982	59.875
2983	61.594
2984	60.531
2985	60.938
2986	58.656
2987	60.531
2988	59.812
2989	59.281
2990	57.938
2991	61.281
2992	59.531
2993	60.156
2994	61.469
2995	60.656
2996	62.406
2997	65.406
2998	67.438
2999	67.031
3000	68.656
3001	68.812
3002	68.5
3003	70.188
3004	67.312
3005	67.531
3006	67.5
3007	67.531
3008	65.75
3009	65.719
3010	65.719
3011	64.562
3012	65.562
3013	64.156
3014	63.438
3015	63.188
3016	61.594
3017	60.781
3018	62.719
3019	62.188
3020	63.281
3021	63.125
3022	60.031
3023	61.312
3024	62.188
3025	61.844
3026	60.562
3027	62.812
3028	61.875
3029	61.906
3030	61.375
3031	61.688
3032	61.844
3033	60.75
3034	61.219
3035	62.094
3036	61.219
3037	59.812
3038	62.5
3039	61.562
3040	61.062
3041	61.125
3042	60.094
3043	61.688
3044	61.625
3045	61
3046	60.562
3047	60.719
3048	60.906
3049	61.75
3050	62.75
3051	59.75
3052	62.188
3053	58.188
3054	61.5
3055	61.625
3056	61.469
3057	59.656
3058	59.594
3059	59.75
3060	59.562
3061	59.844
3062	61.312
3063	60.938
3064	58.75
3065	59.375
3066	59.938
3067	61.281
3068	60.156
3069	61.969
3070	60.562
3071	59.469
3072	61.312
3073	60.938
3074	60.594
3075	60.531
3076	60.281
3077	60.375
3078	61.031
3079	58.562
3080	59.812
3081	59.406
3082	59.719
3083	60.719
3084	61.438
3085	57.812
3086	61.188
3087	60.438
3088	59.719
3089	59.5
3090	58.812
3091	59.781
3092	60.062
3093	59.594
3094	59.406
3095	60.031
3096	60.375
3097	57.406
3098	58.5
3099	60.219
3100	61.812
3101	60.094
3102	60.125
3103	61
3104	60.844
3105	59.688
3106	60.312
3107	60.875
3108	61.625
3109	59.562
3110	59.625
3111	60.406
3112	57.906
3113	60.438
3114	58.75
3115	59.094
3116	59.312
3117	59.469
3118	59
3119	60.469
3120	59.781
3121	58
3122	60.375
3123	60.812
3124	58.719
3125	59.312
3126	59.844
3127	59.844
3128	58.906
3129	58.406
3130	61.25
3131	61.062
3132	59.781
3133	58.875
3134	59.75
3135	59.969
3136	59.656
3137	59.156
3138	58.875
3139	61.25
3140	61
3141	60.062
3142	60.188
3143	59.719
3144	59.562
3145	61.188
3146	61.375
3147	57.781
3148	61.562
3149	60.812
3150	59.906
3151	58.844
3152	59.969
3153	59.906
3154	60.188
3155	63.281
3156	64.5
3157	66.375
3158	67.094
3159	68.75
3160	68.344
3161	68.938
3162	68.594
3163	67
3164	68.219
3165	67
3166	65.75
3167	66.438
3168	66.406
3169	63.656
3170	64.812
3171	64.5
3172	65.094
3173	63.062
3174	61.688
3175	62.906
3176	62.562
3177	62.25
3178	62.5
3179	63.156
3180	61.25
3181	60.938
3182	61.188
3183	60.094
3184	61.406
3185	60.625
3186	61.562
3187	62.656
3188	61.531
3189	60.25
3190	60.562
3191	59.875
3192	60.5
3193	60.125
3194	57.406
3195	59.156
3196	61.125
3197	58.938
3198	58.625
3199	60.5
3200	60.156
3201	61.656
3202	59.844
3203	59.656
3204	60.062
3205	60.938
3206	60.75
3207	59.094
3208	60.938
3209	60.469
3210	59.375
3211	60.5
3212	59.219
3213	59.5
3214	60.594
3215	61.281
3216	60.281
3217	58.281
3218	60.906
3219	59.062
3220	59.875
3221	59.781
3222	60.594
3223	60.438
3224	60.531
3225	60.062
3226	59.594
3227	60.344
3228	61.875
3229	60.875
3230	61.375
3231	60.812
3232	59.375
3233	58.375
3234	59
3235	60.312
3236	59.312
3237	61.25
3238	59.188
3239	59.625
3240	60.562
3241	59.906
3242	59.812
3243	59.844
3244	60.469
3245	57.75
3246	60.125
3247	58.125
3248	59.906
3249	58.25
3250	60.344
3251	58.688
3252	60.844
3253	62.156
3254	59.25
3255	60.719
3256	59.969
3257	59.125
3258	57.844
3259	61.031
3260	58.656
3261	59.281
3262	60.375
3263	58.844
3264	60.312
3265	61.031
3266	58.875
3267	60.531
3268	59.281
3269	59.75
3270	60
3271	60.375
3272	61.719
3273	60.344
3274	60.25
3275	59.031
3276	59.719
3277	58.969
3278	60.5
3279	60.125
3280	61.125
3281	59.281
3282	59
3283	60.469
3284	61.906
3285	60.188
3286	59.312
3287	60.688
3288	60.594
3289	61.531
3290	59.75
3291	59.562
3292	60.688
3293	61.062
3294	59.219
3295	60.656
3296	58.781
3297	60.344
3298	58.969
3299	59.969
3300	59.906
3301	59.656
3302	58.812
3303	59.938
3304	60.781
3305	59.594
3306	58.969
3307	59.938
3308	59.031
3309	59.344
3310	59.688
3311	59.75
3312	59.031
3313	59.938
3314	62.469
3315	64.781
3316	66.406
3317	65.375
3318	67.531
3319	66.625
3320	68.594
3321	68.156
3322	65.406
3323	66.969
3324	65.594
3325	65.406
3326	63.156
3327	65.062
3328	64.125
3329	63.25
3330	63.531
3331	63.156
3332	64.344
3333	63.156
3334	61.156
3335	61.125
3336	61.281
3337	62.594
3338	62.438
3339	59.969
3340	60.562
3341	62.906
3342	59.219
3343	60.656
3344	62.156
3345	61.031
3346	61.031
3347	58.531
3348	60.5
3349	59.906
3350	60.25
3351	59.938
3352	60.531
3353	59.75
3354	60.062
3355	58.688
3356	60.5
3357	60.062
3358	61.281
3359	61.438
3360	60.594
3361	60.562
3362	58.625
3363	61.812
3364	59.594
3365	61.656
3366	61.094
3367	58.938
3368	58.031
3369	61.219
3370	58.438
3371	59.094
3372	60.594
3373	58.469
3374	59.969
3375	59.5
3376	60.406
3377	59.812
3378	60.406
3379	59.5
3380	59.812
3381	60.062
3382	59.031
3383	59.5
3384	59.094
3385	60.719
3386	57.656
3387	61.219
3388	62
3389	60.469
3390	61.125
3391	59
3392	62.25
3393	58.719
3394	59.938
3395	59.031
3396	60.5
3397	60.406
3398	60.688
3399	60.156
3400	61.594
3401	59.25
3402	58.562
3403	58.094
3404	62.125
3405	60.094
3406	58.25
3407	60.375
3408	58.5
3409	59.906
3410	57.156
3411	59.469
3412	58.594
3413	56.719
3414	60.781
3415	59.938
3416	60.125
3417	59.625
3418	59.688
3419	59.469
3420	60.781
3421	58.531
3422	58.969
3423	59.344
3424	59.75
3425	60.688
3426	58.469
3427	59.375
3428	60.688
3429	60.688
3430	62.031
3431	59.031
3432	59.562
3433	60.781
3434	59.625
3435	63.469
3436	67.594
3437	66.531
3438	68.688
3439	68.094
3440	70.312
3441	67.812
3442	67.156
3443	67.219
3444	67.906
3445	65.438
3446	67.062
3447	66.031
3448	65.156
3449	63.625
3450	65.094
3451	63.625
3452	63.344
3453	64.719
3454	64
3455	62.312
3456	62.281
3457	62
3458	61.5
3459	61.969
3460	62.438
3461	62.812
3462	62.719
3463	62.125
3464	59.906
3465	60.625
3466	61.188
3467	59.719
3468	61.906
3469	60.625
3470	61.156
3471	60.062
3472	59.219
3473	62.75
3474	64.969
3475	66.156
3476	67.188
3477	67.25
3478	68.062
3479	68.031
3480	65.844
3481	66.5
3482	64.906
3483	65.031
3484	65.625
3485	62.812
3486	62.75
3487	63.125
3488	63.812
3489	61.219
3490	61.531
3491	63.344
3492	62.594
3493	60.688
3494	60.938
3495	60.406
3496	60.156
3497	62.094
3498	60.719
3499	61.25
3500	61.312
3501	61.719
3502	61.25
3503	59.906
3504	62.312
3505	62.281
3506	59.938
3507	60.062
3508	62.281
3509	61.906
3510	60.281
3511	62.031
3512	59.969
3513	61.781
3514	60.781
3515	61.062
3516	61.5
3517	60.062
3518	61.312
3519	59.75
3520	61
3521	60.625
3522	60
3523	60.219
3524	60.719
3525	59.156
3526	60.156
3527	61.375
3528	59.594
3529	58.531
3530	58.469
3531	58.625
3532	58.594
3533	59.312
3534	59.719
3535	59.625
3536	59.062
3537	59.156
3538	59.375
3539	60.375
3540	60.031
3541	60.812
3542	58.5
3543	58.406
3544	58.906
3545	59.5
3546	58.875
3547	60.25
3548	60
3549	60.094
3550	59.094
3551	60.812
3552	59.844
3553	58.938
3554	58.562
3555	58.812
3556	60.094
3557	59.656
3558	59.75
3559	59.406
3560	58.656
3561	60.719
3562	58.219
3563	60
3564	60.281
3565	57.562
3566	60
3567	58.656
3568	59.781
3569	60
3570	59.875
3571	60.125
3572	59.781
3573	60.031
3574	60.562
3575	60.656
3576	59.781
3577	58.812
3578	59.438
3579	59.25
3580	57.844
3581	60.562
3582	58.25
3583	60.75
3584	59.344
3585	58.531
3586	57.531
3587	58.219
3588	59.906
3589	59.188
3590	58.875
3591	59.5
3592	58.688
3593	59.188
3594	60.812
3595	60.281
3596	60.031
3597	58.656
3598	59.594
3599	60.375
3600	59.625
3601	58.656
3602	59.906
3603	59.812
3604	60.562
3605	63.938
3606	66.938
3607	67.969
3608	67.188
3609	66.406
3610	68.656
3611	65.969
3612	66.062
3613	65.312
3614	64.156
3615	65.062
3616	64
3617	64.844
3618	63.656
3619	62.875
3620	62.75
3621	60.969
3622	62.156
3623	61.969
3624	60.969
3625	62.656
3626	62.625
3627	58.719
3628	61.219
3629	61.5
3630	59.312
3631	60.438
3632	62.844
3633	67.156
3634	66.062
3635	66.094
3636	65.531
3637	67.812
3638	65.094
3639	64.5
3640	64.938
3641	64.719
3642	63.781
3643	61.875
3644	65
3645	63.625
3646	63.062
3647	62.25
3648	63.875
3649	62.406
3650	62.906
3651	63.938
3652	63.094
3653	64.781
3654	60.438
3655	63
3656	62
3657	62
3658	62.125
3659	62.469
3660	60.906
3661	59.688
3662	59.875
3663	60.188
3664	61.312
3665	62.25
3666	60.594
3667	61.406
3668	61.281
3669	59.312
3670	61.438
3671	62.094
3672	60.5
3673	60.719
3674	57.469
3675	61.125
3676	62.656
3677	60.375
3678	61.781
3679	60.188
3680	63.438
3681	62.688
3682	61.688
3683	61.062
3684	62.156
3685	59.062
3686	62.625
3687	59.5
3688	60.031
3689	61.312
3690	58.625
3691	60.156
3692	59.781
3693	59.562
3694	58.688
3695	60.75
3696	58.344
3697	58.188
3698	58.75
3699	60.531
3700	59.531
3701	59.094
3702	60.188
3703	60.094
3704	57.938
3705	59.656
3706	60.469
3707	58.844
3708	58.281
3709	58.625
3710	58.688
3711	58.75
3712	59.969
3713	59.688
3714	59.594
3715	60.188
3716	60.594
3717	61.281
3718	59.188
3719	60.375
3720	60.562
3721	59.531
3722	60.094
3723	61.281
3724	60.156
3725	60.531
3726	59.719
3727	60.531
3728	59.125
3729	60.531
3730	59.156
3731	60.75
3732	60.75
3733	60.906
3734	59.906
3735	58.844
3736	59.781
3737	60.562
3738	56.125
3739	58.812
3740	60.219
3741	58.969
3742	59
3743	57.156
3744	60.188
3745	59.688
3746	57.5
3747	59.688
3748	58.562
3749	58.938
3750	59.531
3751	59.25
3752	60.188
3753	59.156
3754	59.062
3755	58.812
3756	61.25
3757	59.469
3758	59.062
3759	59.281
3760	59.406
3761	58.656
3762	59.031
3763	59.781
3764	58.75
3765	59.219
3766	59.25
3767	58.156
3768	58.281
3769	58.438
3770	57.938
3771	59.156
3772	59.219
3773	58.75
3774	58.594
3775	59.969
3776	58.281
3777	58.188
3778	58
3779	59.938
3780	58.656
3781	58.219
3782	61.031
3783	59.188
3784	59.844
3785	58
3786	58.75
3787	61.625
3788	60.344
3789	59.094
3790	60.719
3791	62.812
3792	64.375
3793	66.281
3794	65.844
3795	67.188
3796	68.031
3797	67.719
3798	66.031
3799	65.469
3800	65.312
3801	65.438
3802	64.812
3803	64.844
3804	62.812
3805	63.938
3806	63.188
3807	63.875
3808	61.844
3809	61.906
3810	61.969
3811	63.531
3812	60.656
3813	60.25
3814	59.25
3815	60.688
3816	61.562
3817	60.812
3818	61.938
3819	59.531
3820	61.656
3821	60.25
3822	62.062
3823	61.562
3824	60.406
3825	60.031
3826	60.125
3827	61.188
3828	60.438
3829	58.375
3830	59.469
3831	59.719
3832	60.844
3833	57.75
3834	60.25
3835	58.75
3836	60.562
3837	59.688
3838	58
3839	59.5
3840	60.094
3841	60.062
3842	58.594
3843	59.281
3844	58.656
3845	60.094
3846	60.344
3847	58.594
3848	60.25
3849	58.812
3850	58.438
3851	60.125
3852	59.375
3853	58.562
3854	60.281
3855	59.312
3856	58.406
3857	59.594
3858	57.469
3859	59.562
3860	59.875
3861	60.438
3862	59.906
3863	58.719
3864	58.438
3865	59
3866	59.656
3867	58.562
3868	59
3869	60.906
3870	59
3871	59.312
3872	58.281
3873	57.781
3874	58.625
3875	58.844
3876	59.75
3877	59.594
3878	58.625
3879	57.25
3880	57.938
3881	57.812
3882	58.469
3883	57.125
3884	59.281
3885	58.781
3886	58.594
3887	58.156
3888	58.188
3889	57.312
3890	58.125
3891	60.594
3892	57.406
3893	56.875
3894	57.594
3895	58
3896	59.125
3897	57.062
3898	57.719
3899	58.625
3900	59.344
3901	57.781
3902	57.469
3903	60.312
3904	58.312
3905	58.031
3906	60.094
3907	57.281
3908	57.625
3909	58.5
3910	59
3911	57.594
3912	57.531
3913	58.938
3914	59.25
3915	58.906
3916	57.438
3917	59.062
3918	59.281
3919	59.062
3920	57.875
3921	57
3922	57.969
3923	58.281
3924	57.031
3925	58.469
3926	59.625
3927	56.656
3928	56.625
3929	58.75
3930	57.844
3931	59.094
3932	57.781
3933	57.344
3934	58.781
3935	58.375
3936	57.688
3937	58.719
3938	57.219
3939	58.219
3940	58.969
3941	60.094
3942	59.062
3943	60.438
3944	63.969
3945	66.625
3946	63.438
3947	66
3948	64.531
3949	65.406
3950	64.844
3951	65.562
3952	64.875
3953	64.531
3954	63.719
3955	65.969
3956	65.125
3957	65
3958	64.812
3959	62.406
3960	62.188
3961	64
3962	62.875
3963	61.906
3964	62.125
3965	62.469
3966	61.125
3967	60.438
3968	59.75
3969	61.625
3970	59.938
3971	60.406
3972	60.219
3973	59.5
3974	59.219
3975	61.156
3976	60.25
3977	57.469
3978	60.688
3979	59.125
3980	59.75
3981	58.188
3982	59.656
3983	57.156
3984	59.469
3985	58.844
3986	60.344
3987	60.5
3988	59.375
3989	59.594
3990	57.906
3991	59.781
3992	59.562
3993	58.625
3994	59.031
3995	58.094
3996	59.031
3997	59.312
3998	59.969
3999	57.688
4000	58.969
4001	58.688
4002	57.562
4003	57.312
4004	59.062
4005	58.906
4006	59.031
4007	59.719
4008	60.219
4009	57.5
4010	59.219
4011	58.281
4012	58.719
4013	58.031
4014	57.906
4015	61.031
4016	59.781
4017	58.438
4018	59.469
4019	58.562
4020	58.156
4021	59.25
4022	60.125
4023	57.844
4024	60.281
4025	58.25
4026	59.781
4027	59.156
4028	59.125
4029	56.594
4030	58.781
4031	57.531
4032	57.906
4033	57.969
4034	58.906
4035	58.219
4036	57.312
4037	59
4038	58.719
4039	59.438
4040	60.438
4041	59.75
4042	58.031
4043	57.75
4044	59.25
4045	58.875
4046	59.562
4047	57.5
4048	57.469
4049	58.438
4050	57.312
4051	58.969
4052	59.562
4053	59.344
4054	58.156
4055	58.469
4056	56.781
4057	55.844
4058	57.75
4059	58.875
4060	59.5
4061	56.312
4062	60
4063	59.406
4064	57.781
4065	59.312
4066	56.875
4067	57.844
4068	56.531
4069	58.25
4070	55.656
4071	58.125
4072	57.219
4073	58.531
4074	58.156
4075	57.75
4076	59.688
4077	58.094
4078	57.156
4079	58.75
4080	61.875
4081	64
4082	64.469
4083	65.406
4084	63.406
4085	62.688
4086	66.156
4087	64.25
4088	64.688
4089	63.094
4090	61.688
4091	61.375
4092	63.25
4093	62.062
4094	61.562
4095	60.594
4096	61.281
4097	60.312
4098	60.906
4099	58.719
4100	60.75
4101	60.094
4102	58.688
4103	61.75
4104	59.219
4105	60.062
4106	59.719
4107	59.125
4108	60.5
4109	61.781
4110	61.75
4111	62.25
4112	66.344
4113	65.781
4114	65.875
4115	64.969
4116	62.844
4117	63.844
4118	63.656
4119	64.719
4120	60.75
4121	62.594
4122	60.719
4123	61.656
4124	60.719
4125	59.656
4126	60.094
4127	60.188
4128	58.125
4129	58.469
4130	58.812
4131	59.875
4132	60.5
4133	60.219
4134	55.969
4135	59.438
4136	59.656
4137	57.688
4138	59.125
4139	61.5
4140	59.594
4141	61
4142	58.969
4143	58.312
4144	59.219
4145	58.344
4146	59.312
4147	58.562
4148	58.688
4149	60.438
4150	61
4151	59.531
4152	58.844
4153	60.781
4154	59.344
4155	59.656
4156	59.844
4157	59.031
4158	58.938
4159	57.844
4160	59.562
4161	57.812
4162	56.75
4163	58.344
4164	58.969
4165	59.094
4166	58
4167	60.438
4168	59.312
4169	58.812
4170	58.156
4171	57.156
4172	59.969
4173	59.688
4174	58.469
4175	57.438
4176	58.562
4177	59.344
4178	58.719
4179	56.906
4180	59.094
4181	58
4182	56.031
4183	58.312
4184	58.188
4185	59.188
4186	58.344
4187	58.469
4188	58
4189	57.562
4190	59.5
4191	59.031
4192	58.219
4193	57.531
4194	60
4195	57.656
4196	59.312
4197	57.812
4198	60.219
4199	58.656
4200	57.438
4201	58.031
4202	57.781
4203	58.219
4204	58.062
4205	57.5
4206	57.906
4207	59.781
4208	57.188
4209	57.219
4210	58.125
4211	58.531
4212	58.5
4213	57.812
4214	58.469
4215	59.156
4216	58.125
4217	58.031
4218	57.344
4219	57.594
4220	59.812
4221	57.344
4222	57.875
4223	59.281
4224	56.906
4225	59.031
4226	57.25
4227	58.156
4228	59.562
4229	57.719
4230	56.906
4231	57.906
4232	58.438
4233	59.031
4234	56.375
4235	58.25
4236	57.5
4237	58.25
4238	58.531
4239	57.5
4240	59.406
4241	57.5
4242	56.906
4243	57.75
4244	58.812
4245	58.625
4246	59.156
4247	57.781
4248	59.062
4249	57.906
4250	58.594
4251	59.281
4252	59
4253	58.188
4254	58.531
4255	62
4256	63.344
4257	63.625
4258	66.938
4259	65.188
4260	65.562
4261	65.969
4262	65.312
4263	63.156
4264	65.438
4265	63.906
4266	62.281
4267	64.031
4268	62.25
4269	65.031
4270	63.406
4271	63.188
4272	61.094
4273	61.188
4274	62.094
4275	62
4276	60.906
4277	60.438
4278	60.75
4279	59.781
4280	60.562
4281	63.031
4282	60.188
4283	62.531
4284	60.719
4285	60.75
4286	60.906
4287	60.5
4288	60.375
4289	61.438
4290	60.531
4291	59.281
4292	59.062
4293	58.75
4294	61.531
4295	59.281
4296	59.562
4297	59.625
4298	57.406
4299	60.031
4300	59.906
4301	60.094
4302	60.781
4303	58.781
4304	60.344
4305	59.438
4306	57.938
4307	59.312
4308	59.906
4309	59.125
4310	58
4311	59.469
4312	58.406
4313	58.469
4314	58.656
4315	58.531
4316	59.531
4317	58.938
4318	58.875
4319	59.938
4320	57.531
4321	60.688
4322	59.688
4323	58.812
4324	58.531
4325	58.406
4326	57
4327	59.406
4328	59.125
4329	58.875
4330	59.156
4331	59.656
4332	59.562
4333	59.969
4334	58.156
4335	57.938
4336	60.094
4337	58.719
4338	58.656
4339	58.281
4340	57.625
4341	58.188
4342	58.375
4343	58
4344	60.031
4345	58.844
4346	58.094
4347	58.812
4348	57
4349	56.688
4350	58.031
4351	56.906
4352	58.75
4353	58.375
4354	57.656
4355	57.531
4356	58.219
4357	57.219
4358	55.75
4359	57.688
4360	57.188
4361	58.625
4362	57.531
4363	58.188
4364	58.219
4365	57.438
4366	57.375
4367	58.062
4368	57.062
4369	55.781
4370	56.625
4371	56.125
4372	59
4373	57.25
4374	56.969
4375	56.562
4376	58.625
4377	60
4378	58.812
4379	58.719
4380	58.062
4381	58.219
4382	57.156
4383	57.625
4384	56.906
4385	56
4386	56.719
4387	58.25
4388	58.188
4389	58.75
4390	56.156
4391	57.938
4392	56.094
4393	56.719
4394	56.344
4395	58.062
4396	57.5
4397	58.438
4398	57.312
4399	57
4400	57.969
4401	59.344
4402	58.75
4403	57.938
4404	57.25
4405	57.312
4406	56.906
4407	55.969
4408	59.406
4409	56.781
4410	57.094
4411	58.562
4412	57
4413	57.719
4414	58.906
4415	57.969
4416	57.219
4417	57.125
4418	58.5
4419	59.25
4420	57.375
4421	58.281
4422	56.312
4423	56.469
4424	60.031
4425	55.25
4426	59.656
4427	63.812
4428	64.875
4429	65.531
4430	61.719
4431	63.125
4432	64.812
4433	63.312
4434	61.312
4435	63
4436	62.062
4437	63.375
4438	62.406
4439	62.906
4440	60.25
4441	61.781
4442	60.25
4443	62.844
4444	60.312
4445	61.625
4446	60.812
4447	59.219
4448	58.844
4449	58.062
4450	58.25
4451	57.312
4452	58.531
4453	58.031
4454	60.125
4455	57.719
4456	59.25
4457	58.312
4458	60.031
4459	59.719
4460	55.938
4461	59.406
4462	57.125
4463	56.969
4464	56.844
4465	59.062
4466	57.531
4467	57.188
4468	59.031
4469	58.219
4470	57.625
4471	57.625
4472	58.469
4473	56.656
4474	57.312
4475	59.188
4476	57.781
4477	56.281
4478	58.562
4479	56.438
4480	56.812
4481	57.906
4482	59.125
4483	57.031
4484	57.469
4485	56.875
4486	56.844
4487	57
4488	57.875
4489	57.25
4490	57.25
4491	59.469
4492	55.688
4493	55.094
4494	55.312
4495	56.031
4496	56.062
4497	56.438
4498	57.312
4499	55.375
4500	56.625
4501	58.062
4502	56.625
4503	57
4504	57.062
4505	58.438
4506	56.5
4507	57.5
4508	56.75
4509	54.969
4510	56.406
4511	57.375
4512	57.75
4513	56.469
4514	55.469
4515	57.688
4516	58.594
4517	57.562
4518	58.219
4519	56.531
4520	56.344
4521	57.281
4522	56.312
4523	58.406
4524	56.562
4525	56.906
4526	55.875
4527	57.25
4528	56.469
4529	56.062
4530	56.125
4531	57.688
4532	57.812
4533	58.406
4534	56.125
4535	56.094
4536	57.812
4537	56.625
4538	56.719
4539	56.719
4540	57.562
4541	56.656
4542	58.094
4543	57.469
4544	56.844
4545	58.594
4546	56.812
4547	58.625
4548	57.656
4549	56.594
4550	57.094
4551	56.781
4552	55.812
4553	55.094
4554	56.625
4555	55.812
4556	55.375
4557	57.469
4558	57.344
4559	58.344
4560	56.062
4561	56.219
4562	56.875
4563	57.656
4564	56.562
4565	56.875
4566	55.156
4567	57.656
4568	55.625
4569	57.938
4570	57.812
4571	56.281
4572	59.094
4573	56.719
4574	55.906
4575	56.938
4576	57.5
4577	57.219
4578	56.781
4579	58.406
4580	57.25
4581	54.656
4582	56.25
4583	55.656
4584	57.125
4585	58.75
4586	60.812
4587	62.812
4588	64.25
4589	63.344
4590	63.188
4591	62.25
4592	64.25
4593	62.844
4594	64.375
4595	62.562
4596	60.312
4597	61.125
4598	59.469
4599	58.938
4600	58.812
4601	58.406
4602	59.219
4603	59.438
4604	57.594
4605	59.219
4606	59.156
4607	57.312
4608	58.844
4609	58.844
4610	56.594
4611	58.375
4612	58.406
4613	58.938
4614	57.875
4615	58.594
4616	59.969
4617	58.688
4618	56.875
4619	58.656
4620	57.562
4621	56.656
4622	56.281
4623	58.469
4624	56.688
4625	57.75
4626	57.031
4627	59.281
4628	57.125
4629	57.188
4630	56.812
4631	57.875
4632	57.031
4633	57.094
4634	58.281
4635	56.344
4636	58.75
4637	57.812
4638	58.031
4639	57.25
4640	57.188
4641	57.406
4642	57.938
4643	56.688
4644	55.625
4645	56.219
4646	56.719
4647	57.75
4648	58.031
4649	56.281
4650	58.469
4651	57.188
4652	57.781
4653	58.75
4654	58.375
4655	57.688
4656	58.531
4657	59.125
4658	55.375
4659	57.094
4660	55.906
4661	57.188
4662	57
4663	55.125
4664	55.5
4665	55.438
4666	57.188
4667	58.438
4668	57.438
4669	56.625
4670	58.094
4671	56.938
4672	57.562
4673	56.938
4674	58.406
4675	57.031
4676	57.781
4677	56.719
4678	57.156
4679	56.281
4680	55.875
4681	55.312
4682	56.562
4683	56.188
4684	58.594
4685	56.75
4686	55.125
4687	55.969
4688	56.531
4689	58.781
4690	56.312
4691	56.562
4692	56.812
4693	56.812
4694	59.562
4695	57.781
4696	57.625
4697	58.188
4698	56.719
4699	57.531
4700	54.75
4701	56.25
4702	57.5
4703	55.438
4704	55.062
4705	58.469
4706	57.5
4707	58.844
4708	57.469
4709	56.531
4710	57.312
4711	56.781
4712	56.312
4713	56.656
4714	57.281
4715	58
4716	56.719
4717	55.625
4718	56.469
4719	56.281
4720	57.719
4721	57.125
4722	55.719
4723	57.875
4724	56.625
4725	57.188
4726	55.75
4727	55.562
4728	55.781
4729	55.281
4730	56.844
4731	57.594
4732	55.531
4733	55.594
4734	57.406
4735	57.094
4736	56.656
4737	58.5
4738	55.188
4739	56.188
4740	55.594
4741	57.281
4742	54.969
4743	56.344
4744	58.688
4745	63.062
4746	63.375
4747	64.344
4748	65.594
4749	63.469
4750	63.688
4751	64.156
4752	63.25
4753	61.906
4754	61.875
4755	62.688
4756	60.375
4757	60.188
4758	60.312
4759	59
4760	58.438
4761	60.406
4762	58.562
4763	57.594
4764	59.312
4765	57
4766	58.344
4767	58.531
4768	58.531
4769	57.094
4770	57.312
4771	57.938
4772	58.625
4773	58.344
4774	56.469
4775	56.438
4776	57.125
4777	57.219
4778	57.375
4779	56.469
4780	56.656
4781	56.875
4782	56.125
4783	56.688
4784	56.625
4785	56.562
4786	56.312
4787	55.375
