1	51.884
2	51.942
3	51.977
4	53.174
5	52.221
6	52.302
7	52.302
8	51.977
9	51.372
10	52.267
11	51.558
12	51.767
13	51.965
14	51.779
15	52.802
16	51.663
17	51.616
18	51.709
19	51.814
20	52.884
21	51.93
22	51.721
23	51.035
24	51.105
25	52.733
26	51.965
27	52.349
28	51.093
29	50.779
30	51.5
31	52.081
32	51.965
33	51.802
34	52.593
35	52.163
36	51.384
37	51.488
38	51.372
39	51.593
40	52.581
41	51.721
42	53.477
43	50.547
44	51.616
45	52.86
46	51.395
47	51.407
48	52.733
49	51.674
50	51.872
51	52.36
52	53.198
53	52.453
54	51.674
55	51.651
56	50.628
57	51.884
58	52.837
59	52.512
60	52.163
61	52.256
62	54.814
63	58.651
64	59.116
65	59.488
66	61.151
67	60.419
68	60.872
69	60.581
70	59.64
71	59.57
72	57.965
73	57.756
74	57.279
75	55.884
76	56.791
77	55.593
78	56.407
79	55.058
80	55.105
81	53.372
82	55
83	55.186
84	54.733
85	54.256
86	54.302
87	53.895
88	54.163
89	52.186
90	53.128
91	54.128
92	54.256
93	53.767
94	52.93
95	53.628
96	52.477
97	53.977
98	52.36
99	52.035
100	52.43
101	52.756
102	52.407
103	52.756
104	52.837
105	52.965
106	51.558
107	52.849
108	51.942
109	52.372
110	52.326
111	52.826
112	52.186
113	52.837
114	53.198
115	53.151
116	52.291
117	52.616
118	51.43
119	52.407
120	52.326
121	51.151
122	51.57
123	51.651
124	51.326
125	51.814
126	51.616
127	52.14
128	51.942
129	51.395
130	52.756
131	52.256
132	51.988
133	52.163
134	51.651
135	52.384
136	52.384
137	51.372
138	50.872
139	51.721
140	51.035
141	51.953
142	52.744
143	51.43
144	51.826
145	51.605
146	50.384
147	51.709
148	50.756
149	50.256
150	51.5
151	51.163
152	51.628
153	51.36
154	51.349
155	50.547
156	50.919
157	51.407
158	51.442
159	51.57
160	51.93
161	50.453
162	52.419
163	51.233
164	52.651
165	50.686
166	50.837
167	52.174
168	51.721
169	52.547
170	50.628
171	51.767
172	51.349
173	51.442
174	50.314
175	51.221
176	51.093
177	51.081
178	51.209
179	50.105
180	51.953
181	51.221
182	51.465
183	52.012
184	53.023
185	50.628
186	51.733
187	51.523
188	52.047
189	51.105
190	51.907
191	51.279
192	51.756
193	51.419
194	52.302
195	51.326
196	51.116
197	50.547
198	51.465
199	51.174
200	51.151
201	50.686
202	50.767
203	50.721
204	51.279
205	50.593
206	51.965
207	50.814
208	52.419
209	54.07
210	55.919
211	58.256
212	57.942
213	58.756
214	60.244
215	59.337
216	58.674
217	58.395
218	59.663
219	58.5
220	58.767
221	57
222	56.407
223	54.43
224	55.43
225	54.756
226	53.977
227	54.372
228	56.43
229	54.826
230	52.151
231	53.244
232	52.756
233	52.965
234	52.733
235	52.977
236	54.291
237	53.814
238	53.488
239	53.64
240	51.686
241	52.581
242	53
243	51.43
244	53.047
245	52.233
246	51.93
247	53.453
248	52.733
249	52.453
250	53.105
251	51.535
252	51.337
253	52.651
254	52.628
255	52.337
256	52.767
257	50.977
258	51.616
259	52.058
260	50.535
261	51.07
262	51.128
263	52.035
264	51.395
265	50.407
266	52.151
267	51.186
268	52.64
269	51.779
270	51.337
271	51.651
272	53.256
273	52.605
274	51.884
275	52.849
276	51.616
277	51.512
278	52.442
279	51.186
280	50.953
281	49.733
282	51.779
283	51.57
284	51.942
285	52.209
286	51.5
287	52.477
288	51.721
289	51.477
290	51.372
291	51.826
292	51.233
293	51.802
294	52.779
295	51.93
296	50.442
297	50.802
298	52.849
299	51.953
300	51.593
301	51.837
302	51.837
303	51.442
304	51.605
305	51.802
306	52.256
307	51.663
308	51.709
309	51.267
310	50.465
311	51.651
312	51.767
313	52
314	50.965
315	52.535
316	52.244
317	51.14
318	52.279
319	50.558
320	51.884
321	51.674
322	51.465
323	50.942
324	51.523
325	51.477
326	51.093
327	52.419
328	51.174
329	51.105
330	51.512
331	52.151
332	51.942
333	52.314
334	51.907
335	51.756
336	51.593
337	51
338	51.907
339	52.302
340	51.86
341	51.581
342	51.733
343	52.023
344	51.291
345	51.535
346	50.256
347	51.105
348	51.465
349	52.07
350	53.884
351	55.453
352	58.326
353	58.837
354	59.314
355	60.326
356	59.942
357	59.512
358	59.291
359	58.884
360	58.988
361	58.105
362	57.326
363	57.128
364	56.035
365	55.895
366	55.442
367	54.209
368	54.256
369	55.012
370	55.767
371	52.93
372	52.86
373	52.616
374	54.233
375	54.593
376	53.477
377	52.953
378	53.535
379	53.035
380	53.605
381	53.919
382	54.081
383	52.209
384	52.767
385	53.674
386	53.267
387	53.767
388	53.012
389	53.523
390	53.047
391	53.058
392	52.884
393	54.64
394	52
395	52.895
396	52.163
397	51.616
398	51.314
399	53.372
400	53.163
401	53.919
402	53.023
403	53.047
404	53.314
405	52.581
406	52.802
407	51.733
408	52.721
409	52.663
410	52.744
411	52.988
412	52.349
413	52.151
414	51.372
415	52.058
416	53.628
417	51.698
418	52.826
419	51.837
420	52.779
421	51.698
422	50.814
423	51.419
424	52.058
425	51.36
426	51.744
427	52.837
428	51.581
429	52.43
430	53.372
431	52.651
432	52.233
433	53.186
434	52.221
435	51.128
436	52.291
437	52.233
438	51.733
439	51.721
440	51.709
441	52.302
442	52.07
443	51.849
444	52
445	51.419
446	51.07
447	52.663
448	51.674
449	51.419
450	51.628
451	52.163
452	51.174
453	52.267
454	51.512
455	52.047
456	52.035
457	51.233
458	52.733
459	52.116
460	51.023
461	51.93
462	51.663
463	51.523
464	52.14
465	51.116
466	51.5
467	52.023
468	51.593
469	51.372
470	51.477
471	51.407
472	51.547
473	53.256
474	52.023
475	51.872
476	52.372
477	51.814
478	52.07
479	51.174
480	51.116
481	51.326
482	50.651
483	51.302
484	51.767
485	51.43
486	52.302
487	51.302
488	51.372
489	51.593
490	50.977
491	52.058
492	51.826
493	51.093
494	51.57
495	50.581
496	51.349
497	52.279
498	51.221
499	51.674
500	53
501	50.919
502	51.012
503	52.151
504	52.047
505	51.326
506	51.884
507	52.012
508	52.314
509	51.895
510	50.674
511	50.919
512	51.488
513	52.174
514	50.93
515	52.267
516	51.942
517	50.977
518	51.395
519	52.698
520	52.012
521	50.977
522	51.5
523	52.023
524	51.826
525	50.93
526	51.849
527	51.988
528	50.651
529	51.465
530	52.07
531	51.64
532	50.895
533	51.453
534	50.651
535	51.291
536	51.581
537	51.047
538	52.256
539	51.709
540	52.116
541	51.872
542	52.686
543	52.081
544	51.884
545	52.267
546	50.919
547	51.674
548	51.628
549	51.919
550	51.802
551	51.849
552	51.302
553	52.453
554	52.186
555	52.605
556	51.605
557	51.721
558	51.384
559	52.535
560	50.488
561	51.86
562	50.512
563	51.826
564	51.616
565	51.558
566	52.663
567	52.163
568	51.384
569	51.698
570	51.93
571	51.058
572	51.302
573	50.837
574	50.919
575	51.523
576	49.919
577	51.419
578	51.244
579	50.674
580	51.686
581	51.837
582	55.884
583	57.884
584	59.314
585	59.279
586	58.733
587	59.651
588	60.558
589	58.674
590	58.791
591	58.779
592	57.116
593	56.767
594	56.919
595	55.977
596	55.465
597	55.081
598	54.953
599	54.047
600	54.407
601	54.209
602	53.14
603	54.221
604	54.988
605	51.628
606	53.198
607	53.593
608	52.872
609	52.605
610	52.791
611	52.384
612	51.988
613	51.616
614	52.012
615	52.163
616	51.674
617	53.035
618	50.453
619	53.837
620	51.279
621	52.593
622	52.895
623	52.442
624	52.442
625	51.837
626	53.581
627	52.791
628	52.291
629	50.837
630	53.198
631	51.895
632	51.419
633	51
634	51.547
635	52.116
636	51.128
637	51.221
638	52.907
639	51.651
640	52.593
641	51.535
642	52.57
643	51.616
644	52.756
645	51.826
646	52.337
647	53.209
648	52.07
649	52.36
650	51.116
651	52.5
652	52.407
653	51.337
654	51.419
655	51.314
656	51.384
657	52.035
658	51.535
659	52.721
660	51.698
661	52.163
662	51.209
663	51.128
664	52.116
665	50.779
666	51.581
667	52.384
668	51.465
669	51.977
670	50.151
671	52.174
672	51.907
673	50.779
674	51.837
675	51.826
676	50.953
677	50.837
678	52.384
679	53.837
680	56.581
681	57.023
682	58.488
683	59.419
684	58.233
685	57.872
686	58.826
687	58.314
688	57.733
689	56.802
690	56.721
691	56.058
692	56.267
693	54.802
694	54.233
695	54.895
696	55.012
697	53.198
698	54.407
699	54.744
700	53.802
701	53.058
702	52.907
703	53.547
704	54.023
705	53.64
706	53.442
707	52.081
708	53.081
709	53.419
710	52.988
711	52.07
712	53.174
713	52.709
714	52.86
715	51.86
716	52.302
717	51.919
718	52.547
719	51.686
720	51.64
721	51.814
722	51.558
723	51.593
724	52.279
725	52.035
726	51.663
727	53.163
728	53.302
729	52.302
730	51.558
731	51.988
732	52.535
733	51.756
734	52.128
735	51.372
736	51.756
737	52.477
738	51.291
739	51.895
740	51.802
741	51.953
742	50.965
743	52.105
744	51.349
745	50.802
746	52.047
747	51.674
748	52.047
749	52.186
750	52.198
751	51.523
752	50.907
753	51.395
754	52.209
755	51.442
756	51.628
757	51.57
758	52.128
759	51.57
760	52.593
761	51.779
762	52.349
763	51.698
764	50.907
765	51.442
766	51.302
767	51.988
768	50.837
769	51.919
770	51.651
771	50.488
772	51.209
773	51.581
774	50.988
775	51.686
776	51.919
777	51.884
778	52.116
779	50.849
780	51.698
781	50.058
782	50.744
783	50.953
784	51.547
785	51.14
786	51.477
787	51.919
788	51.907
789	51.372
790	51.128
791	51.291
792	50.744
793	50.674
794	50.977
795	51.965
796	51.105
797	51.302
798	51.047
799	51.163
800	52.988
801	51.035
802	51.256
803	51.349
804	52.291
805	51.616
806	51.314
807	51.733
808	52.116
809	50.756
810	51.919
811	52.442
812	50.256
813	51.477
814	51.547
815	52.186
816	51.488
817	51.384
818	51.721
819	51.733
820	51.244
821	51.233
822	51.012
823	52.198
824	51.023
825	52.047
826	50.965
827	50.093
828	50.523
829	50.907
830	51.779
831	51.244
832	50.709
833	51.256
834	51.151
835	49.663
836	51.523
837	50.465
838	50.779
839	50.326
840	51.093
841	52.163
842	51.256
843	51.663
844	50.512
845	50.395
846	50.837
847	49.488
848	50.709
849	49.988
850	51.674
851	51.849
852	50.686
853	50.233
854	50.407
855	51.64
856	51.174
857	49.849
858	51.453
859	51.721
860	50.733
861	51.012
862	50.221
863	51.093
864	52.465
865	51.36
866	50.826
867	51.267
868	50.698
869	50.186
870	50.628
871	52.012
872	51.267
873	51.291
874	49.744
875	51.384
876	50.744
877	50.674
878	50.988
879	49.953
880	52.035
881	51.674
882	51.279
883	51.244
884	51.233
885	50.291
886	50.186
887	51.349
888	50.512
889	50.488
890	51.047
891	50.872
892	51.57
893	54.174
894	55.965
895	57.244
896	56.709
897	57.686
898	57.744
899	59.302
900	57.186
901	57.919
902	57.174
903	58.198
904	56.256
905	55.081
906	55.384
907	54.884
908	55.86
909	53.628
910	54.302
911	54.267
912	55.163
913	56.047
914	56.616
915	57.837
916	58.558
917	57.477
918	56.674
919	55.419
920	56.733
921	55.081
922	55.105
923	54.349
924	54.105
925	54.279
926	53.593
927	53.465
928	53.477
929	53.767
930	52.895
931	51.698
932	52.581
933	52.814
934	52.326
935	52.047
936	51.895
937	52.419
938	52
939	52.337
940	52.279
941	52.244
942	52.965
943	52.337
944	51.488
945	51.651
946	51.849
947	52.837
948	50.942
949	51.523
950	51.349
951	51.686
952	51.105
953	50.442
954	51.395
955	52.116
956	51.233
957	51.791
958	51.988
959	51.977
960	50.581
961	50.628
962	50.872
963	52.453
964	52.047
965	51.023
966	50.198
967	50.953
968	52.093
969	50.93
970	51.116
971	52.256
972	55
973	55.953
974	58.267
975	58.709
976	57.419
977	58.872
978	57.895
979	56.116
980	57.186
981	56.512
982	55.512
983	55.674
984	55.453
985	54.814
986	55.047
987	53.977
988	54.012
989	53.802
990	53.07
991	53.744
992	52.372
993	53.523
994	53.779
995	53.186
996	52.453
997	52.349
998	52.105
999	52.314
1000	51.837
1001	52.058
1002	51.919
1003	52.36
1004	51.419
1005	51.651
1006	51.616
1007	52.221
1008	51.105
1009	52.593
1010	51.779
1011	50.965
1012	51.57
1013	51.256
1014	50.802
1015	51.826
1016	52.221
1017	52.105
1018	51.64
1019	51.64
1020	52.767
1021	52.116
1022	52.081
1023	51.977
1024	51.244
1025	51.535
1026	51.651
1027	52.012
1028	51.628
1029	51.907
1030	51.651
1031	51.616
1032	52.581
1033	51.477
1034	51.081
1035	52.372
1036	51.802
1037	51.419
1038	51.837
1039	51.5
1040	51.837
1041	52.465
1042	51.128
1043	51.291
1044	50.942
1045	51.616
1046	52.919
1047	51.302
1048	51.802
1049	50.628
1050	51.407
1051	52.523
1052	52.093
1053	50.791
1054	51.302
1055	51.721
1056	51.709
1057	52.895
1058	51.372
1059	50.698
1060	52
1061	50.547
1062	51.128
1063	50.628
1064	50.64
1065	50.709
1066	50.779
1067	51.337
1068	51
1069	51.884
1070	50
1071	52.047
1072	51.256
1073	51.756
1074	50.721
1075	51.651
1076	51.756
1077	50.512
1078	52.174
1079	51.605
1080	52.116
1081	51.802
1082	51.744
1083	51.093
1084	51.035
1085	50
1086	51.57
1087	50.419
1088	51.698
1089	50.291
1090	51.337
1091	50.488
1092	51.767
1093	51.465
1094	51
1095	51.035
1096	51.128
1097	49.919
1098	50.663
1099	51.581
1100	50.547
1101	51.267
1102	51.663
1103	51.012
1104	51.151
1105	51.174
1106	51
1107	52.535
1108	51.442
1109	50.988
1110	50.058
1111	52.384
1112	50.756
1113	50.291
1114	50.512
1115	50.209
1116	50.895
1117	51.907
1118	50.674
1119	52
1120	49
1121	50.791
1122	51.477
1123	50.058
1124	49.988
1125	50.116
1126	50.686
1127	50.558
1128	50.07
1129	50.756
1130	49.988
1131	50.012
1132	50.442
1133	49.605
1134	50.233
1135	50.128
1136	50.849
1137	52.244
1138	51.628
1139	50.5
1140	50.384
1141	50.733
1142	50.5
1143	50.314
1144	51.721
1145	51.698
1146	50.5
1147	51.372
1148	50.023
1149	50.128
1150	51.14
1151	51.523
1152	50.57
1153	50.86
1154	50.523
1155	49.965
1156	50.233
1157	49.744
1158	49.756
1159	51.291
1160	49.477
1161	50.733
1162	49.744
1163	50.721
1164	50.244
1165	50.826
1166	50.86
1167	51.651
1168	51.105
1169	51.209
1170	49.523
1171	50.535
1172	50.186
1173	51.151
1174	49.523
1175	51.721
1176	51.047
1177	51.558
1178	51.081
1179	50.919
1180	50.674
1181	51.407
1182	51.558
1183	50.465
1184	50.744
1185	51.616
1186	50.233
1187	50.198
1188	50.012
1189	49.721
1190	50.233
1191	51.953
1192	50.453
1193	50.442
1194	50.395
1195	51.593
1196	49.849
1197	51.023
1198	49.721
1199	51.163
1200	50.895
1201	49.93
1202	51
1203	51.035
1204	49.86
1205	52.093
1206	50.686
1207	49.593
1208	50.535
1209	50.105
1210	51.686
1211	50.233
1212	50.558
1213	50.36
1214	50.302
1215	50.965
1216	51.093
1217	50.221
1218	50.302
1219	50.57
1220	50.349
1221	51
1222	51.756
1223	54.837
1224	56.93
1225	57.012
1226	57
1227	56.86
1228	57.523
1229	57.081
1230	55.826
1231	56.244
1232	57.023
1233	55.814
1234	55.023
1235	55.233
1236	55.198
1237	53.105
1238	52.233
1239	53.035
1240	52.919
1241	52.302
1242	52.709
1243	52.256
1244	52.372
1245	51.977
1246	52.116
1247	51.884
1248	51.919
1249	52.116
1250	51.337
1251	52.849
1252	51.395
1253	52.512
1254	51.791
1255	51.93
1256	51.198
1257	50.442
1258	52.826
1259	51.047
1260	51.872
1261	50.86
1262	50.837
1263	50.884
1264	51.186
1265	51.884
1266	49.895
1267	51.349
1268	50.326
1269	50.302
1270	51.07
1271	50.837
1272	51.081
1273	50.849
1274	49.826
1275	50.919
1276	50.64
1277	50.5
1278	50.012
1279	50.64
1280	49.233
1281	50.151
1282	50.791
1283	51.233
1284	50.14
1285	50.674
1286	50.128
1287	50.895
1288	50.267
1289	50.279
1290	51.244
1291	50.64
1292	50.384
1293	50.174
1294	51.395
1295	50.977
1296	52.43
1297	50.895
1298	51.186
1299	50.349
1300	49.279
1301	50.547
1302	51.267
1303	49.57
1304	49.814
1305	50.895
1306	52.058
1307	52.407
1308	50.547
1309	50.977
1310	51.279
1311	49.453
1312	50.058
1313	49.93
1314	51.07
1315	51.081
1316	50.093
1317	49.721
1318	49.256
1319	51.058
1320	50.814
1321	49.942
1322	50.337
1323	50.965
1324	50.093
1325	50.872
1326	50.395
1327	50.36
1328	50.616
1329	51.442
1330	52.012
1331	50.895
1332	51.36
1333	49.593
1334	51.384
1335	50.802
1336	49.802
1337	50.651
1338	50.477
1339	50.256
1340	50.326
1341	50.163
1342	51.349
1343	50.814
1344	50.593
1345	49.721
1346	50.384
1347	49.14
1348	50.384
1349	50.267
1350	50.64
1351	51.36
1352	50.384
1353	50.128
1354	51.012
1355	51.198
1356	50.221
1357	49.756
1358	50.36
1359	50.221
1360	51.221
1361	49.151
1362	50.593
1363	50.779
1364	50.174
1365	50.326
1366	50.837
1367	50.174
1368	49.186
1369	50.105
1370	51.267
1371	50.209
1372	49.953
1373	50.721
1374	50.744
1375	50.151
1376	51.035
1377	50.326
1378	50.488
1379	49.814
1380	50.209
1381	49.721
1382	49.953
1383	50.279
1384	50
1385	51.628
1386	49.93
1387	50.116
1388	50.337
1389	50.465
1390	50
1391	49.907
1392	50.837
1393	50.733
1394	49.465
1395	49.558
1396	50.651
1397	50.093
1398	51.605
1399	50.988
1400	50.616
1401	51.233
1402	50.512
1403	51.43
1404	53.721
1405	54.965
1406	55.756
1407	56.674
1408	57.547
1409	57.43
1410	57.012
1411	56.849
1412	57.791
1413	55.826
1414	55.616
1415	54.953
1416	54.977
1417	54.663
1418	52.884
1419	53.988
1420	52.605
1421	52.547
1422	50.919
1423	53.035
1424	52.151
1425	51.756
1426	51.326
1427	52.36
1428	52.337
1429	50.151
1430	51.814
1431	51.558
1432	51
1433	51.023
1434	50.57
1435	51.872
1436	51.384
1437	50.93
1438	50
1439	51.07
1440	51.081
1441	50.442
1442	50.814
1443	49.477
1444	50.872
1445	50.64
1446	50.616
1447	49.837
1448	50.128
1449	49.442
1450	49.674
1451	50.977
1452	50.453
1453	51.081
1454	50.547
1455	50.698
1456	50.558
1457	50.198
1458	49.698
1459	50.686
1460	50.895
1461	48.988
1462	49.047
1463	50.395
1464	51.256
1465	49.36
1466	49.581
1467	51.942
1468	54.988
1469	55.791
1470	56.884
1471	56.558
1472	56.5
1473	56.686
1474	56.174
1475	55.756
1476	55.826
1477	56.233
1478	56.802
1479	55.593
1480	55.93
1481	54.733
1482	54.337
1483	53.779
1484	52.884
1485	53.291
1486	52.733
1487	51.733
1488	52.605
1489	51.872
1490	53.314
1491	51.651
1492	50.977
1493	51.256
1494	50.791
1495	50.977
1496	51.093
1497	51.733
1498	50.395
1499	51.663
1500	51.395
1501	49.93
1502	50.36
1503	51.174
1504	51.198
1505	50.674
1506	50.535
1507	50.337
1508	51.093
1509	49.209
1510	50.302
1511	49.012
1512	49.64
1513	51.198
1514	50.267
1515	51.302
1516	51.57
1517	50.849
1518	51.663
1519	50.163
1520	50.837
1521	50.558
1522	48.826
1523	50.872
1524	50.372
1525	50.512
1526	49.895
1527	49.5
1528	50.337
1529	49.174
1530	49.744
1531	49.256
1532	49.384
1533	48.872
1534	50.895
1535	48.477
1536	50.36
1537	49.977
1538	50.035
1539	49.779
1540	49.663
1541	50.081
1542	48.849
1543	50.977
1544	49.326
1545	50
1546	50.256
1547	50.186
1548	50.035
1549	50.105
1550	49.372
1551	50.674
1552	49.558
1553	49.919
1554	50.477
1555	49.593
1556	50.663
1557	49.709
1558	49.733
1559	49.779
1560	49.779
1561	50.686
1562	50.837
1563	50.14
1564	49.756
1565	49.407
1566	48.744
1567	52.186
1568	53.581
1569	56.512
1570	55.488
1571	56.256
1572	57.442
1573	55.535
1574	56.628
1575	55.733
1576	54.919
1577	54.477
1578	53.965
1579	54.151
1580	51.942
1581	52.814
1582	52.86
1583	52.663
1584	52.233
1585	51.384
1586	51.43
1587	50.872
1588	51.174
1589	52.372
1590	50.93
1591	50.814
1592	50
1593	51.36
1594	50.558
1595	52.081
1596	49.802
1597	50.43
1598	50.814
1599	50.384
1600	49.64
1601	49.5
1602	49.779
1603	50.337
1604	49.093
1605	50.337
1606	50
1607	50.605
1608	49.616
1609	49.698
1610	50.07
1611	49.5
1612	50.674
1613	49.942
1614	50.326
1615	51.384
1616	48.802
1617	50.198
1618	49.488
1619	49.849
1620	50.221
1621	50.523
1622	49.651
1623	49.988
1624	50.395
1625	49.453
1626	49.57
1627	50.43
1628	50.349
1629	50.174
1630	48.86
1631	50.291
1632	50.291
1633	49.733
1634	49.395
1635	49.558
1636	53.465
1637	54.395
1638	53.872
1639	54.977
1640	56.209
1641	56.5
1642	57.43
1643	55.547
1644	54.86
1645	55.116
1646	54.442
1647	53.581
1648	53.977
1649	53.105
1650	52.895
1651	53.267
1652	52.593
1653	50.116
1654	51.814
1655	50.628
1656	52.116
1657	50.988
1658	50.721
1659	51.942
1660	51.872
1661	51.07
1662	51.151
1663	50.105
1664	50.407
1665	49.814
1666	51.14
1667	50.326
1668	50.174
1669	49.965
1670	50.663
1671	49.221
1672	50.267
1673	49.977
1674	50.977
1675	51.628
1676	50.581
1677	51.023
1678	49.477
1679	50
1680	49.721
1681	49.686
1682	50.477
1683	50.814
1684	49.686
1685	49.779
1686	49.628
1687	50
1688	48.314
1689	50.198
1690	48.57
1691	49.674
1692	49.733
1693	50.64
1694	48.86
1695	49.814
1696	49.605
1697	49.663
1698	48.721
1699	50.279
1700	49.756
1701	48.709
1702	49.395
1703	50.233
1704	47.779
1705	48.721
1706	48.942
1707	50.151
1708	49.884
1709	49.802
1710	49.163
1711	49.907
1712	50.372
1713	49.535
1714	49.372
1715	50.128
1716	48.907
1717	49.093
1718	49.372
1719	49.43
1720	49.779
1721	49.151
1722	49.814
1723	49.767
1724	48.686
1725	49.291
1726	52.035
1727	54.326
1728	56.023
1729	55.709
1730	55.535
1731	56.581
1732	57.523
1733	56.047
1734	56.14
1735	55.337
1736	54.058
1737	54.709
1738	53.756
1739	53.244
1740	53.093
1741	52.837
1742	52.174
1743	52.116
1744	51.419
1745	51.942
1746	52.523
1747	51.07
1748	51.488
1749	50.895
1750	52.791
1751	51.395
1752	52.047
1753	52.733
1754	52.814
1755	50.826
1756	51.407
1757	50.535
1758	49.907
1759	51.209
1760	50.581
1761	50.802
1762	50.209
1763	49.791
1764	51.384
1765	50.442
1766	50.628
1767	49.86
1768	50.884
1769	51.535
1770	51.302
1771	51.581
1772	50.767
1773	50.547
1774	50.814
1775	50.5
1776	50.221
1777	49.128
1778	50.116
1779	50.756
1780	50.337
1781	51.163
1782	50.116
1783	50.977
1784	51.093
1785	49.849
1786	51.047
1787	50.233
1788	50.174
1789	51.047
1790	51.012
1791	50.314
1792	50.314
1793	48.907
1794	50.14
1795	50.093
1796	50.733
1797	50.512
1798	48.919
1799	49.942
1800	50.965
1801	49.674
1802	50.442
1803	50.605
1804	49.686
1805	49.372
1806	50.07
1807	50.314
1808	50.105
1809	50.337
1810	50.116
1811	50.547
1812	51.012
1813	49.57
1814	50.419
1815	49.314
1816	50.081
1817	50.512
1818	49.419
1819	50.953
1820	49.535
1821	49.616
1822	49.081
1823	49.337
1824	50.128
1825	49.512
1826	50.349
1827	48.721
1828	50.907
1829	50.128
1830	50.86
1831	50.453
1832	49.547
1833	49.442
1834	50.209
1835	48.907
1836	49.895
1837	50.686
1838	50.314
1839	49.616
1840	49.733
1841	49.698
1842	50.151
1843	48.744
1844	49.488
1845	51.384
1846	48.337
1847	49.233
1848	50.256
1849	50.36
1850	48.802
1851	49.43
1852	50.186
1853	50.279
1854	49.674
1855	49.802
1856	48.058
1857	49.605
1858	49.837
1859	50.035
1860	49.86
1861	49.953
1862	48.953
1863	49.523
1864	48.919
1865	49.209
1866	49.953
1867	50.36
1868	49.872
1869	50
1870	49.337
1871	49.698
1872	50.372
1873	49.965
1874	47.93
1875	49.186
1876	49.465
1877	49.535
1878	48.57
1879	49.419
1880	49.698
1881	49.581
1882	49.395
1883	48.884
1884	49.674
1885	52.012
1886	55.419
1887	54.756
1888	55.07
1889	55.709
1890	56.198
1891	56.395
1892	55.884
1893	55.43
1894	54.907
1895	54.872
1896	54.105
1897	52.663
1898	53.128
1899	54.151
1900	53.512
1901	52.302
1902	52.035
1903	51.64
1904	52.872
1905	51.86
1906	51.198
1907	51.977
1908	51.965
1909	49.721
1910	50.721
1911	50.872
1912	50.36
1913	50.081
1914	51.302
1915	49.965
1916	50.674
1917	50.291
1918	48.93
1919	49.849
1920	49.721
1921	49.384
1922	50.14
1923	49.651
1924	49.686
1925	49.942
1926	50.07
1927	50.326
1928	48.872
1929	49.477
1930	49.907
1931	50.43
1932	49.721
1933	51.081
1934	48.919
1935	51.058
1936	50
1937	49.64
1938	49.314
1939	49.453
1940	49.244
1941	50.465
1942	50.07
1943	50.698
1944	49.837
1945	50.547
1946	49.558
1947	50.721
1948	49.744
1949	48.953
1950	49.802
1951	50.198
1952	50.256
1953	50.372
1954	50.07
1955	49.686
1956	50.512
1957	49.872
1958	50.872
1959	48.116
1960	49.395
1961	49.151
1962	50.547
1963	49.081
1964	49.826
1965	49.43
1966	49.395
1967	49.488
1968	50.151
1969	48.581
1970	49.884
1971	49.547
1972	49.698
1973	49.547
1974	49.512
1975	50.081
1976	49.535
1977	49.128
1978	49.651
1979	49.64
1980	50.535
1981	49.43
1982	49.802
1983	50.372
1984	49.64
1985	49.035
1986	48.488
1987	49.5
1988	49.279
1989	50.047
1990	49.581
1991	48.965
1992	50.767
1993	49.012
1994	49.14
1995	48.767
1996	49.035
1997	49.558
1998	48.058
1999	50.709
2000	48.93
2001	48.116
2002	49.744
2003	48.93
2004	49.686
2005	49.058
2006	50.14
2007	49.512
2008	49.314
2009	49.5
2010	48.43
2011	49.581
2012	48.837
2013	49.953
2014	49.198
2015	49.535
2016	49.267
2017	49.465
2018	49.128
2019	49.105
2020	50.256
2021	49.791
2022	49.721
2023	50.093
2024	48.384
2025	48.895
2026	50.07
2027	50.105
2028	48.698
2029	49.919
2030	50.012
2031	49.535
2032	49.884
2033	49.233
2034	50.314
2035	50.64
2036	50.384
2037	51.209
2038	50
2039	50.733
2040	50.012
2041	50.767
2042	51.151
2043	51.523
2044	53.233
2045	56.279
2046	54.814
2047	55.547
2048	55
2049	56.081
2050	55.5
2051	55.244
2052	54.953
2053	55.547
2054	55.733
2055	54.605
2056	53.756
2057	53.512
2058	54.372
2059	53.14
2060	51.488
2061	52.035
2062	53.116
2063	51.965
2064	52.186
2065	51.674
2066	51.442
2067	52.047
2068	50.442
2069	52.733
2070	51.709
2071	50.884
2072	51.581
2073	51.163
2074	51.663
2075	51.198
2076	50.512
2077	50.256
2078	50.209
2079	51.395
2080	50.581
2081	51.337
2082	51.942
2083	50.419
2084	49.64
2085	51.442
2086	51.547
2087	49.872
2088	50.326
2089	51.023
2090	50.488
2091	50.802
2092	51.326
2093	50.686
2094	50.988
2095	50.453
2096	51.291
2097	50.791
2098	50.198
2099	50.465
2100	50.395
2101	50.128
2102	49.988
2103	50.012
2104	50.721
2105	50.151
2106	51
2107	50.5
2108	49.453
2109	49.128
2110	50.233
2111	51.07
2112	50.43
2113	49.698
2114	50.64
2115	49.128
2116	50.407
2117	49.977
2118	49.465
2119	50.337
2120	49.907
2121	50.256
2122	50.047
2123	49.814
2124	49.43
2125	49.616
2126	49.698
2127	49.919
2128	49.826
2129	50.43
2130	49.628
2131	49.651
2132	49.384
2133	50.081
2134	49.977
2135	49.5
2136	49.36
2137	49.151
2138	49.558
2139	49.547
2140	50.14
2141	49.814
2142	50.221
2143	50.419
2144	49.686
2145	50.488
2146	49.837
2147	49.244
2148	50.605
2149	48.942
2150	50.523
2151	50.558
2152	49.837
2153	49.721
2154	48.791
2155	49.965
2156	48.663
2157	49.919
2158	49.395
2159	50.256
2160	50.07
2161	49.57
2162	49.186
2163	49.128
2164	49.314
2165	48.709
2166	49.942
2167	49.895
2168	49.628
2169	48.779
2170	50.419
2171	49.023
2172	49.791
2173	49.802
2174	48.593
2175	49.267
2176	49.616
2177	49.872
2178	50.709
2179	49.035
2180	50.86
2181	49.756
2182	49.547
2183	49.384
2184	49.651
2185	49.616
2186	50.105
2187	49.593
2188	50.488
2189	50.14
2190	49.326
2191	49.186
2192	49.453
2193	49.395
2194	49.326
2195	51.279
2196	49.733
2197	49.256
2198	48.756
2199	49.977
2200	48.988
2201	49.07
2202	49.663
2203	53.128
2204	54.291
2205	54.058
2206	55.849
2207	55.349
2208	55.337
2209	55.616
2210	54.93
2211	53.767
2212	55.442
2213	53.314
2214	54.837
2215	53.826
2216	53.477
2217	52.919
2218	52.058
2219	51.977
2220	52.012
2221	50.605
2222	51.698
2223	51.174
2224	51.849
2225	51.233
2226	51.244
2227	52.163
2228	49.814
2229	51.012
2230	49.605
2231	50.407
2232	51.047
2233	50.012
2234	50.337
2235	51.849
2236	50.453
2237	50.151
2238	50.14
2239	48.977
2240	50.721
2241	49.349
2242	49.721
2243	49.023
2244	50.384
2245	50.012
2246	50.279
2247	49.256
2248	49.593
2249	48.86
2250	48.756
2251	51
2252	49.023
2253	49.093
2254	49.093
2255	48.628
2256	49.733
2257	48.407
2258	49.209
2259	49.256
2260	49.14
2261	48.767
2262	48.953
2263	48.291
2264	48.802
2265	48.547
2266	49.291
2267	49.093
2268	49.628
2269	49.965
2270	49.058
2271	50.012
2272	48.5
2273	47.86
2274	48.884
2275	49.012
2276	50.058
2277	49.395
2278	49.756
2279	49.488
2280	49.209
2281	49.314
2282	49.326
2283	50.326
2284	50.593
2285	48.64
2286	49.512
2287	50.698
2288	49.535
2289	49.105
2290	48.488
2291	49.372
2292	49.314
2293	47.512
2294	48.698
2295	49.547
2296	49.36
2297	48.477
2298	49.64
2299	50.012
2300	49.5
2301	49.442
2302	49.907
2303	48.721
2304	49.326
2305	48.709
2306	49.895
2307	49.291
2308	49.093
2309	48.581
2310	48.547
2311	48.744
2312	48.733
2313	49.616
2314	49.512
2315	49.407
2316	48.837
2317	47.128
2318	49.349
2319	48.116
2320	48.419
2321	48.5
2322	49.291
2323	49.791
2324	48.93
2325	48.314
2326	50.267
2327	49.5
2328	48.5
2329	48.233
2330	48.337
2331	48.698
2332	48.907
2333	48.326
2334	49.884
2335	49.756
2336	49.151
2337	48.988
2338	49.314
2339	48.581
2340	48.686
2341	48.081
2342	49.5
2343	48.581
2344	48.244
2345	48.651
2346	48.233
2347	48.826
2348	48.465
2349	48.279
2350	48.884
2351	49.477
2352	47.628
2353	47.895
2354	48.116
2355	49.279
2356	49.872
2357	47.791
2358	49.105
2359	48.953
2360	48.849
2361	50.337
2362	51.93
2363	53.442
2364	54.047
2365	53.163
2366	55.198
2367	55.384
2368	54.779
2369	53.802
2370	53.953
2371	53.326
2372	53.116
2373	52.151
2374	52.988
2375	53.465
2376	52.895
2377	52.721
2378	51.884
2379	52.093
2380	50.977
2381	52.151
2382	52.616
2383	51.163
2384	51.802
2385	50.767
2386	50.907
2387	51.186
2388	49.395
2389	50.465
2390	51.105
2391	49.628
2392	49.93
2393	50.302
2394	49.419
2395	50.372
2396	49.814
2397	50.151
2398	49.791
2399	49.977
2400	49.64
2401	48.907
2402	49.895
2403	49.884
2404	50.116
2405	50.849
2406	49.221
2407	49.779
2408	48.651
2409	49.884
2410	49.709
2411	49.826
2412	48.942
2413	48.756
2414	48.779
2415	49.709
2416	49.407
2417	49.372
2418	49
2419	48.872
2420	49.942
2421	48.337
2422	48.547
2423	49.035
2424	49.151
2425	48.628
2426	48.942
2427	49.872
2428	49.116
2429	48.326
2430	49.593
2431	49.302
2432	49.314
2433	48.233
2434	48.919
2435	49.174
2436	50.058
2437	48.826
2438	49.174
2439	49.116
2440	49.605
2441	48.151
2442	48.233
2443	48.523
2444	48.244
2445	48.558
2446	48.849
2447	48.337
2448	48.826
2449	48.244
2450	48.5
2451	49.151
2452	48.919
2453	47.977
2454	49.128
2455	50.791
2456	49.384
2457	46.977
2458	49.291
2459	49.163
2460	48.837
2461	49.477
2462	49.198
2463	48.895
2464	48.477
2465	47.849
2466	48.512
2467	49.047
2468	47.93
2469	47.767
2470	47.895
2471	48.07
2472	48.523
2473	47.221
2474	48.384
2475	48.058
2476	48.581
2477	48.442
2478	47.302
2479	48.616
2480	48.012
2481	48.012
2482	48.186
2483	48.872
2484	48.953
2485	48.756
2486	48.453
2487	47.651
2488	48.93
2489	47.628
2490	48.43
2491	47.233
2492	48.035
2493	48.314
2494	48.233
2495	48.163
2496	48.198
2497	48.686
2498	47.663
2499	47.081
2500	47.558
2501	48.151
2502	47.174
2503	48.279
2504	47.337
2505	48.965
2506	48.256
2507	48.314
2508	47.349
2509	47.302
2510	47.674
2511	47.919
2512	48.267
2513	47.919
2514	47.163
2515	48.488
2516	47.326
2517	46.802
2518	47.895
2519	48.709
2520	50.895
2521	52.093
2522	52.512
2523	52.756
2524	53.291
2525	53.302
2526	53.721
2527	54.57
2528	53.512
2529	52.593
2530	51.442
2531	51.814
2532	51.128
2533	50.791
2534	51.291
2535	50.57
2536	49.686
2537	49.814
2538	50.221
2539	50.779
2540	50.221
2541	49.686
2542	48.837
2543	49.988
2544	49.279
2545	49.233
2546	48.814
2547	48.802
2548	48.128
2549	48.953
2550	49.174
2551	49.453
2552	49.186
2553	48.163
2554	48.453
2555	48.767
2556	48.035
2557	48.407
2558	50.605
2559	46.919
2560	49.267
2561	47.721
2562	48.977
2563	47.488
2564	48.558
2565	48
2566	47.116
2567	48.5
2568	47.953
2569	48.174
2570	48.651
2571	49.477
2572	49.279
2573	47.756
2574	48.105
2575	48.744
2576	47.442
2577	47.291
2578	47.919
2579	48.209
2580	49.023
2581	47.616
2582	47.5
2583	48.64
2584	48.116
2585	47.953
2586	48.012
2587	48.337
2588	47.279
2589	47.895
2590	48.291
2591	47.593
2592	48.395
2593	49.047
2594	47.895
2595	48.36
2596	47.523
2597	48.372
2598	46.826
2599	47.407
2600	47.837
2601	47.512
2602	46.942
2603	48.314
2604	49
2605	48.36
2606	47.86
2607	47.872
2608	48.488
2609	47.919
2610	48.279
2611	47.558
2612	46.872
2613	47.744
2614	47.651
2615	47.337
2616	48.57
2617	47.453
2618	47.953
2619	47.453
2620	47.349
2621	46.977
2622	46.988
2623	47.756
2624	46.86
2625	47.616
2626	47.581
2627	47.256
2628	48.14
2629	47.523
2630	47.895
2631	48.233
2632	47.267
2633	47.279
2634	46.767
2635	47.674
2636	47.395
2637	47.233
2638	46.686
2639	47.651
2640	48.791
2641	47.674
2642	46.698
2643	47.407
2644	47.884
2645	46.907
2646	47.651
2647	47.674
2648	47.151
2649	47.686
2650	49.198
2651	49.942
2652	51.826
2653	53.767
2654	53.616
2655	54.791
2656	53.709
2657	53.488
2658	53.791
2659	52.453
2660	52.535
2661	51.337
2662	51.267
2663	50.035
2664	50.477
2665	50.419
2666	50.023
2667	50.128
2668	50.326
2669	49.512
2670	50.151
2671	49.5
2672	49.116
2673	49.023
2674	48.012
2675	49.547
2676	48.512
2677	48.384
2678	48.372
2679	49.698
2680	51.488
2681	51.756
2682	53.709
2683	54.558
2684	54.372
2685	52.419
2686	52.791
2687	51.779
2688	49.791
2689	50.209
2690	50.616
2691	49.953
2692	50.174
2693	50.058
2694	49.023
2695	50.256
2696	49.43
2697	49.337
2698	48.802
2699	49.488
2700	49.163
2701	50.279
2702	49.186
2703	48.57
2704	48.628
2705	48.779
2706	49.395
2707	49.547
2708	47.802
2709	49.14
2710	48.163
2711	49.384
2712	49.093
2713	48.756
2714	47.744
2715	49.314
2716	48.267
2717	48.151
2718	48.267
2719	48.302
2720	48.814
2721	48.43
2722	48.512
2723	48.791
2724	49.314
2725	48.105
2726	47.5
2727	48.023
2728	47.709
2729	47.756
2730	48.872
2731	48.302
2732	47.163
2733	48.779
2734	47.895
2735	49.012
2736	47.977
2737	47.291
2738	48.651
2739	48.535
2740	48.14
2741	47.674
2742	47.279
2743	47.023
2744	48.674
2745	47.453
2746	47.686
2747	48.047
2748	48.116
2749	47.698
2750	47.453
2751	47.779
2752	47.186
2753	48.012
2754	47.07
2755	47.547
2756	47.802
2757	47.267
2758	48.093
2759	47.651
2760	47.826
2761	48.174
2762	47.314
2763	47.953
2764	47.605
2765	47.698
2766	49.453
2767	47.395
2768	47.465
2769	47.558
2770	47.326
2771	47.535
2772	46.581
2773	47.186
2774	47.535
2775	47.198
2776	46.744
2777	47.384
2778	47.628
2779	47.965
2780	48.733
2781	47.5
2782	48.093
2783	46.965
2784	47.558
2785	48.151
2786	48.64
2787	47.709
2788	47.174
2789	46.872
2790	47.279
2791	47.953
2792	46.267
2793	48.093
2794	48.07
2795	48.384
2796	47.767
2797	46.837
2798	47.302
2799	47.453
2800	48.384
2801	47.384
2802	47.488
2803	48.081
2804	46.93
2805	50.151
2806	51.512
2807	51.209
2808	53.709
2809	52.523
2810	53.302
2811	53.058
2812	52.558
2813	51.884
2814	52.302
2815	51.419
2816	50.674
2817	50.372
2818	50.337
2819	50.337
2820	48.86
2821	48.279
2822	48.605
2823	49.128
2824	49.395
2825	48.314
2826	48.337
2827	47.802
2828	49.407
2829	48.93
2830	48.919
2831	48.663
2832	48.779
2833	48.663
2834	49.198
2835	48.395
2836	48.244
2837	49.081
2838	49.57
2839	51.256
2840	52.093
2841	52
2842	51.953
2843	51.535
2844	52.826
2845	52.256
2846	51.093
2847	51.605
2848	52.372
2849	50.674
2850	50.267
2851	50.267
2852	50.57
2853	49.535
2854	48.965
2855	48.977
2856	49.023
2857	49.279
2858	48.884
2859	48.419
2860	50.07
2861	48.465
2862	48.326
2863	49.093
2864	48.814
2865	49.453
2866	48.686
2867	49.267
2868	49.163
2869	48.593
2870	48.163
2871	47.442
2872	48.174
2873	47.86
2874	48.174
2875	49.081
2876	48.395
2877	47.279
2878	47.593
2879	48.663
2880	47.895
2881	47.453
2882	47.256
2883	46.837
2884	48.186
2885	47.116
2886	47.372
2887	47.186
2888	47.744
2889	46.686
2890	47.547
2891	48.919
2892	47.942
2893	47.558
2894	48.128
2895	47.756
2896	47.419
2897	47.884
2898	47
2899	48.953
2900	48.767
2901	46.953
2902	47.43
2903	47.384
2904	48.523
2905	48.651
2906	48.395
2907	47.709
2908	47.593
2909	46.57
2910	47.302
2911	48.395
2912	47.663
2913	47.64
2914	48.151
2915	48.581
2916	47.244
2917	46.512
2918	47.058
2919	46.895
2920	47.558
2921	46.291
2922	47.302
2923	47.523
2924	46.733
2925	47.5
2926	47.174
2927	46.326
2928	47.291
2929	48.116
2930	47.616
2931	47.407
2932	47.128
2933	46.674
2934	47.802
2935	46.686
2936	46.256
2937	46.43
2938	46.756
2939	48.105
2940	47.512
2941	46.86
2942	47.174
2943	47.709
2944	46.558
2945	45.977
2946	46.372
2947	46.779
2948	46.756
2949	46.5
2950	46.488
2951	46.779
2952	47.384
2953	47.128
2954	46.267
2955	46.767
2956	46.895
2957	45.988
2958	47.14
2959	47.5
2960	46.43
2961	46.302
2962	47.558
2963	46.93
2964	46.849
2965	47.535
2966	47.512
2967	47.023
2968	46.965
2969	48.453
2970	46.221
2971	45.709
2972	46.349
2973	46.337
2974	46.384
2975	47.244
2976	47.012
2977	46.384
2978	46.849
2979	47.477
2980	46.163
2981	47.488
2982	47.547
2983	47.058
2984	46.872
2985	46.93
2986	47.035
2987	47.07
2988	47.174
2989	47.151
2990	46.674
2991	47.058
2992	46.5
2993	46.581
2994	47.93
2995	46.477
2996	48.372
2997	50.767
2998	51.802
2999	51.349
3000	51.907
3001	52.256
3002	52.826
3003	53.198
3004	53.058
3005	51.628
3006	52.407
3007	51.884
3008	50.651
3009	51.105
3010	50.326
3011	50.721
3012	49.744
3013	49.814
3014	50.314
3015	50.07
3016	49.802
3017	48.174
3018	48.779
3019	48.756
3020	48.907
3021	47.535
3022	48.023
3023	48.488
3024	47.128
3025	47.791
3026	47.93
3027	47.186
3028	47.442
3029	48.233
3030	47.302
3031	47.105
3032	49
3033	47.651
3034	48.326
3035	48.605
3036	48.163
3037	47.581
3038	47.163
3039	47.442
3040	47.465
3041	47.337
3042	48.326
3043	48.477
3044	46.698
3045	47.767
3046	47.814
3047	46.942
3048	47.023
3049	47.709
3050	47.721
3051	46.942
3052	48.128
3053	47.942
3054	47.151
3055	46.151
3056	46.64
3057	47.047
3058	47.337
3059	45.942
3060	47.477
3061	46.535
3062	46.581
3063	47.942
3064	47.512
3065	46.384
3066	47.872
3067	47.977
3068	47.023
3069	46.256
3070	46.942
3071	48
3072	46.756
3073	46.093
3074	47.384
3075	47.86
3076	46.57
3077	45.86
3078	47.779
3079	47.267
3080	46.07
3081	46.349
3082	46.837
3083	47.14
3084	46.826
3085	46.93
3086	47.186
3087	46.512
3088	46.279
3089	47.023
3090	46.826
3091	45.86
3092	47.093
3093	46.209
3094	46.093
3095	46.512
3096	46.849
3097	47.442
3098	47.744
3099	47.267
3100	47.942
3101	46.988
3102	46.93
3103	48.035
3104	46.767
3105	46.628
3106	46.07
3107	47.291
3108	46.221
3109	46.233
3110	46.686
3111	47.756
3112	46.663
3113	45.814
3114	46.349
3115	46.64
3116	46.512
3117	45.953
3118	45.174
3119	47.221
3120	47.86
3121	46.477
3122	46.174
3123	45.895
3124	46.721
3125	46.43
3126	45.756
3127	45.767
3128	47.651
3129	47.081
3130	46.244
3131	46.151
3132	45.988
3133	46.512
3134	47.326
3135	46.593
3136	46.919
3137	46.395
3138	46.953
3139	47.174
3140	47.558
3141	46.721
3142	46.709
3143	47.802
3144	46.698
3145	46.814
3146	46.767
3147	46.744
3148	46.267
3149	46.605
3150	46.779
3151	47.267
3152	46.267
3153	46.721
3154	46.477
3155	48.605
3156	49.698
3157	52.023
3158	52.186
3159	52.581
3160	52.698
3161	52.953
3162	52.488
3163	52.465
3164	52.337
3165	50.849
3166	50.686
3167	49.767
3168	49.953
3169	50.012
3170	48.663
3171	49.733
3172	48.442
3173	49.035
3174	48.523
3175	48.5
3176	49.233
3177	48.035
3178	48.593
3179	47.337
3180	48.267
3181	47.558
3182	46.663
3183	46.43
3184	47.233
3185	48.349
3186	48.337
3187	47.593
3188	46.965
3189	46.895
3190	47.256
3191	47.558
3192	47.628
3193	46.5
3194	47.058
3195	46.872
3196	47.721
3197	46.942
3198	47.57
3199	47.779
3200	47.221
3201	47.233
3202	47.919
3203	47.5
3204	46.733
3205	47.407
3206	47.407
3207	47.384
3208	47.57
3209	46.733
3210	46.07
3211	47.337
3212	47.512
3213	47.267
3214	46.919
3215	46.14
3216	46.558
3217	46.884
3218	46.767
3219	45.186
3220	47.558
3221	46.884
3222	47.081
3223	47.733
3224	46.593
3225	46.895
3226	46.942
3227	46.814
3228	47.395
3229	47.314
3230	47.023
3231	47.465
3232	45.837
3233	46.86
3234	46
3235	46.965
3236	47.895
3237	47.093
3238	46.36
3239	45.953
3240	47.221
3241	47.198
3242	47.453
3243	47.151
3244	46.791
3245	46.337
3246	46.988
3247	46.86
3248	46.767
3249	46.477
3250	46.43
3251	46.442
3252	46.407
3253	45.919
3254	45.744
3255	45.43
3256	45.814
3257	46.709
3258	46.721
3259	47.14
3260	46.477
3261	47.047
3262	47.233
3263	46.07
3264	46.535
3265	47.174
3266	46.674
3267	47.198
3268	46.547
3269	46.43
3270	46.977
3271	47.407
3272	47.616
3273	47.221
3274	46.965
3275	45.744
3276	46.209
3277	46.384
3278	46.151
3279	46.64
3280	46.14
3281	47.221
3282	47.5
3283	47.698
3284	46.384
3285	47.198
3286	47.663
3287	46.558
3288	46.884
3289	47.953
3290	46.651
3291	46.733
3292	46.349
3293	48.151
3294	46.663
3295	47.605
3296	46.686
3297	46.442
3298	46.907
3299	46.733
3300	48.349
3301	47.186
3302	46.384
3303	46.826
3304	46.081
3305	46.488
3306	46.372
3307	47.453
3308	46.081
3309	46.558
3310	47.023
3311	47.128
3312	45.872
3313	46.36
3314	47.221
3315	49.756
3316	50.919
3317	50.744
3318	50.872
3319	52.128
3320	52.233
3321	51.721
3322	51.674
3323	51.616
3324	50.837
3325	51.047
3326	50.326
3327	50.43
3328	49.453
3329	49.198
3330	49.093
3331	49.744
3332	48.43
3333	47.43
3334	48.791
3335	48.081
3336	47.14
3337	46.988
3338	47.872
3339	49.302
3340	48.279
3341	47.849
3342	47.779
3343	47.57
3344	48.14
3345	47.849
3346	47.465
3347	47.198
3348	47.081
3349	47.174
3350	46.698
3351	46.965
3352	47.384
3353	47.14
3354	47.767
3355	46.86
3356	47.058
3357	47.419
3358	47.198
3359	47.884
3360	46.326
3361	45.977
3362	45.663
3363	46.453
3364	47.291
3365	47.663
3366	45.895
3367	47.186
3368	46.419
3369	46.198
3370	46.36
3371	47.349
3372	46.035
3373	44.953
3374	46.058
3375	47.721
3376	45.977
3377	46.814
3378	46.651
3379	46.837
3380	46.442
3381	46.826
3382	47.919
3383	47.767
3384	46.953
3385	47.198
3386	46.151
3387	48.151
3388	47.151
3389	46.349
3390	46.791
3391	47.209
3392	46.186
3393	46.512
3394	47.453
3395	48.186
3396	47.302
3397	46.256
3398	46.802
3399	46.686
3400	46.988
3401	47.012
3402	46.628
3403	46.174
3404	47.244
3405	47.023
3406	47.058
3407	45.267
3408	47.535
3409	46.221
3410	47.326
3411	46.198
3412	46.314
3413	46.116
3414	47.14
3415	47.663
3416	46.407
3417	47.256
3418	45.802
3419	46.605
3420	45.756
3421	45.721
3422	45.663
3423	46.198
3424	46.767
3425	46.326
3426	46.314
3427	46.593
3428	47.093
3429	46.814
3430	46.279
3431	47.198
3432	46.988
3433	47.151
3434	47.488
3435	48.384
3436	49.791
3437	50.988
3438	52.442
3439	52.093
3440	52.116
3441	51.942
3442	52.651
3443	52.233
3444	52.419
3445	50.895
3446	50.337
3447	50.267
3448	50.907
3449	49.523
3450	48.826
3451	49.407
3452	48.105
3453	48.07
3454	48.535
3455	48.628
3456	49.221
3457	49.116
3458	48.872
3459	47.919
3460	48.093
3461	48.372
3462	47.965
3463	48.686
3464	48.384
3465	47.733
3466	47.942
3467	48.488
3468	48.093
3469	48.419
3470	47.605
3471	47.058
3472	46.081
3473	49.244
3474	49.767
3475	51.698
3476	51.43
3477	51.907
3478	51.547
3479	52.244
3480	51.686
3481	50.116
3482	50
3483	49.802
3484	50.023
3485	49.221
3486	49.174
3487	49.093
3488	48.523
3489	48.988
3490	47.767
3491	48.663
3492	48.047
3493	47.523
3494	47.919
3495	47.814
3496	46.942
3497	47.663
3498	47.651
3499	47.395
3500	48.43
3501	47.791
3502	47.081
3503	47.047
3504	47.163
3505	47.535
3506	47.988
3507	47.791
3508	47.581
3509	47.767
3510	46.826
3511	48.035
3512	47.767
3513	47.953
3514	47.407
3515	48.244
3516	47.488
3517	47.465
3518	46.988
3519	48.035
3520	47.163
3521	47.686
3522	47.07
3523	46.86
3524	47.907
3525	47.291
3526	46.36
3527	47.488
3528	46.849
3529	46.872
3530	46.395
3531	46.291
3532	47.5
3533	46.767
3534	46.047
3535	46.453
3536	47.581
3537	48.035
3538	46.105
3539	48.221
3540	46.965
3541	46
3542	47.093
3543	47
3544	46.244
3545	45.686
3546	46.849
3547	48.116
3548	48.419
3549	46.779
3550	47.081
3551	47.116
3552	47.372
3553	46.488
3554	47.023
3555	46.198
3556	45.942
3557	47.233
3558	47.872
3559	46.721
3560	46.64
3561	47.395
3562	46.86
3563	46.814
3564	46.535
3565	45.756
3566	46.581
3567	46.93
3568	46.779
3569	46.837
3570	46.395
3571	47.384
3572	47.337
3573	47.407
3574	46.186
3575	47.547
3576	46.012
3577	46.395
3578	48.43
3579	46.802
3580	46.593
3581	46.477
3582	45.57
3583	47.012
3584	46.465
3585	46.663
3586	46.372
3587	46.57
3588	46.919
3589	46.337
3590	47.244
3591	46.326
3592	46.756
3593	46.988
3594	47.314
3595	46.337
3596	47.209
3597	46.047
3598	47.14
3599	47.047
3600	46.523
3601	47.093
3602	47.081
3603	46.605
3604	48.43
3605	50.593
3606	51.581
3607	52.581
3608	51.43
3609	51.826
3610	52.093
3611	52.477
3612	51.477
3613	50.302
3614	49.721
3615	50.384
3616	49.57
3617	48.884
3618	48.802
3619	48.593
3620	47.651
3621	48.698
3622	48.186
3623	48.663
3624	47.651
3625	47.826
3626	47.558
3627	48.058
3628	47.872
3629	47.012
3630	47.047
3631	47.43
3632	48.86
3633	50.326
3634	51.616
3635	52.302
3636	51.616
3637	51.442
3638	51.442
3639	50.953
3640	50.198
3641	50.151
3642	49.442
3643	48.826
3644	48.57
3645	48.453
3646	49.419
3647	48.849
3648	48.151
3649	48.221
3650	48.244
3651	48.093
3652	48.465
3653	47.395
3654	48.36
3655	48.326
3656	48.581
3657	47.721
3658	47.849
3659	47.372
3660	47.093
3661	47.465
3662	47.651
3663	47.105
3664	47.186
3665	47.163
3666	47.198
3667	46.628
3668	46.023
3669	46.849
3670	47.465
3671	47.093
3672	46.721
3673	47.465
3674	48.233
3675	46.081
3676	46.314
3677	47.314
3678	47.93
3679	46.674
3680	47.733
3681	47.012
3682	46.419
3683	47.07
3684	47.465
3685	46.547
3686	47.105
3687	45.57
3688	45.86
3689	46.093
3690	45.442
3691	46.186
3692	45.884
3693	46.535
3694	46.419
3695	46.581
3696	45.64
3697	45.593
3698	45.953
3699	47.791
3700	46.43
3701	46.128
3702	46.314
3703	47.151
3704	47.43
3705	46.767
3706	46.547
3707	46.023
3708	46.477
3709	46.605
3710	47.209
3711	47.477
3712	47.116
3713	46.128
3714	46.616
3715	46.047
3716	46.57
3717	45.756
3718	46.419
3719	45.953
3720	47.233
3721	46.221
3722	46.802
3723	46.512
3724	46.988
3725	46.384
3726	47.116
3727	47.453
3728	46.512
3729	46.116
3730	47.791
3731	46.512
3732	46.593
3733	47.081
3734	46.791
3735	47.5
3736	45.977
3737	46.023
3738	45.64
3739	45.686
3740	46.605
3741	45.767
3742	46.605
3743	47.593
3744	46.081
3745	45.779
3746	45.57
3747	45.523
3748	46.558
3749	45.814
3750	45.744
3751	46.837
3752	46.36
3753	46.709
3754	45.93
3755	46.953
3756	46.174
3757	46.198
3758	46.151
3759	46.5
3760	45.221
3761	46.291
3762	45.651
3763	45.291
3764	46.465
3765	45.744
3766	46.86
3767	46.407
3768	45.488
3769	46.279
3770	45.442
3771	45.64
3772	45.488
3773	45.686
3774	45.628
3775	45.349
3776	46.349
3777	46.349
3778	46.221
3779	46.628
3780	46.186
3781	46.535
3782	46.523
3783	46.628
3784	46.209
3785	47.779
3786	46.291
3787	46.942
3788	46.686
3789	45.395
3790	46.209
3791	49.047
3792	48.988
3793	50.791
3794	50.965
3795	52.012
3796	51.802
3797	50.942
3798	51.802
3799	49.953
3800	49.593
3801	49.919
3802	49.744
3803	50.14
3804	49.384
3805	48.895
3806	49.209
3807	49.523
3808	47.977
3809	47.942
3810	48.372
3811	47.802
3812	47.302
3813	46.733
3814	48.151
3815	47.198
3816	47.744
3817	47.465
3818	47.36
3819	47.686
3820	46.535
3821	47
3822	47.198
3823	46.919
3824	47.256
3825	46.198
3826	46.047
3827	46.733
3828	46.709
3829	46.337
3830	45.698
3831	47.174
3832	46.919
3833	47.128
3834	45.86
3835	46.616
3836	46.895
3837	46.43
3838	46.512
3839	45.988
3840	47.372
3841	46.686
3842	46.512
3843	47.872
3844	47.233
3845	47.012
3846	46.326
3847	47.023
3848	47.279
3849	46.337
3850	46.767
3851	46.058
3852	46.174
3853	45.942
3854	46.477
3855	46.314
3856	46.279
3857	45.558
3858	47.395
3859	47.174
3860	48.116
3861	46.233
3862	45.872
3863	47.081
3864	45.895
3865	46.314
3866	47.349
3867	46.105
3868	45.767
3869	46.512
3870	46.628
3871	46.837
3872	46.535
3873	46.593
3874	45.942
3875	46.279
3876	45.5
3877	45.035
3878	46.988
3879	46.081
3880	45.733
3881	44.826
3882	46.802
3883	46.256
3884	45.849
3885	46.174
3886	47.372
3887	45.512
3888	45.965
3889	46.349
3890	45.872
3891	45.337
3892	45.767
3893	45.837
3894	45.57
3895	46.116
3896	46.581
3897	46.767
3898	45.535
3899	46.57
3900	46.407
3901	46.198
3902	45.919
3903	46.488
3904	46.488
3905	46.209
3906	46.802
3907	46.326
3908	46.86
3909	46.151
3910	46.058
3911	45.849
3912	45.698
3913	46.442
3914	45.814
3915	46.174
3916	47.221
3917	46.279
3918	46.884
3919	45.64
3920	45.977
3921	45.674
3922	45.384
3923	47.279
3924	45.291
3925	45.872
3926	46.256
3927	45.953
3928	46.302
3929	46.64
3930	45.733
3931	47.279
3932	44.802
3933	46.453
3934	46.581
3935	46.86
3936	46.407
3937	45.919
3938	46.047
3939	47.349
3940	45.244
3941	46.326
3942	46.698
3943	47.488
3944	49.64
3945	49.744
3946	49.558
3947	51.267
3948	52.244
3949	50.372
3950	52.407
3951	51.233
3952	50.372
3953	50.198
3954	50.14
3955	50.86
3956	50.767
3957	50.023
3958	48.907
3959	50.663
3960	49.953
3961	48.477
3962	49.5
3963	48.779
3964	49.372
3965	47.709
3966	48.907
3967	47.547
3968	49.5
3969	47.512
3970	48.314
3971	47.581
3972	47.36
3973	47.733
3974	47.047
3975	48.151
3976	47.047
3977	46.523
3978	47.14
3979	45.965
3980	47.407
3981	46.419
3982	46.884
3983	46.349
3984	47.5
3985	47
3986	48.012
3987	46.07
3988	46.523
3989	47.349
3990	46.314
3991	46.523
3992	47.64
3993	46.988
3994	46.674
3995	46.058
3996	46.372
3997	45.291
3998	46.953
3999	46.581
4000	46.547
4001	47.07
4002	46.523
4003	46.581
4004	46.07
4005	46.535
4006	45.488
4007	46.593
4008	48.012
4009	47.279
4010	47.174
4011	47.349
4012	46.337
4013	46.337
4014	47.465
4015	46.395
4016	47.372
4017	47.453
4018	46.849
4019	46.849
4020	47.337
4021	47.198
4022	46.826
4023	46.988
4024	46.93
4025	46.465
4026	46.221
4027	46.558
4028	46.779
4029	46.919
4030	46.442
4031	47.198
4032	47.116
4033	47.012
4034	48.233
4035	47.814
4036	47.256
4037	46.849
4038	47.233
4039	47.081
4040	46.209
4041	46.233
4042	46.221
4043	47.384
4044	46.57
4045	47.081
4046	47.36
4047	47.384
4048	47.047
4049	46.477
4050	45.43
4051	47.256
4052	46.744
4053	46.523
4054	46.651
4055	46.5
4056	47.105
4057	46.802
4058	46.558
4059	46.349
4060	46.907
4061	46.314
4062	46.977
4063	48.419
4064	47.186
4065	46.616
4066	46.395
4067	45.767
4068	46.023
4069	45.174
4070	45.895
4071	45.93
4072	46.198
4073	46.326
4074	46.163
4075	46.488
4076	46.012
4077	46.651
4078	45.919
4079	47.895
4080	48.977
4081	49.488
4082	50.5
4083	50.814
4084	51.663
4085	52.14
4086	51.174
4087	49.837
4088	51.012
4089	50.651
4090	48.953
4091	50.058
4092	49.302
4093	48.302
4094	48.721
4095	49.244
4096	47.523
4097	49.047
4098	48.977
4099	48.547
4100	48.302
4101	47.988
4102	47.558
4103	46.651
4104	47.628
4105	47.128
4106	47.465
4107	47.5
4108	48.698
4109	49.43
4110	50.186
4111	51
4112	51.198
4113	50.442
4114	50.593
4115	49.965
4116	50.198
4117	49.791
4118	48.93
4119	48.953
4120	49.314
4121	48.372
4122	48.895
4123	48.151
4124	47.395
4125	47.942
4126	48.163
4127	48.698
4128	46.674
4129	48.558
4130	48.058
4131	48.43
4132	47.43
4133	46.535
4134	47.616
4135	47.07
4136	47.36
4137	47.907
4138	47.453
4139	47.814
4140	46.872
4141	47.047
4142	47.756
4143	47.535
4144	47.07
4145	48.116
4146	47.791
4147	47.942
4148	48.163
4149	47.977
4150	48.581
4151	47.884
4152	47.593
4153	47.512
4154	47.128
4155	47.209
4156	46.977
4157	47.535
4158	47.674
4159	46.419
4160	48.372
4161	45.849
4162	48.023
4163	46.814
4164	46.36
4165	46.198
4166	46.547
4167	47.779
4168	46.709
4169	47.198
4170	46.628
4171	47.733
4172	47.221
4173	47.047
4174	47.128
4175	48.174
4176	47.547
4177	48.105
4178	47.814
4179	46.814
4180	48.674
4181	46.965
4182	46.977
4183	46.744
4184	47.023
4185	47.419
4186	46.477
4187	47.395
4188	47.337
4189	45.674
4190	46.5
4191	46.43
4192	46.791
4193	46.756
4194	46.209
4195	47.663
4196	46.919
4197	46.349
4198	47.419
4199	48.558
4200	47.663
4201	47.081
4202	46.5
4203	46.453
4204	46.105
4205	45.884
4206	47.326
4207	46.86
4208	46.663
4209	47.407
4210	47.174
4211	48.023
4212	46.547
4213	45.756
4214	47.512
4215	46.895
4216	47.709
4217	46.209
4218	47.14
4219	47.384
4220	46.512
4221	45.895
4222	46.326
4223	46.302
4224	46.419
4225	47.256
4226	45.907
4227	46.744
4228	46.43
4229	47.233
4230	46.453
4231	46.174
4232	47.57
4233	47.047
4234	45.57
4235	47.64
4236	46.605
4237	46.581
4238	47.023
4239	47.547
4240	46.151
4241	46.826
4242	46.547
4243	46.5
4244	46.872
4245	46.395
4246	47.895
4247	46.465
4248	47.023
4249	46.233
4250	47.14
4251	46.407
4252	47.116
4253	46.477
4254	46.698
4255	48.86
4256	49.767
4257	49.314
4258	51
4259	51.616
4260	50.209
4261	50.872
4262	50.86
4263	50.023
4264	50.57
4265	49.884
4266	49.128
4267	49.407
4268	50.674
4269	49.093
4270	49.884
4271	49.465
4272	49.302
4273	48.384
4274	48.035
4275	49.291
4276	48.198
4277	47.174
4278	48.058
4279	47.64
4280	47.558
4281	48.198
4282	46.663
4283	48.349
4284	48.372
4285	47.663
4286	47.802
4287	46.128
4288	47.686
4289	47.093
4290	46.814
4291	47.337
4292	48.105
4293	46.64
4294	47
4295	46.93
4296	47.186
4297	45.593
4298	46.209
4299	47.047
4300	45.64
4301	46.012
4302	47.186
4303	46.953
4304	46.698
4305	45.698
4306	46.721
4307	46.163
4308	45.767
4309	45.663
4310	46.221
4311	45.721
4312	47
4313	46.291
4314	46.221
4315	46.465
4316	46.837
4317	47.674
4318	46.581
4319	46.547
4320	47.279
4321	46.453
4322	47.047
4323	47.384
4324	46.721
4325	46.547
4326	45.767
4327	46.233
4328	46.151
4329	45.744
4330	47.256
4331	47.628
4332	46.174
4333	46.395
4334	46.686
4335	46.326
4336	46.663
4337	46.093
4338	46.837
4339	47.07
4340	46.326
4341	47.349
4342	46.372
4343	46.465
4344	45.884
4345	45.965
4346	46.488
4347	46.884
4348	46.395
4349	47.058
4350	46.395
4351	46.105
4352	46.14
4353	46.151
4354	46.779
4355	46.442
4356	46.919
4357	45.663
4358	45.919
4359	46.57
4360	47.442
4361	47.035
4362	45.256
4363	46.988
4364	46.337
4365	46.198
4366	45.651
4367	46.43
4368	46.105
4369	46.174
4370	46.919
4371	46.593
4372	45.802
4373	45.058
4374	45.884
4375	45.43
4376	46.93
4377	46.209
4378	46.953
4379	45.942
4380	46.57
4381	46.116
4382	46.919
4383	46.233
4384	46.488
4385	45.814
4386	44.314
4387	45.14
4388	46.058
4389	46.233
4390	45.953
4391	46.012
4392	46.081
4393	45.57
4394	45.384
4395	45.523
4396	45.965
4397	46.14
4398	45.953
4399	45.488
4400	45.256
4401	45.872
4402	46.058
4403	45.535
4404	46.465
4405	46.267
4406	46.07
4407	46.605
4408	46.453
4409	46.837
4410	46.07
4411	46.465
4412	46.5
4413	45.698
4414	45.977
4415	47.337
4416	47.035
4417	46.709
4418	46.105
4419	46.244
4420	45.384
4421	46.186
4422	45.349
4423	46.035
4424	45.884
4425	46.64
4426	46.512
4427	48.837
4428	49.756
4429	50.337
4430	50.419
4431	49.465
4432	50.605
4433	49.616
4434	50.43
4435	50.256
4436	49.86
4437	49.616
4438	49.453
4439	48.826
4440	49.081
4441	48.36
4442	48.012
4443	48.581
4444	47.872
4445	47.953
4446	47.36
4447	47.523
4448	46.884
4449	46.233
4450	47.198
4451	46.767
4452	47.5
4453	46.5
4454	47.802
4455	47.605
4456	47.023
4457	46.488
4458	47.593
4459	46.93
4460	46.43
4461	46.163
4462	47.267
4463	46.523
4464	46.291
4465	47.035
4466	47.453
4467	46.977
4468	46.465
4469	45.93
4470	46.43
4471	47.186
4472	46.698
4473	45.43
4474	45.128
4475	46.849
4476	47
4477	45.919
4478	46.384
4479	46.616
4480	45.872
4481	45.221
4482	45.93
4483	45.57
4484	45.256
4485	46.453
4486	45.535
4487	45.651
4488	44.907
4489	46.07
4490	44.895
4491	45.733
4492	45.372
4493	45.523
4494	46.023
4495	45.558
4496	46.233
4497	45.826
4498	45.477
4499	44.977
4500	45.395
4501	45.419
4502	45.733
4503	46.581
4504	45.605
4505	45.291
4506	45.919
4507	45.977
4508	45.849
4509	44.64
4510	45.302
4511	46.128
4512	45.919
4513	45.349
4514	45.698
4515	46.488
4516	46.279
4517	45.558
4518	45.93
4519	46.36
4520	46.128
4521	44.326
4522	45.349
4523	46.465
4524	45.767
4525	46.36
4526	46.233
4527	46.151
4528	46.244
4529	45.477
4530	45.674
4531	45.709
4532	45.779
4533	45.628
4534	46.558
4535	45.291
4536	45.233
4537	45.407
4538	46.279
4539	45.535
4540	46.337
4541	46.221
4542	46.523
4543	46.291
4544	45.849
4545	45.453
4546	44.674
4547	45.837
4548	45.64
4549	44.733
4550	44.849
4551	45.5
4552	45.744
4553	45.279
4554	45.93
4555	45.384
4556	45.337
4557	44.372
4558	44.779
4559	45.814
4560	45.116
4561	45.337
4562	45.605
4563	45.93
4564	45.419
4565	45.442
4566	45.988
4567	44.977
4568	45.279
4569	45.663
4570	45.081
4571	46.116
4572	45.012
4573	44.767
4574	44.953
4575	46.465
4576	45.256
4577	46.256
4578	45.419
4579	44.314
4580	45.907
4581	46.151
4582	46.14
4583	45.093
4584	46
4585	46.965
4586	48.721
4587	48.826
4588	49.93
4589	49.709
4590	49.872
4591	48.942
4592	51.221
4593	48.709
4594	48.756
4595	47.977
4596	48.047
4597	47.698
4598	47.581
4599	47.256
4600	47.535
4601	47.5
4602	46.581
4603	46.709
4604	46.674
4605	46.581
4606	46.314
4607	46.326
4608	46.256
4609	46.128
4610	45.919
4611	46.57
4612	47.326
4613	46.674
4614	46.07
4615	46.012
4616	47.058
4617	45.791
4618	45.895
4619	46.093
4620	46.093
4621	45.535
4622	46.221
4623	46.291
4624	45.744
4625	45.465
4626	45.884
4627	46.314
4628	46.616
4629	45.884
4630	45.279
4631	46.698
4632	46.035
4633	45.779
4634	46.314
4635	45.733
4636	45.942
4637	45.884
4638	46.791
4639	45.012
4640	45.43
4641	45.36
4642	46.256
4643	45.221
4644	45.453
4645	46.36
4646	45.14
4647	46.698
4648	46.384
4649	44.849
4650	46.36
4651	45.814
4652	45.651
4653	45.047
4654	46.36
4655	46.349
4656	46.256
4657	46.802
4658	46.163
4659	45.767
4660	45.291
4661	45.767
4662	45.174
4663	45.233
4664	45.57
4665	44.919
4666	45.593
4667	46.663
4668	46.128
4669	45.128
4670	45.965
4671	46.035
4672	45.953
4673	45.744
4674	44.709
4675	45.349
4676	45.581
4677	44.337
4678	45.628
4679	45.43
4680	45.453
4681	45.267
4682	44.709
4683	45.988
4684	45.488
4685	45
4686	46.023
4687	45.663
4688	44.547
4689	46.256
4690	45.349
4691	44.953
4692	45.826
4693	46.128
4694	46.105
4695	44.663
4696	45.942
4697	45.233
4698	46.733
4699	45.314
4700	45.512
4701	44.953
4702	45.512
4703	45.198
4704	44.837
4705	45.477
4706	46.267
4707	46.744
4708	46.093
4709	45.419
4710	44.233
4711	45.86
4712	44.919
4713	44.721
4714	45.279
4715	45.07
4716	43.988
4717	44.442
4718	46.523
4719	44.884
4720	44.779
4721	45.221
4722	44.733
4723	45.291
4724	45.837
4725	44.907
4726	45.163
4727	45.837
4728	45.779
4729	45.477
4730	45.535
4731	46.244
4732	45.186
4733	45.047
4734	44.407
4735	44.802
4736	44.744
4737	45.593
4738	44.767
4739	45.57
4740	44.5
4741	43.767
4742	44.837
4743	44.86
4744	46.733
4745	47.581
4746	49.093
4747	50.105
4748	49.419
4749	49.826
4750	49.349
4751	50.314
4752	48.872
4753	48.186
4754	48.36
4755	48.093
4756	47.384
4757	47.663
4758	47.372
4759	47.767
4760	45.628
4761	46.977
4762	47.291
4763	46.267
4764	47.453
4765	45.907
4766	45.942
4767	47.012
4768	44.93
4769	45.977
4770	45.965
4771	45.907
4772	45.465
4773	45.349
4774	45.14
4775	44.593
4776	44.849
4777	45.233
4778	46.988
4779	45
4780	45.5
4781	44.57
4782	45.244
4783	45.965
4784	46.349
4785	44.512
4786	45.477
4787	45.884
