1	81.469
2	82.5
3	81.438
4	80.938
5	80.625
6	83.406
7	82.062
8	82.375
9	81.844
10	80.156
11	82.281
12	81.844
13	80.969
14	81.156
15	81.781
16	79.875
17	81.125
18	82.781
19	82.844
20	80.938
21	80.719
22	82.25
23	82.594
24	80.875
25	82.031
26	80.844
27	81.125
28	81.625
29	82.5
30	82.25
31	80.781
32	80.312
33	80.312
34	81.438
35	79.438
36	81.562
37	79.406
38	80
39	80.062
40	78.875
41	80.094
42	80.656
43	80.469
44	81.062
45	79.938
46	79.562
47	82.281
48	81.469
49	80.938
50	79.594
51	81.156
52	81.469
53	80.75
54	80.188
55	81.719
56	80.156
57	81.906
58	80.844
59	80.719
60	79.75
61	82.25
62	88.75
63	93.812
64	98.625
65	101.656
66	103.344
67	102.625
68	107.344
69	103.562
70	104.812
71	102.031
72	103.344
73	100.25
74	101.5
75	97.281
76	100.594
77	94.344
78	95.844
79	95.094
80	95.75
81	95.062
82	97.469
83	94.344
84	94.906
85	94.344
86	93
87	92.719
88	92.656
89	90.062
90	90.5
91	91.906
92	91.125
93	88.656
94	91.375
95	92.031
96	90.531
97	88.438
98	90.375
99	89.906
100	90.344
101	87.906
102	88.969
103	88.156
104	89
105	85.719
106	86.969
107	89.375
108	87.469
109	86.094
110	87.438
111	86.75
112	86.031
113	86.219
114	84.719
115	84.844
116	83.781
117	84.125
118	84.656
119	84.812
120	85.531
121	85.094
122	84.375
123	83.031
124	83.281
125	83.875
126	83.094
127	84.812
128	83.844
129	82.469
130	85.094
131	85.062
132	85.031
133	84.094
134	82.594
135	84.25
136	81.906
137	82.844
138	82.812
139	81.844
140	81.969
141	83.25
142	81.875
143	79.406
144	81.156
145	80.938
146	81.688
147	82.156
148	79.812
149	81.062
150	81.406
151	82.844
152	82.906
153	81.938
154	80.25
155	80.781
156	82
157	80.125
158	81.188
159	81.281
160	81.938
161	81.625
162	80.938
163	80.938
164	82.469
165	82.125
166	82.5
167	81.938
168	81.031
169	80.656
170	81.406
171	82.312
172	80.156
173	80.906
174	78.969
175	80.812
176	80.281
177	82.062
178	78.688
179	78.5
180	80.875
181	80.281
182	79.281
183	82.156
184	81.125
185	81.688
186	79.812
187	80.5
188	80.062
189	79.5
190	80.969
191	79.188
192	81
193	81.719
194	79.281
195	81.031
196	81.25
197	81.094
198	79.625
199	79.469
200	78.969
201	79.531
202	79.781
203	78.594
204	78.594
205	80.188
206	79.938
207	79.625
208	80.219
209	85
210	89.938
211	95.688
212	99.406
213	101.375
214	101.906
215	101.281
216	101.438
217	101.562
218	99.094
219	101.094
220	99.719
221	101.062
222	98.125
223	95.969
224	94
225	93.594
226	94.375
227	93.844
228	94.125
229	93.125
230	93.469
231	91.688
232	90.844
233	91.562
234	93.062
235	91.75
236	89.625
237	90.969
238	90.75
239	90.062
240	89.875
241	89.906
242	87.219
243	89.75
244	88.969
245	88
246	85.781
247	87.25
248	87.625
249	84.5
250	86.469
251	85.5
252	85.281
253	86
254	86.688
255	86.25
256	84.406
257	87.156
258	84.344
259	85.281
260	84.469
261	81.344
262	83.25
263	84.781
264	82.719
265	82.156
266	80.594
267	82.656
268	84.562
269	82.438
270	81.875
271	81.844
272	80.312
273	83.625
274	81.156
275	82.281
276	82.719
277	81.219
278	81.688
279	81.375
280	80.875
281	83.406
282	81.844
283	83.375
284	83.125
285	82.219
286	81.75
287	81.219
288	81.75
289	80.938
290	83.406
291	80.938
292	80.125
293	80.656
294	81.25
295	80.906
296	81.562
297	81.5
298	82.156
299	80.656
300	81.969
301	81.969
302	81.438
303	81.406
304	82.531
305	79.312
306	81.281
307	82.25
308	80.312
309	79.625
310	79.406
311	81.188
312	80.562
313	78.656
314	79.281
315	80.375
316	80.25
317	81
318	79.812
319	79.25
320	80.406
321	78.281
322	78.344
323	79.938
324	79.375
325	79.938
326	78.594
327	79.094
328	80.594
329	80.031
330	79.219
331	81.531
332	79.594
333	79.125
334	80.719
335	77.5
336	81.281
337	81.25
338	81.156
339	78.094
340	78.219
341	79.938
342	79.812
343	77.875
344	80.125
345	80.406
346	79.281
347	80.719
348	81
349	79.156
350	85.562
351	90.656
352	95.25
353	98.469
354	98.219
355	100.031
356	102.969
357	101.75
358	101.969
359	100.812
360	100.656
361	100.188
362	96.469
363	99.219
364	96.625
365	95.969
366	95.375
367	93.969
368	94.844
369	92.625
370	94
371	91.688
372	94.688
373	91.531
374	91.188
375	90.438
376	90.281
377	90.875
378	90.188
379	90
380	90.438
381	88.281
382	87.812
383	88.25
384	88.719
385	87.156
386	87.781
387	88.906
388	89.062
389	87.125
390	87.969
391	87.062
392	84.562
393	87.75
394	86.469
395	84.406
396	84.656
397	84.531
398	84.438
399	84.906
400	84.844
401	84.969
402	85.938
403	83.906
404	83.094
405	85.75
406	83.344
407	84.469
408	85.312
409	83.094
410	84.062
411	81.938
412	82.125
413	84.562
414	80.812
415	81.625
416	80.438
417	80.844
418	81.062
419	81.656
420	80.281
421	81.094
422	81.438
423	81.781
424	82.875
425	80.719
426	80
427	80.25
428	80.75
429	81.156
430	80.75
431	81.125
432	80.469
433	81.312
434	81.188
435	80.688
436	83.094
437	79.875
438	82.031
439	82.344
440	79.312
441	80.25
442	80.094
443	81.562
444	79.719
445	77.562
446	79.906
447	79.781
448	79.062
449	79.125
450	79.344
451	80.281
452	80.5
453	79.375
454	77.5
455	79.281
456	79.031
457	79.875
458	78.781
459	80.594
460	78.875
461	79.25
462	79.469
463	77.375
464	78.125
465	77.062
466	79.031
467	79.406
468	79.719
469	80.688
470	80.969
471	79.062
472	79.25
473	80.094
474	78.75
475	81.406
476	78.844
477	77.938
478	78.5
479	77.969
480	79.281
481	80.219
482	78.875
483	78.562
484	78.5
485	79.156
486	77.5
487	78.75
488	80.094
489	78.562
490	77.656
491	77.969
492	79.719
493	78.531
494	77.25
495	77.906
496	79.594
497	78.406
498	78.219
499	77.094
500	78.75
501	80.344
502	78.75
503	79.719
504	79.75
505	77.281
506	78.625
507	75.812
508	80.125
509	78.844
510	78.969
511	78.75
512	79.469
513	78.562
514	79.75
515	78.594
516	79.375
517	78.344
518	76.469
519	79.438
520	79.094
521	81.688
522	80.094
523	79.5
524	76.594
525	77.531
526	79.625
527	79.5
528	79.281
529	78.125
530	79.875
531	80.75
532	81.031
533	77.594
534	78.156
535	80.156
536	81.031
537	77.156
538	80.656
539	79.719
540	78.812
541	80.031
542	79.531
543	77.312
544	80.688
545	79.031
546	77.031
547	77.844
548	77
549	78.031
550	79
551	77.719
552	79.188
553	79.5
554	78.719
555	77.219
556	78.906
557	79
558	78.375
559	79.594
560	78.375
561	79.094
562	80.562
563	78.75
564	77.5
565	79.344
566	78.938
567	78.156
568	79.094
569	77.625
570	77.969
571	78.312
572	78.406
573	80.875
574	76.656
575	79.625
576	80.406
577	79.094
578	77.344
579	80
580	79.594
581	80.438
582	87.25
583	92.5
584	94.719
585	99.938
586	100.156
587	100.75
588	101.406
589	100.938
590	99.594
591	100.281
592	99.531
593	97.688
594	96.219
595	97.656
596	95.125
597	92.188
598	92.875
599	91.906
600	93.094
601	92.562
602	91.312
603	89.688
604	90.25
605	89.5
606	88.969
607	89.938
608	88.531
609	86.688
610	86.844
611	89.094
612	85.281
613	85.938
614	86.406
615	86.781
616	87.906
617	85.531
618	84.469
619	85.062
620	84.562
621	85.875
622	84.156
623	85.938
624	84.531
625	85.375
626	82.844
627	84.094
628	83.781
629	81.531
630	80.844
631	83.156
632	83
633	83.5
634	81.594
635	84.781
636	83.219
637	82.375
638	81.719
639	81.969
640	82.781
641	81.562
642	81.938
643	81.938
644	81.031
645	81.094
646	79.906
647	81.031
648	82.062
649	79.656
650	79.781
651	80.719
652	80.906
653	80.812
654	81.688
655	81.562
656	81.562
657	83.812
658	79.531
659	79.625
660	79.844
661	79.969
662	82.125
663	80.656
664	79.406
665	79.031
666	81.594
667	81.219
668	79.5
669	80.438
670	79.094
671	80
672	80.688
673	79.5
674	81.188
675	78.656
676	80.938
677	80
678	82.094
679	87.156
680	90
681	95.562
682	96.938
683	97.156
684	98.219
685	99.219
686	100.406
687	99
688	99.875
689	97.125
690	96.281
691	93.906
692	93.656
693	94.906
694	93.219
695	92.938
696	90.75
697	93.281
698	91.812
699	89.188
700	88.906
701	91.188
702	90.094
703	88.688
704	86.969
705	91
706	87.281
707	90.938
708	89
709	88.062
710	87.156
711	88.25
712	88.594
713	85.5
714	86.312
715	86.125
716	85.469
717	85.469
718	85.125
719	83.625
720	83.031
721	84.094
722	86.156
723	82.438
724	84.156
725	83.938
726	83.156
727	84
728	83.344
729	83.625
730	84.656
731	82.344
732	83.25
733	84.219
734	82.781
735	82.438
736	80.281
737	81.312
738	80.656
739	81.344
740	81
741	81.156
742	80.469
743	80.281
744	80.938
745	79.438
746	81.438
747	81.062
748	81.188
749	82
750	81.719
751	80.594
752	81.531
753	77.938
754	80.312
755	78.938
756	81.125
757	79.719
758	79.75
759	80.25
760	79.156
761	79.469
762	79
763	78.781
764	80.406
765	78.906
766	78.188
767	81.812
768	80.625
769	79.219
770	78.062
771	79.375
772	78.688
773	79.531
774	79
775	79.469
776	79.5
777	78.344
778	80.188
779	79.719
780	78.594
781	79.719
782	79.094
783	79.062
784	78.625
785	77.812
786	79.531
787	78.719
788	79.188
789	78.969
790	80.781
791	79.125
792	78.906
793	79.75
794	76.688
795	79.5
796	79.438
797	78.125
798	79.344
799	77.531
800	77.75
801	78.844
802	78.219
803	78.625
804	77.75
805	80.125
806	79.25
807	79.688
808	78.781
809	77.75
810	78.688
811	78.906
812	78.219
813	78.844
814	78.031
815	78.25
816	77.344
817	80.25
818	77.469
819	78.812
820	77.906
821	76.812
822	78.531
823	77.156
824	78.969
825	77.875
826	76.688
827	78.062
828	76.906
829	77.75
830	79.219
831	78.469
832	78.688
833	78.156
834	75.688
835	79.438
836	76.031
837	77.312
838	75.375
839	78.75
840	77.469
841	77.938
842	76.344
843	78.812
844	78.969
845	79.125
846	78.469
847	77.75
848	76.156
849	77.844
850	77.062
851	77.281
852	78.969
853	77.938
854	77.094
855	79.719
856	79.75
857	80.25
858	78.125
859	76.719
860	76.562
861	76.25
862	77.469
863	78.562
864	79.031
865	78.312
866	77.031
867	78.188
868	76.969
869	79.031
870	77.344
871	77.75
872	77.844
873	80.75
874	77.906
875	77.188
876	78
877	77.781
878	76.406
879	76.781
880	78.375
881	77.5
882	79.938
883	79.781
884	77.906
885	78.031
886	77.562
887	79.219
888	76.062
889	78.094
890	77.156
891	78.812
892	79.406
893	84.125
894	91.219
895	96.469
896	97.625
897	96
898	99.406
899	99.531
900	99.625
901	100.406
902	96.625
903	95.969
904	95.188
905	95.5
906	94.188
907	93.5
908	92.156
909	92.656
910	92.688
911	93.562
912	93.094
913	96.031
914	99.25
915	97.812
916	99.312
917	99.719
918	96.719
919	98.219
920	96.344
921	98.094
922	97.406
923	94.125
924	94.469
925	93.906
926	93.125
927	93.719
928	92.656
929	92.531
930	91
931	90.5
932	90.938
933	89.219
934	87.562
935	89
936	88.281
937	88.75
938	87.938
939	87.531
940	87.281
941	88.781
942	86.281
943	87.062
944	87.469
945	86.875
946	85.375
947	86.406
948	87.5
949	85.438
950	83.812
951	87.125
952	85.219
953	82.781
954	85.25
955	84.562
956	83.438
957	86.969
958	84.312
959	84.625
960	82.312
961	84.5
962	83.781
963	81.688
964	80.094
965	83.469
966	82.875
967	80.062
968	82.375
969	79.531
970	82.312
971	85.406
972	90.219
973	93.406
974	95.594
975	97.375
976	98.938
977	98.531
978	98.688
979	98.125
980	96.344
981	96.719
982	96
983	96.438
984	96.094
985	93.969
986	91.594
987	94.5
988	91.031
989	89.5
990	92.25
991	90.844
992	91.062
993	90.438
994	88.531
995	89.25
996	87.938
997	87.719
998	88.469
999	87.094
1000	86.344
1001	87.938
1002	88.844
1003	88.469
1004	85
1005	84.25
1006	86.062
1007	86.125
1008	88.25
1009	86.906
1010	85.438
1011	84
1012	84.594
1013	83.688
1014	83.438
1015	82.656
1016	85.375
1017	85.031
1018	83.375
1019	81.469
1020	85.375
1021	82.312
1022	84.125
1023	82.469
1024	83.219
1025	82.938
1026	82.562
1027	81.094
1028	81.812
1029	82.531
1030	84.094
1031	83.125
1032	82.031
1033	81.188
1034	80
1035	81.531
1036	82.219
1037	81.75
1038	79.625
1039	79.438
1040	80.281
1041	79.5
1042	80.656
1043	80.531
1044	80.25
1045	81.812
1046	80.5
1047	82.25
1048	81
1049	80.375
1050	78.25
1051	81.219
1052	81.281
1053	78.531
1054	79.75
1055	80.562
1056	79.438
1057	80
1058	80.5
1059	79.438
1060	78.75
1061	80.062
1062	80.438
1063	80.25
1064	79.406
1065	78.688
1066	77.938
1067	77.812
1068	79.094
1069	79.344
1070	78.156
1071	80.5
1072	79.031
1073	79.375
1074	79.969
1075	80.094
1076	79.812
1077	80.062
1078	79.406
1079	78.375
1080	80.375
1081	77.969
1082	78.594
1083	78.156
1084	77.469
1085	77.281
1086	77.344
1087	77.969
1088	78.656
1089	78.438
1090	76.688
1091	77.094
1092	78.344
1093	78.062
1094	78.531
1095	76.219
1096	79.562
1097	77.594
1098	79.75
1099	77.406
1100	78.375
1101	78.375
1102	78.562
1103	78.094
1104	78
1105	77.281
1106	78.156
1107	79.531
1108	78.438
1109	79.5
1110	79.156
1111	77.469
1112	78.812
1113	77.938
1114	78.094
1115	76.219
1116	76.594
1117	75.406
1118	77.156
1119	79.812
1120	77.125
1121	76.375
1122	78.031
1123	75.625
1124	78.906
1125	76.781
1126	78
1127	76.875
1128	78.562
1129	77.469
1130	77.375
1131	77
1132	76.594
1133	75.688
1134	77.594
1135	76.125
1136	76.281
1137	77.844
1138	77.25
1139	79.031
1140	77.594
1141	76.375
1142	75.844
1143	77.312
1144	78.469
1145	77.812
1146	77.719
1147	77.75
1148	77.5
1149	76.062
1150	76.406
1151	78.531
1152	78.625
1153	77.781
1154	75.844
1155	77.125
1156	77.75
1157	77.625
1158	78.281
1159	77.344
1160	76.219
1161	76.406
1162	77.844
1163	76.781
1164	77.688
1165	79.344
1166	77.125
1167	78.375
1168	76.062
1169	77.656
1170	75.969
1171	75.406
1172	78.562
1173	76.531
1174	76.438
1175	78
1176	77.656
1177	78.312
1178	77.688
1179	77.469
1180	75.094
1181	78.969
1182	77.531
1183	76.312
1184	76.531
1185	77.219
1186	76.281
1187	76.781
1188	79.438
1189	75.75
1190	77
1191	78.25
1192	77.125
1193	77.469
1194	76.719
1195	77.406
1196	76.844
1197	77.5
1198	75.75
1199	76.031
1200	78.406
1201	77.844
1202	76.375
1203	75.219
1204	78.469
1205	75.062
1206	75.812
1207	77.531
1208	77.188
1209	75.75
1210	76.938
1211	75.25
1212	79.594
1213	78.812
1214	76.75
1215	76.031
1216	77
1217	76.312
1218	76.406
1219	79.25
1220	76.156
1221	75.406
1222	82.031
1223	86.312
1224	90.875
1225	93.312
1226	95.156
1227	95.625
1228	96.469
1229	95.938
1230	95.719
1231	94.094
1232	94.188
1233	96.844
1234	94
1235	92.906
1236	91.594
1237	92.531
1238	90.594
1239	88.094
1240	90.25
1241	89.75
1242	87.75
1243	88.906
1244	89.062
1245	85.781
1246	86.094
1247	88.188
1248	84.906
1249	84.031
1250	86.156
1251	85.375
1252	85.812
1253	86.656
1254	85.344
1255	83.625
1256	85.5
1257	83.469
1258	84.812
1259	83.688
1260	82.062
1261	85.469
1262	81.625
1263	82.281
1264	83.438
1265	82.562
1266	82.375
1267	83.125
1268	80.531
1269	83.125
1270	82.5
1271	81.594
1272	81.281
1273	81.312
1274	81.094
1275	81.219
1276	80.969
1277	80.375
1278	81
1279	80.281
1280	77.344
1281	79.844
1282	79.406
1283	79.25
1284	80.188
1285	79.969
1286	79.156
1287	79.344
1288	78.875
1289	79.062
1290	79.281
1291	78.219
1292	79.188
1293	79.125
1294	78.156
1295	78.312
1296	78.688
1297	79.75
1298	80.531
1299	78.125
1300	78.5
1301	79.844
1302	78.156
1303	77.094
1304	79.281
1305	79.531
1306	76.5
1307	77.062
1308	76.219
1309	77.25
1310	78.125
1311	78.312
1312	77.125
1313	77.312
1314	78.938
1315	76.625
1316	77.688
1317	76.688
1318	76.781
1319	76.781
1320	76.5
1321	75.688
1322	78.406
1323	76.094
1324	76.719
1325	77.906
1326	77.656
1327	78.812
1328	76.781
1329	77.344
1330	78.125
1331	77.406
1332	76.688
1333	77.625
1334	77.656
1335	76.281
1336	75.781
1337	77.625
1338	76
1339	77.156
1340	77.906
1341	78.125
1342	77.344
1343	77.062
1344	76.281
1345	77
1346	76.531
1347	77.5
1348	76.656
1349	78.469
1350	77.469
1351	75.719
1352	76.312
1353	75.938
1354	76.969
1355	77.969
1356	77.906
1357	78.344
1358	77.469
1359	78.625
1360	79.094
1361	78.062
1362	77.312
1363	77.625
1364	77.625
1365	76.906
1366	76.781
1367	77.156
1368	76.812
1369	77.719
1370	76.469
1371	75.125
1372	75.469
1373	78.469
1374	75.719
1375	76.594
1376	77.938
1377	75.562
1378	76.312
1379	78.312
1380	78.656
1381	76.562
1382	77.781
1383	78
1384	76.906
1385	74.406
1386	78
1387	77.125
1388	78
1389	77.781
1390	76.906
1391	76.219
1392	76.656
1393	77.031
1394	78.188
1395	76.844
1396	79.344
1397	78.688
1398	79.281
1399	78.188
1400	77.375
1401	79.188
1402	76.562
1403	77.188
1404	83
1405	88.281
1406	90.969
1407	91.938
1408	93.031
1409	95.875
1410	96.25
1411	93.312
1412	96.5
1413	92.875
1414	94.062
1415	93.5
1416	91.062
1417	92.844
1418	93.375
1419	91.781
1420	89.469
1421	88.562
1422	86.812
1423	89.844
1424	87.406
1425	85.594
1426	86.906
1427	86.656
1428	85.875
1429	84.844
1430	85.125
1431	84.188
1432	87.5
1433	84.375
1434	82.188
1435	84.156
1436	85.062
1437	85.125
1438	81
1439	84.562
1440	83.969
1441	81.344
1442	81.594
1443	83.812
1444	81.406
1445	82.031
1446	81.25
1447	81.031
1448	81.406
1449	80.594
1450	82.781
1451	79.906
1452	82.281
1453	81.469
1454	81.875
1455	80.188
1456	81.531
1457	80.844
1458	78.844
1459	79.188
1460	79.719
1461	79.531
1462	79.75
1463	79.375
1464	78.312
1465	79.656
1466	76.656
1467	82.75
1468	88.469
1469	91.531
1470	92.969
1471	94.344
1472	96.594
1473	95.531
1474	95.812
1475	94.594
1476	95.625
1477	95
1478	93.469
1479	95.625
1480	95.656
1481	93
1482	91.719
1483	91.594
1484	90.562
1485	89.438
1486	90.125
1487	89.75
1488	88.562
1489	88.688
1490	88.906
1491	86.844
1492	87.125
1493	86.781
1494	86.219
1495	86.25
1496	85.688
1497	83.875
1498	84.688
1499	86.062
1500	86.844
1501	86.062
1502	85.469
1503	85.625
1504	85
1505	82.781
1506	82.625
1507	83.438
1508	83.156
1509	83.531
1510	82.781
1511	83.281
1512	81.688
1513	80.844
1514	85.406
1515	81.156
1516	81.562
1517	82.312
1518	80.531
1519	81.156
1520	82.312
1521	82.406
1522	81.688
1523	80.719
1524	81.125
1525	81.188
1526	80.75
1527	80.969
1528	82.812
1529	79.969
1530	78.844
1531	79.469
1532	78.125
1533	79.625
1534	79.719
1535	79.188
1536	78.969
1537	78.938
1538	78.781
1539	78
1540	78.219
1541	79.188
1542	80.719
1543	79.656
1544	78.812
1545	78.031
1546	79.656
1547	78.125
1548	78.469
1549	77.875
1550	78.219
1551	78.281
1552	77.625
1553	76.781
1554	78.406
1555	78.844
1556	77.219
1557	78.219
1558	79.125
1559	76.688
1560	80.156
1561	78.625
1562	77.25
1563	77.75
1564	77.688
1565	78.156
1566	76.719
1567	80.906
1568	87.781
1569	90.906
1570	92
1571	93.344
1572	95.156
1573	94.625
1574	93.344
1575	92.781
1576	94.281
1577	91.875
1578	90.062
1579	88.156
1580	89.344
1581	89.594
1582	89.188
1583	89.094
1584	86.531
1585	85.719
1586	84.188
1587	85.562
1588	85.562
1589	84.375
1590	84.344
1591	85.906
1592	83.75
1593	85.469
1594	83.344
1595	83.562
1596	83.188
1597	81.031
1598	81.656
1599	82.281
1600	80.438
1601	81.875
1602	81.094
1603	81.969
1604	80.5
1605	79.656
1606	82.656
1607	80.375
1608	80.375
1609	80.125
1610	80.312
1611	79.875
1612	80
1613	81.969
1614	80.594
1615	81.125
1616	79.562
1617	80.438
1618	79.812
1619	77.906
1620	80.438
1621	78.156
1622	78.312
1623	79.438
1624	80
1625	78.719
1626	79.031
1627	79.344
1628	79.906
1629	80.156
1630	77.406
1631	78.469
1632	77.781
1633	76.938
1634	77.438
1635	78.781
1636	84.625
1637	88.031
1638	89.906
1639	91.5
1640	94.656
1641	93.281
1642	95.094
1643	93.031
1644	91.844
1645	92.969
1646	91.75
1647	89.438
1648	90.344
1649	89.438
1650	87
1651	90.25
1652	87.969
1653	84.5
1654	86.562
1655	86.688
1656	84.625
1657	84.844
1658	85.031
1659	82.406
1660	83.938
1661	84.938
1662	82.625
1663	83.625
1664	82.25
1665	81.719
1666	81.875
1667	82.219
1668	83.406
1669	81.5
1670	81.531
1671	82.094
1672	81.531
1673	82.531
1674	82.5
1675	80.969
1676	82.531
1677	79.844
1678	79.75
1679	81.594
1680	80.25
1681	80.344
1682	77.25
1683	79.438
1684	80.812
1685	79.844
1686	80.188
1687	78.719
1688	80.719
1689	79.594
1690	79.344
1691	78.344
1692	77.406
1693	76.719
1694	79.469
1695	78.156
1696	77.844
1697	78.062
1698	78
1699	75.719
1700	79.312
1701	77.281
1702	77.781
1703	77.844
1704	76.844
1705	77.938
1706	76.688
1707	76
1708	75.906
1709	79.344
1710	77.781
1711	77.562
1712	76.938
1713	78.562
1714	76.438
1715	75.656
1716	77.906
1717	77.562
1718	76.25
1719	76.562
1720	75.625
1721	76.25
1722	75.969
1723	76.969
1724	77.125
1725	77.031
1726	81.562
1727	86.375
1728	88.688
1729	91.781
1730	93.125
1731	94.906
1732	94.625
1733	91.156
1734	93.719
1735	93.469
1736	91.875
1737	91.594
1738	89.625
1739	89.969
1740	89.906
1741	88.938
1742	88.312
1743	87.5
1744	87.875
1745	87.344
1746	87.156
1747	88.406
1748	86.656
1749	84.656
1750	85.375
1751	85.125
1752	87.344
1753	84.375
1754	83.812
1755	83.531
1756	85.344
1757	82.969
1758	82.656
1759	79.438
1760	84.219
1761	82.688
1762	82.656
1763	81.906
1764	80.562
1765	80.031
1766	78.969
1767	80.844
1768	80.281
1769	80
1770	81.031
1771	82.219
1772	80.844
1773	80.188
1774	82.156
1775	80.125
1776	79.469
1777	78.062
1778	79.219
1779	77.781
1780	78.5
1781	79.094
1782	76.406
1783	79.688
1784	78.656
1785	79.625
1786	78.25
1787	77.688
1788	78.25
1789	76.688
1790	75.875
1791	77.906
1792	74.969
1793	78.625
1794	77.594
1795	77.812
1796	77.094
1797	78.156
1798	76.344
1799	76.469
1800	78.438
1801	77.438
1802	76.156
1803	76
1804	76.688
1805	78.156
1806	77.531
1807	78.156
1808	77.219
1809	78.062
1810	77.688
1811	76.625
1812	77.625
1813	77.125
1814	77.438
1815	77.719
1816	75.25
1817	76.625
1818	75.531
1819	74.844
1820	74.812
1821	76.844
1822	75.719
1823	77.344
1824	75.656
1825	77.562
1826	75.812
1827	76.719
1828	77.406
1829	78.25
1830	78.219
1831	75.062
1832	76.406
1833	74.938
1834	77.344
1835	77
1836	76.75
1837	76.625
1838	77.25
1839	75.906
1840	77.594
1841	77
1842	75.188
1843	72.844
1844	76.5
1845	76.406
1846	76
1847	76.312
1848	74.406
1849	74
1850	76.219
1851	76.062
1852	75.312
1853	77.469
1854	76.062
1855	75.5
1856	74.562
1857	75.25
1858	75.469
1859	74.531
1860	78.344
1861	77.438
1862	75.156
1863	76.094
1864	75.375
1865	74.625
1866	75.812
1867	74.406
1868	76.219
1869	75.625
1870	74.156
1871	74.406
1872	75.531
1873	74.469
1874	74.281
1875	77.094
1876	75.406
1877	75.75
1878	76
1879	75.719
1880	74.062
1881	76.75
1882	75.562
1883	75.969
1884	75.844
1885	80.125
1886	84.719
1887	88.906
1888	91.469
1889	89.875
1890	91.688
1891	92.062
1892	91.344
1893	92.156
1894	89.688
1895	88.375
1896	89.188
1897	88.219
1898	88.281
1899	87.438
1900	87.25
1901	87.281
1902	84.594
1903	85.781
1904	84.312
1905	86.406
1906	84.375
1907	82.406
1908	81.969
1909	82.188
1910	80.906
1911	81.406
1912	80.156
1913	80.688
1914	81.156
1915	79.438
1916	81.594
1917	79.531
1918	81.188
1919	80.438
1920	79.25
1921	81.281
1922	81.25
1923	79.688
1924	79.344
1925	78.844
1926	78.812
1927	80.719
1928	80.344
1929	78.844
1930	79.812
1931	80.938
1932	78.188
1933	76.938
1934	78.906
1935	76.781
1936	76
1937	78.188
1938	78.562
1939	79
1940	77.594
1941	78.469
1942	76.938
1943	76.094
1944	79.906
1945	77.75
1946	78.188
1947	79.062
1948	79.125
1949	77.375
1950	76.094
1951	76.375
1952	77.031
1953	78.344
1954	77.188
1955	77.562
1956	75.906
1957	77
1958	76.438
1959	75.781
1960	74.625
1961	76.438
1962	76.062
1963	75.719
1964	76.281
1965	76.875
1966	76.5
1967	75.75
1968	76.25
1969	75.625
1970	75.719
1971	75.188
1972	75.125
1973	76
1974	76.938
1975	76.344
1976	75.094
1977	76.844
1978	76.25
1979	76.469
1980	74.406
1981	78.25
1982	74.656
1983	75.844
1984	77.75
1985	75.031
1986	75.594
1987	74.562
1988	74.75
1989	74.531
1990	75.281
1991	76.438
1992	74.938
1993	76.688
1994	75.344
1995	73.062
1996	76
1997	75.719
1998	76.125
1999	73.344
2000	75.875
2001	75
2002	74.938
2003	73.938
2004	75.219
2005	76.75
2006	76.562
2007	75.75
2008	73.938
2009	75.875
2010	74.156
2011	76.062
2012	74.656
2013	75.906
2014	75.188
2015	73.938
2016	75.656
2017	75.094
2018	76.969
2019	72.531
2020	75.75
2021	75.25
2022	74.219
2023	75.406
2024	76.344
2025	72.844
2026	75.281
2027	72.75
2028	75.875
2029	74.688
2030	74.344
2031	76.062
2032	75.781
2033	73.75
2034	75.781
2035	75.625
2036	76.469
2037	74.312
2038	74.312
2039	75.25
2040	75.906
2041	73.906
2042	74.406
2043	75.25
2044	79.25
2045	86.344
2046	87.5
2047	88.656
2048	90.688
2049	90.844
2050	88.75
2051	90.469
2052	88.781
2053	89.438
2054	88.844
2055	89.906
2056	90.125
2057	89.25
2058	89.375
2059	86.125
2060	86.281
2061	85.875
2062	85.812
2063	85.281
2064	84.969
2065	82.375
2066	85.344
2067	83.688
2068	82.156
2069	83.094
2070	81.719
2071	83.062
2072	82.812
2073	83.812
2074	82.031
2075	82.375
2076	80.938
2077	81.125
2078	79.812
2079	80.719
2080	80.438
2081	81.219
2082	79.812
2083	80.844
2084	79.719
2085	81.812
2086	80.625
2087	77.531
2088	81.281
2089	78.781
2090	77.75
2091	79.438
2092	78.156
2093	77.688
2094	78.75
2095	78.812
2096	77.625
2097	78.438
2098	75.656
2099	79.031
2100	77.656
2101	77.938
2102	75.438
2103	78.375
2104	77.25
2105	76.031
2106	76.781
2107	75.188
2108	75
2109	75.844
2110	76.062
2111	78.094
2112	76.5
2113	75.75
2114	75.219
2115	75.344
2116	75.906
2117	76.125
2118	73.969
2119	76.125
2120	76.219
2121	75.938
2122	75.875
2123	75
2124	76.094
2125	77.281
2126	75.969
2127	75.281
2128	76.469
2129	75.406
2130	76.469
2131	76.281
2132	74.156
2133	74.969
2134	76.656
2135	74.812
2136	75.781
2137	77.125
2138	74.656
2139	74.531
2140	75.812
2141	75.844
2142	73.375
2143	76.312
2144	76.125
2145	75.969
2146	75.5
2147	73.844
2148	74.656
2149	73.906
2150	75.281
2151	74.188
2152	74.531
2153	76.031
2154	74.188
2155	75.531
2156	74
2157	73.938
2158	74.875
2159	74.75
2160	73.812
2161	73.719
2162	75
2163	73.594
2164	74.656
2165	75.906
2166	74.656
2167	75.75
2168	74.594
2169	77.25
2170	73.344
2171	76.094
2172	73.719
2173	74.906
2174	72.844
2175	72.094
2176	73
2177	78.594
2178	74.844
2179	75.281
2180	75.312
2181	72.906
2182	73.344
2183	74.375
2184	74.344
2185	76.375
2186	74.312
2187	73.062
2188	74.906
2189	73.969
2190	75.781
2191	76.688
2192	77.844
2193	74.094
2194	74.125
2195	77.25
2196	75.656
2197	74.5
2198	73.312
2199	75
2200	75.219
2201	73.781
2202	76.656
2203	80.406
2204	86.719
2205	87.438
2206	87.5
2207	89.188
2208	89.781
2209	89.906
2210	90.062
2211	90.375
2212	91.125
2213	89.219
2214	87.938
2215	86.906
2216	87.531
2217	85.344
2218	86.406
2219	85
2220	85.031
2221	84.531
2222	85.062
2223	84.719
2224	85
2225	83.594
2226	83.625
2227	83.969
2228	81.531
2229	82.719
2230	83.344
2231	82
2232	82.344
2233	79.969
2234	80.562
2235	80.438
2236	79.812
2237	79.812
2238	82.25
2239	80.344
2240	79.875
2241	81.406
2242	80.531
2243	79.375
2244	78.562
2245	82.094
2246	79.5
2247	78.844
2248	76.719
2249	75.438
2250	79.594
2251	78.656
2252	76.719
2253	77.406
2254	78.406
2255	74.938
2256	77.25
2257	77.562
2258	75.188
2259	78.062
2260	76.062
2261	76.969
2262	77.094
2263	77.469
2264	78.656
2265	77.875
2266	76.094
2267	77.688
2268	77.562
2269	75.906
2270	75.906
2271	73.469
2272	76.375
2273	76.156
2274	76.219
2275	75.156
2276	75.406
2277	75.938
2278	75.094
2279	76.625
2280	75.125
2281	76.25
2282	75.531
2283	74.625
2284	74.844
2285	75.438
2286	75.688
2287	76.312
2288	74.531
2289	76.344
2290	75.188
2291	73.844
2292	76.906
2293	73.281
2294	74.375
2295	74.594
2296	74.688
2297	75.688
2298	73.875
2299	75.062
2300	76.969
2301	73.688
2302	74.469
2303	74.125
2304	76.094
2305	74.375
2306	74.344
2307	73.5
2308	74.844
2309	73.281
2310	74.062
2311	73.312
2312	73.531
2313	72.969
2314	73.688
2315	73.375
2316	73.469
2317	74.188
2318	74.719
2319	73.125
2320	74.844
2321	75.25
2322	77.75
2323	74.969
2324	75.625
2325	76.75
2326	75.625
2327	74.594
2328	75.594
2329	74.938
2330	73.062
2331	75.031
2332	73.25
2333	76.344
2334	75.344
2335	75.25
2336	74.844
2337	74
2338	73.031
2339	73.25
2340	73.219
2341	74.25
2342	74.094
2343	74.719
2344	73
2345	74.531
2346	73.25
2347	75.031
2348	75.344
2349	75.25
2350	75.125
2351	73.062
2352	73.156
2353	72.25
2354	74.938
2355	74.438
2356	73.312
2357	74.094
2358	74.188
2359	73.969
2360	75.906
2361	77.188
2362	83.969
2363	83.062
2364	88.156
2365	87.375
2366	89.031
2367	90.625
2368	88.812
2369	88.594
2370	88.438
2371	88.906
2372	89.312
2373	86.719
2374	87.938
2375	90.625
2376	88.531
2377	86.094
2378	87.312
2379	85.938
2380	85.781
2381	85.688
2382	86.781
2383	85.062
2384	85.062
2385	85.938
2386	85.719
2387	84.156
2388	82.438
2389	84.25
2390	83.812
2391	82.406
2392	81.344
2393	80.594
2394	80.438
2395	82.781
2396	83.594
2397	82.062
2398	80.875
2399	80.938
2400	79.219
2401	81.031
2402	80.375
2403	80.062
2404	79.531
2405	79.25
2406	77.969
2407	81.688
2408	80.375
2409	79.469
2410	79.25
2411	78.594
2412	76.688
2413	75.906
2414	77.219
2415	78.156
2416	78.594
2417	76.719
2418	77.219
2419	78.719
2420	77.781
2421	78.281
2422	75.469
2423	77.812
2424	76.156
2425	76.25
2426	75.406
2427	75.062
2428	77.625
2429	76
2430	75.156
2431	75.625
2432	74.906
2433	77.188
2434	77.594
2435	75.062
2436	74.719
2437	75.844
2438	76.438
2439	77.094
2440	76.062
2441	74.531
2442	75.875
2443	74.344
2444	73.969
2445	74.125
2446	74.344
2447	74.625
2448	75.094
2449	74.125
2450	75.594
2451	74.938
2452	76.031
2453	75.438
2454	74.844
2455	76.375
2456	74.188
2457	74.812
2458	75.062
2459	73
2460	76.156
2461	74.312
2462	74.25
2463	73.344
2464	73.969
2465	72.5
2466	73.625
2467	73.938
2468	73.5
2469	74.312
2470	76.406
2471	74.531
2472	74.281
2473	73.438
2474	72.219
2475	72.531
2476	74.031
2477	73.562
2478	72.719
2479	73.531
2480	73.312
2481	74.844
2482	74.875
2483	72.656
2484	73.938
2485	74.875
2486	73.312
2487	74.875
2488	73.75
2489	74.719
2490	73.719
2491	73.188
2492	74.125
2493	75.031
2494	73.656
2495	73.219
2496	72.594
2497	72.688
2498	74.281
2499	74
2500	73.344
2501	74.5
2502	73.094
2503	73.312
2504	73.781
2505	72.125
2506	74.312
2507	74.469
2508	72.812
2509	73.188
2510	72.719
2511	74.656
2512	73.656
2513	72.344
2514	73.562
2515	72.531
2516	74.125
2517	74.312
2518	72.438
2519	74.156
2520	77.312
2521	82.531
2522	83.656
2523	86.25
2524	87.656
2525	88.688
2526	89.844
2527	90.531
2528	87
2529	86.75
2530	87.031
2531	86.156
2532	86.094
2533	87.031
2534	83.125
2535	84.531
2536	84.938
2537	83.438
2538	84.188
2539	81.281
2540	83.125
2541	81.844
2542	81.344
2543	81.188
2544	81.125
2545	80.375
2546	80.656
2547	79.531
2548	81.875
2549	81
2550	79.312
2551	82.188
2552	78.5
2553	77.938
2554	76.875
2555	79.562
2556	80.969
2557	78.625
2558	77.375
2559	77.938
2560	78.75
2561	77.531
2562	78.625
2563	74.125
2564	77.188
2565	77.812
2566	78.094
2567	76.5
2568	75.688
2569	75.438
2570	79.625
2571	75.719
2572	76.25
2573	75.594
2574	76.625
2575	75.25
2576	75
2577	75.312
2578	74.125
2579	75.906
2580	75.344
2581	76.25
2582	75.438
2583	75.031
2584	74.156
2585	75.125
2586	74.562
2587	75.25
2588	77.312
2589	74.281
2590	73.469
2591	74.625
2592	74.906
2593	73.906
2594	73.906
2595	73.625
2596	76.5
2597	74.156
2598	74.688
2599	75.312
2600	74.781
2601	74.875
2602	73.594
2603	75.156
2604	73.438
2605	73.375
2606	74.219
2607	74.469
2608	73.312
2609	74
2610	75.344
2611	72.844
2612	73.688
2613	74.188
2614	74.688
2615	72.969
2616	74.906
2617	72.125
2618	72.875
2619	72.469
2620	71.562
2621	73.906
2622	75.656
2623	74.219
2624	71.938
2625	73.031
2626	70.719
2627	73.375
2628	75.031
2629	74.125
2630	74.469
2631	74.156
2632	73.25
2633	74.312
2634	72.594
2635	73.594
2636	74.688
2637	72.656
2638	74.312
2639	72.625
2640	73.469
2641	73.156
2642	71.312
2643	73.625
2644	72.875
2645	71.188
2646	72.812
2647	74.094
2648	73.469
2649	75.969
2650	74.75
2651	77.375
2652	81.844
2653	83.562
2654	86.625
2655	86.969
2656	88.875
2657	88.844
2658	88.219
2659	87.219
2660	87.062
2661	84.344
2662	86.188
2663	83.781
2664	85.906
2665	86.219
2666	84.406
2667	83.531
2668	84.969
2669	82.406
2670	83
2671	81.844
2672	81.5
2673	80.344
2674	82.406
2675	78.875
2676	81.188
2677	80.219
2678	80.125
2679	82.75
2680	83.688
2681	88.531
2682	87.531
2683	87.469
2684	90.656
2685	87.375
2686	86.594
2687	88.438
2688	86.156
2689	84.656
2690	86.375
2691	85.5
2692	84.344
2693	82
2694	83.844
2695	82.531
2696	82.781
2697	84.094
2698	81.844
2699	80.906
2700	81.219
2701	80.562
2702	81.25
2703	79.906
2704	81.312
2705	80.688
2706	81.531
2707	80.719
2708	80.25
2709	78.531
2710	80.312
2711	78.625
2712	78.688
2713	77.656
2714	79.781
2715	80.344
2716	77.344
2717	78.5
2718	79
2719	79.125
2720	77.906
2721	77.5
2722	77.938
2723	77.594
2724	75.75
2725	76.531
2726	76.25
2727	75.562
2728	76.531
2729	78.125
2730	76.031
2731	75.781
2732	75.062
2733	75.469
2734	75.406
2735	74.812
2736	76.469
2737	75.625
2738	76.188
2739	76.062
2740	73.812
2741	77.719
2742	74.938
2743	74.688
2744	76.25
2745	73.875
2746	73.562
2747	72.625
2748	74.5
2749	72.312
2750	73.219
2751	74.812
2752	72.156
2753	74.781
2754	72.062
2755	74.719
2756	73.906
2757	73.75
2758	74.312
2759	74.312
2760	74.031
2761	73.062
2762	75.094
2763	74
2764	73.281
2765	74.625
2766	71.969
2767	74.094
2768	75.594
2769	72.875
2770	73.188
2771	74.031
2772	72.781
2773	71.812
2774	70.5
2775	71.844
2776	73.625
2777	73.875
2778	72.625
2779	75.344
2780	72.781
2781	72.062
2782	72.812
2783	72.25
2784	72.938
2785	72.562
2786	71.531
2787	74.469
2788	74.094
2789	71.938
2790	72.312
2791	73.406
2792	74.156
2793	72.375
2794	71.438
2795	72.938
2796	73.344
2797	70.844
2798	73.156
2799	73.719
2800	72.281
2801	71.719
2802	73.5
2803	72.062
2804	72.281
2805	77.125
2806	80.375
2807	84.719
2808	86.406
2809	86.969
2810	88.5
2811	86.281
2812	87.719
2813	86
2814	85.75
2815	85.375
2816	83.406
2817	83.438
2818	81.844
2819	83.625
2820	82.062
2821	79.5
2822	82.219
2823	80.344
2824	80.719
2825	79.656
2826	79.688
2827	80.906
2828	79.062
2829	80.438
2830	79.875
2831	79.406
2832	81.594
2833	81.406
2834	78.656
2835	79.625
2836	78.656
2837	78.531
2838	82.094
2839	85.062
2840	86
2841	88.906
2842	87.031
2843	87.688
2844	88.094
2845	87.625
2846	86.844
2847	83.531
2848	84.312
2849	83
2850	82.75
2851	84.5
2852	83.906
2853	82
2854	83.969
2855	81.375
2856	80.219
2857	80.281
2858	80.344
2859	80.188
2860	80.781
2861	79.781
2862	79.219
2863	79.219
2864	79.562
2865	79.375
2866	79.188
2867	77.875
2868	79.375
2869	77.438
2870	77.906
2871	78.188
2872	77.719
2873	77.844
2874	76.219
2875	74.625
2876	77.031
2877	78.156
2878	77.656
2879	77.469
2880	75.594
2881	77.375
2882	77.062
2883	76.531
2884	77.312
2885	78.125
2886	75.312
2887	74.5
2888	76.375
2889	75.75
2890	75.406
2891	77.188
2892	76.094
2893	74.75
2894	75.312
2895	76.625
2896	73.406
2897	74.906
2898	73.781
2899	75.156
2900	76.188
2901	73.438
2902	74.125
2903	73.5
2904	74.281
2905	76.188
2906	73.031
2907	73.812
2908	73.031
2909	76
2910	73.281
2911	74.781
2912	74.469
2913	73.562
2914	70.875
2915	72.812
2916	74.344
2917	72.562
2918	72.312
2919	73.938
2920	74.969
2921	72.656
2922	72.938
2923	72.5
2924	74.531
2925	73.344
2926	71.062
2927	72.156
2928	73.281
2929	72.469
2930	72.594
2931	71.281
2932	73.781
2933	74.5
2934	73.375
2935	73.469
2936	71.75
2937	72.125
2938	74.281
2939	73.062
2940	72.125
2941	71.938
2942	72.469
2943	72.469
2944	71.156
2945	72.031
2946	70.031
2947	71.969
2948	72.094
2949	71.906
2950	71.156
2951	71.406
2952	72.281
2953	72.125
2954	70.75
2955	71.594
2956	72.156
2957	72.531
2958	71.531
2959	72.344
2960	73.875
2961	72.094
2962	72.156
2963	73.062
2964	71.5
2965	73.719
2966	73.844
2967	70.969
2968	72.375
2969	71.906
2970	70.906
2971	72.219
2972	69.781
2973	72.844
2974	72.188
2975	72.281
2976	70.094
2977	72.812
2978	70.125
2979	72.125
2980	72
2981	71.219
2982	71.094
2983	72.562
2984	71.281
2985	71.094
2986	70.875
2987	71.656
2988	70.938
2989	72.5
2990	71.562
2991	71.656
2992	68.938
2993	72.25
2994	70.625
2995	71.562
2996	74.25
2997	76.281
2998	81.844
2999	84.688
3000	85.094
3001	85.844
3002	86.312
3003	87.344
3004	87.25
3005	85.969
3006	84.75
3007	85.312
3008	84.688
3009	84.062
3010	83.812
3011	81.938
3012	82
3013	81.156
3014	81.781
3015	81.688
3016	80.594
3017	79.781
3018	79.594
3019	78.188
3020	78.812
3021	77.781
3022	78.562
3023	78.812
3024	78.875
3025	77.656
3026	79.25
3027	77.344
3028	78.656
3029	77.688
3030	76.406
3031	76.094
3032	79.281
3033	75.125
3034	76.75
3035	77.094
3036	78.594
3037	77.312
3038	76.562
3039	76.594
3040	76.094
3041	75.844
3042	75.188
3043	72.906
3044	75.031
3045	74.688
3046	74.812
3047	72.281
3048	75.625
3049	73.938
3050	74.25
3051	74.531
3052	74.688
3053	74.875
3054	74.031
3055	73.969
3056	74.375
3057	74.625
3058	74.062
3059	72.438
3060	75.594
3061	72.656
3062	72.344
3063	74.906
3064	73.188
3065	73.781
3066	72.906
3067	72.5
3068	73.062
3069	73.531
3070	73.188
3071	72.875
3072	73.031
3073	72.375
3074	70.125
3075	70.312
3076	70.156
3077	73.688
3078	73.094
3079	71.688
3080	72.25
3081	73.406
3082	71.812
3083	71.5
3084	71
3085	73.375
3086	70.5
3087	73.406
3088	76.469
3089	71.312
3090	74.031
3091	70.188
3092	73.031
3093	72.25
3094	72.469
3095	72.281
3096	72.219
3097	71.5
3098	74.188
3099	72.031
3100	70.281
3101	71.219
3102	73.125
3103	72.438
3104	73.75
3105	71.75
3106	72.844
3107	72.5
3108	72.688
3109	71.062
3110	72.031
3111	73.5
3112	72.531
3113	70.969
3114	72.375
3115	70.875
3116	73.812
3117	72.438
3118	72.906
3119	70.688
3120	71.625
3121	73.906
3122	71.469
3123	70.281
3124	72.281
3125	72.188
3126	71.969
3127	72.312
3128	72.812
3129	71.188
3130	70.625
3131	72.375
3132	72.938
3133	72.562
3134	71.688
3135	70.656
3136	71.969
3137	73
3138	71.812
3139	72.438
3140	72
3141	71.25
3142	72.625
3143	72.094
3144	72.406
3145	72.781
3146	69.812
3147	71.406
3148	71.156
3149	71.062
3150	71.344
3151	71.812
3152	72.094
3153	70.844
3154	72.344
3155	74.469
3156	77.656
3157	80.344
3158	81.969
3159	86.875
3160	85.375
3161	85.562
3162	85.938
3163	85.344
3164	84.781
3165	84.375
3166	84.562
3167	83.719
3168	82.844
3169	82.125
3170	82.469
3171	79.25
3172	79.469
3173	82.906
3174	81.312
3175	81.062
3176	80
3177	80.031
3178	79.031
3179	76.688
3180	79.656
3181	78.031
3182	77.906
3183	77.156
3184	77.5
3185	78.969
3186	77.25
3187	75.812
3188	77.406
3189	74.656
3190	75.719
3191	75.688
3192	76.75
3193	74.281
3194	74.625
3195	75.594
3196	75.094
3197	75.219
3198	74.812
3199	75.5
3200	75.812
3201	73.312
3202	73.531
3203	75.25
3204	74.688
3205	75.938
3206	74.156
3207	74.062
3208	75.344
3209	73.688
3210	74.844
3211	73.719
3212	74.75
3213	73.844
3214	74.812
3215	74.781
3216	73.094
3217	70.906
3218	75.156
3219	74.75
3220	74.125
3221	74.031
3222	73.531
3223	73.156
3224	74.438
3225	72.875
3226	72.688
3227	72.906
3228	72.25
3229	73.844
3230	71.844
3231	71.781
3232	71.594
3233	72.031
3234	73
3235	71.875
3236	73.188
3237	72.188
3238	73.281
3239	74.594
3240	71.156
3241	72.344
3242	72.781
3243	71.781
3244	74.75
3245	72.531
3246	72.438
3247	71.469
3248	73.219
3249	73.812
3250	70.812
3251	72.562
3252	72.25
3253	69.969
3254	72.188
3255	72.469
3256	73.188
3257	70.969
3258	71.938
3259	71.875
3260	73.156
3261	71.5
3262	71.406
3263	72.312
3264	71.031
3265	73.094
3266	72.031
3267	72.469
3268	72.75
3269	73.219
3270	70.688
3271	72.375
3272	72.844
3273	72.156
3274	71.562
3275	71.438
3276	71
3277	72.594
3278	71.281
3279	72.812
3280	71.719
3281	72.969
3282	73.562
3283	71.781
3284	71.5
3285	71.844
3286	71.594
3287	72.312
3288	71.438
3289	72.562
3290	72.219
3291	72
3292	72.375
3293	73.125
3294	71.562
3295	73.406
3296	72.969
3297	71.688
3298	73.312
3299	70.781
3300	73
3301	72.594
3302	73.406
3303	70.219
3304	71
3305	72.312
3306	72.25
3307	71.938
3308	73.875
3309	71.625
3310	72.906
3311	71.344
3312	71.25
3313	70.312
3314	75.219
3315	77.562
3316	80.844
3317	84.625
3318	86.375
3319	86.969
3320	85.656
3321	84.781
3322	84.094
3323	85.531
3324	85.562
3325	84.906
3326	82.688
3327	83.219
3328	83.375
3329	80
3330	80.781
3331	81.375
3332	79.969
3333	80.625
3334	79.344
3335	80.344
3336	78.656
3337	79.625
3338	77.406
3339	77.938
3340	79
3341	79.969
3342	77.969
3343	77.438
3344	78.5
3345	75.625
3346	76.938
3347	76.938
3348	76.531
3349	76.781
3350	75.5
3351	74.156
3352	76.438
3353	74.969
3354	73.75
3355	74.719
3356	74.438
3357	73.594
3358	73
3359	74.062
3360	73.531
3361	72.719
3362	77.094
3363	74.281
3364	74.969
3365	72.719
3366	74.406
3367	72.469
3368	74.406
3369	73.469
3370	73.406
3371	73.625
3372	73.344
3373	72.094
3374	72.875
3375	71.25
3376	74.375
3377	72.438
3378	72.531
3379	72.906
3380	72.781
3381	72.906
3382	71.781
3383	74.062
3384	71.875
3385	72.281
3386	71.562
3387	70.844
3388	73.531
3389	72.406
3390	73.094
3391	74.312
3392	73.344
3393	73.562
3394	72.75
3395	71.969
3396	72.406
3397	71.969
3398	72.469
3399	73.656
3400	73.625
3401	73.031
3402	73.156
3403	73.094
3404	73.031
3405	70.375
3406	71.344
3407	72.75
3408	70.406
3409	72.25
3410	70.906
3411	70.062
3412	72.5
3413	71.75
3414	70.562
3415	70.875
3416	72.125
3417	73.062
3418	71.031
3419	71.312
3420	71.156
3421	71
3422	70.031
3423	71.312
3424	71.375
3425	72.75
3426	71.562
3427	71.375
3428	71.469
3429	71.75
3430	71.594
3431	72.781
3432	72.344
3433	73
3434	73.812
3435	77.625
3436	78.406
3437	82.969
3438	84.469
3439	84.688
3440	86.188
3441	86.281
3442	86.531
3443	82.781
3444	85.312
3445	83.625
3446	85.375
3447	83.938
3448	84.812
3449	81.094
3450	82.531
3451	80.781
3452	81.938
3453	82.656
3454	79.656
3455	79.75
3456	80.781
3457	80.594
3458	79
3459	81.125
3460	79.469
3461	79.531
3462	79.281
3463	79.688
3464	78.469
3465	78.375
3466	77.375
3467	76.531
3468	76.906
3469	76.75
3470	74.562
3471	76.875
3472	76.062
3473	78.719
3474	81.781
3475	84.094
3476	85.656
3477	85.375
3478	87.094
3479	86.656
3480	83.188
3481	84.156
3482	83.25
3483	82.25
3484	83.312
3485	82.094
3486	81.656
3487	78.188
3488	79.469
3489	80.031
3490	78.719
3491	79.562
3492	79.594
3493	80.906
3494	77.719
3495	76.344
3496	76.969
3497	78.281
3498	76.406
3499	79.469
3500	77.656
3501	76.656
3502	76.312
3503	77.875
3504	75.344
3505	78.031
3506	76.188
3507	75.906
3508	75.781
3509	76.281
3510	76.156
3511	75.812
3512	78.594
3513	74.875
3514	76.188
3515	75.844
3516	74.344
3517	74.875
3518	74.375
3519	74.312
3520	76.656
3521	75
3522	73.938
3523	75.281
3524	73.906
3525	73.531
3526	75.344
3527	72.938
3528	73.969
3529	71.531
3530	72.594
3531	74.406
3532	72.75
3533	74.094
3534	73.344
3535	71.75
3536	72.094
3537	71.312
3538	73.75
3539	73.844
3540	73.625
3541	73.938
3542	70.688
3543	71.656
3544	71.75
3545	72.688
3546	73.281
3547	73.094
3548	73.094
3549	71.938
3550	72.312
3551	74.375
3552	72.344
3553	71.812
3554	72.5
3555	71.469
3556	71.562
3557	71.031
3558	70.344
3559	72.656
3560	71.219
3561	72.938
3562	72.719
3563	71.812
3564	70.188
3565	70.281
3566	71.438
3567	70.906
3568	74.906
3569	71.531
3570	73.25
3571	72
3572	72.344
3573	71.312
3574	72.125
3575	72.625
3576	70.125
3577	71.562
3578	71.406
3579	71.594
3580	69.844
3581	71.844
3582	71.656
3583	72.625
3584	71.281
3585	70.844
3586	71.688
3587	72.062
3588	71.812
3589	70.375
3590	71.531
3591	71.406
3592	71.781
3593	72.062
3594	72.062
3595	70.219
3596	71.719
3597	72.156
3598	73.219
3599	71.281
3600	72.062
3601	71.406
3602	70.781
3603	71.5
3604	76.125
3605	78.5
3606	81.125
3607	85.156
3608	84.781
3609	84.344
3610	83.844
3611	84.156
3612	84.719
3613	80.219
3614	82.781
3615	82.281
3616	83.719
3617	81.406
3618	81.812
3619	80.344
3620	80.688
3621	77.938
3622	79.656
3623	80.5
3624	80
3625	77.406
3626	77.969
3627	78.375
3628	76.875
3629	77.406
3630	78.156
3631	77.812
3632	79.469
3633	83.406
3634	84.188
3635	85.625
3636	86.312
3637	85.781
3638	83.344
3639	84.844
3640	85.156
3641	83.375
3642	81.844
3643	80.438
3644	82.625
3645	80.906
3646	80.938
3647	81
3648	79.875
3649	80.875
3650	79.688
3651	78.344
3652	77.938
3653	79.188
3654	79.906
3655	79.031
3656	78.062
3657	78.812
3658	75.781
3659	78.562
3660	76.562
3661	77.625
3662	76.812
3663	77.75
3664	76.875
3665	76.219
3666	75.125
3667	74.438
3668	75.5
3669	75.281
3670	75.938
3671	75.094
3672	76.656
3673	76.188
3674	74.406
3675	75.188
3676	75.219
3677	75.875
3678	73.906
3679	74.781
3680	75.938
3681	73.656
3682	74.531
3683	74.281
3684	73.594
3685	72.969
3686	71.656
3687	74.531
3688	73.812
3689	74.312
3690	72.625
3691	71.312
3692	75.375
3693	71.906
3694	72.562
3695	72.812
3696	72.469
3697	72.719
3698	74.031
3699	74.031
3700	71.25
3701	71.906
3702	72.469
3703	74.094
3704	73.844
3705	72.969
3706	74.156
3707	72.156
3708	74.156
3709	72.312
3710	71.094
3711	70.781
3712	72.594
3713	71.125
3714	70.75
3715	73.156
3716	69.5
3717	71.562
3718	72.875
3719	73.375
3720	71.031
3721	71.719
3722	71.875
3723	70.75
3724	72.031
3725	72.281
3726	71.438
3727	73.469
3728	71.656
3729	72.031
3730	72.031
3731	73.094
3732	71.969
3733	72.031
3734	73.625
3735	72.312
3736	71.656
3737	73.5
3738	71.094
3739	71.094
3740	70.656
3741	72.531
3742	71.688
3743	70.25
3744	72
3745	69.719
3746	71.406
3747	70.156
3748	70.469
3749	71.562
3750	73.469
3751	70.812
3752	70.156
3753	72.438
3754	68.406
3755	70.656
3756	71.375
3757	70.406
3758	70.219
3759	71.875
3760	72.5
3761	69.406
3762	70.312
3763	70.531
3764	70.594
3765	70.438
3766	70.906
3767	71.844
3768	69.531
3769	70.344
3770	69.281
3771	71.531
3772	69.625
3773	71.594
3774	69.875
3775	70.25
3776	70.562
3777	70.094
3778	69
3779	68.5
3780	70.844
3781	70.062
3782	68.969
3783	71.531
3784	71.594
3785	71.531
3786	71.219
3787	70.344
3788	72.25
3789	72.406
3790	70.844
3791	75.594
3792	78.375
3793	81.688
3794	81.375
3795	83.531
3796	86.375
3797	84.594
3798	83.75
3799	84.875
3800	83.562
3801	85.531
3802	82.5
3803	81
3804	80.656
3805	80
3806	82.438
3807	80.656
3808	80.281
3809	78.562
3810	77.875
3811	79.344
3812	79.812
3813	76.688
3814	77.75
3815	76.125
3816	78.156
3817	75.844
3818	78.094
3819	78.688
3820	74.906
3821	78.188
3822	77.125
3823	77.906
3824	77.219
3825	73.875
3826	74.438
3827	76.281
3828	75.031
3829	74.281
3830	73.219
3831	76.094
3832	74.344
3833	73.219
3834	74.375
3835	74.281
3836	73.75
3837	72.344
3838	73.344
3839	73.281
3840	74.062
3841	72.656
3842	74.594
3843	74.062
3844	73.75
3845	74.281
3846	72.656
3847	72.156
3848	73.062
3849	71
3850	70.219
3851	72
3852	71.5
3853	72.094
3854	75.312
3855	72.719
3856	71.406
3857	71.688
3858	71.312
3859	72.188
3860	73.125
3861	71.75
3862	72.75
3863	71.688
3864	72.281
3865	71.844
3866	69.812
3867	71.219
3868	70.25
3869	69.656
3870	73.406
3871	71.375
3872	69.219
3873	71.781
3874	71.125
3875	70.75
3876	72.688
3877	72.062
3878	71.094
3879	70.188
3880	70.406
3881	70.375
3882	71.375
3883	68.594
3884	72.031
3885	70.969
3886	71.938
3887	69.5
3888	71.312
3889	71.219
3890	71.094
3891	70.844
3892	70.062
3893	70.656
3894	70.438
3895	70.406
3896	70
3897	70.125
3898	69.812
3899	72.25
3900	69.531
3901	71.406
3902	70.594
3903	71.469
3904	70.281
3905	69.812
3906	71.406
3907	72.688
3908	72.344
3909	71.281
3910	68.719
3911	70.938
3912	70.906
3913	69.406
3914	71.531
3915	70.125
3916	68.969
3917	73.188
3918	68.906
3919	72
3920	71.656
3921	70.375
3922	70.656
3923	68.812
3924	69.375
3925	73.375
3926	70.25
3927	67.406
3928	70.906
3929	70.75
3930	70.312
3931	70.844
3932	71.281
3933	71.125
3934	70.688
3935	71.031
3936	72.031
3937	70.812
3938	70.5
3939	70.625
3940	69.688
3941	72.531
3942	69.312
3943	74.969
3944	77.094
3945	79.562
3946	80.344
3947	81.188
3948	81.625
3949	83.594
3950	81.5
3951	83.156
3952	82.438
3953	81.844
3954	82.656
3955	83.438
3956	82.031
3957	82.094
3958	82.094
3959	79.875
3960	78.969
3961	80.219
3962	79.375
3963	78.531
3964	81.406
3965	78.312
3966	79.875
3967	78.625
3968	79.781
3969	78.75
3970	78.156
3971	78.594
3972	76.656
3973	76.812
3974	77.469
3975	76.812
3976	73.156
3977	76
3978	76.844
3979	75.469
3980	75.094
3981	74.312
3982	76.656
3983	74.781
3984	74.938
3985	75.062
3986	74.156
3987	75.781
3988	74.094
3989	74.094
3990	73.188
3991	71.625
3992	73.938
3993	73.906
3994	73.938
3995	73.531
3996	72.781
3997	73.969
3998	72.438
3999	73.031
4000	74.469
4001	72.094
4002	70.812
4003	70.656
4004	72.625
4005	72.031
4006	72.906
4007	71.625
4008	73.656
4009	71.844
4010	72.5
4011	71.625
4012	73.781
4013	73
4014	70.188
4015	72.594
4016	71.719
4017	70.594
4018	71.625
4019	69.625
4020	72.125
4021	70.719
4022	71.656
4023	71.156
4024	70.656
4025	69.812
4026	71.75
4027	71.875
4028	69.938
4029	71.281
4030	70.531
4031	70.875
4032	71
4033	70
4034	70.375
4035	70.812
4036	71.188
4037	71.156
4038	70.094
4039	70.031
4040	70.438
4041	70.969
4042	70.906
4043	70.719
4044	68.75
4045	71.875
4046	71.625
4047	70.406
4048	70.062
4049	70.75
4050	70.75
4051	69.594
4052	70.719
4053	70.875
4054	70.719
4055	69.75
4056	69.469
4057	69.469
4058	70.344
4059	71.094
4060	71.25
4061	72.25
4062	70.125
4063	72.844
4064	70.281
4065	69.625
4066	68.781
4067	70.406
4068	70.688
4069	69.312
4070	68.188
4071	70.844
4072	70.531
4073	69.281
4074	69.875
4075	69.969
4076	72.688
4077	71.594
4078	68.281
4079	71.719
4080	74.656
4081	78.656
4082	82.188
4083	79.812
4084	81.344
4085	81.469
4086	81.812
4087	82.25
4088	82.281
4089	81.844
4090	79.812
4091	81.094
4092	79.938
4093	80.094
4094	77.969
4095	79.844
4096	79.281
4097	77.438
4098	79.062
4099	74.469
4100	76.125
4101	78.594
4102	75.625
4103	77.125
4104	77.812
4105	75.406
4106	75.281
4107	74.969
4108	76.562
4109	79.719
4110	80.875
4111	82.281
4112	81.812
4113	83.406
4114	82.688
4115	81.125
4116	80.438
4117	79.906
4118	78.969
4119	78.969
4120	79.812
4121	77.656
4122	78.344
4123	76.906
4124	76.719
4125	77.75
4126	75.625
4127	77.438
4128	75.031
4129	76.188
4130	76.969
4131	76.219
4132	76.625
4133	76.312
4134	73.156
4135	74.219
4136	75.25
4137	72.812
4138	73.219
4139	75.688
4140	74.875
4141	74.031
4142	74.281
4143	74.312
4144	74.531
4145	73.719
4146	74.531
4147	74.375
4148	73.438
4149	73.875
4150	74.094
4151	72.438
4152	74.594
4153	75.062
4154	73.562
4155	72.688
4156	72.344
4157	73.156
4158	72.406
4159	71.969
4160	73.031
4161	72.719
4162	70.812
4163	73.25
4164	71.156
4165	72.031
4166	72.562
4167	72.031
4168	72.812
4169	72.156
4170	71.875
4171	71.625
4172	71.938
4173	70.594
4174	71.406
4175	73.438
4176	72.312
4177	72.031
4178	71.469
4179	72.594
4180	72.281
4181	70.875
4182	72.375
4183	70.844
4184	72.094
4185	69.281
4186	71.125
4187	71.812
4188	70.688
4189	69.375
4190	70.188
4191	69.438
4192	70.438
4193	70.562
4194	71.25
4195	70.875
4196	71.062
4197	69.438
4198	70.406
4199	71.469
4200	71.031
4201	69.812
4202	71.938
4203	70.25
4204	71.312
4205	72.25
4206	71.125
4207	71.219
4208	72.625
4209	72.062
4210	69.781
4211	71.281
4212	70.406
4213	70.344
4214	70.594
4215	69.438
4216	68.438
4217	70.969
4218	70.188
4219	71.844
4220	70.031
4221	70.5
4222	70.156
4223	71.25
4224	69.969
4225	68.125
4226	69.969
4227	68.344
4228	69.719
4229	70.719
4230	67.875
4231	69.812
4232	68.938
4233	69.5
4234	69.75
4235	68.719
4236	69.031
4237	70.125
4238	70.031
4239	69.156
4240	69.5
4241	71.406
4242	69.25
4243	69.156
4244	70.469
4245	68.5
4246	70.188
4247	69.188
4248	69.25
4249	70.625
4250	70.25
4251	69.031
4252	69.344
4253	70.219
4254	70.469
4255	74.094
4256	77.5
4257	79.344
4258	80.312
4259	80.469
4260	81.25
4261	81.25
4262	80.594
4263	82.062
4264	82.344
4265	80.438
4266	81.688
4267	81.5
4268	82.656
4269	80.438
4270	82.75
4271	79.094
4272	79.906
4273	77.812
4274	77.5
4275	76.156
4276	76.625
4277	77.25
4278	76.75
4279	77.812
4280	76.688
4281	76.656
4282	74.531
4283	75.219
4284	75.906
4285	75.406
4286	76.625
4287	74.812
4288	76.406
4289	75.781
4290	74.125
4291	74.25
4292	73.062
4293	74.781
4294	74.531
4295	74.188
4296	73.625
4297	72.094
4298	71.938
4299	72.781
4300	73.219
4301	72.156
4302	70.75
4303	72.031
4304	71.781
4305	72.938
4306	70
4307	70
4308	71.875
4309	72.781
4310	72.094
4311	71.375
4312	70.938
4313	72.5
4314	73.75
4315	71.094
4316	71.625
4317	70.281
4318	70.594
4319	70.375
4320	70.562
4321	71.344
4322	70.844
4323	71.875
4324	71.719
4325	71.094
4326	72.562
4327	71.531
4328	68.875
4329	70.062
4330	69.906
4331	72.25
4332	69.062
4333	70
4334	71.188
4335	69.812
4336	71.188
4337	72.906
4338	70.781
4339	70.438
4340	71.125
4341	69.344
4342	69.625
4343	70.625
4344	70.406
4345	69.062
4346	69.406
4347	69.719
4348	71.312
4349	68.938
4350	68.875
4351	70.875
4352	67.875
4353	68.688
4354	69.531
4355	69.125
4356	69.031
4357	69.156
4358	68.781
4359	68.438
4360	68.906
4361	68.344
4362	70.688
4363	69.438
4364	69.469
4365	67.594
4366	67.906
4367	70.781
4368	68.875
4369	69.25
4370	68.469
4371	67.656
4372	68.656
4373	67.812
4374	67.094
4375	69.344
4376	69.406
4377	67.062
4378	68.75
4379	70.5
4380	70.25
4381	68.469
4382	70.625
4383	70.719
4384	67.625
4385	69.781
4386	67.781
4387	68.438
4388	71.562
4389	66.125
4390	69.062
4391	65.562
4392	68.094
4393	69.062
4394	66.719
4395	69.406
4396	68.469
4397	70.094
4398	70.5
4399	69.312
4400	68.375
4401	71.031
4402	68.438
4403	68.906
4404	68.312
4405	67
4406	68.531
4407	69.375
4408	68.406
4409	69.812
4410	69.25
4411	69.781
4412	70.156
4413	70.594
4414	69.188
4415	67.719
4416	70.156
4417	69.812
4418	68.406
4419	69.656
4420	67.625
4421	68.031
4422	68.844
4423	70.375
4424	69.25
4425	67.719
4426	71.219
4427	76.125
4428	77.156
4429	78.219
4430	76.969
4431	79.625
4432	78.25
4433	79.406
4434	78.688
4435	79.312
4436	81.5
4437	79.875
4438	79.562
4439	79.781
4440	78.125
4441	76.312
4442	76.625
4443	79.25
4444	76.25
4445	78.094
4446	75.031
4447	76.312
4448	76.719
4449	76.781
4450	75.125
4451	76.625
4452	73.938
4453	74.156
4454	73.5
4455	73.344
4456	74.031
4457	71.812
4458	73.812
4459	73.562
4460	71.625
4461	72.844
4462	71.688
4463	72.625
4464	72.375
4465	72.094
4466	72.25
4467	71.062
4468	74.062
4469	71.625
4470	72.281
4471	71.531
4472	70
4473	69.812
4474	70.188
4475	70.812
4476	72.062
4477	70.938
4478	68.375
4479	69.781
4480	70.469
4481	70.844
4482	69.438
4483	70.75
4484	71.625
4485	68.281
4486	69.188
4487	69.188
4488	69.281
4489	68.906
4490	68.438
4491	69.031
4492	70
4493	70.625
4494	69.906
4495	68.906
4496	69.375
4497	69.594
4498	68.594
4499	68.594
4500	67.844
4501	70.094
4502	69.594
4503	68.75
4504	68.719
4505	71
4506	68.625
4507	68.25
4508	69.438
4509	68.062
4510	68.125
4511	70.781
4512	70.094
4513	68.125
4514	68.75
4515	68.688
4516	69.156
4517	67.844
4518	68.969
4519	68.5
4520	68.969
4521	66.906
4522	70.062
4523	68.031
4524	67.625
4525	67.562
4526	68.781
4527	67.938
4528	69.219
4529	69.344
4530	68.781
4531	68.969
4532	68.75
4533	68.25
4534	68.156
4535	67.719
4536	69.656
4537	68.812
4538	68
4539	68
4540	69.094
4541	70.562
4542	69.812
4543	70.438
4544	68.438
4545	69.688
4546	66.438
4547	68.812
4548	69.688
4549	67.75
4550	67.812
4551	67.438
4552	67.969
4553	68.344
4554	67.625
4555	66.812
4556	69.438
4557	68.219
4558	66.719
4559	67.156
4560	66.25
4561	67.344
4562	69.375
4563	68.906
4564	68.875
4565	68.406
4566	69.219
4567	66.844
4568	68.938
4569	68.938
4570	67.5
4571	67.188
4572	68.625
4573	68.906
4574	70.188
4575	70.719
4576	68.875
4577	67.438
4578	67.844
4579	68.75
4580	69.094
4581	69
4582	68.281
4583	71.562
4584	67.469
4585	71.875
4586	78.188
4587	77.188
4588	79.625
4589	80.344
4590	80.562
4591	80.719
4592	80.312
4593	80.906
4594	78.438
4595	79.5
4596	79.156
4597	77.781
4598	77.688
4599	77.094
4600	77
4601	75.594
4602	74
4603	74.969
4604	73.375
4605	74.75
4606	75.781
4607	73.844
4608	73.406
4609	75.125
4610	74.906
4611	74.031
4612	73.562
4613	74.688
4614	72.281
4615	72.969
4616	72.469
4617	71.5
4618	73.938
4619	71.812
4620	72.062
4621	71.844
4622	71.875
4623	73.188
4624	72.719
4625	74.062
4626	71.094
4627	72.438
4628	70.812
4629	70.531
4630	72.5
4631	70.094
4632	70.625
4633	71.812
4634	70.969
4635	71
4636	70.562
4637	70.5
4638	69.688
4639	72.25
4640	71.156
4641	70.125
4642	69.781
4643	69.875
4644	69.312
4645	67.594
4646	70.156
4647	70.906
4648	71.562
4649	69.969
4650	70.062
4651	69.812
4652	70.281
4653	70.156
4654	71.156
4655	70.094
4656	69.562
4657	67.344
4658	68.469
4659	69.438
4660	68.938
4661	69.781
4662	68.406
4663	68
4664	68.406
4665	70.125
4666	68.969
4667	70.844
4668	68.781
4669	70.75
4670	68.031
4671	68.656
4672	69.5
4673	69.688
4674	69.562
4675	66.781
4676	69.438
4677	67.938
4678	69.031
4679	69.312
4680	69.812
4681	68.594
4682	70.469
4683	69.438
4684	68.75
4685	70.812
4686	68.406
4687	68.281
4688	68.469
4689	68.062
4690	68.594
4691	70.062
4692	68.5
4693	67.688
4694	68.5
4695	68.938
4696	68.969
4697	69.25
4698	68.156
4699	70.156
4700	68.844
4701	65.438
4702	69.031
4703	68.281
4704	68.5
4705	68.5
4706	67.219
4707	68.875
4708	66.625
4709	67.781
4710	69.594
4711	67.094
4712	70.438
4713	68.156
4714	69.125
4715	69.125
4716	68.625
4717	69.031
4718	69.188
4719	67.938
4720	69.25
4721	70.625
4722	68.312
4723	68.438
4724	70.469
4725	68.938
4726	66
4727	66.25
4728	68.656
4729	68.906
4730	67.875
4731	68.219
4732	69.188
4733	67.344
4734	67.812
4735	69.188
4736	69.344
4737	67.625
4738	68.594
4739	69
4740	68.625
4741	67.312
4742	66.688
4743	68.594
4744	74.438
4745	74.969
4746	78.562
4747	79.625
4748	79.375
4749	81
4750	81.469
4751	80.844
4752	81.5
4753	79.719
4754	79.719
4755	79.312
4756	77.875
4757	77.469
4758	78.281
4759	77.281
4760	76.875
4761	77.469
4762	74.812
4763	73.875
4764	77.344
4765	74.812
4766	75.469
4767	73.531
4768	74.344
4769	73.562
4770	70.969
4771	74.969
4772	73.188
4773	73.094
4774	71.812
4775	72.125
4776	71.75
4777	72.844
4778	72.562
4779	71.344
4780	71.156
4781	71.156
4782	71.781
4783	73.594
4784	72.531
4785	69.875
4786	71.375
4787	69.312
