1	75.333
2	75.667
3	75.617
4	74.967
5	75.35
6	75.667
7	75.3
8	75.583
9	74.733
10	73.567
11	75.167
12	74.467
13	75.733
14	73.65
15	74.783
16	75.333
17	72.967
18	74.483
19	75.317
20	74.533
21	74.75
22	74.317
23	73.083
24	73.567
25	72.933
26	73.85
27	74.183
28	73.333
29	74.317
30	73.9
31	75.033
32	72.767
33	74.9
34	73.917
35	73.3
36	72.967
37	72.917
38	73.617
39	72.167
40	73.55
41	73.767
42	74.133
43	72.867
44	72.017
45	73.817
46	72
47	73.6
48	72.717
49	74.417
50	73.183
51	72.783
52	75.267
53	73.017
54	73.267
55	74.133
56	74.283
57	73.133
58	73.033
59	73.533
60	72.367
61	74.983
62	79.633
63	83.867
64	87.417
65	92.317
66	94.217
67	97.75
68	96.767
69	98.05
70	97.8
71	96.15
72	97.6
73	95.967
74	95.333
75	93.533
76	93.15
77	93.233
78	91.75
79	90.567
80	89.317
81	89.233
82	89.633
83	89.017
84	88.933
85	88.75
86	88.233
87	85.95
88	87.2
89	87.133
90	85.833
91	85.133
92	83.8
93	83.967
94	85
95	83.433
96	83.567
97	83.05
98	83.417
99	83.15
100	81.717
101	82.967
102	84
103	81.9
104	82.117
105	81.8
106	82.8
107	82
108	81.05
109	79.3
110	79.933
111	80.55
112	79.083
113	80.5
114	79.6
115	80.75
116	79.6
117	78.683
118	78.467
119	77.867
120	78.033
121	77.4
122	77.583
123	78.95
124	76.683
125	76.9
126	76.917
127	77.2
128	76.167
129	76.883
130	78.15
131	76.617
132	76.217
133	75.4
134	76.767
135	76.617
136	75.767
137	76.317
138	76.6
139	74.75
140	75.183
141	75.233
142	76.133
143	76.5
144	74.317
145	74.567
146	75.033
147	73.667
148	74
149	73.967
150	74.65
151	73.967
152	74.1
153	74.967
154	74.567
155	73.667
156	73.733
157	74.05
158	74.133
159	73.967
160	73.25
161	73.217
162	73.55
163	74.25
164	75.033
165	74.35
166	74.783
167	73.417
168	72.7
169	74.367
170	74.233
171	75.233
172	73
173	74.017
174	72.683
175	73.3
176	74.117
177	74.05
178	72.767
179	73.017
180	72.5
181	72.433
182	73.167
183	72.517
184	73.283
185	72.017
186	73.2
187	74.283
188	72.267
189	73.65
190	73.45
191	72.867
192	73.867
193	72.167
194	72.683
195	73.1
196	72.833
197	72.7
198	71.983
199	72.733
200	72.7
201	71.817
202	71.1
203	72.567
204	71.05
205	71.667
206	72.633
207	71.95
208	73.067
209	78.6
210	82.533
211	85.233
212	90.1
213	90.283
214	93.85
215	94.717
216	94.8
217	93.767
218	94.183
219	93.6
220	93.2
221	93.683
222	93.167
223	91.567
224	89.883
225	90.717
226	90.217
227	89.183
228	88.85
229	87.267
230	89.167
231	87.367
232	85.3
233	85.117
234	85.817
235	85.833
236	85.417
237	85.183
238	84.067
239	84.233
240	82.083
241	82.433
242	83.833
243	82.583
244	83.917
245	82.75
246	80.617
247	83.167
248	81.467
249	80.55
250	79.083
251	79.6
252	79.633
253	79.65
254	80.65
255	80
256	79.8
257	78.05
258	79.283
259	77.783
260	77.717
261	78.117
262	77.433
263	76.683
264	77.333
265	76.1
266	76.4
267	76.933
268	77.767
269	77.367
270	76.533
271	77.1
272	77.883
273	78.1
274	75.667
275	74.683
276	76.35
277	75.9
278	75.783
279	75.95
280	75.317
281	76.35
282	75.017
283	75.483
284	76.917
285	75.283
286	74.733
287	75.067
288	75.15
289	75.683
290	76.783
291	75.417
292	73.583
293	74.417
294	73.517
295	73.317
296	74.1
297	74.017
298	73.05
299	74.1
300	74.533
301	73.067
302	72.45
303	74.3
304	74.1
305	72.783
306	74.383
307	73.1
308	72
309	72.617
310	72.383
311	73.017
312	72.417
313	71.817
314	72.833
315	73.183
316	73.433
317	72.633
318	72.583
319	72.517
320	73.017
321	71.667
322	72.267
323	71.667
324	72.367
325	71.5
326	72.05
327	72
328	72.8
329	71.95
330	71.8
331	71.833
332	72.367
333	72.617
334	71.367
335	71.983
336	72.65
337	72.783
338	71.783
339	71.717
340	72.7
341	71.683
342	71.9
343	71.6
344	72.267
345	70.4
346	71.433
347	71.967
348	73.233
349	72.867
350	76.033
351	80.567
352	85.383
353	87.817
354	91.383
355	93.583
356	94.533
357	94.8
358	95.783
359	95.5
360	94.35
361	94.467
362	91.95
363	92.683
364	92.4
365	90.767
366	92.35
367	90.883
368	90.15
369	89.867
370	87.633
371	87.333
372	87.283
373	86.733
374	86.05
375	85.533
376	85.25
377	85.5
378	84.383
379	84.55
380	84.217
381	83.933
382	84.367
383	85.117
384	82.733
385	83.717
386	83.1
387	82.15
388	81.55
389	82.367
390	80.617
391	81.95
392	80.9
393	81.083
394	80.483
395	81.3
396	80.05
397	79.7
398	80.15
399	78.833
400	79
401	78.6
402	78.667
403	78
404	77.367
405	77
406	76.133
407	76.3
408	78.133
409	76.75
410	77.583
411	77.467
412	77.667
413	76.467
414	74.933
415	77.95
416	77.033
417	75.633
418	76.95
419	76.317
420	75.8
421	76.55
422	75.567
423	74.967
424	75.917
425	74.9
426	74.983
427	73.75
428	73.633
429	73.7
430	73.8
431	74.433
432	74.533
433	72.967
434	74.85
435	73.517
436	73.7
437	74.467
438	73.033
439	72.767
440	75.067
441	73.85
442	73.967
443	73.417
444	73.267
445	72.067
446	72.7
447	74.367
448	72.417
449	71.767
450	71.967
451	73.417
452	71.533
453	71.433
454	72.35
455	73.333
456	72.3
457	71.95
458	71.917
459	72.717
460	71.883
461	71.55
462	73.333
463	72.317
464	72.583
465	74.433
466	70.95
467	71.967
468	71.067
469	73.167
470	72.983
471	71.683
472	72.333
473	70.15
474	70.383
475	72.067
476	71.3
477	72.05
478	71.383
479	70.933
480	72.117
481	72.3
482	70.633
483	71.783
484	71.75
485	71.467
486	71.017
487	71.717
488	69.7
489	70.75
490	72.7
491	70.367
492	72.15
493	70.967
494	71.617
495	69.85
496	71.383
497	71.933
498	71.867
499	70.817
500	71.333
501	71.133
502	72.65
503	71.367
504	70.667
505	71.167
506	70.15
507	72.5
508	71.733
509	71.267
510	70.9
511	71.3
512	71.717
513	72.117
514	71.883
515	71.317
516	69.3
517	71.667
518	69.767
519	71.133
520	71.217
521	70.7
522	71.017
523	70.95
524	70.367
525	70.85
526	70.95
527	71.4
528	70.167
529	70.867
530	70.7
531	70.917
532	70.85
533	70.7
534	70.3
535	70.217
536	70.817
537	70.883
538	72.933
539	72.233
540	71.733
541	69.967
542	71.867
543	72.2
544	69.433
545	70.833
546	71.817
547	71.85
548	69.95
549	71.967
550	71.1
551	71.833
552	72.05
553	72.183
554	71.9
555	70.733
556	71.717
557	70.533
558	70.867
559	71.3
560	71.267
561	70.35
562	70.617
563	71.15
564	71.6
565	69.567
566	71.75
567	71.817
568	69.817
569	69.783
570	71.45
571	70.933
572	71.65
573	71.067
574	70.483
575	70.267
576	67.4
577	71.1
578	70.933
579	70.75
580	71.083
581	72.117
582	75.75
583	82.217
584	85.05
585	86.85
586	90.333
587	89.733
588	90.983
589	93.7
590	92.1
591	90.45
592	90.4
593	90.517
594	89.167
595	87.517
596	87.45
597	88.5
598	86.517
599	85.9
600	83.717
601	84.333
602	84.3
603	82.817
604	82.133
605	83.383
606	83.6
607	83.933
608	82.683
609	83.367
610	80.183
611	79.233
612	79.517
613	78.2
614	77.917
615	79.483
616	78.267
617	78.85
618	79.25
619	78.383
620	78.117
621	78.183
622	77.3
623	78.583
624	78.733
625	77.917
626	76.117
627	78.317
628	77.65
629	76.333
630	77.117
631	76.917
632	76.167
633	75.067
634	76.367
635	75.3
636	75.317
637	74.9
638	75.35
639	75.867
640	75.917
641	74.55
642	74.183
643	72.733
644	74.533
645	73.6
646	75.483
647	76.683
648	74.367
649	74.433
650	75.167
651	74.233
652	75.017
653	74.083
654	74.383
655	74.033
656	73.067
657	73.15
658	74.183
659	74.6
660	72.85
661	73.083
662	73.7
663	73.333
664	73.95
665	73.367
666	73
667	73.017
668	72.417
669	72.933
670	73
671	72.417
672	73
673	72.85
674	71.717
675	71.767
676	71.167
677	71.15
678	73.533
679	76.433
680	81.85
681	87.233
682	87.983
683	90.95
684	92.7
685	92.683
686	91.35
687	93.983
688	92.9
689	91.083
690	89.083
691	89.917
692	90.25
693	88.333
694	87.6
695	88
696	87.7
697	86.017
698	84.783
699	85.867
700	85.917
701	85.1
702	83.733
703	83.933
704	83.633
705	84.667
706	81.867
707	82.367
708	83.433
709	82.433
710	82.833
711	80.767
712	80.417
713	82.233
714	80.917
715	79.367
716	80.2
717	79.95
718	79.783
719	79.3
720	77.833
721	78.883
722	78.2
723	77.667
724	78.15
725	79.217
726	78.567
727	77.833
728	75.483
729	78.367
730	77.033
731	78.017
732	77.75
733	75.55
734	77.717
735	75.167
736	76.05
737	75.583
738	74.367
739	73.783
740	75.55
741	75
742	74.45
743	74.417
744	74.567
745	75.133
746	75.217
747	74.55
748	74.5
749	73.5
750	75.083
751	74.167
752	73.667
753	75.05
754	74.5
755	74.633
756	72.817
757	72.533
758	73.233
759	73.867
760	72.833
761	74.033
762	72.65
763	73.333
764	73.3
765	72.767
766	72.133
767	74.233
768	71.233
769	71.467
770	72.883
771	72.233
772	71.233
773	70.8
774	72.5
775	72.4
776	72.233
777	73.55
778	72.517
779	72.233
780	72.067
781	71.15
782	71.117
783	71.667
784	71.767
785	73.1
786	71.833
787	72.5
788	71.267
789	71.533
790	72.017
791	72.483
792	71.55
793	71.467
794	70.45
795	70.633
796	71.167
797	71.317
798	72.033
799	71.583
800	72.433
801	71.833
802	71.333
803	71.217
804	71.75
805	72.15
806	71
807	71.533
808	70.383
809	70.55
810	71.033
811	70.95
812	71.65
813	71.233
814	69.633
815	71.233
816	70.117
817	70.85
818	69.85
819	70.017
820	71.567
821	70.467
822	70.233
823	70.383
824	70.317
825	70.167
826	70.8
827	71.8
828	71.05
829	70.083
830	71.717
831	70.8
832	71.567
833	70.2
834	71.483
835	71.917
836	70.05
837	70.833
838	70.567
839	70.183
840	69.983
841	70.067
842	69.333
843	70.867
844	69.617
845	68.35
846	69.217
847	69.65
848	68.967
849	70.417
850	69.933
851	71.433
852	70.833
853	69.717
854	70
855	71.933
856	71
857	70.533
858	70.167
859	70.067
860	70.233
861	68.9
862	70.183
863	71.05
864	71.15
865	70.833
866	70.367
867	69.833
868	71.167
869	71.017
870	71.3
871	69.25
872	69.533
873	71.483
874	69.633
875	70.033
876	69.95
877	70.6
878	70.283
879	69.933
880	70.467
881	70.017
882	70.983
883	69.95
884	68.817
885	70.017
886	70.033
887	70.067
888	70.783
889	69.483
890	69.25
891	72.117
892	71.733
893	75.133
894	79.283
895	82.833
896	85.767
897	86.033
898	89.717
899	89.867
900	91.55
901	91.767
902	89.75
903	89.467
904	88.617
905	88.45
906	88.1
907	86.617
908	85.65
909	85.167
910	84.45
911	85.5
912	89.483
913	91.433
914	92.85
915	93.583
916	96.767
917	95.75
918	94.9
919	93.433
920	94.333
921	92.65
922	91.2
923	92.3
924	90.517
925	89.567
926	89.133
927	89.75
928	88.467
929	87.167
930	87.883
931	85.65
932	84.433
933	85.533
934	85.767
935	84.8
936	84.9
937	83.367
938	83.983
939	84.183
940	83.317
941	84.017
942	81.85
943	82.65
944	81.717
945	81.85
946	82.683
947	81.967
948	79.75
949	80.15
950	81.733
951	81.367
952	80.483
953	80.1
954	80.15
955	78.65
956	78.833
957	79.067
958	77.083
959	78.4
960	78.233
961	77.967
962	78.633
963	77.283
964	77.167
965	76.767
966	77.317
967	77.117
968	77.383
969	77.25
970	77.517
971	79.817
972	81.583
973	86.117
974	89.9
975	91.05
976	93.95
977	95.183
978	94.75
979	92.567
980	94.267
981	92.133
982	91.783
983	90.183
984	92.083
985	90.05
986	89.25
987	89.333
988	88.3
989	88
990	88.933
991	86.55
992	84.75
993	85.033
994	84.85
995	86.05
996	83.783
997	83.767
998	83.367
999	84.383
1000	83.533
1001	83.567
1002	81.633
1003	82.95
1004	80.95
1005	80.5
1006	82.567
1007	81.717
1008	80.567
1009	81.133
1010	81.717
1011	80.483
1012	78.55
1013	80.417
1014	79.033
1015	78.9
1016	78.917
1017	78.6
1018	79
1019	78.733
1020	79.5
1021	77.45
1022	78.233
1023	76.85
1024	77.967
1025	76.533
1026	77.017
1027	76.267
1028	77.867
1029	76.283
1030	76.35
1031	75.9
1032	76.867
1033	76.433
1034	75.033
1035	76.467
1036	76.2
1037	75.75
1038	75
1039	75.05
1040	74.517
1041	74.833
1042	74.883
1043	73.983
1044	73.75
1045	75.817
1046	74.05
1047	75.083
1048	73.917
1049	73.917
1050	75.667
1051	74.45
1052	74.25
1053	73.067
1054	73.567
1055	73.483
1056	72.033
1057	74.067
1058	72.267
1059	72.283
1060	72.383
1061	74.783
1062	71.733
1063	72.583
1064	72.517
1065	72.7
1066	71.233
1067	73.1
1068	72.95
1069	71.1
1070	71.683
1071	72.467
1072	72.467
1073	71.017
1074	71.883
1075	71.95
1076	71.717
1077	72.583
1078	71.5
1079	72.583
1080	71.233
1081	71.133
1082	71.133
1083	70.783
1084	70.317
1085	70.467
1086	70.283
1087	70.7
1088	71.233
1089	70.633
1090	70.933
1091	72.05
1092	69.3
1093	71.15
1094	70.933
1095	70.533
1096	70.117
1097	70.9
1098	71.4
1099	70.367
1100	69.9
1101	69.617
1102	70.383
1103	70.517
1104	70.65
1105	70.483
1106	70.967
1107	70.017
1108	70.05
1109	70.633
1110	70.283
1111	71.017
1112	70.633
1113	70.217
1114	69.417
1115	68.467
1116	68.65
1117	70.35
1118	69.65
1119	70.467
1120	68.933
1121	69.367
1122	70.433
1123	69.433
1124	68.933
1125	69.45
1126	69.933
1127	70.033
1128	69.1
1129	70.967
1130	69.2
1131	68.617
1132	68.333
1133	70.017
1134	68.3
1135	68.75
1136	70.217
1137	70.6
1138	70.533
1139	68.55
1140	68.633
1141	68.7
1142	67.867
1143	68.383
1144	71.1
1145	69.517
1146	69.55
1147	71.1
1148	69.6
1149	69.65
1150	70
1151	69.817
1152	70.35
1153	70.083
1154	69.5
1155	69.15
1156	66.917
1157	69.033
1158	69.1
1159	69.267
1160	68.467
1161	70.5
1162	69.75
1163	70.483
1164	69.733
1165	69.2
1166	69.433
1167	69.567
1168	69.8
1169	70.7
1170	68.517
1171	70.2
1172	69.183
1173	69.633
1174	69.367
1175	70.217
1176	68.45
1177	69.717
1178	70.15
1179	70.017
1180	70.117
1181	69.783
1182	69.183
1183	69.533
1184	69.633
1185	69.417
1186	69.35
1187	68.967
1188	69.467
1189	69.65
1190	69.3
1191	68.85
1192	69.917
1193	69.133
1194	70.05
1195	70.683
1196	69.2
1197	68.267
1198	69.5
1199	68.083
1200	70.35
1201	68.9
1202	68.767
1203	69.417
1204	69.883
1205	69.233
1206	70.067
1207	69.167
1208	69.1
1209	68.933
1210	68.05
1211	69.6
1212	67.983
1213	68.917
1214	67.733
1215	69.767
1216	70.983
1217	69.533
1218	69.417
1219	69.067
1220	69.917
1221	70.3
1222	72.75
1223	76.75
1224	81.05
1225	79.933
1226	83.833
1227	85.733
1228	86.633
1229	87.283
1230	85.783
1231	88.067
1232	86.583
1233	87.233
1234	85.817
1235	84.017
1236	85.467
1237	83.95
1238	83.75
1239	83.783
1240	82.25
1241	80.733
1242	80.7
1243	81.183
1244	80.55
1245	78.917
1246	79.767
1247	79.083
1248	79.117
1249	79.017
1250	78.7
1251	78
1252	78.45
1253	78.567
1254	76.567
1255	77.067
1256	76.717
1257	76.783
1258	76.517
1259	76.9
1260	76.7
1261	76.267
1262	76.383
1263	76.083
1264	75.567
1265	75.467
1266	75.483
1267	75.233
1268	74.85
1269	74.567
1270	74.467
1271	74.367
1272	73.683
1273	73.85
1274	73.983
1275	72.883
1276	72.717
1277	74.15
1278	71.95
1279	73.183
1280	73.233
1281	71.917
1282	73.617
1283	74.333
1284	73.35
1285	71.85
1286	72.3
1287	72.033
1288	73.6
1289	73.367
1290	72.083
1291	72.1
1292	71.7
1293	72.4
1294	71.867
1295	72.117
1296	72.183
1297	72.933
1298	71.7
1299	72.067
1300	71.75
1301	72.6
1302	72.683
1303	72.183
1304	70.567
1305	71.1
1306	70.45
1307	71.75
1308	69.7
1309	70.167
1310	70.85
1311	70.8
1312	69.933
1313	69.95
1314	69.05
1315	71.117
1316	70.967
1317	69.85
1318	70.817
1319	69.617
1320	70.017
1321	70.333
1322	71.167
1323	69.867
1324	71.1
1325	71.2
1326	70.017
1327	70.217
1328	70.35
1329	69.8
1330	71.067
1331	70.633
1332	69.367
1333	70.617
1334	69.2
1335	70.017
1336	70.417
1337	69.967
1338	71.333
1339	70.067
1340	68.667
1341	69.8
1342	69.333
1343	69.433
1344	70.167
1345	69.4
1346	69.15
1347	69.233
1348	69.083
1349	70.15
1350	69.5
1351	68.433
1352	70.783
1353	69.633
1354	70.85
1355	71.15
1356	69.633
1357	69
1358	69.75
1359	70.767
1360	70.25
1361	69.833
1362	71
1363	69.733
1364	70.217
1365	70.783
1366	68.067
1367	68.133
1368	68.417
1369	69.017
1370	70.183
1371	69.167
1372	68.5
1373	69.417
1374	67.883
1375	69.15
1376	69.267
1377	68.5
1378	70.117
1379	68.85
1380	69
1381	68.8
1382	68.567
1383	68.967
1384	70.283
1385	67.7
1386	68.817
1387	68.7
1388	69.317
1389	69.967
1390	68.85
1391	69.8
1392	68.833
1393	69.083
1394	69.3
1395	68.517
1396	68.6
1397	70.383
1398	69.6
1399	70.783
1400	69.7
1401	70.967
1402	70.1
1403	70.267
1404	73.567
1405	77.283
1406	79.533
1407	83.467
1408	85.267
1409	86.333
1410	85.817
1411	86.517
1412	87.783
1413	86.467
1414	86.767
1415	85.483
1416	83.367
1417	82.983
1418	83.017
1419	82.567
1420	80.983
1421	81.55
1422	80.067
1423	80.683
1424	80.017
1425	79.067
1426	78.45
1427	78.35
1428	78.767
1429	78.3
1430	78.167
1431	77.05
1432	76.75
1433	77.3
1434	76.583
1435	75.633
1436	75.583
1437	76.333
1438	75.883
1439	74.883
1440	76.533
1441	75.217
1442	74.65
1443	74.95
1444	73.167
1445	74.45
1446	76.3
1447	75.233
1448	74.533
1449	73.933
1450	74.15
1451	75.2
1452	74.467
1453	74.85
1454	72.267
1455	73.25
1456	73.667
1457	74.2
1458	74.083
1459	72.567
1460	73.017
1461	72.85
1462	71.417
1463	72.383
1464	71.617
1465	71.033
1466	71.633
1467	74.7
1468	78.35
1469	81.367
1470	84.6
1471	87
1472	87.333
1473	87.55
1474	88.3
1475	88.617
1476	87.517
1477	89.8
1478	90.717
1479	87.333
1480	89.2
1481	88.133
1482	87.2
1483	84.75
1484	84.567
1485	86
1486	84.55
1487	84.1
1488	83.017
1489	83.517
1490	83.567
1491	81.667
1492	80.817
1493	82.1
1494	81.883
1495	80.367
1496	81.483
1497	80.933
1498	79.5
1499	80.033
1500	81.217
1501	79.533
1502	78.967
1503	79.917
1504	79.2
1505	78.117
1506	77.65
1507	77.8
1508	77.017
1509	77.7
1510	77.683
1511	77.933
1512	76.033
1513	75.133
1514	75.85
1515	77.417
1516	76
1517	76.05
1518	75.65
1519	75.883
1520	75.85
1521	75.283
1522	73.817
1523	75.55
1524	74.617
1525	73.75
1526	73.667
1527	73.417
1528	73.633
1529	73.9
1530	73.1
1531	73.25
1532	72.733
1533	72.683
1534	73.667
1535	73.917
1536	72.633
1537	72.583
1538	72.717
1539	72.917
1540	72.4
1541	71.217
1542	71.7
1543	72.183
1544	71.467
1545	72.35
1546	71.717
1547	71.3
1548	72.267
1549	71.317
1550	70.767
1551	70.767
1552	71.9
1553	71.2
1554	71.067
1555	69.75
1556	69.633
1557	72.1
1558	69.917
1559	71.7
1560	70.367
1561	70.167
1562	69.933
1563	70.7
1564	70.883
1565	69.683
1566	70.4
1567	73.833
1568	77.05
1569	81.367
1570	83.133
1571	85.433
1572	87.4
1573	88.117
1574	86.25
1575	86.15
1576	84.933
1577	84.95
1578	83.583
1579	83.183
1580	82.583
1581	81.85
1582	83.367
1583	80.833
1584	83.117
1585	81.433
1586	80.35
1587	80.55
1588	79.25
1589	79.683
1590	78.9
1591	78.117
1592	78.833
1593	77.55
1594	77.65
1595	78.733
1596	77.45
1597	76.167
1598	76.467
1599	76.483
1600	75.733
1601	76.417
1602	75.033
1603	75.267
1604	74.35
1605	75.283
1606	74.8
1607	74.067
1608	74.783
1609	74.383
1610	72.467
1611	74.933
1612	74.133
1613	73.867
1614	72.767
1615	74.4
1616	72.15
1617	72.15
1618	73.883
1619	74.083
1620	72.55
1621	72.517
1622	72
1623	70.967
1624	72.017
1625	71.917
1626	72.883
1627	72.883
1628	72.5
1629	72.5
1630	71.067
1631	71.8
1632	72.783
1633	71.45
1634	71
1635	72.15
1636	75.933
1637	80.317
1638	82.267
1639	83.933
1640	87.533
1641	85.517
1642	87.433
1643	89.2
1644	87.783
1645	86.783
1646	84.917
1647	84.383
1648	84.317
1649	83.633
1650	83.4
1651	81.867
1652	82.333
1653	81.167
1654	80.117
1655	81.183
1656	81.183
1657	80.017
1658	80.417
1659	79.117
1660	79.1
1661	78.667
1662	78.2
1663	77.05
1664	77.767
1665	77.433
1666	77.883
1667	75.55
1668	75.483
1669	76.55
1670	76.567
1671	76.167
1672	75.25
1673	76.35
1674	76.333
1675	76.333
1676	75.383
1677	74.383
1678	74.633
1679	74.517
1680	75.4
1681	74.067
1682	72.483
1683	73.65
1684	73.883
1685	73.967
1686	72.667
1687	72.917
1688	73.15
1689	72.633
1690	72.283
1691	72.483
1692	71.783
1693	72.517
1694	71.433
1695	73.283
1696	71.4
1697	72.133
1698	70.833
1699	70.933
1700	71.533
1701	71.15
1702	71.483
1703	69.917
1704	70.417
1705	68.85
1706	71.85
1707	71.067
1708	70.45
1709	71.717
1710	71.067
1711	71.1
1712	70.167
1713	70.283
1714	70.533
1715	71.35
1716	69.7
1717	68
1718	69.55
1719	68.75
1720	69.25
1721	69.233
1722	70.15
1723	70.083
1724	69.217
1725	69.167
1726	74.05
1727	76.833
1728	79.617
1729	84.15
1730	84.583
1731	85.85
1732	85.8
1733	86.417
1734	85.067
1735	86.767
1736	86
1737	85.333
1738	85.317
1739	82.2
1740	83.75
1741	82.467
1742	81.85
1743	81.05
1744	81.017
1745	81.35
1746	79.217
1747	79.867
1748	78.833
1749	80.133
1750	80.467
1751	79.633
1752	79.333
1753	79.067
1754	78.6
1755	77.933
1756	76.583
1757	75.517
1758	76.883
1759	75.733
1760	74.833
1761	76
1762	74.133
1763	75.183
1764	73.917
1765	76.033
1766	73.75
1767	73.967
1768	75.05
1769	74.15
1770	74.217
1771	74.5
1772	73.967
1773	74.4
1774	73.983
1775	73.033
1776	72.4
1777	71.133
1778	71.833
1779	72.683
1780	71.283
1781	71.683
1782	71.967
1783	72.1
1784	71.6
1785	71.25
1786	72.05
1787	72.367
1788	70.917
1789	71.25
1790	70.55
1791	69.8
1792	71.283
1793	69.417
1794	71.05
1795	70.867
1796	70.3
1797	69.533
1798	70.633
1799	69.833
1800	71.5
1801	68.933
1802	69.533
1803	70.95
1804	70.017
1805	68.517
1806	69.733
1807	68.6
1808	70.167
1809	70.417
1810	69.767
1811	71.067
1812	69.967
1813	69.383
1814	70.233
1815	68.533
1816	68.267
1817	68.2
1818	68.05
1819	68.867
1820	69.483
1821	69.167
1822	68.983
1823	67.917
1824	68.05
1825	69.417
1826	67.683
1827	68.117
1828	67.933
1829	68.55
1830	67.333
1831	67.283
1832	68.317
1833	67
1834	68.417
1835	68.117
1836	68.517
1837	67.85
1838	67.9
1839	68.017
1840	68.55
1841	68.417
1842	69.217
1843	68.683
1844	67.267
1845	67.25
1846	66.067
1847	67.6
1848	68.583
1849	68.733
1850	68.317
1851	67.267
1852	68.783
1853	67.5
1854	68.117
1855	67.9
1856	68.583
1857	67.2
1858	68.133
1859	67.4
1860	67.75
1861	66.833
1862	65.983
1863	67.15
1864	66.8
1865	67.617
1866	68.483
1867	67.617
1868	68.033
1869	67.25
1870	68.467
1871	68.4
1872	66.9
1873	68.167
1874	67.533
1875	68.15
1876	66.6
1877	68.017
1878	67.2
1879	67.25
1880	65.95
1881	67.45
1882	67.15
1883	68
1884	67.15
1885	70.367
1886	74.733
1887	75.7
1888	79.733
1889	80.683
1890	82.05
1891	83.617
1892	83.883
1893	84.433
1894	83.033
1895	81.017
1896	81.983
1897	80.333
1898	80.583
1899	80.567
1900	80.383
1901	79.533
1902	78.583
1903	77.283
1904	76.817
1905	77.6
1906	76.183
1907	77.5
1908	74.567
1909	75.717
1910	75.05
1911	75.25
1912	73.883
1913	75.133
1914	75.383
1915	74.283
1916	73.65
1917	74.683
1918	73.35
1919	73.917
1920	72.767
1921	72.133
1922	72.433
1923	70.933
1924	72.75
1925	72.55
1926	71.333
1927	72.383
1928	71.55
1929	72.867
1930	71.433
1931	71.183
1932	70.617
1933	71.4
1934	70.95
1935	71.067
1936	70.233
1937	69.183
1938	71.45
1939	70.383
1940	70.083
1941	70.5
1942	70.217
1943	70.967
1944	71.367
1945	69.817
1946	70.2
1947	71.517
1948	71.083
1949	70.433
1950	69.45
1951	69.45
1952	69.8
1953	69.333
1954	70.1
1955	69.417
1956	68.367
1957	69.3
1958	68.95
1959	69.167
1960	67.017
1961	68.1
1962	67.533
1963	67.517
1964	67.883
1965	67.433
1966	68.117
1967	69.933
1968	66.917
1969	68.3
1970	68.233
1971	68.417
1972	68.683
1973	69.433
1974	67.767
1975	67.467
1976	67.783
1977	67.533
1978	69.017
1979	68.733
1980	68.65
1981	68.233
1982	66.7
1983	68.517
1984	67.967
1985	68.717
1986	68.683
1987	67.417
1988	67.733
1989	68.033
1990	67.867
1991	67.883
1992	67.133
1993	67.55
1994	67.483
1995	66.767
1996	66.95
1997	67.15
1998	67.633
1999	67.567
2000	67.517
2001	64.85
2002	67.533
2003	68.417
2004	67.1
2005	68.15
2006	66.133
2007	65.967
2008	66.733
2009	66.55
2010	67.133
2011	66.767
2012	66.917
2013	67.917
2014	67.433
2015	66.533
2016	66.883
2017	66.65
2018	67.1
2019	66.233
2020	67.433
2021	66.983
2022	68.267
2023	67.583
2024	66.533
2025	66.65
2026	67.05
2027	67.2
2028	66.983
2029	65.867
2030	68.633
2031	66.7
2032	68.8
2033	66.15
2034	67.35
2035	68.183
2036	66.6
2037	68.383
2038	66.417
2039	67.9
2040	66.55
2041	66.8
2042	67.017
2043	68.767
2044	72.133
2045	75.467
2046	78.483
2047	80.483
2048	80.75
2049	81.633
2050	80.967
2051	82.65
2052	81.4
2053	82.1
2054	81.45
2055	80.4
2056	80.05
2057	80.067
2058	78.617
2059	79.95
2060	76.617
2061	78
2062	77.05
2063	77.35
2064	77.183
2065	74.55
2066	75.533
2067	77.083
2068	74.833
2069	75.283
2070	74.817
2071	75.117
2072	75.9
2073	73.767
2074	73.8
2075	74.067
2076	74.15
2077	73.15
2078	74.617
2079	74.783
2080	73.35
2081	73.083
2082	73.833
2083	73.417
2084	72.417
2085	72.933
2086	73.95
2087	72.533
2088	73.033
2089	70.533
2090	71.283
2091	71.4
2092	72.15
2093	70.017
2094	71.417
2095	72.683
2096	70.717
2097	71.5
2098	71.383
2099	70.817
2100	70.233
2101	69.617
2102	70.333
2103	68.6
2104	69.9
2105	69.333
2106	69.483
2107	68.567
2108	69.933
2109	69.717
2110	68.767
2111	67.65
2112	68.333
2113	67.85
2114	69.4
2115	69.483
2116	69.183
2117	68.167
2118	68.117
2119	68.083
2120	69.2
2121	69.083
2122	68.717
2123	66.133
2124	68.883
2125	70.3
2126	67.467
2127	68.6
2128	68.033
2129	68.633
2130	68.133
2131	67.6
2132	68.667
2133	67.2
2134	68.85
2135	66.3
2136	67.767
2137	67.9
2138	66.767
2139	68.417
2140	67.933
2141	68.583
2142	66.2
2143	67.767
2144	67.383
2145	68.9
2146	67.35
2147	67.633
2148	66.983
2149	66.267
2150	68.367
2151	68.933
2152	66.667
2153	67.083
2154	66.183
2155	67.033
2156	66.717
2157	67.25
2158	66.667
2159	66.15
2160	66.783
2161	66.667
2162	66.283
2163	66.05
2164	66.233
2165	66.833
2166	65.467
2167	68.383
2168	67.617
2169	68.1
2170	67.083
2171	67.7
2172	66.517
2173	66.183
2174	66.95
2175	66.5
2176	66.867
2177	67.267
2178	67.35
2179	67.733
2180	67.483
2181	66.083
2182	65.833
2183	67
2184	66.617
2185	66.583
2186	66.2
2187	66.767
2188	66.567
2189	65.9
2190	66.717
2191	66.65
2192	66.933
2193	67.417
2194	67.35
2195	66.1
2196	67.383
2197	65.7
2198	65.367
2199	66.633
2200	66.617
2201	66
2202	68.333
2203	71.3
2204	75.367
2205	75.45
2206	78.117
2207	80.283
2208	80.833
2209	83.167
2210	83.367
2211	82.517
2212	81.867
2213	81.4
2214	81.817
2215	78.883
2216	78.467
2217	79.033
2218	77.95
2219	78.75
2220	77.217
2221	79.083
2222	77.433
2223	77.1
2224	77.217
2225	76.65
2226	78.117
2227	77.1
2228	75.117
2229	75.433
2230	75.317
2231	74.483
2232	75.283
2233	74.833
2234	74.983
2235	74.833
2236	73.55
2237	72.317
2238	75
2239	73.933
2240	71.75
2241	71.917
2242	71.4
2243	73.2
2244	71.017
2245	73.167
2246	72.917
2247	70.6
2248	72.017
2249	70.9
2250	71.3
2251	69.1
2252	69.783
2253	68.717
2254	69.35
2255	69.383
2256	69.433
2257	70.633
2258	69.833
2259	71.417
2260	69.017
2261	69.5
2262	68.5
2263	69.933
2264	69.55
2265	69.6
2266	69.833
2267	70.317
2268	69
2269	68.15
2270	69.3
2271	68.1
2272	68.55
2273	68.667
2274	68.633
2275	68.367
2276	69
2277	68.333
2278	68.8
2279	69.05
2280	68.283
2281	68.383
2282	68.067
2283	68
2284	67.767
2285	67.6
2286	69.5
2287	67.783
2288	68.05
2289	68.35
2290	66.9
2291	67.783
2292	68.917
2293	68
2294	67.7
2295	68.733
2296	67.4
2297	66.433
2298	67.9
2299	68.283
2300	67.417
2301	67.15
2302	66.383
2303	67.467
2304	67.767
2305	67.083
2306	66.933
2307	65.867
2308	66.8
2309	66.95
2310	66.967
2311	65.717
2312	67.233
2313	66.867
2314	67.35
2315	64.567
2316	65.95
2317	65.917
2318	66.8
2319	66.867
2320	66.7
2321	67.45
2322	67.233
2323	65.7
2324	66.567
2325	67
2326	67.483
2327	66.3
2328	66.95
2329	66
2330	66.783
2331	65.9
2332	65.8
2333	65.867
2334	66.35
2335	66.8
2336	66.383
2337	66.667
2338	66.583
2339	66.7
2340	65.867
2341	65.5
2342	66.867
2343	67.5
2344	66.467
2345	65.55
2346	67.333
2347	66.383
2348	65.9
2349	64.967
2350	65.05
2351	66.967
2352	66.833
2353	66.433
2354	65.317
2355	65.833
2356	66.033
2357	66.45
2358	67.133
2359	66.483
2360	66.567
2361	68.6
2362	70.583
2363	73.6
2364	77.267
2365	77.75
2366	78.217
2367	80.517
2368	82.05
2369	82.2
2370	80.95
2371	81.367
2372	79.867
2373	80.583
2374	81.983
2375	81.933
2376	83.067
2377	81.2
2378	81.25
2379	80.883
2380	79.367
2381	79.1
2382	78.617
2383	80.217
2384	77.667
2385	78.967
2386	77.5
2387	78.117
2388	76.483
2389	76.233
2390	76.4
2391	75.867
2392	76.283
2393	76.167
2394	75.9
2395	76.417
2396	74.8
2397	75.25
2398	74.083
2399	73.367
2400	72.633
2401	73.617
2402	74.6
2403	74.833
2404	73.183
2405	73.4
2406	72.7
2407	73.133
2408	73.85
2409	72.85
2410	73.317
2411	73.45
2412	71.983
2413	73.783
2414	69.967
2415	72.517
2416	71.1
2417	70.75
2418	71.1
2419	71.65
2420	70.583
2421	72.067
2422	68.417
2423	71.017
2424	70.1
2425	68.033
2426	68.75
2427	69.217
2428	67.933
2429	69.333
2430	69.583
2431	69.483
2432	69.067
2433	69.6
2434	69.933
2435	68.917
2436	69.05
2437	69
2438	69.567
2439	69.45
2440	69.267
2441	69.017
2442	67.367
2443	66.633
2444	66.2
2445	67.7
2446	68.133
2447	66.033
2448	66.117
2449	67.1
2450	66.5
2451	67.25
2452	68.283
2453	67.517
2454	68.1
2455	68.117
2456	68.367
2457	67.567
2458	67.033
2459	68.45
2460	67.417
2461	66.683
2462	66.35
2463	67.233
2464	67.717
2465	67.05
2466	66.617
2467	67.25
2468	66.45
2469	67.4
2470	66.7
2471	67.7
2472	66.483
2473	66.517
2474	65.967
2475	65.417
2476	65.917
2477	65.6
2478	66.817
2479	66.8
2480	65.95
2481	66.033
2482	66.4
2483	66.583
2484	65.717
2485	66.217
2486	66.633
2487	66.85
2488	66.883
2489	66.317
2490	65.367
2491	65.55
2492	66.133
2493	65.967
2494	66.333
2495	66.2
2496	65
2497	66.733
2498	67.083
2499	66.367
2500	65.883
2501	66.55
2502	65.083
2503	65.8
2504	66.2
2505	65.583
2506	65.067
2507	66.567
2508	65.533
2509	65.5
2510	65.4
2511	65.917
2512	65.45
2513	65.35
2514	66.267
2515	66.367
2516	67.1
2517	64.45
2518	64.55
2519	66.1
2520	68.983
2521	72.133
2522	74.117
2523	76.25
2524	77.283
2525	79.1
2526	79.85
2527	81.217
2528	80.15
2529	78.133
2530	78.9
2531	78.1
2532	78.05
2533	77.7
2534	77.333
2535	76.5
2536	76.767
2537	75.517
2538	75.15
2539	75.033
2540	75.417
2541	73.267
2542	73.55
2543	73.65
2544	74.017
2545	74.567
2546	73.217
2547	74.083
2548	72.15
2549	72.083
2550	72.6
2551	73.267
2552	70.883
2553	69.867
2554	71.217
2555	70.767
2556	69.283
2557	69.567
2558	69.533
2559	69.633
2560	69.85
2561	70.35
2562	70.25
2563	68.717
2564	69.833
2565	70.217
2566	69.567
2567	68.133
2568	67.833
2569	69.233
2570	69.633
2571	68.783
2572	69.533
2573	70.383
2574	68.433
2575	68.883
2576	67.117
2577	69.6
2578	67.733
2579	69.8
2580	68.767
2581	68.3
2582	68.95
2583	68.133
2584	68.383
2585	68.1
2586	66.85
2587	66.633
2588	68.2
2589	66.167
2590	67.1
2591	68.233
2592	68.45
2593	67.883
2594	66.117
2595	67.367
2596	66.017
2597	65.65
2598	67.3
2599	67.25
2600	67.8
2601	67.667
2602	65.517
2603	68.017
2604	67.033
2605	67.65
2606	67.117
2607	67.033
2608	66.633
2609	65.567
2610	66.167
2611	66.35
2612	66.883
2613	67.017
2614	65.8
2615	66.75
2616	66
2617	66.4
2618	66.533
2619	65.7
2620	66.383
2621	66.283
2622	64.367
2623	68
2624	65.25
2625	65.567
2626	65.033
2627	65.033
2628	65.367
2629	65.717
2630	66.15
2631	66.233
2632	64.65
2633	67.067
2634	65.267
2635	66.967
2636	65.417
2637	65.75
2638	65.983
2639	66.567
2640	64.367
2641	65.133
2642	65.733
2643	66.117
2644	66.167
2645	65.45
2646	66.033
2647	66.583
2648	65.3
2649	65.483
2650	67.467
2651	68.833
2652	71.733
2653	73.817
2654	76.15
2655	78.367
2656	80.1
2657	78.95
2658	79.283
2659	79.15
2660	80.167
2661	78.733
2662	79.217
2663	76.683
2664	76.067
2665	76.45
2666	76.633
2667	77.233
2668	76.233
2669	75.633
2670	74.183
2671	74.267
2672	73.933
2673	73.75
2674	73.45
2675	72.033
2676	73.35
2677	73
2678	73.3
2679	76.55
2680	76.15
2681	79.567
2682	82.883
2683	83.467
2684	83.3
2685	82.9
2686	82.267
2687	81.067
2688	81.017
2689	80.5
2690	79.967
2691	80.367
2692	78.483
2693	79.35
2694	78.85
2695	78.85
2696	77.467
2697	76.567
2698	77
2699	77.25
2700	77.7
2701	76.883
2702	76.1
2703	76.383
2704	76.283
2705	76.55
2706	75.767
2707	75.817
2708	73.433
2709	74.533
2710	73.767
2711	74.75
2712	73.717
2713	73.9
2714	74.2
2715	73.717
2716	72.817
2717	71.75
2718	71.317
2719	73.05
2720	71.8
2721	72.367
2722	72.767
2723	71.583
2724	71.467
2725	71.35
2726	71.6
2727	70.767
2728	70.4
2729	71.117
2730	70.517
2731	70.333
2732	69.117
2733	70
2734	69.783
2735	69.883
2736	68.383
2737	68.767
2738	69.55
2739	69.267
2740	69.25
2741	69.55
2742	69.117
2743	69.333
2744	66.95
2745	68.217
2746	69.45
2747	68.033
2748	67.667
2749	66.867
2750	69.2
2751	68.083
2752	67.8
2753	67.667
2754	67.117
2755	67.717
2756	68.333
2757	68.75
2758	67.8
2759	68.85
2760	66.183
2761	67.583
2762	67.067
2763	67.717
2764	67.783
2765	67.083
2766	66.483
2767	67.1
2768	67.933
2769	67.2
2770	66.7
2771	67.467
2772	65.967
2773	66.65
2774	65.617
2775	66.483
2776	66.283
2777	66.933
2778	66.217
2779	66.033
2780	66.933
2781	66.7
2782	65.6
2783	66.933
2784	66.75
2785	66.017
2786	65.833
2787	65.783
2788	65.2
2789	66.233
2790	66.05
2791	65.217
2792	66.317
2793	65.867
2794	64.583
2795	65.05
2796	64.5
2797	64.95
2798	64.95
2799	66.133
2800	64.433
2801	66.4
2802	66.467
2803	64.883
2804	64.633
2805	69.1
2806	72.2
2807	73.8
2808	75.3
2809	76.567
2810	78.917
2811	78.367
2812	79.767
2813	79.133
2814	79.3
2815	76.967
2816	76.667
2817	76.233
2818	76.1
2819	74.917
2820	75.783
2821	73.383
2822	74.033
2823	73.767
2824	72.833
2825	73.967
2826	73.383
2827	74.567
2828	73.717
2829	72.383
2830	71.433
2831	72.567
2832	72.517
2833	72.067
2834	71.8
2835	72.367
2836	71.767
2837	72.55
2838	74.367
2839	77.617
2840	80.017
2841	79.567
2842	81.283
2843	80.817
2844	81.867
2845	82.467
2846	79.767
2847	79.733
2848	79.55
2849	77.917
2850	77.633
2851	77.967
2852	77.867
2853	75.517
2854	75.833
2855	76.65
2856	74.55
2857	75.483
2858	76.1
2859	75.917
2860	75.667
2861	75.533
2862	74.65
2863	74.4
2864	73.333
2865	74.883
2866	73.383
2867	74.767
2868	72.4
2869	72.267
2870	71.8
2871	72.933
2872	71.917
2873	71.467
2874	71.2
2875	71
2876	70.333
2877	70.35
2878	70.517
2879	71.45
2880	70.55
2881	69.533
2882	71.317
2883	70.167
2884	71.3
2885	70
2886	70.233
2887	69.6
2888	69.633
2889	70.017
2890	69.583
2891	70
2892	69.85
2893	69.483
2894	69.5
2895	69.333
2896	68.55
2897	69.767
2898	68.583
2899	69.75
2900	68.217
2901	67.283
2902	68.333
2903	67.8
2904	69.517
2905	66.683
2906	67.733
2907	67.233
2908	67.15
2909	67.733
2910	67.583
2911	66.8
2912	67.6
2913	67.267
2914	66.867
2915	67.117
2916	66.6
2917	66.867
2918	67.417
2919	66.567
2920	66.117
2921	66.8
2922	66.333
2923	65.7
2924	66.85
2925	65.383
2926	66.133
2927	65.017
2928	65.317
2929	66.95
2930	67.2
2931	65.917
2932	66.2
2933	65.783
2934	66.833
2935	64.833
2936	64.767
2937	64.367
2938	65.117
2939	65.383
2940	65.833
2941	66.483
2942	64.333
2943	66.667
2944	64.45
2945	64.817
2946	63.933
2947	63.683
2948	63.667
2949	64.533
2950	64.15
2951	66.7
2952	63.717
2953	64.383
2954	64.083
2955	63.7
2956	64.383
2957	65.083
2958	64.767
2959	64.733
2960	65
2961	65.183
2962	65.533
2963	64.917
2964	64.85
2965	64.45
2966	64.083
2967	65.083
2968	65.633
2969	64.867
2970	64.817
2971	63.45
2972	63.967
2973	64.95
2974	65.2
2975	63.167
2976	64.85
2977	64.567
2978	64.117
2979	64.117
2980	64.417
2981	63.65
2982	64.75
2983	65.417
2984	64.3
2985	64.183
2986	64.283
2987	65.4
2988	63.75
2989	63.717
2990	64.917
2991	64.3
2992	63.8
2993	62
2994	63.25
2995	63.95
2996	65.383
2997	68.783
2998	72.15
2999	71.883
3000	74.133
3001	75.65
3002	76.75
3003	77.15
3004	78.267
3005	76.4
3006	77.6
3007	76.95
3008	76.167
3009	75.983
3010	76.05
3011	76.7
3012	75.417
3013	74.017
3014	74.817
3015	73.817
3016	74.967
3017	72.2
3018	71.967
3019	72.75
3020	72.217
3021	72.317
3022	71.417
3023	71.617
3024	71.767
3025	71.35
3026	70.133
3027	71.883
3028	70.883
3029	70.267
3030	69.9
3031	69.45
3032	70.85
3033	69.85
3034	71.767
3035	70.35
3036	70.35
3037	70.367
3038	69.917
3039	69.833
3040	69.017
3041	68.45
3042	68.267
3043	69
3044	68.567
3045	68.8
3046	67.967
3047	68.517
3048	67.833
3049	67.683
3050	66.767
3051	67.3
3052	67.083
3053	67.683
3054	65.917
3055	67.417
3056	67.283
3057	65.683
3058	66.1
3059	67.45
3060	65.967
3061	66.567
3062	66.6
3063	67.25
3064	66.15
3065	66.167
3066	65.933
3067	67.333
3068	65.933
3069	65.817
3070	66.667
3071	65.95
3072	64.933
3073	64.333
3074	63.75
3075	65.367
3076	64.467
3077	63.817
3078	64.933
3079	65.233
3080	64.65
3081	65.033
3082	65.383
3083	65.167
3084	65.45
3085	63.783
3086	65.133
3087	66.35
3088	64.15
3089	64.433
3090	65
3091	64.05
3092	64.417
3093	64.267
3094	64.267
3095	63.283
3096	64.183
3097	65.033
3098	65.15
3099	64.533
3100	63.85
3101	62.767
3102	64.317
3103	65.417
3104	65.467
3105	64.983
3106	64.183
3107	64.117
3108	63.75
3109	63.433
3110	64.083
3111	64.183
3112	64.267
3113	64.4
3114	63.633
3115	65.6
3116	62.817
3117	64.267
3118	63.017
3119	63.05
3120	64.317
3121	65.15
3122	65.083
3123	63.767
3124	63.267
3125	63.333
3126	64.233
3127	64.317
3128	63.617
3129	64.8
3130	65.117
3131	64.35
3132	63.85
3133	65
3134	63.983
3135	62.8
3136	64.9
3137	63.783
3138	64.667
3139	64.783
3140	64.883
3141	63.7
3142	63.583
3143	62.383
3144	65.65
3145	64.6
3146	63.85
3147	63.067
3148	64.667
3149	63.2
3150	64.85
3151	63.933
3152	63.233
3153	64.233
3154	64.383
3155	64.883
3156	68.783
3157	70.767
3158	72.1
3159	74.267
3160	74.8
3161	75.717
3162	76.483
3163	76.633
3164	76.117
3165	75.783
3166	74.7
3167	75.783
3168	74.45
3169	74.533
3170	74.85
3171	74.2
3172	73.35
3173	71.5
3174	72.417
3175	72.117
3176	71.717
3177	71.233
3178	70.05
3179	72.85
3180	71.55
3181	70.7
3182	70.517
3183	70.183
3184	68.783
3185	67.817
3186	68.883
3187	70.2
3188	70.017
3189	69.467
3190	69.1
3191	69.917
3192	68
3193	67.85
3194	67.867
3195	67.15
3196	66.4
3197	67.817
3198	67.117
3199	67.767
3200	65.667
3201	67.883
3202	66.517
3203	67.1
3204	67.067
3205	67.183
3206	65.75
3207	67.6
3208	66.833
3209	66.15
3210	67.467
3211	66.433
3212	65.067
3213	65.4
3214	66.783
3215	66.133
3216	64.417
3217	66.033
3218	66.117
3219	64.45
3220	65.5
3221	63.983
3222	64.917
3223	66.517
3224	65.8
3225	64.783
3226	66.517
3227	64.35
3228	64.2
3229	64.267
3230	63.333
3231	66.4
3232	63.933
3233	64.517
3234	64.667
3235	66.2
3236	64.333
3237	64.517
3238	64.267
3239	64.733
3240	64.283
3241	65.033
3242	65.333
3243	64.233
3244	63.333
3245	63.65
3246	63.5
3247	62.767
3248	64.1
3249	63.367
3250	64.333
3251	64.6
3252	63.367
3253	63.633
3254	64.567
3255	64.05
3256	62.783
3257	64.283
3258	63.783
3259	64.25
3260	64.8
3261	63.967
3262	64.417
3263	64.8
3264	64.2
3265	64.517
3266	63.55
3267	63.2
3268	64.733
3269	63.767
3270	64.15
3271	64
3272	63.833
3273	63.817
3274	65.183
3275	63.95
3276	64.117
3277	63.283
3278	62.9
3279	64.733
3280	64.083
3281	64.267
3282	64.5
3283	64.383
3284	63.933
3285	64.35
3286	64.867
3287	64.033
3288	63.567
3289	65.383
3290	63.567
3291	64.65
3292	63.833
3293	63.867
3294	64.1
3295	63.517
3296	63.65
3297	62.8
3298	63.417
3299	65.083
3300	64.733
3301	63.883
3302	64.217
3303	64.633
3304	63.633
3305	64.533
3306	64.233
3307	63.2
3308	63.617
3309	64.5
3310	64.883
3311	63.783
3312	63.8
3313	62.85
3314	65.467
3315	67.95
3316	70.083
3317	70.817
3318	73.9
3319	74.133
3320	74.667
3321	75.633
3322	75.417
3323	76.45
3324	76.333
3325	73.767
3326	74.733
3327	75.917
3328	73.467
3329	72.45
3330	72.65
3331	72.817
3332	72.133
3333	71.733
3334	71.467
3335	69.55
3336	70.467
3337	70.683
3338	69.017
3339	71.3
3340	68.933
3341	71.733
3342	71.5
3343	70.467
3344	69.583
3345	68.7
3346	69.183
3347	69.45
3348	68.383
3349	66.867
3350	67.833
3351	67.683
3352	67.117
3353	67.717
3354	67.7
3355	67.4
3356	67.367
3357	66.483
3358	67.817
3359	67.017
3360	66.617
3361	67.083
3362	65.767
3363	66.567
3364	66.05
3365	66.917
3366	65.4
3367	65.1
3368	65.083
3369	66.283
3370	65.117
3371	66.783
3372	64.367
3373	65.25
3374	64.383
3375	64.217
3376	64.683
3377	64.6
3378	65.483
3379	65.033
3380	65.133
3381	65.383
3382	64.683
3383	63.8
3384	63.633
3385	63.633
3386	64.183
3387	64.383
3388	63.8
3389	65.35
3390	63.75
3391	64.133
3392	65.067
3393	64.883
3394	64.5
3395	64.833
3396	64.6
3397	63.983
3398	65.317
3399	64.483
3400	64.583
3401	64.633
3402	63.717
3403	64.633
3404	64.8
3405	63.717
3406	64.767
3407	64.05
3408	64.817
3409	63
3410	63.817
3411	63.033
3412	63.817
3413	64.217
3414	63.317
3415	63.133
3416	62.483
3417	63.933
3418	64.5
3419	63.567
3420	61.867
3421	62.383
3422	64.55
3423	62.633
3424	63.433
3425	62.267
3426	62.783
3427	63.183
3428	62.967
3429	64.4
3430	62.917
3431	64.583
3432	64.917
3433	63.05
3434	64.583
3435	66.133
3436	70.3
3437	70.583
3438	72.4
3439	75.85
3440	76.8
3441	77
3442	76.117
3443	76.983
3444	78.05
3445	76.4
3446	74.05
3447	75.8
3448	75.367
3449	75.533
3450	74.533
3451	74.05
3452	72.25
3453	72.45
3454	73.417
3455	71.767
3456	72.883
3457	71.183
3458	71.567
3459	72.483
3460	71.117
3461	72.3
3462	70.467
3463	69.85
3464	71.15
3465	71.7
3466	70.383
3467	69.867
3468	69.367
3469	70.05
3470	69.6
3471	68.6
3472	68.033
3473	71.25
3474	72.45
3475	76.467
3476	77.233
3477	78.567
3478	79.75
3479	77.683
3480	77.267
3481	76.967
3482	76.467
3483	76.617
3484	75.817
3485	76.733
3486	74.867
3487	74.95
3488	74.8
3489	72.383
3490	72.867
3491	72.8
3492	71.65
3493	72.617
3494	73.1
3495	72.65
3496	71.9
3497	71.7
3498	71.783
3499	71.533
3500	71.55
3501	71.017
3502	69.933
3503	70.367
3504	70.167
3505	70.917
3506	69.767
3507	70.783
3508	69.65
3509	70.167
3510	69.233
3511	68.45
3512	69.283
3513	70.4
3514	69.733
3515	68.85
3516	69.467
3517	68.9
3518	67.85
3519	68.167
3520	68.4
3521	66.117
3522	66.233
3523	68.9
3524	67.367
3525	67.583
3526	66.8
3527	67.217
3528	66.483
3529	66.967
3530	66.583
3531	66.733
3532	66.433
3533	65.95
3534	65.233
3535	67.4
3536	65.883
3537	66.383
3538	65.7
3539	65.717
3540	66.483
3541	65.583
3542	65.9
3543	65.033
3544	64.917
3545	65.967
3546	66.467
3547	66.033
3548	65.167
3549	66.083
3550	64.683
3551	65.967
3552	66.5
3553	65.033
3554	64.367
3555	65.067
3556	65.65
3557	64.7
3558	64.283
3559	63.55
3560	64.083
3561	65.85
3562	63.467
3563	64.383
3564	64.933
3565	65.617
3566	64
3567	64.133
3568	64.667
3569	63.867
3570	63.95
3571	65.017
3572	64.75
3573	64.05
3574	63.733
3575	65.733
3576	64.533
3577	63.717
3578	64.467
3579	65.117
3580	62.817
3581	63
3582	64.333
3583	63.883
3584	64.533
3585	63
3586	63.433
3587	63.083
3588	63.983
3589	63.217
3590	64.117
3591	63.733
3592	63.5
3593	63.667
3594	63.883
3595	64.183
3596	63.817
3597	63.633
3598	64.367
3599	63.067
3600	63.25
3601	61.483
3602	63.2
3603	63.1
3604	66.117
3605	68.867
3606	70.6
3607	72.1
3608	73.183
3609	74.783
3610	75.133
3611	74.967
3612	74.233
3613	74.283
3614	73.983
3615	74.05
3616	73.65
3617	73.1
3618	73.55
3619	71.667
3620	70.75
3621	70.033
3622	70.633
3623	69.783
3624	70.683
3625	69.983
3626	69.117
3627	69.783
3628	69.317
3629	69.6
3630	69.883
3631	70.917
3632	70.883
3633	73.433
3634	75.767
3635	77.667
3636	79.433
3637	79.467
3638	77.067
3639	77.467
3640	75.833
3641	76.95
3642	76.883
3643	74.683
3644	74.733
3645	73.667
3646	72.8
3647	74.667
3648	73.833
3649	72.717
3650	73.933
3651	73.917
3652	73.2
3653	72.517
3654	72.183
3655	72.583
3656	72.6
3657	71.6
3658	71.833
3659	70.867
3660	71.017
3661	69.867
3662	69.6
3663	69.783
3664	68.983
3665	69.283
3666	69.233
3667	68.55
3668	68.9
3669	68.35
3670	68.667
3671	68.117
3672	67.7
3673	68.317
3674	68.033
3675	68.3
3676	69.45
3677	69.05
3678	68.4
3679	67.667
3680	67.95
3681	68.533
3682	67.467
3683	67.917
3684	67.45
3685	68.217
3686	66.417
3687	65.367
3688	67.917
3689	65.667
3690	65.1
3691	65.417
3692	65.45
3693	64.367
3694	65.533
3695	65.65
3696	64.667
3697	65.2
3698	63.85
3699	65.917
3700	64.233
3701	64.567
3702	62.4
3703	66.5
3704	64.4
3705	64.7
3706	65.167
3707	65.033
3708	64.3
3709	63.5
3710	65.567
3711	65.217
3712	64.233
3713	64.45
3714	64.567
3715	64.517
3716	63.05
3717	63.967
3718	64.433
3719	64.25
3720	64.55
3721	64
3722	64.267
3723	63.683
3724	62.683
3725	63.05
3726	62.783
3727	62.967
3728	63.267
3729	64.4
3730	64.15
3731	64.2
3732	64.567
3733	64.733
3734	63.717
3735	65.317
3736	63.583
3737	63.667
3738	62.867
3739	63.267
3740	63.1
3741	64.233
3742	64.183
3743	63.533
3744	62.433
3745	61.917
3746	62.733
3747	61.85
3748	62.433
3749	63.117
3750	62.333
3751	62.7
3752	61.85
3753	64.8
3754	62.517
3755	63.9
3756	63.483
3757	63.067
3758	61.75
3759	62.25
3760	62.267
3761	62.35
3762	62.45
3763	62.25
3764	61.9
3765	62.517
3766	62.583
3767	61.333
3768	61.55
3769	62.2
3770	61.6
3771	62
3772	63.667
3773	61.383
3774	61.417
3775	61.683
3776	63.05
3777	61.7
3778	60.6
3779	62.9
3780	63.617
3781	62.35
3782	63.133
3783	63.467
3784	63.267
3785	61.967
3786	63.217
3787	62.8
3788	62.65
3789	61.517
3790	63.683
3791	65.117
3792	68.35
3793	68.367
3794	71.717
3795	73.217
3796	73.483
3797	74.717
3798	73.183
3799	73.417
3800	74.05
3801	74.517
3802	73.85
3803	73.05
3804	71.633
3805	72.35
3806	71.45
3807	71
3808	70.633
3809	70.933
3810	70.133
3811	70.95
3812	69.733
3813	68.517
3814	68.717
3815	68.717
3816	68.583
3817	68.283
3818	69.217
3819	68.55
3820	67.417
3821	68.417
3822	67.917
3823	68.183
3824	66.967
3825	66.567
3826	67.483
3827	66.883
3828	67.433
3829	66.983
3830	66.4
3831	66.667
3832	66.467
3833	66.2
3834	64.667
3835	65.183
3836	65.65
3837	64.267
3838	63.3
3839	66.117
3840	65.733
3841	65.033
3842	64.95
3843	64.383
3844	66.65
3845	64.217
3846	64.867
3847	64.2
3848	64.233
3849	64.517
3850	64.167
3851	65.65
3852	64.333
3853	65.95
3854	64.45
3855	65.167
3856	63.883
3857	63.317
3858	63.717
3859	63.767
3860	65.133
3861	63.433
3862	63.133
3863	63.35
3864	63.667
3865	63.95
3866	63.467
3867	63.467
3868	62.583
3869	61.983
3870	63.8
3871	62.85
3872	62.35
3873	62.417
3874	63.15
3875	62.717
3876	63.1
3877	61.667
3878	63.2
3879	62.067
3880	62.9
3881	62.7
3882	64.367
3883	62.867
3884	63.15
3885	62.85
3886	62.633
3887	62.383
3888	62.2
3889	62.767
3890	62.167
3891	62.433
3892	62.383
3893	62.117
3894	60.633
3895	63.2
3896	62.167
3897	61.7
3898	64.667
3899	61.733
3900	61.367
3901	61.233
3902	61.7
3903	62.917
3904	60.667
3905	61.867
3906	63.3
3907	62.317
3908	62.067
3909	62.983
3910	62.667
3911	61.733
3912	61.6
3913	61.367
3914	62.167
3915	62.467
3916	62.167
3917	63.433
3918	61.533
3919	61.783
3920	61.667
3921	61.083
3922	62.367
3923	62.767
3924	62.233
3925	61.817
3926	61.45
3927	61.433
3928	62.3
3929	61.15
3930	62.717
3931	62.35
3932	61.65
3933	61.617
3934	62.383
3935	61.833
3936	61.4
3937	61.7
3938	61.1
3939	63.1
3940	61.583
3941	61.917
3942	61.15
3943	65.95
3944	65.7
3945	66.9
3946	69.45
3947	72.067
3948	71.833
3949	73.633
3950	71.917
3951	71.533
3952	72.717
3953	72.767
3954	72.083
3955	75.133
3956	74.067
3957	74.733
3958	74.2
3959	73.6
3960	72.783
3961	71.017
3962	72.117
3963	71.433
3964	70.483
3965	71.3
3966	71.717
3967	72.583
3968	69.883
3969	70
3970	69.733
3971	68.767
3972	68.4
3973	69.017
3974	68.783
3975	68.867
3976	67.683
3977	67.867
3978	68.517
3979	67.467
3980	67.583
3981	66.25
3982	68.433
3983	67.317
3984	66.433
3985	65.9
3986	66.7
3987	65.767
3988	65.9
3989	66.367
3990	64.217
3991	66.3
3992	65.767
3993	68
3994	65.883
3995	66.033
3996	66.017
3997	65.267
3998	65.2
3999	65.117
4000	65.05
4001	64.233
4002	64.883
4003	64.683
4004	63.967
4005	64.917
4006	64.7
4007	63.667
4008	63.583
4009	64.917
4010	64.217
4011	64.7
4012	64.767
4013	63.717
4014	65.05
4015	64
4016	64.083
4017	63.867
4018	64
4019	64.717
4020	63.683
4021	62.367
4022	63.117
4023	64.25
4024	63.983
4025	63.85
4026	63.983
4027	62.9
4028	63.35
4029	63.317
4030	64.433
4031	63.467
4032	64.367
4033	63.3
4034	62.9
4035	62.7
4036	63.717
4037	63.017
4038	61.583
4039	62.95
4040	61.483
4041	60.75
4042	61.783
4043	63.5
4044	62.367
4045	62.15
4046	62.617
4047	61.85
4048	61.317
4049	63.067
4050	63.483
4051	62.117
4052	62.317
4053	61.633
4054	60.317
4055	62.917
4056	61.667
4057	62.5
4058	61.05
4059	62.3
4060	62.35
4061	62.65
4062	62.017
4063	62.567
4064	61.6
4065	61.933
4066	62.083
4067	61.333
4068	61.15
4069	60.283
4070	60.967
4071	60.95
4072	62.017
4073	61.05
4074	61.5
4075	63.217
4076	61.367
4077	60.067
4078	61.85
4079	62.5
4080	67.183
4081	67.55
4082	69.6
4083	69.767
4084	70.817
4085	72.917
4086	71.8
4087	72.083
4088	72.733
4089	71.85
4090	71.35
4091	71.45
4092	70.067
4093	69.767
4094	71.217
4095	70.15
4096	68.2
4097	69.617
4098	69.75
4099	67.5
4100	68.767
4101	67.8
4102	68.017
4103	69.167
4104	68.217
4105	67.567
4106	68.05
4107	66.75
4108	67.7
4109	70.867
4110	72.833
4111	73.267
4112	73.867
4113	74.567
4114	74.417
4115	75
4116	73.117
4117	72.6
4118	73.367
4119	72.85
4120	72.25
4121	70.967
4122	72.2
4123	70.75
4124	70.917
4125	71.367
4126	70.067
4127	70.767
4128	70.75
4129	68.667
4130	69.067
4131	68.9
4132	69.35
4133	69.883
4134	67.383
4135	69.033
4136	67.617
4137	66.933
4138	69.217
4139	68.183
4140	67.033
4141	67.217
4142	67.5
4143	67.3
4144	65.633
4145	67.067
4146	67.867
4147	66.017
4148	66.717
4149	65.233
4150	66.633
4151	66.683
4152	67.1
4153	66.933
4154	66.4
4155	67.133
4156	67.083
4157	65.117
4158	66.517
4159	64.817
4160	66.8
4161	64.217
4162	64.117
4163	64.95
4164	64.233
4165	65.383
4166	63.817
4167	63.85
4168	62.567
4169	65.1
4170	63.5
4171	64.167
4172	64.45
4173	63.167
4174	63.4
4175	63.45
4176	63.8
4177	64.233
4178	64.633
4179	63.45
4180	65.217
4181	63.867
4182	63.433
4183	63.1
4184	62.217
4185	63.433
4186	61.467
4187	62.383
4188	64.383
4189	63.25
4190	62.383
4191	61.017
4192	63.6
4193	62.683
4194	64.167
4195	62.15
4196	62.633
4197	63.2
4198	63.15
4199	63
4200	62.717
4201	62.233
4202	62.133
4203	62.317
4204	60.917
4205	61.75
4206	62.167
4207	61.717
4208	61.633
4209	62.267
4210	62
4211	62.7
4212	61.767
4213	60.717
4214	61.633
4215	60.267
4216	63.017
4217	62.167
4218	62.683
4219	63.683
4220	61.5
4221	61.967
4222	61.917
4223	60.933
4224	61.617
4225	60.5
4226	62.45
4227	61.967
4228	61.683
4229	61.05
4230	61.95
4231	61.217
4232	62.117
4233	61.833
4234	61.967
4235	61.233
4236	61.667
4237	62.133
4238	62.517
4239	60.667
4240	62.4
4241	62.267
4242	62.167
4243	61.167
4244	61.883
4245	61.717
4246	62.083
4247	61.267
4248	60.85
4249	61.433
4250	61.817
4251	62.117
4252	61.233
4253	61.733
4254	63.367
4255	64.85
4256	66.25
4257	67.4
4258	69.933
4259	70.167
4260	70.817
4261	72.817
4262	72
4263	70.6
4264	71.85
4265	71.4
4266	70.533
4267	73.017
4268	71.633
4269	71.85
4270	70.783
4271	70.15
4272	69.617
4273	68.833
4274	68.967
4275	69.533
4276	67.917
4277	70.55
4278	69.45
4279	69.133
4280	67.917
4281	67.317
4282	66.867
4283	66.667
4284	69.15
4285	68.433
4286	68.4
4287	66.567
4288	65.917
4289	68.417
4290	65.633
4291	66.45
4292	66.017
4293	65.117
4294	65.9
4295	65.767
4296	64.867
4297	65.517
4298	65.467
4299	65.15
4300	63.5
4301	65.217
4302	66.417
4303	63.817
4304	64.617
4305	66.017
4306	65.383
4307	64.783
4308	65.017
4309	63.75
4310	63.783
4311	64.017
4312	63.867
4313	62.467
4314	63.2
4315	64.417
4316	64.4
4317	62.75
4318	63.933
4319	62.783
4320	62.067
4321	63.617
4322	63.183
4323	64
4324	63.05
4325	63.067
4326	61.033
4327	63.1
4328	62.9
4329	63.55
4330	62.45
4331	63.35
4332	62.383
4333	61.917
4334	63.1
4335	62.283
4336	62.733
4337	63.883
4338	61.983
4339	62.183
4340	61.333
4341	62.85
4342	63.517
4343	62.9
4344	62.8
4345	62.5
4346	62.75
4347	62.25
4348	61.25
4349	59.6
4350	61.6
4351	62.783
4352	61.667
4353	60.8
4354	62.15
4355	60.533
4356	60.717
4357	61.583
4358	61.75
4359	60.817
4360	60.167
4361	61.9
4362	60.117
4363	60.667
4364	60.933
4365	61.267
4366	61.267
4367	61.967
4368	59.883
4369	60.75
4370	60.2
4371	61.617
4372	60.217
4373	60.383
4374	60.317
4375	61.067
4376	61.5
4377	60.55
4378	61.033
4379	60.167
4380	60.217
4381	61.483
4382	61.383
4383	60.367
4384	59.867
4385	60.183
4386	59.483
4387	59.167
4388	60.417
4389	61.767
4390	60.25
4391	59.933
4392	61
4393	59.3
4394	60.583
4395	61.45
4396	61.133
4397	61.817
4398	59.65
4399	60.2
4400	59.767
4401	61.05
4402	60.383
4403	61.383
4404	59.483
4405	60.717
4406	61.367
4407	59.9
4408	60.917
4409	61.883
4410	61
4411	61.1
4412	61.017
4413	59.367
4414	61.533
4415	60.533
4416	61.9
4417	61.233
4418	59.917
4419	60.367
4420	60.167
4421	60.033
4422	60.65
4423	61.2
4424	61.667
4425	60.833
4426	62.467
4427	64.417
4428	66.317
4429	66.617
4430	69.333
4431	68.933
4432	69.383
4433	69.65
4434	71.55
4435	70.683
4436	70.45
4437	71.167
4438	70.167
4439	68.9
4440	68.4
4441	68.8
4442	68.633
4443	68.267
4444	67.6
4445	68.317
4446	68.35
4447	67.133
4448	67.3
4449	65.833
4450	66.7
4451	67.35
4452	67.3
4453	65.8
4454	65.517
4455	64.767
4456	66.167
4457	64.283
4458	65.667
4459	64.2
4460	63.75
4461	64.767
4462	64.5
4463	64.983
4464	62.883
4465	63.8
4466	64.167
4467	64.15
4468	63.367
4469	63.3
4470	64.633
4471	64.55
4472	63.717
4473	63.333
4474	62.783
4475	62.9
4476	61.633
4477	63.883
4478	63.583
4479	62.983
4480	62.8
4481	62.65
4482	64.317
4483	62.833
4484	63.733
4485	62.683
4486	61.683
4487	61.683
4488	61.617
4489	62.167
4490	61.667
4491	61.183
4492	61.483
4493	62.117
4494	61.667
4495	62.117
4496	61
4497	61.883
4498	61.65
4499	62.2
4500	61.083
4501	60.983
4502	61.633
4503	61.433
4504	60.583
4505	60.65
4506	61.583
4507	60.767
4508	61.517
4509	59.817
4510	61.15
4511	61
4512	60.983
4513	61.067
4514	61.883
4515	60.917
4516	60.817
4517	60.667
4518	61.383
4519	59.883
4520	60.167
4521	61.8
4522	60.5
4523	61.5
4524	62.017
4525	61.5
4526	61.017
4527	60.967
4528	61.45
4529	62.083
4530	60.483
4531	61.333
4532	61.983
4533	61.633
4534	61.85
4535	60.333
4536	60.883
4537	60.533
4538	61.6
4539	59.417
4540	60.95
4541	60.183
4542	61.367
4543	60.383
4544	61
4545	60.55
4546	60.7
4547	60.3
4548	61.067
4549	59.717
4550	59.733
4551	59.967
4552	60.3
4553	59.167
4554	60.55
4555	60.45
4556	60.933
4557	61.117
4558	60.717
4559	60.45
4560	61.583
4561	60.233
4562	60.917
4563	59.617
4564	59.567
4565	60.817
4566	60.15
4567	61.267
4568	61.467
4569	59.817
4570	60.083
4571	60.583
4572	60.483
4573	60.567
4574	60.783
4575	60.1
4576	60.55
4577	61.133
4578	61.367
4579	59.833
4580	60.667
4581	60.2
4582	59.6
4583	60.1
4584	60.383
4585	63.1
4586	64.517
4587	66.667
4588	67.65
4589	68.65
4590	68.65
4591	70.117
4592	69.433
4593	69.383
4594	69.3
4595	69.167
4596	68.55
4597	68.55
4598	68.467
4599	67.333
4600	66.15
4601	66.1
4602	67.15
4603	68.2
4604	66.117
4605	64.533
4606	66.45
4607	65.533
4608	65.05
4609	65.25
4610	65.517
4611	66.533
4612	65.483
4613	64.083
4614	66.233
4615	65.5
4616	65.517
4617	64.033
4618	64.617
4619	64.167
4620	64.617
4621	62.933
4622	62.517
4623	64.7
4624	63.75
4625	63.517
4626	62.033
4627	62.583
4628	62.683
4629	62.833
4630	63.633
4631	63.5
4632	62.283
4633	62.433
4634	62.85
4635	63.267
4636	62.083
4637	63.7
4638	62.733
4639	63.367
4640	63.233
4641	62.483
4642	62.267
4643	61.183
4644	62.533
4645	61.3
4646	63.1
4647	61.55
4648	62.067
4649	61.117
4650	62.1
4651	62.333
4652	61.283
4653	62.417
4654	61.85
4655	62
4656	62.6
4657	61.367
4658	61.033
4659	61.583
4660	60.817
4661	61.6
4662	61.133
4663	61.217
4664	61.017
4665	59.817
4666	62.85
4667	61.667
4668	61.383
4669	60.533
4670	61.283
4671	60.567
4672	61.667
4673	61.667
4674	62.433
4675	61.583
4676	60.883
4677	60.683
4678	60.05
4679	61.133
4680	61.05
4681	59.683
4682	59.55
4683	61.267
4684	61.783
4685	60.533
4686	61
4687	60.633
4688	60.517
4689	59.6
4690	60.233
4691	61.467
4692	61.583
4693	60.2
4694	60.567
4695	60.383
4696	60.383
4697	59.85
4698	61.117
4699	60.15
4700	60.667
4701	60.15
4702	60.8
4703	60.8
4704	61.15
4705	60.35
4706	60.6
4707	60.833
4708	60.2
4709	61.367
4710	59.983
4711	60.683
4712	59.917
4713	59.533
4714	60.367
4715	60.45
4716	59.9
4717	59.4
4718	60.167
4719	59.333
4720	59.65
4721	60.917
4722	60.033
4723	60.317
4724	60.35
4725	60.033
4726	61.117
4727	60.233
4728	60.1
4729	60.133
4730	59.933
4731	60.367
4732	61.367
4733	59.383
4734	59.8
4735	60.317
4736	58.883
4737	58.8
4738	59.983
4739	60.8
4740	59.217
4741	58.883
4742	59.133
4743	61.2
4744	61.983
4745	63.117
4746	66.767
4747	68.967
4748	69.133
4749	71.217
4750	71.233
4751	69.817
4752	69.867
4753	70.033
4754	69.583
4755	69.033
4756	69.717
4757	68.483
4758	68.467
4759	68.45
4760	67.033
4761	68.317
4762	65.8
4763	67.1
4764	66.783
4765	66.25
4766	66.933
4767	65.767
4768	66.2
4769	65.2
4770	65.95
4771	64.283
4772	63.617
4773	64.733
4774	65.2
4775	63.633
4776	64.267
4777	63.9
4778	63.783
4779	63.983
4780	63.183
4781	65.383
4782	63.05
4783	63.667
4784	64.283
4785	62.783
4786	63.35
4787	63.583
