1	105.059
2	104.941
3	105.559
4	105.765
5	104.265
6	104.5
7	103.765
8	103.882
9	104.941
10	104.912
11	104.529
12	104
13	104.618
14	103.853
15	105.147
16	103.735
17	104.353
18	105.647
19	102.647
20	103.5
21	103.912
22	103.618
23	103.294
24	104.824
25	102.529
26	104.441
27	100.294
28	103.882
29	101.324
30	101.647
31	103.471
32	102.235
33	101.765
34	104.176
35	102.647
36	102.529
37	102.382
38	101.118
39	102.853
40	101.676
41	103.559
42	101.676
43	104.5
44	102.206
45	102.441
46	103.471
47	103.765
48	102.176
49	102.765
50	102.147
51	103
52	101.971
53	104.029
54	101.882
55	100.176
56	103.118
57	101.824
58	103.588
59	103.088
60	102.559
61	105
62	108.265
63	112.647
64	117.206
65	117.324
66	120.971
67	121.735
68	120.912
69	118.765
70	120.5
71	119.882
72	119.588
73	119.706
74	117.353
75	117.412
76	116.265
77	114.235
78	113.441
79	114.588
80	114.265
81	111.676
82	112.941
83	114.412
84	110.794
85	111.206
86	110.765
87	108.235
88	109.912
89	109.529
90	110.647
91	109.647
92	108.118
93	108.706
94	108.029
95	107.647
96	106.235
97	108.206
98	107.059
99	105.824
100	107.706
101	106.588
102	106.735
103	105.941
104	105.412
105	106.441
106	105.706
107	106.324
108	105.265
109	105.353
110	105.941
111	105.118
112	104
113	103.735
114	105.706
115	104.441
116	102.559
117	103.5
118	102.118
119	100.471
120	103.029
121	101.235
122	102.912
123	102.529
124	100.176
125	102.706
126	102.235
127	101.912
128	102.176
129	101.676
130	101.794
131	101.206
132	103.176
133	102.382
134	103.441
135	102.676
136	99.588
137	103.5
138	102.5
139	101.706
140	102.176
141	101.735
142	101.824
143	99.706
144	100.706
145	101.706
146	99.324
147	100.559
148	100.471
149	101.941
150	100.794
151	100.794
152	99.529
153	100.971
154	101.588
155	99.618
156	99.735
157	100.529
158	98.912
159	102.059
160	100.206
161	102.441
162	100.941
163	100.765
164	101
165	100.735
166	100.147
167	99.118
168	100.324
169	99.5
170	98.559
171	101.382
172	100.029
173	100.912
174	101.088
175	101.088
176	100.971
177	99.265
178	101.647
179	100.029
180	101.382
181	98.971
182	102.206
183	99.794
184	100.029
185	97.235
186	102.088
187	98.794
188	99.853
189	99.176
190	99.176
191	101.176
192	100.235
193	100.5
194	99.529
195	101.088
196	98.265
197	99.441
198	101.412
199	99.382
200	99.912
201	99.529
202	98.676
203	97.618
204	99.588
205	98.471
206	101.824
207	98.382
208	99.706
209	106.912
210	110.118
211	111.912
212	113.912
213	117.412
214	115.706
215	119.971
216	119
217	117.029
218	118.059
219	117.118
220	118.647
221	118.529
222	117.706
223	113.441
224	112
225	113.882
226	112.441
227	112.618
228	114.735
229	110.235
230	111.147
231	111.647
232	110.265
233	109.294
234	108.294
235	109.176
236	107.088
237	108.206
238	107.794
239	105.676
240	106.235
241	106.882
242	105.676
243	104
244	104.529
245	105.206
246	104.735
247	106
248	101.588
249	103.529
250	102.971
251	101.441
252	102
253	104.265
254	103.471
255	104
256	104.265
257	101.912
258	103.118
259	101.265
260	101.059
261	101.235
262	100.676
263	101.294
264	101.029
265	100.971
266	100.059
267	100.265
268	101
269	102.618
270	100.529
271	102.765
272	102.647
273	100.912
274	101.206
275	100.735
276	100.647
277	101.941
278	99
279	100.618
280	99.5
281	99.618
282	97.588
283	101.353
284	98.765
285	100.412
286	100.647
287	99.882
288	98
289	99.176
290	99.618
291	100.206
292	99.471
293	95.912
294	99.059
295	97.382
296	99.235
297	97.412
298	98.382
299	99.118
300	98.912
301	99.088
302	96.853
303	98.735
304	96.971
305	98.882
306	99.206
307	97.294
308	97.882
309	98.294
310	97.941
311	98.294
312	98.765
313	98.059
314	95.971
315	99.529
316	98.147
317	99.412
318	97.412
319	98.941
320	96.794
321	96.765
322	95.735
323	94.529
324	96.882
325	98.471
326	97.353
327	98.588
328	96.265
329	97.882
330	97.471
331	98.118
332	96.882
333	96.353
334	99.382
335	97.735
336	96.735
337	98.647
338	97.206
339	98.471
340	98.235
341	99.147
342	97.147
343	96.765
344	96.412
345	97.882
346	97.853
347	96
348	98.265
349	96.735
350	101.853
351	106
352	109.088
353	110.412
354	114.235
355	114.588
356	115.5
357	116.265
358	111.853
359	113.559
360	113.382
361	114.412
362	112.735
363	113.676
364	112.912
365	112.235
366	108.794
367	110.588
368	108.588
369	108.794
370	110.529
371	109.971
372	110.5
373	106.647
374	107.324
375	107.588
376	106.676
377	105.5
378	105.324
379	104.765
380	104.029
381	103.971
382	103.794
383	102.853
384	104.5
385	102.588
386	103.324
387	101.735
388	101.353
389	101.441
390	101.824
391	101.588
392	102.382
393	101.059
394	101.412
395	102.588
396	100.265
397	100.706
398	100.559
399	99.324
400	99.794
401	100.294
402	97.824
403	100.5
404	100.706
405	98.676
406	99.676
407	99.324
408	97.882
409	99.588
410	97.324
411	99.353
412	97.794
413	97.147
414	97.794
415	97.059
416	98.471
417	97.765
418	98.676
419	97.618
420	97.235
421	97.235
422	98.088
423	97.118
424	97.235
425	96
426	96
427	97.265
428	98.824
429	98.794
430	98.971
431	95.882
432	97.471
433	97.559
434	95.324
435	98
436	97.941
437	96.735
438	97.412
439	95.647
440	97.118
441	95.353
442	97.059
443	97.853
444	97.147
445	96.529
446	97.824
447	96.029
448	97.029
449	97.059
450	94.441
451	99.471
452	96
453	96.441
454	96.529
455	98.324
456	94
457	96.059
458	97.324
459	96.235
460	93.824
461	95.882
462	97.559
463	94.912
464	96.618
465	95.235
466	94.324
467	96.882
468	95.912
469	95.441
470	94.706
471	96.882
472	96.176
473	97.088
474	96.088
475	97.029
476	95.676
477	95.676
478	96.206
479	94.912
480	97.324
481	95.088
482	96.088
483	96.353
484	97.176
485	95.382
486	96.824
487	93.676
488	95.147
489	94.765
490	94.559
491	96.412
492	93.529
493	95.5
494	95.324
495	93.176
496	96.559
497	96.912
498	95.206
499	95.706
500	95.912
501	92.676
502	96.029
503	94.882
504	94.559
505	94.853
506	95.235
507	94.147
508	95.382
509	95.765
510	94.353
511	95.647
512	95.412
513	96.794
514	96.382
515	95.588
516	95.618
517	94.618
518	95.441
519	95.412
520	95.353
521	95.971
522	93.735
523	95.118
524	95.5
525	94.941
526	95.059
527	96.294
528	95.088
529	97.412
530	94.588
531	95.618
532	97.324
533	94.412
534	95.853
535	97.118
536	96.294
537	95.441
538	94.912
539	94.765
540	96.559
541	96.853
542	96.294
543	94.088
544	93.235
545	94.471
546	95.176
547	95.647
548	94.5
549	93.647
550	95.147
551	95.706
552	95.471
553	93.941
554	93.676
555	94.941
556	94.206
557	95.294
558	96.412
559	94.029
560	96.441
561	93.941
562	93.147
563	95.324
564	92.971
565	93.676
566	95.029
567	95.824
568	93.265
569	94.088
570	95.676
571	94.235
572	93.882
573	95.765
574	94.706
575	93.676
576	96.971
577	94
578	94.471
579	94.441
580	94.412
581	95.5
582	100.676
583	104
584	108.235
585	107.676
586	108.265
587	111.118
588	111.971
589	114.265
590	111.353
591	112.559
592	109.088
593	110.382
594	107.706
595	107.118
596	107.559
597	107.735
598	105.824
599	105.294
600	107.147
601	105.471
602	105.353
603	105.765
604	104.441
605	103.5
606	102.176
607	103.912
608	103.265
609	102.235
610	102.765
611	102.176
612	102.176
613	102
614	101.118
615	99.529
616	99.853
617	101.206
618	98.382
619	98.853
620	99.029
621	98.529
622	101.206
623	100
624	98.676
625	98.059
626	98.529
627	97.382
628	98.059
629	97.412
630	96.882
631	98.471
632	97.353
633	97.412
634	96.588
635	97.794
636	96.529
637	97
638	96.912
639	96.5
640	97.882
641	94.353
642	95.441
643	96.412
644	97.294
645	97
646	96.441
647	95.412
648	96.882
649	97.206
650	96.941
651	97.176
652	96.324
653	98.529
654	96.647
655	97.471
656	97.324
657	97.441
658	96.529
659	97.324
660	95.294
661	95.882
662	94.882
663	96.235
664	95.412
665	93.882
666	94.088
667	95.5
668	93.882
669	95.265
670	96.324
671	93.794
672	95.206
673	94.912
674	96.765
675	96.735
676	93.559
677	96
678	96.265
679	100.206
680	102.647
681	105.735
682	108.147
683	110.088
684	108.5
685	111.206
686	109.471
687	110.471
688	111.147
689	110.029
690	110.294
691	108.294
692	107.059
693	105.588
694	106.676
695	106.029
696	104.529
697	104.118
698	102.676
699	104
700	102.676
701	104.324
702	102.118
703	103.941
704	101.529
705	102.441
706	102.882
707	101.529
708	100.794
709	100.5
710	101.647
711	97.559
712	101.176
713	101.559
714	101.735
715	99.559
716	99.971
717	98.324
718	98.912
719	98.147
720	97.353
721	99.029
722	98.824
723	98.971
724	98.706
725	97.618
726	96
727	97.118
728	98.735
729	96.206
730	98.441
731	96.735
732	97.735
733	96.765
734	96.912
735	93.941
736	96.529
737	95.765
738	94.971
739	95.5
740	97.441
741	94.853
742	94.912
743	94.794
744	96.235
745	97.147
746	95.176
747	95.324
748	94.471
749	92.618
750	94.206
751	95.382
752	96.029
753	96.206
754	95.353
755	94.794
756	94.176
757	93.441
758	95.824
759	93.059
760	93.824
761	95.382
762	95.088
763	93.794
764	94.676
765	95.5
766	94.559
767	94
768	94.029
769	94.706
770	94.147
771	93.118
772	93.971
773	92.5
774	94.176
775	92.765
776	93.382
777	94.765
778	92.324
779	94.088
780	94.824
781	94.059
782	95.5
783	92.824
784	93.235
785	95.147
786	92.176
787	93.824
788	94.647
789	93.706
790	94.471
791	94.382
792	94.265
793	93.647
794	93.5
795	91.824
796	91.853
797	94.529
798	94.5
799	93.529
800	94.029
801	93.265
802	94.882
803	94.824
804	93.735
805	93.941
806	95.647
807	94.118
808	93.412
809	94.029
810	93.118
811	93.147
812	94.618
813	93.5
814	92.235
815	93.265
816	92.706
817	93.294
818	92.5
819	94.912
820	92.118
821	93.529
822	93.412
823	90.706
824	91.618
825	93.882
826	90.794
827	92.176
828	92.5
829	93.265
830	92.735
831	93.353
832	94.029
833	92.676
834	94
835	92.912
836	93.882
837	95.559
838	91.147
839	94.382
840	93.265
841	93.735
842	91.529
843	91.882
844	93.794
845	92.912
846	92.941
847	93.206
848	90.324
849	94.5
850	93.588
851	94.059
852	93.147
853	93.265
854	93.294
855	93.353
856	94.294
857	94.706
858	93.118
859	92.529
860	92.765
861	92.706
862	90.971
863	92.5
864	93.382
865	93.059
866	92.647
867	93.029
868	93.206
869	92.529
870	93.5
871	94.412
872	91.912
873	92.5
874	92.441
875	90.118
876	92.5
877	91.912
878	93.676
879	92.529
880	93.5
881	92.853
882	94.118
883	92.971
884	92.647
885	91.971
886	94.941
887	92.294
888	91.353
889	92.706
890	92.941
891	92.971
892	91.647
893	97.912
894	100.176
895	104.971
896	106.529
897	106.676
898	108.647
899	108.971
900	110.735
901	110.265
902	107.853
903	111.235
904	106.265
905	105.853
906	106.824
907	106.588
908	106.676
909	105.794
910	103.765
911	102.382
912	109.206
913	108.088
914	106.941
915	110.853
916	111.059
917	111.176
918	110.971
919	110.529
920	109.147
921	110.088
922	108.412
923	106.176
924	106.294
925	104.647
926	104.853
927	105.676
928	104.441
929	103.471
930	103.5
931	101.324
932	102.647
933	103.353
934	100.529
935	101.118
936	100.882
937	101
938	99.735
939	100.794
940	100.206
941	100.529
942	99.059
943	100.059
944	99.824
945	97.706
946	98.147
947	97.853
948	97.971
949	98.618
950	97.647
951	96.647
952	97.176
953	96.235
954	97.324
955	96.971
956	96.794
957	94.382
958	96.353
959	94.824
960	95.5
961	98.765
962	96.853
963	97.676
964	94.853
965	93.765
966	96.941
967	94.088
968	95.029
969	95.118
970	94
971	96.676
972	101.765
973	103.324
974	108.265
975	108.735
976	108.324
977	107.441
978	108.706
979	107.765
980	108.382
981	107.676
982	106.824
983	105.294
984	105.147
985	105.853
986	104.059
987	102.824
988	104.235
989	102.882
990	101.853
991	103.235
992	100.794
993	101.441
994	99.912
995	100.324
996	102.029
997	98.735
998	101.147
999	97.471
1000	97.588
1001	98.882
1002	98.912
1003	96.765
1004	99.059
1005	96.559
1006	98.412
1007	98.176
1008	96.147
1009	94.941
1010	96.412
1011	96.353
1012	97.382
1013	97.441
1014	95.618
1015	99.147
1016	94.971
1017	95.147
1018	96.118
1019	95.912
1020	96.118
1021	95.265
1022	95.265
1023	94.824
1024	93.588
1025	96
1026	96.794
1027	94.294
1028	93.618
1029	94.235
1030	93.912
1031	92.882
1032	95.412
1033	95.647
1034	93.588
1035	94.794
1036	95.206
1037	94.176
1038	94.529
1039	91.794
1040	94
1041	91.735
1042	92.971
1043	94.794
1044	92.735
1045	94.471
1046	93.471
1047	95.382
1048	93.912
1049	92.765
1050	95.029
1051	94.206
1052	93.971
1053	93.794
1054	93.059
1055	94.265
1056	94.353
1057	94.765
1058	93.5
1059	93.971
1060	94.647
1061	92
1062	93.324
1063	92.412
1064	93.529
1065	91.118
1066	91.765
1067	94.735
1068	91.853
1069	91.147
1070	95.824
1071	92.618
1072	91.676
1073	91.588
1074	94.147
1075	93.618
1076	93.353
1077	92.941
1078	92.235
1079	94.647
1080	94.265
1081	92.676
1082	92.618
1083	92.794
1084	91.794
1085	91.618
1086	92.088
1087	92.147
1088	91.265
1089	92.294
1090	92.147
1091	92
1092	93.941
1093	93.059
1094	90.794
1095	90
1096	90.324
1097	91.529
1098	90.941
1099	92.5
1100	90.471
1101	90.765
1102	89.647
1103	92.029
1104	93.118
1105	92.824
1106	93.176
1107	92.676
1108	91.912
1109	92.412
1110	91.324
1111	92.471
1112	92.088
1113	90.529
1114	91.647
1115	91.735
1116	90.676
1117	92.029
1118	91.471
1119	92.235
1120	90.471
1121	92.059
1122	91.882
1123	90.912
1124	91.118
1125	91.059
1126	91.618
1127	92.176
1128	90.853
1129	90.529
1130	91.294
1131	90.706
1132	91.118
1133	92.441
1134	90.088
1135	91.118
1136	92.735
1137	92.794
1138	91.529
1139	89.941
1140	92.059
1141	92.735
1142	91.676
1143	92
1144	92
1145	91.971
1146	91.029
1147	91.912
1148	91.206
1149	92.706
1150	93.176
1151	90.118
1152	92.559
1153	90.382
1154	91.735
1155	92.853
1156	91.118
1157	89.971
1158	89.471
1159	93.559
1160	90.059
1161	90.441
1162	92.5
1163	90.471
1164	90.676
1165	92.529
1166	90.5
1167	92.647
1168	92.912
1169	91.559
1170	90.853
1171	90.853
1172	90.882
1173	89.735
1174	90.824
1175	92.176
1176	92.382
1177	92.324
1178	91.647
1179	92.735
1180	92.529
1181	89
1182	92.324
1183	91.176
1184	92.618
1185	91.912
1186	91.5
1187	93.029
1188	90.824
1189	91.118
1190	91.235
1191	90.088
1192	90.647
1193	90.294
1194	89.412
1195	91
1196	90.765
1197	91.529
1198	92.029
1199	92.206
1200	90.618
1201	91.206
1202	91.529
1203	90.706
1204	91.324
1205	92.588
1206	91.529
1207	90.235
1208	91.353
1209	91.706
1210	91.882
1211	90.794
1212	90.794
1213	91.824
1214	90.882
1215	91.588
1216	93.029
1217	92.029
1218	91.324
1219	91.353
1220	92.5
1221	90.794
1222	96.471
1223	98.588
1224	102.588
1225	102.559
1226	104.412
1227	105.912
1228	105.559
1229	105.5
1230	104.441
1231	107.441
1232	108.529
1233	104.971
1234	103.941
1235	103.441
1236	104.029
1237	102.441
1238	101.824
1239	103.412
1240	99.706
1241	100.088
1242	100.118
1243	99.912
1244	100
1245	101.529
1246	100.265
1247	98.647
1248	98.294
1249	96.559
1250	97.794
1251	98.471
1252	97.088
1253	96.471
1254	96.853
1255	98.618
1256	97.824
1257	95.765
1258	97.735
1259	96.382
1260	96.471
1261	95.147
1262	94.5
1263	97.206
1264	95.176
1265	94.706
1266	94.824
1267	93.735
1268	93.941
1269	93.941
1270	94.853
1271	93.559
1272	94.088
1273	94.118
1274	92.676
1275	94.088
1276	92.382
1277	93.735
1278	91.912
1279	93.029
1280	92.059
1281	92.676
1282	93.529
1283	92.441
1284	92.912
1285	92.471
1286	92.706
1287	91.176
1288	92.5
1289	93.059
1290	92.647
1291	92.412
1292	93.147
1293	91.941
1294	93.176
1295	93.765
1296	93.853
1297	91.294
1298	93.029
1299	93.382
1300	92.794
1301	93.147
1302	95.088
1303	91.059
1304	91.794
1305	93.265
1306	91.971
1307	91.971
1308	90.676
1309	91.235
1310	91.5
1311	89.735
1312	90.853
1313	89.676
1314	90.206
1315	91.676
1316	91
1317	90.882
1318	91.176
1319	92.441
1320	93.882
1321	90.118
1322	90.059
1323	91.353
1324	90.206
1325	91.412
1326	92.618
1327	90.706
1328	91.706
1329	91.235
1330	91.088
1331	91.559
1332	92.206
1333	91.824
1334	91.441
1335	91.147
1336	91.971
1337	92.735
1338	92.529
1339	90.559
1340	90.088
1341	92.029
1342	91.353
1343	90.265
1344	90.647
1345	90.647
1346	91
1347	87.971
1348	90.853
1349	89.206
1350	90.794
1351	91.118
1352	90.765
1353	91.971
1354	89.676
1355	92.118
1356	91.971
1357	89.235
1358	90.5
1359	91.206
1360	91.147
1361	92.559
1362	90.206
1363	90
1364	90.206
1365	91.5
1366	91.529
1367	90.412
1368	89.353
1369	91.147
1370	89.706
1371	91.5
1372	91.235
1373	90.5
1374	91.706
1375	91.147
1376	88.588
1377	90.765
1378	91.118
1379	89.706
1380	90.853
1381	91.088
1382	88.471
1383	89.324
1384	89.5
1385	91.794
1386	89.588
1387	91.588
1388	91.088
1389	93.059
1390	90.5
1391	92.324
1392	91.794
1393	90.353
1394	91.706
1395	91.324
1396	90.647
1397	91.353
1398	92.294
1399	90.471
1400	92.412
1401	91.5
1402	91.294
1403	92.676
1404	94.059
1405	99
1406	100.118
1407	103.147
1408	105.324
1409	105.824
1410	106.029
1411	104.824
1412	105.647
1413	106.941
1414	104.853
1415	105.5
1416	103.765
1417	103.824
1418	103.471
1419	100.647
1420	101.059
1421	99.441
1422	99.529
1423	98.529
1424	97.294
1425	97.735
1426	99.382
1427	97.941
1428	96.559
1429	96.941
1430	96.235
1431	96.265
1432	94.618
1433	95.5
1434	95.412
1435	97.735
1436	95.206
1437	94.794
1438	96.235
1439	93.971
1440	95.382
1441	92.676
1442	93.794
1443	92.882
1444	94.471
1445	93.618
1446	93.824
1447	92.971
1448	92.765
1449	97.265
1450	91.676
1451	93.706
1452	92.882
1453	92.735
1454	94.118
1455	92.853
1456	90.118
1457	91.176
1458	90.971
1459	91.471
1460	92.471
1461	90.853
1462	90.147
1463	93.235
1464	89.794
1465	90.029
1466	92.029
1467	94.824
1468	99.441
1469	99.471
1470	102.059
1471	103.265
1472	103.853
1473	104.265
1474	103.471
1475	103.265
1476	107.059
1477	104.294
1478	107.324
1479	106.353
1480	104.676
1481	104.471
1482	104.971
1483	103.382
1484	100.5
1485	101.794
1486	99.559
1487	98.941
1488	98.853
1489	99.5
1490	97.588
1491	99.088
1492	99.588
1493	99.118
1494	98.235
1495	97.029
1496	95.265
1497	98.529
1498	94.853
1499	95.559
1500	98.706
1501	96.412
1502	95.706
1503	95.706
1504	95.882
1505	93.5
1506	94.559
1507	96.441
1508	94.618
1509	94.824
1510	93.794
1511	95.5
1512	94.206
1513	93.882
1514	92.882
1515	95.294
1516	95.059
1517	92.824
1518	92.824
1519	93.382
1520	93.882
1521	93.294
1522	93.559
1523	92.882
1524	93.647
1525	92.882
1526	91.265
1527	91.647
1528	93.765
1529	93.382
1530	91.147
1531	91.5
1532	91.647
1533	93.206
1534	91.294
1535	92
1536	93.294
1537	94.118
1538	89.853
1539	89.912
1540	91.265
1541	90
1542	90.765
1543	90.118
1544	91.618
1545	91.471
1546	92.088
1547	91.706
1548	90.382
1549	90.324
1550	88.794
1551	91.029
1552	91.5
1553	89.588
1554	89.353
1555	89.765
1556	92.088
1557	89.706
1558	93.5
1559	89.824
1560	91.176
1561	92.765
1562	91.824
1563	87.676
1564	91.647
1565	90.059
1566	90.853
1567	93.971
1568	97.412
1569	98.912
1570	99.412
1571	103.353
1572	105.029
1573	102.441
1574	101.059
1575	102.912
1576	101.971
1577	98.265
1578	99.147
1579	100.588
1580	99.559
1581	99.324
1582	97.971
1583	97.294
1584	98.912
1585	97.235
1586	96.794
1587	96.059
1588	95.912
1589	96.824
1590	93.353
1591	94.118
1592	93.971
1593	93.882
1594	94.441
1595	93.029
1596	97.176
1597	95.294
1598	94.235
1599	94.294
1600	93.029
1601	92.294
1602	93.735
1603	93.912
1604	92.235
1605	92.471
1606	91.618
1607	94.294
1608	92.088
1609	91.441
1610	92.088
1611	92.029
1612	92.412
1613	92.324
1614	89.735
1615	93
1616	90.382
1617	89.853
1618	90.088
1619	90.588
1620	89.882
1621	90.971
1622	91.882
1623	89.588
1624	91.353
1625	90.882
1626	90.676
1627	90.471
1628	90.324
1629	92.324
1630	89.735
1631	91.324
1632	91
1633	90.676
1634	90.088
1635	93.765
1636	96.588
1637	96.265
1638	99.765
1639	100.618
1640	100.735
1641	102.735
1642	104.147
1643	101.912
1644	103.235
1645	101.147
1646	99.735
1647	100.353
1648	100.029
1649	98.765
1650	99.647
1651	97.971
1652	95.588
1653	96.618
1654	96.765
1655	96.147
1656	98.382
1657	95.5
1658	96.618
1659	94.265
1660	96.382
1661	95.029
1662	92.794
1663	94.824
1664	95.294
1665	92.941
1666	92.941
1667	94.529
1668	93.294
1669	95.088
1670	91.147
1671	93.588
1672	93.353
1673	93.353
1674	91.853
1675	92.706
1676	94.441
1677	91.059
1678	90.235
1679	92.059
1680	92.971
1681	92.765
1682	89.853
1683	90.088
1684	92.5
1685	93.059
1686	92.353
1687	92.618
1688	91.029
1689	92
1690	92.324
1691	91.088
1692	90.676
1693	90.294
1694	91.029
1695	87.206
1696	88.824
1697	90.618
1698	91.471
1699	89
1700	91.382
1701	92.294
1702	88.882
1703	87.706
1704	89.235
1705	91.176
1706	89.735
1707	90.118
1708	90.265
1709	90.912
1710	88.088
1711	89.412
1712	89.647
1713	89.059
1714	91.471
1715	89.529
1716	89.735
1717	90.029
1718	89.147
1719	89.324
1720	88.412
1721	88.765
1722	89.647
1723	88.559
1724	88.324
1725	87.588
1726	92.382
1727	96.412
1728	98.618
1729	99.912
1730	99.471
1731	101.824
1732	102.529
1733	103.118
1734	102.471
1735	102.559
1736	101.529
1737	102.412
1738	100.971
1739	99.059
1740	100.882
1741	98.382
1742	98.647
1743	100.471
1744	97.824
1745	96.265
1746	97.941
1747	99.588
1748	98.029
1749	96.765
1750	96.118
1751	96.618
1752	97.588
1753	95.176
1754	95
1755	94.471
1756	95.971
1757	93.853
1758	93.353
1759	93.824
1760	94
1761	93.618
1762	91.088
1763	92.529
1764	94.324
1765	93.912
1766	92.265
1767	93
1768	93.647
1769	91.324
1770	91.382
1771	94.235
1772	92.559
1773	93.794
1774	92.676
1775	91.441
1776	90.294
1777	91.794
1778	89.853
1779	92.176
1780	92.206
1781	89.412
1782	89.176
1783	90.176
1784	91.588
1785	91.382
1786	91.706
1787	92.059
1788	90.941
1789	88.353
1790	88.735
1791	91.882
1792	89.176
1793	88.353
1794	90.441
1795	87.882
1796	90.265
1797	89.471
1798	89.294
1799	88.824
1800	90.471
1801	88.853
1802	88.647
1803	89.882
1804	89.765
1805	90.588
1806	88.206
1807	88.059
1808	88.765
1809	89.765
1810	88
1811	89.324
1812	91.441
1813	90.5
1814	88.118
1815	89.853
1816	90.941
1817	88.618
1818	89.676
1819	89.588
1820	90.265
1821	88.206
1822	89.559
1823	90
1824	87.588
1825	89.941
1826	88.176
1827	88.882
1828	89.471
1829	89.412
1830	89.235
1831	89.735
1832	88.059
1833	90.5
1834	89.412
1835	90.147
1836	89.941
1837	89.176
1838	90.059
1839	89.353
1840	88.382
1841	89.912
1842	87
1843	90.941
1844	89.324
1845	89.735
1846	89.059
1847	90.294
1848	89.647
1849	89.441
1850	88.471
1851	89.353
1852	88.206
1853	88.324
1854	88.029
1855	89.706
1856	89.676
1857	88.059
1858	89.412
1859	89.559
1860	89.265
1861	89.441
1862	90.559
1863	88.853
1864	87.735
1865	89.294
1866	88.971
1867	90.118
1868	87.647
1869	88.5
1870	88.971
1871	87.265
1872	89.647
1873	88.441
1874	89.971
1875	86.118
1876	88.324
1877	88.294
1878	88.559
1879	88.471
1880	89.118
1881	88.029
1882	90.088
1883	87.029
1884	90
1885	90.824
1886	96.853
1887	98.088
1888	97.912
1889	99.206
1890	98.206
1891	99.382
1892	99.059
1893	101.382
1894	101.324
1895	99.765
1896	98.471
1897	98.676
1898	99.147
1899	97.206
1900	98.206
1901	96.618
1902	96.647
1903	96.647
1904	96.118
1905	95.441
1906	96.412
1907	95.412
1908	94.676
1909	92.706
1910	93.647
1911	93.412
1912	93.412
1913	92.147
1914	93.382
1915	92.618
1916	91.206
1917	92.206
1918	92.353
1919	90.441
1920	92.176
1921	93.412
1922	91.676
1923	90.971
1924	91.235
1925	88.735
1926	92.618
1927	90.088
1928	90.294
1929	91.412
1930	90.471
1931	89.912
1932	91.412
1933	90.706
1934	89.912
1935	90.706
1936	89.059
1937	91.353
1938	89.559
1939	87.735
1940	91.147
1941	89.971
1942	88.971
1943	89.5
1944	89.471
1945	89.735
1946	89.382
1947	90.324
1948	90.971
1949	87.324
1950	89.265
1951	89.971
1952	90.912
1953	88.235
1954	90.294
1955	89.324
1956	89.235
1957	89.647
1958	87.853
1959	87.235
1960	88.882
1961	87.765
1962	90.971
1963	87.853
1964	88.294
1965	88.794
1966	88.265
1967	87.529
1968	86.647
1969	88
1970	88.529
1971	89.735
1972	90
1973	87.529
1974	89.5
1975	89.088
1976	88.324
1977	88.647
1978	86.676
1979	86.912
1980	88.824
1981	89.5
1982	87.5
1983	88.5
1984	88.971
1985	88.5
1986	91.206
1987	89.529
1988	89.676
1989	88.147
1990	87.824
1991	90.176
1992	88.147
1993	87.971
1994	86.824
1995	87.088
1996	87.882
1997	87.971
1998	89.824
1999	90.029
2000	88.941
2001	87.706
2002	89.059
2003	88.059
2004	88.971
2005	88.324
2006	88.971
2007	87.471
2008	89.206
2009	86.559
2010	88.353
2011	87.294
2012	88.882
2013	90.794
2014	87.853
2015	88.059
2016	87.765
2017	88.735
2018	89.912
2019	88.206
2020	89.441
2021	88.206
2022	87.706
2023	88.529
2024	89.059
2025	88.382
2026	89.088
2027	87.294
2028	88.5
2029	89.794
2030	89.559
2031	88.941
2032	87.471
2033	86.853
2034	88.353
2035	87.059
2036	87.235
2037	88.941
2038	87.971
2039	88.765
2040	89.235
2041	89.176
2042	91.088
2043	90.5
2044	93.382
2045	95.941
2046	95.794
2047	97.324
2048	98.529
2049	97.353
2050	99.294
2051	98.529
2052	98.824
2053	98.941
2054	101.088
2055	100.118
2056	98.529
2057	100.706
2058	98.059
2059	96.147
2060	96.441
2061	96.059
2062	95.059
2063	96.176
2064	93.588
2065	94.765
2066	93.529
2067	93.176
2068	93.794
2069	94.324
2070	92.294
2071	93.735
2072	93.588
2073	93.529
2074	92.353
2075	93.824
2076	92.647
2077	93.588
2078	92.735
2079	91.382
2080	93.706
2081	93.618
2082	91.529
2083	91.235
2084	90.853
2085	92.471
2086	92.765
2087	92
2088	92.176
2089	92.265
2090	88.029
2091	92.529
2092	90.882
2093	89.588
2094	89.676
2095	91.059
2096	90.235
2097	91.294
2098	90.5
2099	89.971
2100	89.588
2101	89.265
2102	89.706
2103	91.441
2104	89.853
2105	89.471
2106	88.235
2107	90.471
2108	88
2109	89.265
2110	88
2111	88.559
2112	87.382
2113	87.206
2114	89.441
2115	89.118
2116	90.029
2117	87.706
2118	88.265
2119	90.618
2120	88.912
2121	88.235
2122	87.412
2123	88.824
2124	86.882
2125	88.588
2126	87.765
2127	88.824
2128	88.588
2129	87.912
2130	88.941
2131	87.235
2132	86.824
2133	86.735
2134	88.324
2135	87.765
2136	87.206
2137	86.441
2138	89.088
2139	88.029
2140	88.118
2141	88
2142	89.353
2143	89.324
2144	89.029
2145	89
2146	88.471
2147	87.676
2148	87.971
2149	88.147
2150	88.676
2151	88.824
2152	87.853
2153	87.706
2154	86.912
2155	89.618
2156	88.676
2157	86.294
2158	87
2159	88.118
2160	88.559
2161	85.676
2162	87.176
2163	85.971
2164	86.706
2165	88.853
2166	88.235
2167	88.235
2168	89.353
2169	88.324
2170	89.324
2171	88.5
2172	88.676
2173	86.441
2174	88.676
2175	87.676
2176	87.971
2177	90.235
2178	90.029
2179	90.206
2180	88.618
2181	86.706
2182	88.971
2183	87.382
2184	87.206
2185	88.471
2186	90.294
2187	88.824
2188	87.794
2189	88.735
2190	86.353
2191	87.794
2192	89.176
2193	88.559
2194	86.059
2195	88.206
2196	86.235
2197	86.294
2198	88.765
2199	88.676
2200	89.324
2201	87.765
2202	89.618
2203	93
2204	94.382
2205	96.735
2206	98.882
2207	98.088
2208	99.088
2209	98.559
2210	100.853
2211	97.941
2212	100.059
2213	100.676
2214	100.529
2215	97.882
2216	96.176
2217	97.794
2218	96.324
2219	97.765
2220	97.059
2221	95.265
2222	96.471
2223	95.147
2224	94.441
2225	92.235
2226	92.941
2227	94.088
2228	93.853
2229	93.206
2230	91.941
2231	92.235
2232	93.971
2233	93.794
2234	92
2235	92.647
2236	92.118
2237	90.941
2238	92.912
2239	91.029
2240	90.647
2241	90.971
2242	90.441
2243	91.824
2244	90.324
2245	90.324
2246	91.294
2247	90.735
2248	89.088
2249	90.853
2250	89.5
2251	89.765
2252	89.412
2253	89.529
2254	89.559
2255	89.971
2256	89.265
2257	89.676
2258	87.824
2259	88.059
2260	89.206
2261	86.794
2262	88.676
2263	90.029
2264	90.853
2265	88
2266	89.971
2267	88.529
2268	89.353
2269	88.235
2270	87.147
2271	88
2272	87.029
2273	87.559
2274	89.147
2275	87.676
2276	87.147
2277	88.5
2278	86.118
2279	88.324
2280	88.206
2281	89.059
2282	87.559
2283	89.324
2284	87.588
2285	89.353
2286	89.647
2287	89.176
2288	86.588
2289	86.529
2290	87.294
2291	86.882
2292	86.794
2293	87.294
2294	88.176
2295	88.529
2296	87.794
2297	88.794
2298	88.441
2299	87.324
2300	88.324
2301	88.529
2302	87.118
2303	87.941
2304	87.265
2305	85.765
2306	86.824
2307	88.088
2308	90
2309	87.559
2310	88.676
2311	86.529
2312	86.706
2313	86.941
2314	87.706
2315	86.294
2316	86.059
2317	86.088
2318	87.147
2319	86.735
2320	85.765
2321	87.265
2322	88.059
2323	89.529
2324	88.176
2325	88.5
2326	89.265
2327	88.588
2328	86.912
2329	88.118
2330	87.235
2331	86.588
2332	87.735
2333	87.176
2334	88.353
2335	88.353
2336	88.265
2337	85.412
2338	88.676
2339	85.176
2340	87.971
2341	86.353
2342	86.824
2343	89.176
2344	86.147
2345	87.176
2346	86.618
2347	86.294
2348	85.676
2349	86.706
2350	87.118
2351	87.794
2352	88.294
2353	86.382
2354	87.529
2355	88.382
2356	87.353
2357	87.971
2358	86.206
2359	86.765
2360	84.147
2361	88
2362	93.118
2363	93.941
2364	97.441
2365	95
2366	96.353
2367	98.176
2368	99.471
2369	97.353
2370	97.676
2371	97.676
2372	97.059
2373	96.471
2374	95.794
2375	98.765
2376	99.676
2377	97.147
2378	97.529
2379	97.147
2380	96.294
2381	94.647
2382	96.853
2383	96.471
2384	96
2385	94.441
2386	94.412
2387	95.118
2388	92.794
2389	94.588
2390	94.294
2391	94.235
2392	93.912
2393	94.029
2394	93.088
2395	93.176
2396	92.853
2397	92.794
2398	90.735
2399	91.176
2400	90.794
2401	91.588
2402	92.735
2403	93
2404	90.941
2405	91.265
2406	90.941
2407	91.118
2408	88
2409	89.588
2410	90.147
2411	89.735
2412	90.559
2413	89.176
2414	89.382
2415	90.794
2416	89.441
2417	88.647
2418	89.735
2419	89.324
2420	86.029
2421	88.824
2422	86.706
2423	86.912
2424	89.882
2425	88.471
2426	88.088
2427	89.912
2428	87.353
2429	86.588
2430	86.765
2431	88.706
2432	90.206
2433	87.882
2434	85.559
2435	88.529
2436	89.059
2437	88.824
2438	87.853
2439	89.971
2440	88.529
2441	87.618
2442	85.941
2443	87.794
2444	87.853
2445	86.912
2446	85.412
2447	86.088
2448	85.029
2449	87.794
2450	87.471
2451	86.618
2452	86.059
2453	86.735
2454	86.529
2455	87.176
2456	89.118
2457	86.529
2458	87.824
2459	87.235
2460	87.882
2461	87
2462	85.912
2463	86.941
2464	87.824
2465	86.618
2466	86.5
2467	86.294
2468	86.059
2469	85.294
2470	86.971
2471	85.441
2472	86.853
2473	88.559
2474	86.412
2475	85.206
2476	87.706
2477	84.618
2478	84.618
2479	85.529
2480	88.176
2481	85.294
2482	86.088
2483	87.765
2484	87.853
2485	86.882
2486	87.471
2487	86.029
2488	88.206
2489	86.294
2490	84.765
2491	87.824
2492	85.618
2493	86.382
2494	87.265
2495	87.529
2496	86.676
2497	85.824
2498	84.294
2499	87
2500	87.559
2501	87.353
2502	84.853
2503	85.912
2504	85.441
2505	84.794
2506	87.029
2507	87.235
2508	87.471
2509	86.735
2510	86.294
2511	87.706
2512	85.765
2513	86.324
2514	86.676
2515	87.294
2516	86.059
2517	86.794
2518	85.559
2519	86.147
2520	89.588
2521	92.471
2522	92.735
2523	95.647
2524	94
2525	98.118
2526	96.441
2527	96.882
2528	97.235
2529	95.559
2530	95.265
2531	95.412
2532	95.559
2533	93.559
2534	93.882
2535	93.559
2536	91.382
2537	93.324
2538	92
2539	91.647
2540	91.353
2541	92.382
2542	91.5
2543	90.912
2544	91.647
2545	91.559
2546	90.5
2547	90.412
2548	90.882
2549	89.618
2550	88.412
2551	90.441
2552	89.588
2553	88.735
2554	88.618
2555	90.118
2556	90.265
2557	87
2558	90.029
2559	87.941
2560	87.559
2561	88.647
2562	90
2563	87.147
2564	88.824
2565	88.118
2566	87.559
2567	88.882
2568	88.882
2569	87.265
2570	86.471
2571	87.941
2572	88.029
2573	87.088
2574	87.471
2575	86.324
2576	86.559
2577	87.235
2578	86.382
2579	86.941
2580	88.118
2581	87.324
2582	88.971
2583	85.824
2584	87.265
2585	87.324
2586	86.618
2587	86.147
2588	87.176
2589	87.412
2590	85.294
2591	87.324
2592	87.118
2593	86.765
2594	85.088
2595	86.529
2596	85.265
2597	86.029
2598	85.324
2599	87.382
2600	85.618
2601	87.059
2602	85.176
2603	84.5
2604	86.824
2605	85.471
2606	87.647
2607	85.176
2608	87.294
2609	85.676
2610	86.765
2611	86.265
2612	86.882
2613	86.206
2614	84.618
2615	85.647
2616	85.529
2617	85.824
2618	85
2619	84.794
2620	85.971
2621	86.147
2622	85.676
2623	84.559
2624	86.471
2625	87.853
2626	85.118
2627	85.382
2628	87.235
2629	85.471
2630	84.912
2631	86.206
2632	83.412
2633	85.382
2634	86.147
2635	85.118
2636	84.676
2637	86.088
2638	85.059
2639	86.706
2640	84.735
2641	84.588
2642	84.5
2643	84.235
2644	85.147
2645	85.676
2646	84.735
2647	85.294
2648	85.824
2649	86.647
2650	85.559
2651	90.441
2652	91.441
2653	95.118
2654	95.265
2655	97.676
2656	95.029
2657	97.265
2658	97.147
2659	96.618
2660	97
2661	98.647
2662	95.294
2663	94.294
2664	94.441
2665	95.118
2666	94.647
2667	93.118
2668	94.206
2669	91.529
2670	92.559
2671	91.912
2672	91.971
2673	89.971
2674	89.647
2675	90.265
2676	90.324
2677	88.559
2678	89.706
2679	95.176
2680	91.912
2681	93.853
2682	97.382
2683	96.265
2684	94.971
2685	94.588
2686	98.941
2687	96.735
2688	93.765
2689	95.412
2690	93.059
2691	95.441
2692	92.824
2693	92.853
2694	90.118
2695	92.059
2696	91.824
2697	91.088
2698	92.324
2699	91.618
2700	91.706
2701	90.382
2702	91.441
2703	91.441
2704	91.882
2705	90.5
2706	90.118
2707	90.5
2708	89.5
2709	91.059
2710	90.706
2711	88.176
2712	89.882
2713	87.912
2714	89.294
2715	89.088
2716	90.618
2717	88.794
2718	89.794
2719	88.912
2720	88.735
2721	88.765
2722	87.971
2723	86.912
2724	87.529
2725	87.618
2726	84.882
2727	87.118
2728	85.647
2729	87.794
2730	87.412
2731	86.206
2732	84.882
2733	84.706
2734	86.353
2735	87
2736	86.147
2737	85.706
2738	87.147
2739	85.029
2740	86.235
2741	86.559
2742	85.441
2743	87.206
2744	87.412
2745	85.471
2746	85.941
2747	88.559
2748	86.353
2749	84.971
2750	86.588
2751	87.118
2752	87.618
2753	87.294
2754	86.324
2755	86.265
2756	88.294
2757	84.853
2758	85.941
2759	87.324
2760	86.765
2761	86.559
2762	85.176
2763	84.588
2764	85.471
2765	85.324
2766	86.382
2767	86.618
2768	83.794
2769	84.676
2770	86.294
2771	84.265
2772	84.324
2773	85.118
2774	84.206
2775	86.029
2776	85.824
2777	85.794
2778	85.5
2779	86.088
2780	86.941
2781	84.735
2782	85.5
2783	86.471
2784	86.265
2785	84.676
2786	85.794
2787	86.5
2788	86.471
2789	85.765
2790	84.912
2791	86.324
2792	86.735
2793	85.324
2794	84.912
2795	84.471
2796	84.324
2797	84.618
2798	84.824
2799	86
2800	85.441
2801	85.206
2802	86.029
2803	86.647
2804	87.088
2805	89.412
2806	89.824
2807	91.853
2808	92.971
2809	93.353
2810	94.971
2811	94.882
2812	93.559
2813	96
2814	94.676
2815	92.235
2816	93.853
2817	91.853
2818	92.441
2819	90.676
2820	91.324
2821	91.588
2822	91.735
2823	90.382
2824	91.353
2825	90.824
2826	89.588
2827	89.853
2828	91.382
2829	89.353
2830	90.088
2831	90.559
2832	88.971
2833	89.882
2834	90.647
2835	88.5
2836	87.794
2837	88.529
2838	90.882
2839	92.088
2840	94.5
2841	93.735
2842	95.294
2843	96.618
2844	95.647
2845	96.294
2846	94.647
2847	94.029
2848	92.353
2849	90.765
2850	92.824
2851	92.735
2852	93.294
2853	92.912
2854	90
2855	90
2856	88.176
2857	90.206
2858	88.029
2859	90.235
2860	91.059
2861	91.353
2862	90.235
2863	87.971
2864	89.559
2865	90.029
2866	90.382
2867	89.235
2868	89.559
2869	87.912
2870	88.382
2871	87.382
2872	89.059
2873	87.647
2874	87.029
2875	86.647
2876	87.088
2877	87.824
2878	87.029
2879	86.853
2880	87.235
2881	87.382
2882	86.941
2883	86.706
2884	85.235
2885	87.206
2886	86.382
2887	85.559
2888	85.353
2889	87.912
2890	88.559
2891	86.059
2892	88.706
2893	86.853
2894	84.471
2895	87.294
2896	86.853
2897	85.676
2898	87.647
2899	86.088
2900	85.853
2901	87.735
2902	86.206
2903	83.588
2904	86.265
2905	84.765
2906	85.912
2907	86.235
2908	86.412
2909	86
2910	84
2911	88
2912	84.676
2913	85.206
2914	87.059
2915	86.382
2916	84.765
2917	83.706
2918	86.206
2919	84.941
2920	84.294
2921	86.706
2922	83.706
2923	85
2924	85.176
2925	84.059
2926	83.706
2927	85.088
2928	84.647
2929	83.559
2930	84.912
2931	86.118
2932	86.676
2933	85.794
2934	85.471
2935	85.353
2936	84.882
2937	86.735
2938	84.382
2939	84.971
2940	84.706
2941	84.471
2942	86.147
2943	82.971
2944	83.147
2945	83.824
2946	83.059
2947	83.029
2948	84.794
2949	85.882
2950	84.5
2951	83.971
2952	83.735
2953	85.294
2954	84.735
2955	84.5
2956	83.618
2957	84.088
2958	84.735
2959	83.118
2960	83.735
2961	85.412
2962	83.912
2963	86.647
2964	83.147
2965	82
2966	83.5
2967	86.088
2968	84.206
2969	83.471
2970	83.853
2971	83.824
2972	85.265
2973	83.559
2974	83.294
2975	83.941
2976	83.971
2977	84.5
2978	83.471
2979	85.5
2980	85.265
2981	82.706
2982	83.912
2983	82.912
2984	85.529
2985	81.412
2986	81.824
2987	81.441
2988	83.618
2989	83.441
2990	84.294
2991	84.559
2992	83.765
2993	84.735
2994	81.941
2995	83.412
2996	85.765
2997	89.265
2998	91.676
2999	91.676
3000	92.324
3001	93.147
3002	94.176
3003	93.529
3004	93.794
3005	95.147
3006	93.941
3007	93.353
3008	94.735
3009	93.471
3010	93.206
3011	92.353
3012	92.794
3013	91.706
3014	92.324
3015	90.912
3016	89.059
3017	89.853
3018	88.676
3019	89.676
3020	88.559
3021	90.235
3022	89.529
3023	88.382
3024	89
3025	88.941
3026	88.382
3027	86.324
3028	87.765
3029	88.265
3030	87.676
3031	87.706
3032	88.971
3033	87
3034	87.324
3035	86.559
3036	86.206
3037	87.529
3038	88.147
3039	87.029
3040	86.882
3041	85.941
3042	87.353
3043	85.941
3044	85
3045	84.588
3046	84.471
3047	87.088
3048	87.618
3049	86.235
3050	86.824
3051	84.529
3052	84.676
3053	85.618
3054	87.5
3055	84.471
3056	86.353
3057	86.059
3058	85.382
3059	85.5
3060	85.412
3061	84.176
3062	85.176
3063	84.647
3064	85.353
3065	83.824
3066	82.471
3067	84.706
3068	84.765
3069	84.765
3070	84.235
3071	83.471
3072	84.382
3073	84.824
3074	83.118
3075	83.647
3076	84.853
3077	82.176
3078	83.765
3079	85.206
3080	85.441
3081	84.059
3082	84.882
3083	85.588
3084	83.971
3085	83.971
3086	83.147
3087	84.412
3088	84.882
3089	82.824
3090	84.618
3091	82.441
3092	84.765
3093	84.118
3094	83.588
3095	83.176
3096	84.382
3097	84.735
3098	83.647
3099	82.676
3100	83.647
3101	83.265
3102	84.912
3103	84.529
3104	86.441
3105	86
3106	82.765
3107	83.5
3108	81.941
3109	83.029
3110	85.853
3111	84.765
3112	83.324
3113	83.471
3114	83.5
3115	83.647
3116	82.147
3117	84.235
3118	82.765
3119	83.882
3120	81.735
3121	83.118
3122	84.059
3123	83.412
3124	83.5
3125	82.529
3126	83.176
3127	83.529
3128	82.588
3129	83.912
3130	82.294
3131	84.118
3132	84.029
3133	85.176
3134	82.235
3135	84.676
3136	84
3137	85.794
3138	83.176
3139	84.824
3140	83.529
3141	85.294
3142	83.206
3143	84.882
3144	81.824
3145	84.471
3146	83.735
3147	83.794
3148	85.971
3149	84.235
3150	82.794
3151	81.618
3152	84.118
3153	84.382
3154	82.471
3155	84.382
3156	88.676
3157	91.059
3158	91.941
3159	91.853
3160	93.588
3161	92.471
3162	93.176
3163	95.941
3164	93.588
3165	93.882
3166	92.471
3167	92.441
3168	91.676
3169	91.118
3170	91.912
3171	91.529
3172	91.324
3173	92.824
3174	90.206
3175	88.353
3176	89.265
3177	89.794
3178	88.765
3179	89.118
3180	86.5
3181	88.941
3182	87.882
3183	87.529
3184	87.147
3185	87.441
3186	88.029
3187	87.441
3188	87.412
3189	87.176
3190	85.882
3191	85.912
3192	85.206
3193	86.294
3194	83.735
3195	86.118
3196	84.882
3197	86.676
3198	86.294
3199	83.765
3200	85.559
3201	85.118
3202	84.706
3203	84.794
3204	85.971
3205	85.441
3206	85.059
3207	85.853
3208	84.029
3209	83.412
3210	85.294
3211	87.118
3212	84.529
3213	84.382
3214	84.971
3215	86
3216	86.324
3217	85.618
3218	83.676
3219	83.382
3220	83.559
3221	84.265
3222	83.559
3223	84.441
3224	84.647
3225	85.382
3226	84.147
3227	82.471
3228	82.941
3229	83.382
3230	83
3231	85.324
3232	87.647
3233	83.206
3234	83.559
3235	85.824
3236	83.676
3237	83.765
3238	83.118
3239	81.853
3240	84.353
3241	83.706
3242	82.882
3243	84.824
3244	85.794
3245	82.118
3246	82.294
3247	83.353
3248	82.324
3249	83.588
3250	82.882
3251	84.559
3252	82.735
3253	82.529
3254	83.676
3255	84.441
3256	83.206
3257	83.412
3258	83.235
3259	83.618
3260	83.618
3261	83.618
3262	82.324
3263	84.941
3264	84.559
3265	83.176
3266	84.412
3267	82.618
3268	85.441
3269	83.706
3270	83
3271	83.706
3272	83.206
3273	83.471
3274	82.618
3275	83.853
3276	82.088
3277	83
3278	84.324
3279	82.088
3280	84.353
3281	84.441
3282	84.324
3283	83.588
3284	83.235
3285	83.706
3286	84.265
3287	81.412
3288	83.824
3289	83.971
3290	84.324
3291	84.029
3292	83.853
3293	85.294
3294	85.176
3295	83.882
3296	82.5
3297	82.559
3298	84.706
3299	85.206
3300	84.912
3301	84.471
3302	82.529
3303	82.324
3304	82.588
3305	83.147
3306	83.471
3307	83.353
3308	81.853
3309	83.971
3310	82.882
3311	82.353
3312	79.853
3313	81.765
3314	84.5
3315	88.118
3316	88.206
3317	91.647
3318	91.912
3319	90.971
3320	91.235
3321	91.735
3322	92.176
3323	94.382
3324	93.412
3325	92.765
3326	92.147
3327	91.735
3328	92.059
3329	90
3330	90.324
3331	90.647
3332	89.529
3333	89.353
3334	90.206
3335	90.441
3336	89.765
3337	87.5
3338	87.647
3339	88.853
3340	87.441
3341	86.647
3342	87.971
3343	87.912
3344	86.206
3345	87.176
3346	85.647
3347	85.706
3348	86.824
3349	85.471
3350	84.118
3351	84.706
3352	85.059
3353	84.529
3354	87.029
3355	84.294
3356	85.206
3357	85.765
3358	86.147
3359	85.912
3360	84.118
3361	85.412
3362	84.941
3363	84.471
3364	83.5
3365	84
3366	85.794
3367	82.824
3368	85.853
3369	84.529
3370	82.441
3371	82.088
3372	85.029
3373	84.618
3374	83.559
3375	83.5
3376	83.559
3377	83.235
3378	82.941
3379	84.5
3380	85.059
3381	83.206
3382	85.529
3383	83.618
3384	84.029
3385	84.912
3386	82.824
3387	84.471
3388	83.324
3389	84.912
3390	85.706
3391	82.941
3392	86.441
3393	85.824
3394	85.971
3395	84.147
3396	84.441
3397	84.147
3398	83.088
3399	85.735
3400	84.529
3401	83.647
3402	82.794
3403	82.647
3404	84.529
3405	84.412
3406	82.735
3407	83.176
3408	82.382
3409	83.088
3410	82.765
3411	83.5
3412	83.382
3413	83.059
3414	83.824
3415	83.529
3416	83.088
3417	82.176
3418	80.912
3419	84.441
3420	81.971
3421	82.265
3422	83.176
3423	83.118
3424	83.441
3425	83.647
3426	82.647
3427	82.824
3428	83.676
3429	82.912
3430	84.353
3431	83.971
3432	81.765
3433	83.088
3434	83.971
3435	87.882
3436	88.5
3437	90.735
3438	91.441
3439	93.353
3440	91.206
3441	93.029
3442	94.059
3443	93.206
3444	93.441
3445	91.971
3446	93.382
3447	91.088
3448	90.618
3449	91.441
3450	90.912
3451	90.559
3452	90.353
3453	90.794
3454	87.382
3455	88.294
3456	89.471
3457	87.706
3458	88.971
3459	89.118
3460	88.588
3461	86.794
3462	89.382
3463	87.706
3464	88
3465	85.765
3466	89.059
3467	87.382
3468	88.441
3469	85.088
3470	85.853
3471	87.324
3472	85.5
3473	89.206
3474	90.529
3475	92.941
3476	92.235
3477	92.676
3478	93.412
3479	91.265
3480	92.088
3481	91.353
3482	89.382
3483	89.5
3484	90.382
3485	88.912
3486	88.647
3487	89.559
3488	88.735
3489	88.706
3490	89.059
3491	87.765
3492	89.118
3493	87.794
3494	86.559
3495	88.176
3496	85.706
3497	86.588
3498	86.529
3499	84.088
3500	86.618
3501	86.206
3502	84.706
3503	86.029
3504	85.971
3505	87.706
3506	84.441
3507	87.118
3508	86.206
3509	85.794
3510	84.912
3511	85.176
3512	85.941
3513	84.824
3514	83.5
3515	84.618
3516	83.853
3517	88
3518	84.971
3519	83.471
3520	84.147
3521	84.794
3522	83.853
3523	83.471
3524	83.471
3525	85.088
3526	83.706
3527	84.294
3528	83.265
3529	83.176
3530	84.5
3531	83.765
3532	83.176
3533	81.647
3534	84.824
3535	82.441
3536	82.529
3537	83.735
3538	83.971
3539	82.5
3540	82.471
3541	83.647
3542	82.882
3543	82.059
3544	83.676
3545	82.706
3546	84.088
3547	83.412
3548	84.206
3549	84.559
3550	84.647
3551	83.5
3552	84.176
3553	83.118
3554	83.588
3555	82.853
3556	82.824
3557	84.618
3558	83.618
3559	85.176
3560	81.794
3561	82.412
3562	84.176
3563	84
3564	82.029
3565	82.912
3566	82.176
3567	82.588
3568	82.794
3569	81.706
3570	83.059
3571	83.529
3572	83.618
3573	81.882
3574	84.441
3575	84.265
3576	82.529
3577	82.765
3578	82.147
3579	83.676
3580	81.824
3581	83.618
3582	82.647
3583	82.735
3584	83.118
3585	83.176
3586	82.853
3587	84.059
3588	81.647
3589	84.059
3590	83.559
3591	81.412
3592	82.588
3593	81
3594	82.059
3595	80.941
3596	81.294
3597	82.176
3598	81.794
3599	82.794
3600	82.382
3601	82.735
3602	81.647
3603	82.941
3604	85.176
3605	88.088
3606	88.971
3607	89.853
3608	90.676
3609	91.353
3610	90.735
3611	90.676
3612	89.5
3613	91.912
3614	90.441
3615	90.912
3616	91.706
3617	89.294
3618	89.529
3619	89.5
3620	87.706
3621	86.118
3622	87.588
3623	87.382
3624	87.412
3625	86.441
3626	87.529
3627	86.706
3628	86.147
3629	84.765
3630	86.765
3631	84.559
3632	89.735
3633	90.706
3634	91.559
3635	92.912
3636	90.735
3637	92
3638	91.647
3639	89.853
3640	89.147
3641	88.765
3642	90.324
3643	90.206
3644	89.5
3645	88.912
3646	89.706
3647	90.676
3648	89.265
3649	88.5
3650	88.088
3651	88.676
3652	87.882
3653	85.971
3654	87.147
3655	87.029
3656	87.059
3657	87.206
3658	87.118
3659	86.912
3660	86.5
3661	86.235
3662	85.324
3663	85.794
3664	86.147
3665	84.471
3666	84.088
3667	83.735
3668	84.588
3669	86.147
3670	82.941
3671	84.912
3672	83.735
3673	84.147
3674	84.441
3675	83.824
3676	84.735
3677	83.412
3678	84.676
3679	83.941
3680	85.206
3681	82.941
3682	82.765
3683	83.529
3684	84.412
3685	81.882
3686	84.353
3687	82.794
3688	81.324
3689	84.676
3690	83.647
3691	82.853
3692	84.618
3693	83.618
3694	81.971
3695	82.353
3696	83.118
3697	83.118
3698	82.529
3699	82.882
3700	82.676
3701	83.412
3702	82.706
3703	82.441
3704	81.882
3705	83.941
3706	83.412
3707	83.294
3708	82.471
3709	83.265
3710	83.882
3711	83.294
3712	83.294
3713	82.353
3714	82.441
3715	82.353
3716	83.647
3717	81.941
3718	82.176
3719	81.941
3720	82.059
3721	81.118
3722	82.882
3723	81.176
3724	83.029
3725	83.706
3726	82.353
3727	82.5
3728	82.324
3729	81.912
3730	82.471
3731	82.265
3732	81.441
3733	82.824
3734	80.676
3735	83.382
3736	83.618
3737	82.912
3738	80.912
3739	79.824
3740	80.735
3741	81.029
3742	81.029
3743	80
3744	80.529
3745	80.588
3746	82
3747	81.235
3748	81.235
3749	80.794
3750	81.294
3751	81.059
3752	82.353
3753	82.059
3754	82.029
3755	81.706
3756	81.912
3757	81.471
3758	82.147
3759	81.206
3760	81.5
3761	80.706
3762	81.971
3763	81.118
3764	83.559
3765	80.412
3766	81.382
3767	83.118
3768	81.324
3769	81.5
3770	82.206
3771	80.353
3772	81.853
3773	81.941
3774	81.176
3775	82.647
3776	81.912
3777	81.882
3778	81.147
3779	81.412
3780	81
3781	82.176
3782	82.029
3783	82.706
3784	81.618
3785	81.853
3786	81.235
3787	82.206
3788	80.735
3789	80.794
3790	84.176
3791	86.059
3792	87.412
3793	87.971
3794	87.912
3795	89.941
3796	89.882
3797	89.5
3798	90.235
3799	88.059
3800	89.147
3801	89.147
3802	89.147
3803	88.559
3804	87.971
3805	90.706
3806	88.735
3807	88.676
3808	87.735
3809	88.647
3810	85.029
3811	88.324
3812	85.647
3813	85.794
3814	85.618
3815	86.206
3816	83.647
3817	84.206
3818	85.706
3819	85.059
3820	84.441
3821	85.824
3822	83.971
3823	84.971
3824	84.559
3825	84.471
3826	84.706
3827	83.088
3828	83.735
3829	82.676
3830	84.176
3831	83.382
3832	83.118
3833	82.059
3834	82.765
3835	83.471
3836	82.765
3837	81.559
3838	83.059
3839	83.176
3840	82.176
3841	82.765
3842	83.265
3843	82.059
3844	81.794
3845	81.735
3846	82.294
3847	82.824
3848	81.529
3849	81.324
3850	82.206
3851	82.559
3852	81.882
3853	81.294
3854	83.118
3855	82.824
3856	81.559
3857	82.324
3858	83.588
3859	80.294
3860	82.441
3861	81.294
3862	82.441
3863	83.088
3864	82.324
3865	80.971
3866	82.794
3867	80.529
3868	79.382
3869	81.824
3870	83.088
3871	81.853
3872	81.5
3873	80.059
3874	81.559
3875	81.088
3876	80.441
3877	81.941
3878	80.529
3879	82.294
3880	80.618
3881	81.118
3882	81.029
3883	81.735
3884	81.471
3885	82.647
3886	82.294
3887	80.618
3888	81.676
3889	82.235
3890	82.794
3891	83.735
3892	82.029
3893	80.971
3894	81.324
3895	82.382
3896	83.088
3897	81.647
3898	81.265
3899	80.647
3900	82.147
3901	80.235
3902	81
3903	82.118
3904	83.647
3905	80.971
3906	80.382
3907	81.441
3908	82.441
3909	81.176
3910	82.735
3911	79.647
3912	80.059
3913	81.588
3914	82.5
3915	80.882
3916	82.912
3917	80.647
3918	79.941
3919	81.676
3920	81.529
3921	81.088
3922	80.059
3923	80.588
3924	82.353
3925	82.853
3926	80.206
3927	80.971
3928	81.735
3929	80.588
3930	79.765
3931	81.059
3932	81.941
3933	81.853
3934	81.853
3935	80.912
3936	82.206
3937	83.118
3938	80.794
3939	81.971
3940	83.147
3941	82.147
3942	81.029
3943	84.265
3944	86.206
3945	86.5
3946	88.088
3947	90.176
3948	88.235
3949	90.029
3950	87.912
3951	90.059
3952	87.765
3953	89.647
3954	89.5
3955	91.529
3956	88.824
3957	89.794
3958	89.676
3959	87.176
3960	88.118
3961	87.706
3962	87.647
3963	87.471
3964	87.853
3965	87.853
3966	85.441
3967	86.088
3968	85.765
3969	85.176
3970	87.147
3971	85.971
3972	85.735
3973	87.441
3974	86.441
3975	84.824
3976	83.618
3977	83.382
3978	85.441
3979	84.118
3980	84.088
3981	82.618
3982	84.059
3983	83.412
3984	83.412
3985	82.912
3986	84.676
3987	82.029
3988	82.206
3989	82.294
3990	83.235
3991	81.971
3992	83.971
3993	82.5
3994	82
3995	83.941
3996	84.912
3997	83.059
3998	82.971
3999	81.794
4000	82.765
4001	83.735
4002	82.176
4003	82.294
4004	79.853
4005	81.588
4006	82.676
4007	83.412
4008	83.735
4009	82.412
4010	82.941
4011	83.529
4012	82.353
4013	81.559
4014	82.706
4015	83.324
4016	82
4017	82.412
4018	81.971
4019	82.647
4020	82.088
4021	82.676
4022	81.412
4023	81.765
4024	82.235
4025	80.412
4026	80.824
4027	80.971
4028	81.912
4029	79.176
4030	80.853
4031	80.971
4032	82.647
4033	82.853
4034	81.471
4035	79.794
4036	81
4037	82.588
4038	81.382
4039	82.471
4040	82.235
4041	82.382
4042	82.324
4043	82.971
4044	80.235
4045	80.559
4046	82.029
4047	81.941
4048	81.147
4049	81.971
4050	82.118
4051	81.824
4052	81.471
4053	81.294
4054	81.765
4055	80.412
4056	81
4057	80.324
4058	79.5
4059	79.912
4060	81.588
4061	80.588
4062	81.206
4063	81.853
4064	81.853
4065	80.088
4066	79.324
4067	81.029
4068	79.294
4069	82.147
4070	82.147
4071	81.971
4072	82.118
4073	81.5
4074	79.029
4075	80.265
4076	80.824
4077	82.176
4078	80.588
4079	83.647
4080	84.676
4081	86.029
4082	87.235
4083	88.118
4084	88.265
4085	88.941
4086	86.618
4087	87.206
4088	89.176
4089	87.765
4090	86.059
4091	87.353
4092	87.5
4093	86.235
4094	87.471
4095	84.912
4096	85.412
4097	85.971
4098	85.559
4099	85.294
4100	85.647
4101	84.618
4102	84.618
4103	85.265
4104	84.412
4105	81.971
4106	83.971
4107	83.941
4108	84.441
4109	87.647
4110	86.794
4111	90.118
4112	89.088
4113	90.353
4114	89.353
4115	87.882
4116	88.118
4117	90
4118	88.059
4119	88.088
4120	88.471
4121	87.265
4122	87.912
4123	86.676
4124	86.412
4125	87.265
4126	84.882
4127	86.529
4128	86.324
4129	85.412
4130	85.941
4131	83.618
4132	84.353
4133	83.029
4134	83.441
4135	84.029
4136	85.206
4137	82.794
4138	82.147
4139	84.5
4140	84.088
4141	84.118
4142	84
4143	84
4144	80.353
4145	81.912
4146	84.176
4147	83.235
4148	80.647
4149	82.765
4150	82.353
4151	81.647
4152	84.235
4153	84.176
4154	83.765
4155	83.176
4156	82.941
4157	81.765
4158	83.265
4159	82.412
4160	79.941
4161	80.412
4162	81.412
4163	81.441
4164	81.765
4165	81.559
4166	81.235
4167	82.382
4168	81.735
4169	80.618
4170	80.206
4171	80.088
4172	81.176
4173	80.647
4174	82.559
4175	80.765
4176	82.471
4177	81.588
4178	83.059
4179	83.029
4180	82.206
4181	81.647
4182	80.765
4183	80.559
4184	81.529
4185	80.324
4186	80.912
4187	79.647
4188	81.588
4189	81.235
4190	80.912
4191	80.441
4192	83
4193	78.588
4194	80.412
4195	80.471
4196	81.794
4197	80.647
4198	81.882
4199	79.706
4200	80.912
4201	81.441
4202	81.588
4203	80.265
4204	81.118
4205	80.882
4206	79.176
4207	80.088
4208	78.882
4209	79.647
4210	79.765
4211	82.647
4212	81.765
4213	78.676
4214	81.265
4215	81.059
4216	79.941
4217	80.265
4218	79.794
4219	81.176
4220	78.765
4221	79.882
4222	81.088
4223	80.382
4224	79.412
4225	82.176
4226	80.147
4227	79.912
4228	80.794
4229	79.559
4230	81.265
4231	81.618
4232	78.912
4233	79.971
4234	79.559
4235	78.147
4236	81.529
4237	80.294
4238	79.265
4239	80.618
4240	80.735
4241	80.971
4242	80.176
4243	81.235
4244	79.676
4245	79.824
4246	81.5
4247	79.588
4248	81.265
4249	79
4250	79.588
4251	82.235
4252	80.853
4253	80.235
4254	80.176
4255	85.235
4256	86.382
4257	84.618
4258	87.529
4259	87.265
4260	87.382
4261	87.765
4262	88.118
4263	88.294
4264	88.735
4265	88.118
4266	85.706
4267	89.088
4268	87.765
4269	87.088
4270	87.971
4271	87.176
4272	88.265
4273	88.324
4274	87.029
4275	85.676
4276	86.559
4277	86.206
4278	84.676
4279	85.471
4280	87.206
4281	84.118
4282	86.588
4283	85.912
4284	85.412
4285	84.559
4286	85.676
4287	83.529
4288	83.118
4289	83.794
4290	83.882
4291	84.824
4292	85.676
4293	82.618
4294	82.206
4295	83.353
4296	83.882
4297	83.588
4298	81.412
4299	81.088
4300	82.853
4301	82.059
4302	83.147
4303	81.324
4304	82.588
4305	82.118
4306	81.235
4307	80.412
4308	81.471
4309	81
4310	81.824
4311	81.882
4312	81.441
4313	81.206
4314	81.735
4315	80.441
4316	81.529
4317	79
4318	81.353
4319	82.088
4320	80.206
4321	81.412
4322	82.412
4323	82.235
4324	80.676
4325	81.735
4326	81.765
4327	79.559
4328	79.971
4329	80.176
4330	79.353
4331	79.794
4332	79.529
4333	80.676
4334	80.353
4335	81.441
4336	80.176
4337	79.882
4338	79.882
4339	80.647
4340	80.441
4341	80.882
4342	80.824
4343	81.618
4344	81.353
4345	80
4346	81.647
4347	81.735
4348	80.029
4349	79.441
4350	80.588
4351	79.5
4352	79.206
4353	78.471
4354	79.529
4355	79.088
4356	77.529
4357	79.853
4358	80
4359	79.059
4360	80.882
4361	78.882
4362	79.676
4363	79.529
4364	80.706
4365	79.471
4366	81.882
4367	79.529
4368	80.324
4369	79.765
4370	80.059
4371	79.529
4372	79.176
4373	78.559
4374	79.118
4375	78.912
4376	81.471
4377	80.588
4378	79.382
4379	81.294
4380	81.559
4381	80.529
4382	79.853
4383	78.471
4384	81.029
4385	78.559
4386	78.294
4387	79.618
4388	77.824
4389	80.853
4390	81.588
4391	80.382
4392	79.971
4393	80.206
4394	79.088
4395	79.235
4396	80.353
4397	79.441
4398	81.294
4399	76.882
4400	80.206
4401	79.382
4402	79.176
4403	80.206
4404	80.882
4405	80.029
4406	79.971
4407	79.882
4408	79.176
4409	80.676
4410	80.765
4411	81
4412	80.441
4413	80.235
4414	79.353
4415	80.118
4416	78.412
4417	79.324
4418	78.912
4419	78.588
4420	81
4421	80.147
4422	79.559
4423	79.206
4424	78.382
4425	79.794
4426	82.353
4427	82.765
4428	86.118
4429	86.912
4430	87.294
4431	86.559
4432	87.147
4433	86.882
4434	86.147
4435	88.088
4436	88.794
4437	86.853
4438	86.382
4439	85.588
4440	84.971
4441	85.382
4442	86.382
4443	84.294
4444	86.882
4445	85.382
4446	84.353
4447	85.059
4448	83.706
4449	85.059
4450	84.676
4451	82.647
4452	84.294
4453	82.824
4454	82.294
4455	83.5
4456	85.088
4457	82.618
4458	83.441
4459	82.324
4460	82.353
4461	82.882
4462	83.647
4463	82.941
4464	80.676
4465	81.147
4466	82.088
4467	81.941
4468	81.206
4469	81.382
4470	82.676
4471	81.618
4472	82.324
4473	81.471
4474	81.529
4475	81.529
4476	81.735
4477	80.912
4478	81.029
4479	78.765
4480	79.735
4481	81.912
4482	81.912
4483	80.618
4484	79.559
4485	81.559
4486	79.029
4487	80.088
4488	79.441
4489	81.912
4490	81.824
4491	80.794
4492	80.294
4493	77.941
4494	80.765
4495	78.676
4496	79.618
4497	79.706
4498	79.853
4499	81.235
4500	78.853
4501	79.912
4502	79.882
4503	79.118
4504	80.529
4505	79.559
4506	80.971
4507	80.676
4508	79.588
4509	79.529
4510	79.147
4511	80.647
4512	78.882
4513	79.412
4514	79.324
4515	79.059
4516	79.588
4517	78.882
4518	80.324
4519	79.324
4520	79.382
4521	79.147
4522	80
4523	78.559
4524	80.794
4525	80.088
4526	79.471
4527	78.353
4528	79.706
4529	79.382
4530	78.324
4531	79.382
4532	79.029
4533	80.588
4534	80.118
4535	78.265
4536	78.559
4537	79.382
4538	78.529
4539	78.676
4540	78.118
4541	78.529
4542	78.059
4543	81.794
4544	80.206
4545	80.706
4546	79.765
4547	79.676
4548	80.647
4549	78
4550	79.265
4551	77.676
4552	80.676
4553	79.882
4554	78.882
4555	79.706
4556	79.971
4557	78.206
4558	79.559
4559	78.618
4560	79.382
4561	79.971
4562	80.529
4563	81.412
4564	78.824
4565	78.353
4566	79.441
4567	78.353
4568	78.824
4569	78.971
4570	79.647
4571	78.147
4572	78.824
4573	78.559
4574	80.588
4575	78.824
4576	79.294
4577	80.676
4578	79.176
4579	79.529
4580	80.029
4581	78.735
4582	78.5
4583	79.735
4584	80.676
4585	81.735
4586	82.824
4587	83.882
4588	85.088
4589	85.118
4590	87.294
4591	84.882
4592	85.471
4593	85.706
4594	84.882
4595	86.471
4596	84.235
4597	84.088
4598	85.176
4599	86.412
4600	85.147
4601	83.294
4602	82.265
4603	82.588
4604	82.912
4605	83.441
4606	81.765
4607	82.794
4608	83.559
4609	83.412
4610	82.941
4611	81.324
4612	84.706
4613	82.088
4614	81.912
4615	82.471
4616	82.618
4617	81.882
4618	82.824
4619	80.441
4620	81.412
4621	80.441
4622	80.824
4623	80.471
4624	79.412
4625	81.029
4626	80.471
4627	81.529
4628	80.706
4629	80.118
4630	81.765
4631	80.618
4632	80.912
4633	79.441
4634	79.853
4635	80.294
4636	80.971
4637	81.206
4638	80.441
4639	81.324
4640	80.176
4641	79.441
4642	80.353
4643	81.647
4644	81.794
4645	78.735
4646	81.059
4647	82.118
4648	79.353
4649	80.118
4650	80.971
4651	79.353
4652	79.088
4653	80.853
4654	80.706
4655	80.647
4656	80.471
4657	80.206
4658	79.353
4659	79.059
4660	79.882
4661	79.853
4662	80.618
4663	80.147
4664	80.441
4665	78.794
4666	80.529
4667	79.824
4668	78.971
4669	77.5
4670	79.559
4671	80.676
4672	79.676
4673	78.824
4674	79.912
4675	80.794
4676	79.118
4677	78.206
4678	80.088
4679	80.853
4680	80.559
4681	79.147
4682	79.059
4683	79.647
4684	78.206
4685	79.088
4686	79.294
4687	79.941
4688	80.176
4689	78.882
4690	79.765
4691	80.088
4692	80.294
4693	80.059
4694	79.765
4695	81.647
4696	79.559
4697	79.441
4698	80.265
4699	80.147
4700	77.588
4701	79.088
4702	77.529
4703	78.382
4704	78.765
4705	78.353
4706	79.706
4707	78.676
4708	80.588
4709	79.059
4710	78.912
4711	77.882
4712	78.206
4713	79.059
4714	78.765
4715	78.529
4716	79.412
4717	80.029
4718	81.088
4719	79.735
4720	79.029
4721	78.441
4722	78.441
4723	80.118
4724	79.765
4725	79.412
4726	78.412
4727	78.647
4728	77.559
4729	78.235
4730	79.059
4731	80.206
4732	77.735
4733	79.206
4734	79.853
4735	79.706
4736	79.794
4737	79.529
4738	79.294
4739	79.853
4740	79.235
4741	77.324
4742	78.588
4743	77.765
4744	81.206
4745	85.118
4746	86.853
4747	85.824
4748	86.265
4749	86.5
4750	86.529
4751	87.471
4752	83.971
4753	86.294
4754	86
4755	86.735
4756	84.118
4757	86.029
4758	85.353
4759	82.559
4760	82.735
4761	83.882
4762	82.971
4763	84.235
4764	84.941
4765	84.618
4766	82.765
4767	83.794
4768	82.059
4769	82.794
4770	83.265
4771	83.324
4772	82.382
4773	82.529
4774	81.412
4775	80.912
4776	81.353
4777	80.588
4778	81.382
4779	81.324
4780	81.029
4781	81.824
4782	79.765
4783	81.529
4784	81.471
4785	81.176
4786	80.471
4787	78.882
