1	66.843
2	67.471
3	68.353
4	68.588
5	67.373
6	66.627
7	68.627
8	64.588
9	66.549
10	67.686
11	66.216
12	67.235
13	65.686
14	66.765
15	67.451
16	67.333
17	66.451
18	66.157
19	65.667
20	66.059
21	65.725
22	66.745
23	65.961
24	66.804
25	65.843
26	66.706
27	64.51
28	64.549
29	65.529
30	65.922
31	65.98
32	65.804
33	65.98
34	66.471
35	65.471
36	64.51
37	65.608
38	66.216
39	65.157
40	64.941
41	66.333
42	66.686
43	65.02
44	64.784
45	65.412
46	64.667
47	64.216
48	64.333
49	65.686
50	65.51
51	66.373
52	66.157
53	64.588
54	63.961
55	66.627
56	66.216
57	64.588
58	63.882
59	64.627
60	65.196
61	65.627
62	68.608
63	71.627
64	77.275
65	79.275
66	81.608
67	82.392
68	82.706
69	84.431
70	83.137
71	83.314
72	82.157
73	82.196
74	81.412
75	80.706
76	80.314
77	80.392
78	80.51
79	80.235
80	79.549
81	78
82	79.765
83	77.961
84	77.922
85	76.961
86	77.059
87	76.412
88	77.765
89	76.843
90	75.216
91	76.196
92	75.078
93	75.431
94	74.627
95	74.627
96	74.471
97	73.196
98	74.235
99	73.961
100	73.098
101	70.882
102	72.275
103	73.627
104	72.667
105	72.255
106	72.078
107	72.078
108	72.039
109	72.451
110	72.255
111	71.078
112	70.804
113	72.373
114	70.667
115	71.392
116	70.216
117	71.902
118	70.392
119	70.529
120	70.392
121	70.137
122	70.863
123	70.353
124	69.569
125	69.392
126	69.196
127	70.196
128	67.745
129	69.02
130	69.725
131	68.157
132	68.157
133	70.196
134	69.824
135	68.196
136	68.647
137	67.706
138	67.314
139	66.902
140	67.667
141	67.529
142	68.784
143	67.569
144	66.882
145	68.373
146	64.922
147	67.686
148	67.255
149	66.863
150	66.902
151	66.98
152	67.49
153	67.098
154	66.137
155	66.706
156	65.588
157	67.431
158	65.824
159	64.784
160	66.412
161	65.569
162	67.431
163	66.235
164	66.392
165	65.275
166	66.157
167	66.235
168	65.745
169	64.941
170	67.275
171	66.059
172	64.569
173	65.216
174	64.922
175	64.725
176	64.255
177	64.588
178	65.51
179	64.706
180	63.706
181	65.176
182	65.216
183	65.51
184	66.353
185	65.216
186	64.882
187	64.176
188	65.412
189	63.824
190	64.902
191	65.02
192	63.725
193	64.667
194	64.725
195	65.02
196	64.784
197	63.98
198	63.725
199	64.902
200	63.294
201	65.333
202	64.02
203	65.059
204	63.471
205	63.882
206	62.216
207	63.882
208	65.667
209	67.529
210	70.49
211	74.686
212	78.039
213	80.137
214	79.627
215	80.588
216	82.02
217	81.196
218	82.333
219	81.294
220	81.294
221	80.353
222	79.157
223	81.275
224	78.059
225	78.745
226	78.451
227	78.392
228	78.686
229	76.431
230	76.392
231	77.431
232	74.333
233	75.706
234	75.784
235	75.412
236	73.745
237	74.196
238	75.314
239	75.02
240	73.549
241	72.686
242	74.588
243	73.275
244	72.608
245	73.098
246	74.216
247	73.275
248	73.176
249	71.745
250	70.216
251	70.882
252	72.333
253	71.804
254	72.392
255	70.686
256	70.255
257	70.333
258	69.627
259	71.431
260	70.98
261	69.451
262	69.961
263	69.725
264	69.235
265	68.373
266	68.549
267	69.647
268	69.02
269	69.627
270	67.804
271	68.745
272	67.588
273	67.902
274	69.647
275	68.51
276	67.196
277	68.647
278	67.941
279	67.824
280	67.961
281	68.843
282	67.314
283	67.686
284	69.98
285	67.451
286	67.412
287	68.078
288	66.059
289	65.765
290	68.314
291	66.608
292	67.137
293	66.039
294	66.569
295	65.941
296	66.922
297	66.902
298	66.647
299	66.471
300	65.608
301	68.412
302	66.059
303	66.294
304	65.529
305	65.961
306	64.765
307	65.412
308	65.314
309	66.176
310	65.431
311	65.235
312	65
313	64.098
314	66.941
315	65
316	64.686
317	66.039
318	65.353
319	63.373
320	63.137
321	63.98
322	64.373
323	64.157
324	63.392
325	63.725
326	64.431
327	62.941
328	64.51
329	64.647
330	64.412
331	64.196
332	63.882
333	65.176
334	65.059
335	65.745
336	64.471
337	63.98
338	63.667
339	64.49
340	64.588
341	65.275
342	64.941
343	64.294
344	63.961
345	63.961
346	63.059
347	63.686
348	64.667
349	64.118
350	66.549
351	69.392
352	75.471
353	74.608
354	77.706
355	79.706
356	81.49
357	81.784
358	83.529
359	82.039
360	81.02
361	79.843
362	80.235
363	79.686
364	79.333
365	78.941
366	79.98
367	79.647
368	76.569
369	75.686
370	76.588
371	76.039
372	76.216
373	77.02
374	76.882
375	75.549
376	76.902
377	75.882
378	74.471
379	75.157
380	73.627
381	73.824
382	74.353
383	72.843
384	75.02
385	73.353
386	72.569
387	71.922
388	71.98
389	72
390	71.941
391	71.529
392	71.843
393	72.098
394	72.608
395	70.745
396	72.098
397	69.431
398	71.451
399	70.412
400	69.078
401	69.902
402	70.275
403	69.569
404	69.314
405	69.961
406	70.549
407	69.471
408	69.039
409	67.922
410	68.882
411	69.314
412	69.745
413	67.608
414	69.392
415	68.471
416	68.922
417	67.922
418	67.804
419	66.765
420	68.98
421	68.549
422	67.059
423	66.824
424	66.529
425	66.98
426	67.137
427	66.745
428	65.549
429	65.588
430	66.373
431	67.608
432	64.412
433	65.549
434	65.176
435	67.137
436	66.137
437	65.882
438	65.588
439	65.627
440	67.235
441	66.549
442	66.275
443	66.98
444	65.275
445	66.745
446	65.216
447	66.471
448	65.471
449	65.275
450	64.686
451	66.255
452	65.765
453	64.824
454	63.098
455	64.804
456	64.804
457	65.529
458	63.882
459	64.608
460	64.118
461	63.51
462	64.902
463	62.765
464	63.824
465	66.275
466	63.902
467	65.118
468	63.471
469	64.765
470	64.686
471	64.784
472	65.902
473	64.549
474	64.882
475	63.333
476	63.569
477	63.255
478	63.941
479	63.569
480	63.294
481	64.49
482	63.176
483	63.627
484	64.216
485	64
486	62.353
487	64.275
488	62.804
489	64.078
490	64.059
491	63.216
492	63.02
493	63.157
494	62.824
495	62.471
496	63.078
497	63.922
498	63.373
499	63.255
500	64.804
501	64.02
502	65
503	63.275
504	63.667
505	64.431
506	63.02
507	63.51
508	64.49
509	64.725
510	63.294
511	63.627
512	64.078
513	63.02
514	62.255
515	63.569
516	63.137
517	63.725
518	62.765
519	62.706
520	64.784
521	61.412
522	63.137
523	63.843
524	64.176
525	62.667
526	63.059
527	64.02
528	63.098
529	63.157
530	62.882
531	64.549
532	63.078
533	62.588
534	62.078
535	63.51
536	64.373
537	63.02
538	62.745
539	63.961
540	62.961
541	63.216
542	63.098
543	63.02
544	63.294
545	62.49
546	63.216
547	62.51
548	62.784
549	63.49
550	61.863
551	63.49
552	62.784
553	63.588
554	64.137
555	64.725
556	63.059
557	63.902
558	62.157
559	62.98
560	63
561	62.353
562	62.863
563	64.333
564	64.275
565	62.961
566	63.078
567	62.569
568	62.333
569	62.98
570	64.235
571	61.882
572	62.451
573	63.157
574	63.137
575	63.392
576	62.471
577	62.196
578	64.118
579	63.275
580	62.824
581	63.412
582	66.961
583	69.353
584	72.49
585	75.059
586	76.235
587	79.647
588	79.078
589	78.373
590	79.431
591	77.784
592	78.118
593	76.843
594	77.059
595	76.667
596	75.157
597	75.569
598	77.235
599	74.667
600	72.333
601	73
602	72.549
603	72.49
604	72.961
605	72.412
606	72.078
607	72.118
608	73.078
609	71.863
610	71.941
611	71.725
612	70.333
613	70.765
614	68.824
615	69.784
616	69.882
617	70.373
618	69.765
619	70.235
620	68.02
621	67.902
622	70.667
623	70.078
624	69.824
625	68.118
626	68.745
627	68.98
628	68.922
629	68.353
630	67
631	68.863
632	67.667
633	68.98
634	68.294
635	66.353
636	68.137
637	68.882
638	68.039
639	67.549
640	67.098
641	67.686
642	66.373
643	67.588
644	66.588
645	66.824
646	66.039
647	65.706
648	66.412
649	66.157
650	66.235
651	67
652	66.882
653	66.549
654	67.431
655	66.137
656	64.98
657	65.784
658	67.078
659	65.725
660	66.059
661	64.686
662	64.412
663	64.627
664	64.882
665	65.255
666	63.588
667	63.49
668	64.686
669	63.549
670	63.824
671	63.902
672	65.255
673	64.235
674	65.627
675	64.373
676	63.725
677	64.569
678	66.118
679	67.373
680	69.647
681	74.471
682	74.275
683	77.451
684	79.745
685	78.902
686	79.294
687	79.824
688	80
689	78.667
690	78.078
691	77.608
692	76.784
693	75.824
694	76.765
695	75.941
696	77.451
697	75.176
698	73.667
699	74.686
700	74.647
701	74.608
702	72.255
703	72.431
704	73.667
705	72.529
706	69.314
707	73.039
708	72.255
709	72.275
710	73.216
711	71.02
712	72.647
713	71.882
714	71.314
715	69.902
716	70.255
717	70.412
718	70.353
719	70.961
720	69.843
721	68.667
722	69.275
723	70.039
724	69.863
725	69.431
726	69.843
727	69.059
728	69.255
729	70.333
730	69.961
731	68.059
732	69
733	67.353
734	67.882
735	67.608
736	68.627
737	69.02
738	68.745
739	66.922
740	66.255
741	67.373
742	66.627
743	67.235
744	65.784
745	65.784
746	67.451
747	66.431
748	66.647
749	65.98
750	66.373
751	66
752	67.118
753	66.314
754	65.51
755	66.078
756	65.686
757	65.039
758	65.745
759	65.451
760	65.392
761	67.392
762	65.569
763	64.176
764	65.02
765	63.863
766	64.451
767	65.294
768	64.882
769	64.078
770	64.02
771	64.863
772	64.255
773	63.824
774	64.667
775	63.569
776	63.059
777	64.745
778	64.098
779	64.353
780	64.196
781	63.608
782	64.804
783	64.765
784	63.118
785	63.098
786	63.647
787	63.922
788	65.353
789	63.294
790	63.961
791	63.608
792	64.353
793	63.863
794	64.451
795	64.059
796	63.373
797	63.353
798	64.471
799	62.216
800	64.98
801	63.392
802	64.216
803	62.843
804	63.667
805	62.49
806	64.314
807	63.725
808	62.725
809	63.471
810	64.49
811	64.02
812	64.471
813	62.255
814	64.549
815	63.902
816	62.569
817	62.882
818	63.451
819	62.98
820	63.51
821	62.98
822	62.686
823	63.784
824	64.549
825	62.392
826	62.706
827	62.824
828	63.196
829	62.961
830	63.941
831	64.137
832	62.667
833	62.294
834	63.353
835	63.216
836	61.216
837	63.118
838	62.51
839	62.412
840	61.824
841	62.51
842	60.922
843	61.824
844	62.686
845	62.922
846	61.059
847	62
848	62.51
849	62.49
850	63
851	63.039
852	63.863
853	62.961
854	62.333
855	63.196
856	62.431
857	63.627
858	63.078
859	62.725
860	62.137
861	61.255
862	61.843
863	62.118
864	63.157
865	62.078
866	62.745
867	61.725
868	62.039
869	62.235
870	62.843
871	62.765
872	63.235
873	63.373
874	63.157
875	62.118
876	62.275
877	62.843
878	62.451
879	62.941
880	62.804
881	63.843
882	64.255
883	63.863
884	63.137
885	61.314
886	62.686
887	63.275
888	62.235
889	62.725
890	63.529
891	64.059
892	64.137
893	64.471
894	68.137
895	70.922
896	72.765
897	75.235
898	77.804
899	77.843
900	78.235
901	78.804
902	76.725
903	77.941
904	76
905	74.882
906	76.235
907	73.784
908	74.647
909	75.549
910	74.098
911	72.745
912	75.353
913	77.078
914	78.49
915	79.941
916	78.725
917	80.608
918	79.608
919	79.039
920	78.314
921	79.804
922	79.059
923	78.471
924	77.039
925	77.098
926	76.039
927	75.843
928	75.667
929	76.627
930	76.02
931	74.137
932	74.686
933	71.941
934	73.275
935	73.961
936	74.353
937	74.431
938	72.686
939	71.157
940	74.314
941	72.882
942	72.216
943	71.235
944	73.196
945	72.647
946	72.294
947	70.471
948	70.863
949	70.745
950	71.745
951	70.882
952	70.098
953	69.275
954	69.608
955	70.353
956	69.922
957	70.118
958	69.059
959	70.216
960	66.745
961	68.039
962	68.882
963	67.451
964	69.235
965	68.02
966	67
967	67.098
968	68.804
969	67.275
970	67.627
971	68.941
972	71.627
973	75.098
974	76.314
975	78.725
976	79.275
977	79.157
978	81.196
979	80.255
980	78.745
981	77.314
982	78.353
983	78.392
984	76.765
985	75.902
986	76.725
987	75.451
988	76.51
989	75.078
990	76.667
991	74.529
992	76.412
993	73.608
994	75.647
995	73.922
996	74.824
997	74.255
998	74.314
999	71.961
1000	72.843
1001	72.98
1002	72.863
1003	71.765
1004	70.725
1005	70.471
1006	71
1007	70.686
1008	71.961
1009	72.51
1010	70.686
1011	69.98
1012	70.196
1013	69.569
1014	70.373
1015	69.843
1016	70.824
1017	68.922
1018	70.941
1019	69.235
1020	70.196
1021	69.392
1022	69.471
1023	68.843
1024	70.059
1025	69.804
1026	68.98
1027	69.216
1028	68.647
1029	66.804
1030	68.059
1031	68.529
1032	68.176
1033	67.02
1034	68.02
1035	69.157
1036	68.51
1037	66.118
1038	68.157
1039	67.294
1040	65.804
1041	66.824
1042	67.314
1043	65.725
1044	65.49
1045	67.02
1046	66.451
1047	65.49
1048	65.235
1049	65.843
1050	66.255
1051	66.627
1052	65.529
1053	65.431
1054	65.333
1055	65.02
1056	66.176
1057	66.549
1058	65.863
1059	66.431
1060	65.686
1061	62.725
1062	64.549
1063	65.235
1064	65.353
1065	64.294
1066	63.51
1067	65.588
1068	64.098
1069	65.373
1070	63.431
1071	64.314
1072	65.196
1073	64.529
1074	64.314
1075	64.118
1076	64.431
1077	62.961
1078	64.51
1079	63.608
1080	64.392
1081	62.882
1082	62.529
1083	63.51
1084	63.451
1085	62.706
1086	63.863
1087	64.353
1088	64.451
1089	63.235
1090	64.294
1091	62.804
1092	63.216
1093	64.667
1094	63.725
1095	63.176
1096	63.333
1097	62.059
1098	63.098
1099	63.608
1100	63.333
1101	63.824
1102	62.745
1103	62.078
1104	65.608
1105	63.412
1106	62.412
1107	61.941
1108	63.471
1109	62.686
1110	63.098
1111	62.353
1112	64.137
1113	63.51
1114	63.118
1115	61.941
1116	63.608
1117	63.157
1118	62.686
1119	62.647
1120	62.667
1121	62.627
1122	61.804
1123	62.098
1124	62.176
1125	62.431
1126	61.98
1127	61.725
1128	63.196
1129	61.412
1130	61.49
1131	61.02
1132	62.353
1133	62.51
1134	61.725
1135	62.431
1136	61.471
1137	62.431
1138	62.608
1139	60.863
1140	62.843
1141	62.176
1142	61.667
1143	62.569
1144	62.078
1145	62.412
1146	62.353
1147	62.098
1148	62.608
1149	61.098
1150	61.569
1151	61.784
1152	62.353
1153	60.804
1154	60.863
1155	61.686
1156	61.471
1157	63.451
1158	61.667
1159	61.588
1160	61.588
1161	61.353
1162	62.176
1163	63.039
1164	61.804
1165	61.471
1166	61
1167	62.431
1168	61.843
1169	61.373
1170	60.588
1171	62.137
1172	59.824
1173	61.49
1174	63.294
1175	62.529
1176	62.588
1177	62.98
1178	62.902
1179	62.765
1180	61.98
1181	61.49
1182	63.137
1183	62.608
1184	62.824
1185	62.314
1186	62.902
1187	61.686
1188	62.824
1189	60.569
1190	61
1191	62.294
1192	60.961
1193	60.765
1194	62.549
1195	61.98
1196	62.824
1197	61.098
1198	60.745
1199	62.353
1200	61.196
1201	61.51
1202	61.647
1203	62.843
1204	61.667
1205	61.314
1206	61.549
1207	60.627
1208	60.843
1209	61.02
1210	61.569
1211	60.275
1212	62
1213	62.176
1214	61.98
1215	61.804
1216	60.784
1217	60.902
1218	61.941
1219	60.608
1220	61.294
1221	61.02
1222	64.49
1223	67.451
1224	69.686
1225	71.137
1226	72.333
1227	74.961
1228	73.961
1229	73.608
1230	74.275
1231	75.373
1232	76.02
1233	74.137
1234	74.922
1235	74.627
1236	74.824
1237	73.059
1238	73.118
1239	72.078
1240	71.529
1241	71.392
1242	70.392
1243	69.686
1244	72.333
1245	70.882
1246	69.667
1247	71.255
1248	70.608
1249	70.196
1250	69.549
1251	69.353
1252	69.843
1253	69.039
1254	69.529
1255	69.941
1256	68.373
1257	68.353
1258	68.902
1259	68.627
1260	67.471
1261	68.353
1262	67.02
1263	68.353
1264	67.843
1265	67.235
1266	67.039
1267	67.294
1268	66.98
1269	65.667
1270	66.039
1271	65.157
1272	65.961
1273	66.078
1274	65.471
1275	65.412
1276	64.49
1277	65.922
1278	64.98
1279	63.765
1280	64.451
1281	63.588
1282	66
1283	65.686
1284	64.549
1285	65.843
1286	63.961
1287	63.51
1288	64.157
1289	64.353
1290	64.039
1291	64.059
1292	65.196
1293	63.353
1294	62.941
1295	62.118
1296	63.686
1297	63.863
1298	63.51
1299	65.784
1300	64.314
1301	63.569
1302	63.902
1303	64.118
1304	62.608
1305	64.176
1306	63.196
1307	63.412
1308	61.137
1309	63.294
1310	63.471
1311	63.235
1312	62.392
1313	61.706
1314	61.549
1315	62.216
1316	63
1317	63.392
1318	61.431
1319	61.431
1320	61.784
1321	62.843
1322	64.039
1323	62.333
1324	61.882
1325	63.725
1326	63.863
1327	62.373
1328	61.961
1329	61.922
1330	61.745
1331	62.216
1332	62.235
1333	62.216
1334	62.471
1335	62.804
1336	62.431
1337	61.549
1338	62.451
1339	62.706
1340	61
1341	61.627
1342	63.039
1343	61.196
1344	62.784
1345	61.51
1346	62.686
1347	61.196
1348	62.255
1349	61.686
1350	59.843
1351	61.627
1352	63.02
1353	62.686
1354	62.725
1355	62.078
1356	60.784
1357	61.686
1358	62.725
1359	62.255
1360	62.863
1361	61.137
1362	63.216
1363	61.863
1364	61.275
1365	62.392
1366	61.961
1367	60.216
1368	61.02
1369	60.157
1370	61.588
1371	60.078
1372	60.863
1373	62.118
1374	61.765
1375	60.235
1376	61.765
1377	61.373
1378	63.216
1379	61.255
1380	62.255
1381	62.059
1382	60.137
1383	60.745
1384	61.608
1385	61.275
1386	61.275
1387	61.039
1388	61.941
1389	61.471
1390	61.529
1391	60.608
1392	61.765
1393	61.275
1394	61
1395	61.255
1396	60.098
1397	61.667
1398	61.137
1399	61.647
1400	61.196
1401	62.647
1402	61.412
1403	62.529
1404	66.255
1405	67.02
1406	69.039
1407	71
1408	71.784
1409	74.529
1410	74.392
1411	76.137
1412	75.02
1413	76.196
1414	74.471
1415	74.765
1416	75.039
1417	73.412
1418	73.314
1419	73.059
1420	71.451
1421	70.843
1422	69.176
1423	71.431
1424	70.451
1425	68.765
1426	70.157
1427	69.471
1428	69.373
1429	69.392
1430	69.471
1431	68.647
1432	67.725
1433	67.255
1434	68.902
1435	68.255
1436	67.706
1437	66.686
1438	65.843
1439	66.686
1440	67.51
1441	67.745
1442	66.216
1443	65.922
1444	65.667
1445	66.294
1446	66.51
1447	66.157
1448	65.529
1449	65.02
1450	67.608
1451	65.51
1452	65.882
1453	65.745
1454	65.765
1455	65.176
1456	65.784
1457	63.765
1458	65.471
1459	64
1460	66.216
1461	63.176
1462	64.235
1463	65.157
1464	64.765
1465	64.412
1466	64.275
1467	66.373
1468	69.196
1469	70.569
1470	73.843
1471	75.627
1472	75.98
1473	77.216
1474	76.784
1475	75.49
1476	75.647
1477	75.529
1478	76
1479	75.882
1480	76.745
1481	74.255
1482	73.902
1483	74.902
1484	74.569
1485	72.922
1486	73.137
1487	71.333
1488	70.961
1489	72.51
1490	72.216
1491	71.529
1492	70.255
1493	70.176
1494	71.627
1495	70.02
1496	69.039
1497	70.078
1498	68.784
1499	70.098
1500	68.059
1501	69.686
1502	68.471
1503	69.431
1504	69.098
1505	69.137
1506	69.706
1507	67.471
1508	67.333
1509	68.667
1510	68.059
1511	68.667
1512	67.784
1513	66.196
1514	67.039
1515	68.098
1516	67.49
1517	67.118
1518	66.745
1519	67.216
1520	66.686
1521	65.765
1522	65.49
1523	66.471
1524	65.686
1525	65.471
1526	66.431
1527	66.569
1528	65.784
1529	65.51
1530	64.235
1531	65.118
1532	65.196
1533	64.412
1534	66.294
1535	65.235
1536	64.627
1537	65.451
1538	63.784
1539	64.451
1540	64.196
1541	64.667
1542	64
1543	63.569
1544	64.529
1545	64
1546	64.569
1547	63.549
1548	63.765
1549	64.843
1550	64.294
1551	63.353
1552	63.667
1553	62.569
1554	63.784
1555	63.176
1556	63.98
1557	63.412
1558	63.961
1559	62.843
1560	62.02
1561	62.882
1562	64.059
1563	62.49
1564	62.118
1565	63.078
1566	61.216
1567	66.235
1568	66.549
1569	69.627
1570	72.373
1571	73.725
1572	75.51
1573	75.235
1574	74.255
1575	75.529
1576	74.706
1577	73.863
1578	72.824
1579	72.216
1580	72.471
1581	70.569
1582	72.725
1583	70.843
1584	71.627
1585	71.961
1586	69.51
1587	69.922
1588	68.941
1589	69.882
1590	69.314
1591	69.725
1592	68.02
1593	68.667
1594	68.529
1595	69.863
1596	68.216
1597	67.902
1598	68.137
1599	66.804
1600	68.078
1601	68.353
1602	67.294
1603	67.647
1604	67.471
1605	67.431
1606	66.314
1607	67.608
1608	66.745
1609	66.529
1610	67.314
1611	67.294
1612	64.608
1613	64.608
1614	65.667
1615	66.627
1616	65.353
1617	64.725
1618	64.706
1619	63.941
1620	65.608
1621	66.667
1622	64.961
1623	64.549
1624	64.745
1625	64.294
1626	65.667
1627	65.255
1628	66.157
1629	65.451
1630	64.706
1631	64.941
1632	65.118
1633	63.961
1634	64.667
1635	64.098
1636	68.137
1637	71.333
1638	72.843
1639	72.647
1640	75.569
1641	76
1642	75.667
1643	75.902
1644	76.02
1645	74.706
1646	74.843
1647	72.431
1648	71.804
1649	72.275
1650	72.02
1651	71.922
1652	72.49
1653	71.431
1654	71.078
1655	71.529
1656	70
1657	70.745
1658	68.431
1659	68.471
1660	70.569
1661	69.627
1662	69.353
1663	68.784
1664	69
1665	68.255
1666	68.902
1667	68.333
1668	67.745
1669	66.725
1670	68.412
1671	67.176
1672	68.02
1673	67.176
1674	68.02
1675	67.667
1676	66.078
1677	65.49
1678	66.843
1679	65.078
1680	65.02
1681	66.392
1682	65.451
1683	66.02
1684	64.529
1685	66.235
1686	66.314
1687	66.686
1688	65.588
1689	64.667
1690	65.451
1691	63.98
1692	64.196
1693	63.569
1694	65.059
1695	65.039
1696	65.863
1697	63.922
1698	64.314
1699	64.549
1700	64.804
1701	64
1702	64.314
1703	63.451
1704	62.137
1705	64.804
1706	63.333
1707	63.686
1708	63.51
1709	62.843
1710	62.902
1711	64.549
1712	61.784
1713	63.98
1714	62.392
1715	62.745
1716	63.255
1717	64.196
1718	62.647
1719	62.608
1720	61.314
1721	62.98
1722	61.941
1723	62.667
1724	61.784
1725	62
1726	65.314
1727	69.745
1728	69.49
1729	73.51
1730	73.98
1731	74.392
1732	74.686
1733	74.686
1734	73.314
1735	73.686
1736	73.294
1737	74.569
1738	73.51
1739	73.49
1740	72.863
1741	72.078
1742	72.549
1743	71.157
1744	71.569
1745	70.137
1746	72.235
1747	69.412
1748	70.137
1749	71.098
1750	70.098
1751	69.941
1752	69.706
1753	68.588
1754	69.196
1755	68.314
1756	67.824
1757	68
1758	67.51
1759	67.314
1760	66.549
1761	67.039
1762	66.882
1763	68.294
1764	66.235
1765	66.529
1766	64.824
1767	65.569
1768	66.235
1769	65.078
1770	65.431
1771	67.137
1772	65.059
1773	65.373
1774	64.686
1775	65.176
1776	65.451
1777	65.373
1778	65.706
1779	64.059
1780	63.902
1781	63.647
1782	65.588
1783	64.706
1784	64.157
1785	65.314
1786	64.353
1787	64.216
1788	64.627
1789	63.843
1790	63.471
1791	62.529
1792	63.333
1793	64.176
1794	63.235
1795	62.961
1796	62.588
1797	64.725
1798	63.078
1799	63.078
1800	64.333
1801	60.725
1802	62.627
1803	61.451
1804	63.49
1805	63.157
1806	62.745
1807	62.098
1808	63.745
1809	62.902
1810	63.863
1811	62.039
1812	61.706
1813	63.137
1814	61.824
1815	61.725
1816	60.373
1817	60.784
1818	62
1819	62.529
1820	60.569
1821	61.392
1822	61.471
1823	61.902
1824	61.608
1825	62.392
1826	61.647
1827	61.824
1828	62.725
1829	61.314
1830	61.078
1831	61.725
1832	61.392
1833	61.49
1834	62.392
1835	61.647
1836	61.294
1837	61.51
1838	61.157
1839	62.216
1840	60.98
1841	61.373
1842	59.667
1843	61.02
1844	60.353
1845	60.235
1846	61.392
1847	61.118
1848	61.863
1849	60.353
1850	62.216
1851	61.353
1852	59.294
1853	60.275
1854	61.588
1855	59.431
1856	60.549
1857	59.549
1858	59.706
1859	61.255
1860	60.059
1861	60.98
1862	59.333
1863	60.902
1864	60.02
1865	61
1866	61.529
1867	60.647
1868	60.902
1869	60
1870	59.961
1871	59.863
1872	61.137
1873	60.412
1874	59.843
1875	60.216
1876	60.373
1877	59
1878	60.275
1879	60.804
1880	60.608
1881	58.706
1882	61.647
1883	58.922
1884	60.98
1885	62.608
1886	65.373
1887	66.882
1888	69.725
1889	70.196
1890	71.863
1891	73.098
1892	71.392
1893	72.51
1894	71.608
1895	70.451
1896	71.412
1897	69.725
1898	69.353
1899	68.549
1900	69.882
1901	66.882
1902	67.373
1903	69.137
1904	67.627
1905	68.706
1906	66.882
1907	68.941
1908	67.569
1909	65.235
1910	66.275
1911	65.627
1912	65.49
1913	67.235
1914	64.686
1915	66.843
1916	66.059
1917	65.961
1918	63.922
1919	65.235
1920	65.824
1921	63.627
1922	64.843
1923	65.725
1924	63.51
1925	63.647
1926	64.431
1927	63.157
1928	63.353
1929	64.216
1930	63.49
1931	63.431
1932	63.765
1933	63.49
1934	63.804
1935	64.176
1936	63.627
1937	63.412
1938	64.059
1939	62.02
1940	61.765
1941	61.863
1942	62.902
1943	62.608
1944	61.333
1945	62.941
1946	63.431
1947	62.333
1948	62.118
1949	61.431
1950	62.608
1951	61.137
1952	62.412
1953	61.157
1954	62.353
1955	61.745
1956	62.961
1957	61.294
1958	61.373
1959	60.373
1960	60.961
1961	61.706
1962	61.706
1963	61.98
1964	61.392
1965	61.176
1966	60.882
1967	60.157
1968	59.412
1969	59.961
1970	60.51
1971	60.647
1972	61.039
1973	59.843
1974	60.275
1975	60.608
1976	60.157
1977	59.922
1978	61.471
1979	61.431
1980	60
1981	60.941
1982	59.196
1983	61.647
1984	60.765
1985	60.647
1986	61.078
1987	60.314
1988	59.098
1989	60.549
1990	59.902
1991	61.824
1992	58.902
1993	62.137
1994	60.314
1995	59.863
1996	60.353
1997	60.471
1998	59.98
1999	60.333
2000	60.196
2001	60.216
2002	60.569
2003	58.275
2004	60.569
2005	59.843
2006	59.275
2007	59.49
2008	59.961
2009	60.922
2010	59.176
2011	60.235
2012	60.333
2013	60.392
2014	59.176
2015	59.275
2016	59.98
2017	59.627
2018	58.843
2019	59.373
2020	59.51
2021	60.294
2022	59.078
2023	57.941
2024	58.412
2025	59.843
2026	61.039
2027	58.804
2028	59.333
2029	60
2030	59.039
2031	59.667
2032	60.804
2033	59.784
2034	59.745
2035	60.333
2036	59.588
2037	59.647
2038	60.882
2039	59.412
2040	60.216
2041	59.118
2042	60.02
2043	59.569
2044	63.078
2045	66.255
2046	67.647
2047	68.353
2048	69.333
2049	69.529
2050	70.49
2051	70.706
2052	69.157
2053	70.627
2054	72.255
2055	69.314
2056	69.941
2057	67.765
2058	69.863
2059	67.137
2060	66.647
2061	66.431
2062	68.255
2063	67.098
2064	67.49
2065	68.588
2066	66.353
2067	67.961
2068	67.118
2069	66.451
2070	65.686
2071	66.686
2072	66.824
2073	67.392
2074	65.275
2075	67.137
2076	65.784
2077	65.529
2078	64.039
2079	65.216
2080	66.765
2081	64.137
2082	64.02
2083	62.569
2084	64.196
2085	64.373
2086	64.608
2087	63.078
2088	65.137
2089	63.784
2090	63.255
2091	65.765
2092	63.569
2093	63.118
2094	64.451
2095	63.137
2096	63.412
2097	63.431
2098	62.686
2099	62.98
2100	63.275
2101	64
2102	63.725
2103	62.725
2104	60
2105	62.137
2106	61.471
2107	61.647
2108	61.902
2109	61.882
2110	61.157
2111	60.647
2112	62.039
2113	61.529
2114	61.157
2115	61.941
2116	61.647
2117	60.588
2118	60.529
2119	62
2120	62.392
2121	62.412
2122	60.784
2123	60
2124	60.843
2125	59.137
2126	61.196
2127	61.451
2128	60.863
2129	61.039
2130	59.294
2131	60.255
2132	61.255
2133	59.686
2134	61.353
2135	62.02
2136	60.353
2137	59.078
2138	59.627
2139	60.451
2140	60.529
2141	59.804
2142	60.059
2143	59.314
2144	60.725
2145	60.98
2146	59.353
2147	58.961
2148	60.431
2149	60.157
2150	61.176
2151	59.255
2152	59.078
2153	59.137
2154	59.725
2155	59.373
2156	59.627
2157	58.725
2158	60.255
2159	58.451
2160	58.922
2161	59.176
2162	59.373
2163	58.765
2164	59.647
2165	58.451
2166	60.804
2167	60.765
2168	59.216
2169	59.745
2170	58.137
2171	60.608
2172	60.373
2173	60.098
2174	59.843
2175	58.765
2176	58.569
2177	60.157
2178	59.216
2179	59.196
2180	60.196
2181	58.922
2182	59.902
2183	60.098
2184	61.667
2185	60.686
2186	60.706
2187	59.922
2188	59.137
2189	60.706
2190	60.804
2191	59.98
2192	59.824
2193	58.941
2194	59.392
2195	60.471
2196	60.275
2197	59.314
2198	58.176
2199	59.863
2200	59.02
2201	60.157
2202	62.373
2203	63.098
2204	65.294
2205	67.059
2206	66.549
2207	69.569
2208	71.275
2209	71.745
2210	72.196
2211	70.902
2212	71.157
2213	70.843
2214	69.392
2215	70.588
2216	68.882
2217	69.627
2218	68.882
2219	67.275
2220	68.941
2221	66.647
2222	68.02
2223	67.824
2224	67.863
2225	65.922
2226	66.824
2227	67.373
2228	67.49
2229	67.627
2230	66.039
2231	66.49
2232	67.333
2233	65.765
2234	65.647
2235	65.078
2236	64.667
2237	64.118
2238	64.667
2239	64.137
2240	62.863
2241	65.235
2242	64.157
2243	64.961
2244	64.294
2245	64.412
2246	64.353
2247	62.627
2248	64.216
2249	63.471
2250	63.706
2251	63.373
2252	62.843
2253	63.078
2254	62.216
2255	61.824
2256	62.941
2257	61.882
2258	62.608
2259	63.02
2260	62.333
2261	61.588
2262	61.667
2263	62.902
2264	62.196
2265	60.843
2266	61.686
2267	61.569
2268	61.745
2269	61.392
2270	61.255
2271	61.412
2272	60.431
2273	61.314
2274	62
2275	60.961
2276	62.118
2277	60.392
2278	61.804
2279	61.373
2280	60.098
2281	61.706
2282	62.059
2283	61.353
2284	60.706
2285	61.902
2286	60.392
2287	60.275
2288	60.373
2289	61.02
2290	60.784
2291	60.431
2292	60.255
2293	60.961
2294	60.745
2295	60.98
2296	60.039
2297	59.529
2298	59.431
2299	60.961
2300	59.412
2301	61.451
2302	60.863
2303	59.235
2304	59
2305	60.078
2306	60.255
2307	59.255
2308	59.471
2309	59.098
2310	59.333
2311	59.608
2312	58.314
2313	59.745
2314	60.353
2315	58.216
2316	59.588
2317	58.431
2318	58.333
2319	60.824
2320	60.98
2321	59.745
2322	59.784
2323	59.529
2324	60.49
2325	60.745
2326	59.098
2327	59.353
2328	59.235
2329	58.353
2330	58.647
2331	59.059
2332	57.961
2333	58.118
2334	57.961
2335	59.49
2336	59.373
2337	58.882
2338	58.549
2339	59.569
2340	58.804
2341	58.569
2342	58.824
2343	58.706
2344	58.078
2345	60.353
2346	59.176
2347	59.314
2348	57.314
2349	58.353
2350	58.706
2351	59.765
2352	58.843
2353	58.647
2354	59.745
2355	59.235
2356	58.627
2357	57.765
2358	60.647
2359	58.882
2360	59.569
2361	61.098
2362	63.392
2363	65.843
2364	68.549
2365	68.039
2366	69.471
2367	70.412
2368	70.059
2369	70.431
2370	71.078
2371	70.922
2372	68.863
2373	69.49
2374	70.078
2375	71.392
2376	69.255
2377	68.098
2378	68.902
2379	69.275
2380	68.549
2381	68.706
2382	69.216
2383	68.451
2384	67.216
2385	68.941
2386	67.549
2387	67.255
2388	66.765
2389	66.922
2390	67.118
2391	64.765
2392	65.098
2393	66.745
2394	65.608
2395	65.118
2396	65.863
2397	65.843
2398	65.255
2399	64.392
2400	64.176
2401	65.824
2402	65.804
2403	64
2404	64.157
2405	63.706
2406	64.941
2407	64.059
2408	62.804
2409	63.882
2410	62.529
2411	63.843
2412	62.451
2413	63.549
2414	64.412
2415	63.216
2416	61.588
2417	63.804
2418	61.863
2419	62.02
2420	62.706
2421	62.569
2422	61.294
2423	62.02
2424	61.216
2425	61.118
2426	60.647
2427	61.627
2428	61.588
2429	60.725
2430	62.275
2431	61.608
2432	63.51
2433	61.686
2434	61.255
2435	61.294
2436	61.882
2437	64.137
2438	61.569
2439	61.51
2440	60.549
2441	61.647
2442	59.882
2443	60.255
2444	59.529
2445	60.588
2446	60.922
2447	59.98
2448	59.882
2449	59.216
2450	58.98
2451	59.529
2452	59.275
2453	60.098
2454	61.039
2455	60.882
2456	62.353
2457	60.686
2458	59.784
2459	58.98
2460	59.294
2461	59.098
2462	60.275
2463	58.98
2464	58.647
2465	59.863
2466	60.118
2467	60.314
2468	59.059
2469	57.961
2470	58.745
2471	58.667
2472	60
2473	58.392
2474	59.745
2475	59.49
2476	57.667
2477	58.176
2478	59.196
2479	58.843
2480	58.765
2481	57.451
2482	60.294
2483	59.843
2484	59.196
2485	59.098
2486	60.686
2487	58.451
2488	59.667
2489	59.529
2490	57.98
2491	59.02
2492	58
2493	56.843
2494	59.078
2495	58.196
2496	59.333
2497	58.824
2498	60.137
2499	58.549
2500	58.784
2501	58.824
2502	59.569
2503	59.216
2504	59.824
2505	58.118
2506	59.608
2507	58.549
2508	58.765
2509	58.882
2510	57.431
2511	58.176
2512	58.745
2513	57.882
2514	58.824
2515	59.392
2516	58.765
2517	59.745
2518	57.078
2519	59.137
2520	60.373
2521	62.686
2522	64.784
2523	66.471
2524	67.647
2525	69.686
2526	69.137
2527	70.059
2528	69.843
2529	67.235
2530	68.137
2531	68.784
2532	69.078
2533	67
2534	66.941
2535	66.922
2536	65.804
2537	66.333
2538	64.549
2539	66.745
2540	66.314
2541	65.255
2542	65.451
2543	65.078
2544	65.059
2545	65.824
2546	64.765
2547	65.451
2548	63.51
2549	63.686
2550	63.588
2551	63.667
2552	63.961
2553	62.667
2554	63.353
2555	63.392
2556	62.353
2557	62.667
2558	63.275
2559	61.569
2560	62.314
2561	61.118
2562	60.686
2563	61.294
2564	62.412
2565	61.882
2566	60.941
2567	61.431
2568	61.216
2569	62.49
2570	61.176
2571	61.608
2572	62.392
2573	62.529
2574	60.51
2575	59.804
2576	60.863
2577	60.902
2578	61.373
2579	60.353
2580	60.471
2581	60.294
2582	61.863
2583	60.431
2584	60.902
2585	60.588
2586	61.157
2587	59.627
2588	60.941
2589	61.49
2590	60.294
2591	60.784
2592	61.098
2593	59.353
2594	59.686
2595	60.549
2596	58.078
2597	60.431
2598	60.647
2599	60.608
2600	59.392
2601	59.863
2602	59.647
2603	58.647
2604	60.294
2605	59.471
2606	59.922
2607	59.588
2608	58.961
2609	59.961
2610	59.333
2611	60.647
2612	59.392
2613	58.255
2614	58.843
2615	59.431
2616	60.02
2617	59.824
2618	59.314
2619	58.118
2620	59.804
2621	59.49
2622	57.333
2623	59.059
2624	58.647
2625	58.98
2626	58.647
2627	57.902
2628	58.902
2629	58.961
2630	59.863
2631	60.255
2632	59.471
2633	59.765
2634	58.078
2635	58.176
2636	58.647
2637	58
2638	59.373
2639	58.098
2640	57.608
2641	58.706
2642	59.235
2643	59.608
2644	58.588
2645	58.784
2646	57.804
2647	58.529
2648	61.275
2649	59.353
2650	59.451
2651	61.627
2652	64.216
2653	65.961
2654	66.667
2655	68.725
2656	67.961
2657	68.431
2658	68.863
2659	70.373
2660	68.078
2661	69
2662	68.882
2663	68.941
2664	66.51
2665	68.824
2666	67.902
2667	68.059
2668	67.431
2669	66.118
2670	66.373
2671	68.078
2672	66.824
2673	64.078
2674	64.588
2675	64.255
2676	65.392
2677	64.51
2678	64
2679	66.373
2680	66.824
2681	69.431
2682	70.412
2683	72.451
2684	71.294
2685	70.706
2686	70.157
2687	70.824
2688	67.961
2689	67.608
2690	68.078
2691	66.98
2692	68.137
2693	68.451
2694	68.765
2695	67.471
2696	68.176
2697	66.373
2698	67.765
2699	67.078
2700	65.941
2701	67.843
2702	66.098
2703	65.902
2704	65.824
2705	65.216
2706	66.078
2707	65.569
2708	65.196
2709	65.98
2710	65.314
2711	64.569
2712	64.608
2713	63.549
2714	65.196
2715	64.49
2716	63.275
2717	63.784
2718	64.941
2719	65.098
2720	64.431
2721	63.255
2722	63.412
2723	63.412
2724	64.275
2725	62.118
2726	63.216
2727	62.686
2728	63.078
2729	63.843
2730	62.235
2731	61.863
2732	61.804
2733	61.784
2734	63.451
2735	62.02
2736	63
2737	63.196
2738	62.588
2739	61.686
2740	60.745
2741	61.784
2742	61.588
2743	61.882
2744	62.314
2745	62.216
2746	62.49
2747	62.059
2748	61.569
2749	61.333
2750	60.922
2751	61.412
2752	60.176
2753	60.02
2754	62.725
2755	60.196
2756	60
2757	59.176
2758	60.627
2759	60.333
2760	60.51
2761	59.49
2762	61.137
2763	60.588
2764	58.784
2765	60.176
2766	60.549
2767	59.373
2768	59.49
2769	59.294
2770	58.667
2771	59.667
2772	59
2773	60.843
2774	59.863
2775	59.157
2776	58.157
2777	59.804
2778	59.431
2779	58.412
2780	59.51
2781	59.059
2782	60.255
2783	58.529
2784	59.529
2785	59.098
2786	58.431
2787	58.314
2788	58.255
2789	59.451
2790	59.078
2791	57.863
2792	59.275
2793	58.686
2794	58.275
2795	57.431
2796	59
2797	58.824
2798	58.196
2799	58.569
2800	59.176
2801	58.784
2802	59.176
2803	58.686
2804	58.961
2805	61.294
2806	62.51
2807	63.627
2808	66
2809	67.765
2810	68.529
2811	67.529
2812	67.941
2813	67.863
2814	69.588
2815	68.294
2816	66.804
2817	65.451
2818	66.471
2819	64.941
2820	65.725
2821	65.373
2822	65.235
2823	65.431
2824	64.686
2825	65.275
2826	64.804
2827	64.882
2828	65.588
2829	64.373
2830	64.667
2831	65.059
2832	65
2833	64.137
2834	63.216
2835	62.098
2836	62.941
2837	63.51
2838	66.255
2839	68.176
2840	68.667
2841	69.667
2842	70.392
2843	71.922
2844	69.922
2845	69.667
2846	70.784
2847	69.157
2848	68.333
2849	66.902
2850	68.647
2851	66.49
2852	67.216
2853	67.941
2854	66.098
2855	66
2856	64.627
2857	65.255
2858	66.549
2859	64.961
2860	66
2861	63.667
2862	64.471
2863	65.098
2864	66.02
2865	64.471
2866	65.157
2867	63.765
2868	63.922
2869	64.765
2870	64.706
2871	65.706
2872	63.588
2873	63.118
2874	63
2875	62.863
2876	62.745
2877	61.863
2878	62.196
2879	63.922
2880	62.549
2881	62.333
2882	62.549
2883	61.549
2884	63.804
2885	62.137
2886	63.412
2887	62.176
2888	62.706
2889	61.275
2890	61.353
2891	62.314
2892	62.471
2893	61.863
2894	61.745
2895	62.922
2896	60.49
2897	61.529
2898	61
2899	60.353
2900	62.275
2901	60.471
2902	61.275
2903	61.255
2904	59.412
2905	60.255
2906	59.49
2907	60.216
2908	60.235
2909	60.569
2910	60.51
2911	60.706
2912	60.529
2913	60.353
2914	60.451
2915	60.373
2916	59.412
2917	59.294
2918	60.333
2919	58.608
2920	59.137
2921	58.235
2922	58.686
2923	57.098
2924	60.098
2925	58.843
2926	57.725
2927	59.667
2928	60.549
2929	59.843
2930	60.196
2931	58.196
2932	57.51
2933	59.941
2934	58.137
2935	58.49
2936	59.157
2937	56.882
2938	58
2939	58.353
2940	59.882
2941	58.431
2942	57.843
2943	59.49
2944	57.843
2945	57.412
2946	59.863
2947	59.549
2948	58.98
2949	58.059
2950	57.549
2951	58.843
2952	58.627
2953	57.373
2954	57.961
2955	58.627
2956	58.039
2957	58.078
2958	58.843
2959	57.529
2960	58.784
2961	57.843
2962	59.196
2963	58.529
2964	58.941
2965	58.529
2966	56.647
2967	59.804
2968	57.804
2969	58.235
2970	57.392
2971	57.569
2972	57.235
2973	58
2974	58.059
2975	55.941
2976	57.176
2977	57.294
2978	57.765
2979	57.98
2980	58.176
2981	58.176
2982	58.451
2983	57.608
2984	58.098
2985	58.51
2986	58.725
2987	57.922
2988	58.51
2989	57.882
2990	56.608
2991	56.922
2992	57.627
2993	56.176
2994	57.922
2995	57.529
2996	57.902
2997	60.569
2998	63.431
2999	62.922
3000	64.961
3001	67.137
3002	68.157
3003	68.216
3004	67.549
3005	67.667
3006	67.765
3007	67.745
3008	65.412
3009	67.039
3010	65.922
3011	65.255
3012	65.059
3013	65.51
3014	65.333
3015	64.118
3016	64.353
3017	65.529
3018	64.02
3019	63.059
3020	64.549
3021	62.255
3022	63.098
3023	64.392
3024	63.078
3025	64.118
3026	63.216
3027	63.569
3028	62.608
3029	63.706
3030	61.784
3031	62.686
3032	64.471
3033	61.235
3034	62.235
3035	62.882
3036	61.333
3037	62.392
3038	62.765
3039	62.51
3040	61.333
3041	60.706
3042	61.451
3043	61.431
3044	60.843
3045	61.098
3046	61.804
3047	61.392
3048	60.627
3049	60.686
3050	60.353
3051	59.333
3052	61.196
3053	60.412
3054	61.216
3055	59.314
3056	59.725
3057	60.078
3058	60.686
3059	58.157
3060	59.882
3061	58.863
3062	60.765
3063	60.431
3064	59.235
3065	60.725
3066	59.157
3067	60.549
3068	59.451
3069	58.51
3070	58.216
3071	60.255
3072	58.137
3073	58.039
3074	58.706
3075	57.863
3076	58.667
3077	58.549
3078	58.882
3079	60.196
3080	58.863
3081	59.471
3082	58.549
3083	57.373
3084	58.647
3085	58.49
3086	58.647
3087	58.451
3088	57.431
3089	58.882
3090	57.49
3091	58.647
3092	57.098
3093	57.412
3094	57.216
3095	58.373
3096	58.098
3097	57.98
3098	58.549
3099	57.922
3100	58.451
3101	57.51
3102	58.824
3103	59.784
3104	57.941
3105	57.627
3106	58.863
3107	56.059
3108	58.118
3109	57.157
3110	57.647
3111	57.706
3112	57.569
3113	56.804
3114	58.098
3115	58.098
3116	56.686
3117	57.235
3118	58.039
3119	57.51
3120	57.412
3121	58.137
3122	56.765
3123	57.686
3124	56.275
3125	57.157
3126	57.471
3127	57.373
3128	56.392
3129	56.118
3130	58.176
3131	56.51
3132	56.843
3133	57.51
3134	58.471
3135	57.569
3136	57.333
3137	56.176
3138	58.294
3139	57.725
3140	57.373
3141	56.098
3142	57.98
3143	57.569
3144	57.627
3145	56.275
3146	57.176
3147	56.824
3148	57.392
3149	55.627
3150	57.039
3151	56.882
3152	58.647
3153	55.961
3154	56.333
3155	58.902
3156	60.922
3157	63.157
3158	64.588
3159	66.529
3160	67
3161	67.02
3162	67.412
3163	68.098
3164	65.765
3165	67.392
3166	66.706
3167	66.392
3168	65.039
3169	67.118
3170	64.49
3171	64.176
3172	64.373
3173	63.882
3174	63.412
3175	63.765
3176	63.902
3177	65.157
3178	63.647
3179	64.373
3180	62.902
3181	63.157
3182	62.412
3183	61.882
3184	63.314
3185	61.784
3186	62.059
3187	61.588
3188	61.882
3189	60.863
3190	61.98
3191	61.627
3192	61.706
3193	60.294
3194	60.529
3195	62.137
3196	59.784
3197	60.608
3198	60.02
3199	61.373
3200	59.471
3201	59.196
3202	60.157
3203	58.882
3204	59.765
3205	59.784
3206	59.353
3207	59.137
3208	61.373
3209	58.863
3210	60.431
3211	59.059
3212	59.451
3213	58.627
3214	60.255
3215	60.216
3216	57.882
3217	59.157
3218	59.02
3219	57.412
3220	58.922
3221	57.235
3222	58.569
3223	58.627
3224	58.941
3225	57.882
3226	59.314
3227	59.51
3228	58.745
3229	58.431
3230	57.961
3231	58.392
3232	57.412
3233	56.49
3234	57.078
3235	58.176
3236	58.078
3237	58.294
3238	57.255
3239	57.588
3240	58.333
3241	57.902
3242	58.196
3243	57.412
3244	58.745
3245	58.569
3246	57.863
3247	58.392
3248	59
3249	58.804
3250	57.51
3251	57.196
3252	57.667
3253	59.373
3254	57.941
3255	57.196
3256	56.529
3257	58.392
3258	57.118
3259	57.706
3260	56.98
3261	56.059
3262	58.235
3263	58.569
3264	56.922
3265	58.157
3266	57.078
3267	57.824
3268	57.431
3269	56.51
3270	57.902
3271	57.353
3272	57.412
3273	57.667
3274	58.471
3275	57.549
3276	57.882
3277	55
3278	57.078
3279	57.255
3280	58.059
3281	57.784
3282	58.157
3283	57.216
3284	57.902
3285	58.216
3286	58.392
3287	56.51
3288	57.706
3289	56.137
3290	57.039
3291	58.078
3292	57.137
3293	57.882
3294	58
3295	57.314
3296	56.706
3297	57.882
3298	57.863
3299	56.647
3300	57.961
3301	58.059
3302	56.412
3303	56.863
3304	58.118
3305	56.902
3306	56.451
3307	56.431
3308	55.647
3309	57.235
3310	57.059
3311	57.255
3312	57.137
3313	57.353
3314	58.569
3315	61.706
3316	62.588
3317	62.431
3318	65.078
3319	65.922
3320	66.804
3321	66.922
3322	66.471
3323	65.824
3324	65.627
3325	66.157
3326	66.627
3327	65.686
3328	65.824
3329	65.51
3330	63.706
3331	62.51
3332	63.843
3333	62.314
3334	64.294
3335	62.157
3336	62.333
3337	62.275
3338	61.882
3339	63.157
3340	62
3341	63.902
3342	62.667
3343	62.02
3344	61.941
3345	61.941
3346	62.137
3347	61.373
3348	60.216
3349	61.137
3350	63.647
3351	61.745
3352	59.353
3353	60.255
3354	60.078
3355	58.549
3356	61.255
3357	60.588
3358	60.078
3359	61.118
3360	61.098
3361	59.706
3362	60.333
3363	59
3364	60.098
3365	59.471
3366	58.863
3367	59.098
3368	60.588
3369	60.471
3370	58.529
3371	60.647
3372	59
3373	59.157
3374	60.157
3375	57.51
3376	57.627
3377	58.725
3378	59.647
3379	58.706
3380	59.176
3381	58.824
3382	59.353
3383	57.667
3384	57.824
3385	58.765
3386	59.588
3387	58.451
3388	57.98
3389	58.686
3390	58.627
3391	58.843
3392	59.412
3393	57.745
3394	58.667
3395	58.902
3396	56.706
3397	56.804
3398	58.961
3399	57.569
3400	58.412
3401	58.294
3402	57
3403	58.392
3404	58.941
3405	57.608
3406	56.804
3407	58.275
3408	58.039
3409	58.118
3410	57.608
3411	57.412
3412	57.078
3413	56.569
3414	57.784
3415	57.176
3416	56.608
3417	59.49
3418	57.157
3419	57.745
3420	56.843
3421	55.196
3422	56.196
3423	57.118
3424	56.824
3425	56.353
3426	55.941
3427	57.118
3428	56.706
3429	58.588
3430	58.882
3431	57.353
3432	58.373
3433	56.922
3434	57.706
3435	61.529
3436	60.373
3437	64.098
3438	65.882
3439	66.196
3440	67.569
3441	67.059
3442	68.196
3443	67.902
3444	68.784
3445	66.686
3446	67.157
3447	66.667
3448	65.686
3449	66.745
3450	65.941
3451	65.294
3452	66
3453	65.118
3454	64.882
3455	64.176
3456	65.431
3457	64.686
3458	64.078
3459	63.706
3460	64.196
3461	63.569
3462	63.843
3463	63.059
3464	63.51
3465	62.412
3466	62.412
3467	62.314
3468	62.804
3469	62.431
3470	62.608
3471	61.784
3472	62.275
3473	62.941
3474	64.882
3475	66.471
3476	67.686
3477	69.686
3478	67.706
3479	66.51
3480	69.784
3481	68
3482	66.529
3483	66.667
3484	67.314
3485	65.314
3486	66.373
3487	65.451
3488	65.176
3489	64.392
3490	67.373
3491	63.98
3492	64.686
3493	65.039
3494	65.118
3495	63.902
3496	62.706
3497	63.549
3498	65.255
3499	63.569
3500	64.235
3501	63.196
3502	62.804
3503	62.51
3504	62.667
3505	63.216
3506	62.059
3507	61.784
3508	62.235
3509	62.471
3510	62.667
3511	62.294
3512	60.471
3513	61.549
3514	62.392
3515	62.059
3516	62.098
3517	60.706
3518	60.039
3519	62.569
3520	61.373
3521	59.902
3522	59.98
3523	62.627
3524	62.176
3525	60.608
3526	60.843
3527	60.039
3528	60.706
3529	60.765
3530	60.118
3531	60.373
3532	60.02
3533	60.078
3534	59.765
3535	59.608
3536	58.824
3537	60.745
3538	60.059
3539	59.314
3540	58.686
3541	60.451
3542	58.412
3543	59.529
3544	58.824
3545	58.882
3546	59.549
3547	59.549
3548	59.02
3549	57.647
3550	59.196
3551	58.863
3552	59.922
3553	59.039
3554	58.647
3555	57.51
3556	59
3557	57.569
3558	58.804
3559	56.922
3560	58.725
3561	58.706
3562	59.314
3563	57.49
3564	57.216
3565	58.294
3566	57.235
3567	57.902
3568	57.294
3569	57.882
3570	58.647
3571	57.353
3572	57.922
3573	58.667
3574	57.431
3575	58.882
3576	59.294
3577	58.941
3578	58.333
3579	56.529
3580	56.902
3581	58
3582	57.275
3583	56.902
3584	58.157
3585	58.059
3586	58.412
3587	57.686
3588	56.098
3589	56.392
3590	57.569
3591	57.275
3592	57.451
3593	57.51
3594	56.392
3595	57.176
3596	57.647
3597	58
3598	57.824
3599	56.902
3600	55.843
3601	56.882
3602	57.294
3603	58.569
3604	59.118
3605	61.314
3606	62.941
3607	63.804
3608	65.961
3609	66.157
3610	65.157
3611	65.745
3612	66.98
3613	66.608
3614	63.647
3615	64.922
3616	65.765
3617	65.373
3618	63.549
3619	64.353
3620	62.098
3621	63.882
3622	62.353
3623	61.902
3624	61.314
3625	62.784
3626	62.196
3627	61.157
3628	62.314
3629	61.608
3630	61.255
3631	62.941
3632	62.529
3633	65.647
3634	66.863
3635	66.49
3636	67.843
3637	68.353
3638	68.373
3639	67.686
3640	66.451
3641	66.647
3642	66.686
3643	64.647
3644	64.608
3645	63.725
3646	65.431
3647	64.588
3648	65.647
3649	65.549
3650	64.412
3651	65
3652	63.608
3653	64.686
3654	65.294
3655	63.824
3656	64.49
3657	64.49
3658	64.137
3659	62.039
3660	62.588
3661	61.686
3662	62.686
3663	61.255
3664	61.922
3665	61.686
3666	61.294
3667	61.588
3668	60.314
3669	60.627
3670	62.275
3671	59.824
3672	61.941
3673	61.686
3674	62.039
3675	62.314
3676	61.549
3677	60.137
3678	60.706
3679	60.314
3680	61.941
3681	60.843
3682	60.333
3683	59.882
3684	60.725
3685	60
3686	60
3687	58.137
3688	59.588
3689	58.02
3690	59.216
3691	59.765
3692	59.157
3693	59.667
3694	58.176
3695	59.549
3696	58.275
3697	57.882
3698	59.412
3699	58.451
3700	59.059
3701	57.725
3702	58.412
3703	59.333
3704	59.176
3705	57.882
3706	59.059
3707	58.588
3708	58.02
3709	58.784
3710	57.941
3711	58.275
3712	59.333
3713	58.078
3714	56.824
3715	58.667
3716	57.196
3717	58.176
3718	57.353
3719	58.608
3720	56.431
3721	57.059
3722	58.196
3723	56.608
3724	58.353
3725	56.608
3726	57.118
3727	57.353
3728	57.863
3729	57.608
3730	56.725
3731	57.98
3732	56.667
3733	57.451
3734	56.98
3735	56.804
3736	57.451
3737	56.176
3738	56.706
3739	56.863
3740	57.039
3741	55.588
3742	56.176
3743	57.118
3744	55.941
3745	55.431
3746	55.588
3747	55.843
3748	56.941
3749	56.353
3750	56.882
3751	56.275
3752	56.863
3753	56.902
3754	56.569
3755	56
3756	56.922
3757	55.784
3758	56.353
3759	58.078
3760	56.686
3761	55.49
3762	56.314
3763	57.569
3764	55.98
3765	56.549
3766	57.137
3767	56.451
3768	55.137
3769	55.882
3770	56.608
3771	56.51
3772	55.765
3773	56.412
3774	56.529
3775	54.961
3776	56.176
3777	56.569
3778	55.588
3779	55.941
3780	56.922
3781	56.294
3782	56.922
3783	57.039
3784	57.529
3785	56.196
3786	56.784
3787	55.49
3788	56.275
3789	55.745
3790	57.627
3791	57.745
3792	60.608
3793	62.569
3794	63
3795	64.157
3796	64.804
3797	65.941
3798	65.863
3799	64.294
3800	65.941
3801	64.49
3802	64.196
3803	65.667
3804	63.059
3805	63.392
3806	63.471
3807	62.941
3808	63.118
3809	62.588
3810	61.824
3811	61.745
3812	62.608
3813	62.451
3814	62.314
3815	62.667
3816	62.333
3817	61.824
3818	61.745
3819	61.627
3820	60.627
3821	61.392
3822	62.431
3823	61.176
3824	60.412
3825	59.569
3826	60.647
3827	61.176
3828	60.078
3829	59.863
3830	59.392
3831	58.098
3832	58.706
3833	59.529
3834	59.725
3835	59.922
3836	58.294
3837	58.627
3838	59.216
3839	58.353
3840	59.176
3841	59.216
3842	58.118
3843	58.294
3844	58.51
3845	59
3846	59.353
3847	59.098
3848	58.647
3849	58.275
3850	57.51
3851	58.608
3852	58.863
3853	56.627
3854	58.627
3855	58.196
3856	56.882
3857	58.137
3858	57.118
3859	57.824
3860	59.471
3861	58.392
3862	58.745
3863	57.333
3864	58.137
3865	56.02
3866	57.961
3867	56.843
3868	56.588
3869	57.961
3870	58.725
3871	57.333
3872	55.882
3873	55.706
3874	57.294
3875	56.431
3876	56.392
3877	56.157
3878	57.216
3879	56.588
3880	55.039
3881	56.745
3882	56.314
3883	57.882
3884	57.647
3885	55.431
3886	57.078
3887	56.078
3888	57.549
3889	55.686
3890	56.51
3891	56.157
3892	55.314
3893	56.765
3894	56.49
3895	57.235
3896	56.627
3897	57.51
3898	56.725
3899	55.98
3900	56.529
3901	55.804
3902	56.98
3903	56.686
3904	55.569
3905	55.471
3906	55.294
3907	54.51
3908	55.941
3909	55.98
3910	56.353
3911	55.549
3912	55.98
3913	56.294
3914	55.647
3915	55.451
3916	56.118
3917	56.078
3918	56.353
3919	55.314
3920	56.275
3921	55.529
3922	56.02
3923	55.02
3924	55.627
3925	56.157
3926	56.706
3927	56.431
3928	54.686
3929	54.529
3930	57.216
3931	55.431
3932	55.098
3933	55.294
3934	54.961
3935	56.863
3936	55.373
3937	56.333
3938	56
3939	57.216
3940	56.255
3941	55.431
3942	56.314
3943	56.765
3944	58.745
3945	59.941
3946	61.765
3947	62.667
3948	62.804
3949	64.608
3950	64.176
3951	63.922
3952	63.549
3953	63.765
3954	65.392
3955	64.471
3956	64.922
3957	64.118
3958	64.529
3959	63.078
3960	62.902
3961	63.235
3962	64.059
3963	61.686
3964	63.294
3965	62.961
3966	62.882
3967	61.373
3968	62.569
3969	62.078
3970	61.784
3971	61.922
3972	60.706
3973	61.255
3974	60.059
3975	61.824
3976	61.98
3977	60.471
3978	60.686
3979	59.51
3980	59.667
3981	60.157
3982	60.588
3983	59.765
3984	59.686
3985	60.059
3986	61
3987	59.333
3988	60.647
3989	60.294
3990	58.137
3991	58.745
3992	59.333
3993	59.784
3994	57.51
3995	60.49
3996	58.843
3997	58
3998	58.137
3999	59.765
4000	57.569
4001	57.765
4002	57.235
4003	58.294
4004	58.51
4005	57.608
4006	58.314
4007	58.961
4008	57.529
4009	59.529
4010	57.549
4011	58.275
4012	58.843
4013	57.765
4014	57.98
4015	58.627
4016	58.451
4017	57.667
4018	58.765
4019	57.176
4020	57.02
4021	56.745
4022	57.667
4023	57.137
4024	57.157
4025	56.451
4026	56.922
4027	56.255
4028	57.039
4029	57.608
4030	57.549
4031	56.941
4032	57.294
4033	57.333
4034	57.157
4035	56.686
4036	56.765
4037	58.078
4038	57.333
4039	56.431
4040	56.784
4041	56.196
4042	57.373
4043	55.686
4044	56.294
4045	55.627
4046	56.961
4047	56.941
4048	56.804
4049	56.824
4050	56.725
4051	56.392
4052	55.392
4053	56.098
4054	55.373
4055	55.255
4056	57.412
4057	55
4058	55.804
4059	55.392
4060	56.314
4061	56.353
4062	55.569
4063	56.471
4064	55.49
4065	55.49
4066	55.392
4067	55.608
4068	55.176
4069	55.294
4070	55.118
4071	56.098
4072	55.039
4073	53.765
4074	55.176
4075	55.294
4076	55.902
4077	54.608
4078	55.255
4079	56.667
4080	58.137
4081	60.353
4082	60.961
4083	62.49
4084	62.51
4085	64.137
4086	64.333
4087	64.588
4088	62.686
4089	63.412
4090	63.118
4091	62.824
4092	62.49
4093	61.98
4094	62.294
4095	61.137
4096	62.294
4097	61.941
4098	61.529
4099	61
4100	60.804
4101	61.49
4102	60.941
4103	59.902
4104	61.882
4105	60.863
4106	61.039
4107	59.922
4108	60.922
4109	61.314
4110	64.686
4111	65.294
4112	64.706
4113	65.804
4114	66.431
4115	66.176
4116	64.373
4117	64.078
4118	65.255
4119	64.765
4120	63.588
4121	62.882
4122	62.882
4123	62.529
4124	62.784
4125	61.098
4126	63.784
4127	63.882
4128	60.549
4129	61.49
4130	63.216
4131	62.157
4132	60.255
4133	61.275
4134	60.804
4135	61.176
4136	61
4137	62.216
4138	60.333
4139	61.294
4140	61.098
4141	60.451
4142	61.353
4143	59.647
4144	60.333
4145	59.941
4146	59.922
4147	59.627
4148	59.255
4149	59.392
4150	59.333
4151	58.667
4152	60.431
4153	59.588
4154	58.882
4155	58.529
4156	60.922
4157	58.471
4158	60.588
4159	59.098
4160	58.412
4161	58.373
4162	59.49
4163	58.588
4164	57.706
4165	57.882
4166	58.255
4167	57.235
4168	59.039
4169	57.49
4170	58.431
4171	57.824
4172	58.471
4173	57.882
4174	59.235
4175	59.804
4176	58.529
4177	58.235
4178	58.745
4179	57.922
4180	58.216
4181	57.51
4182	57.627
4183	56.725
4184	56.745
4185	56.314
4186	56.529
4187	56.765
4188	56.863
4189	57.137
4190	57.02
4191	55.294
4192	56.765
4193	56.353
4194	55.961
4195	55.882
4196	55.804
4197	56.059
4198	57.294
4199	56.431
4200	55.98
4201	56.49
4202	54.627
4203	56.275
4204	55.039
4205	55.686
4206	57.078
4207	55.137
4208	56.039
4209	57.196
4210	56.098
4211	56.49
4212	56.255
4213	54.902
4214	56.431
4215	55.863
4216	55.431
4217	55.922
4218	55.824
4219	56.039
4220	55.451
4221	55.784
4222	54.647
4223	56.922
4224	56.333
4225	56.098
4226	56.02
4227	55.569
4228	56.098
4229	55.725
4230	56.098
4231	54.588
4232	55.137
4233	54.51
4234	55.451
4235	53.549
4236	56.431
4237	56.451
4238	55.314
4239	54.608
4240	54.922
4241	54.98
4242	55.569
4243	55.49
4244	56.078
4245	55.294
4246	55.804
4247	54.863
4248	54.059
4249	56.039
4250	53.627
4251	55.078
4252	55.843
4253	54.863
4254	56.941
4255	58.275
4256	59.608
4257	60.118
4258	62.51
4259	62.137
4260	64.039
4261	62.863
4262	64.059
4263	63.804
4264	63.373
4265	62.333
4266	61.569
4267	63.255
4268	64.078
4269	62.804
4270	63.471
4271	60.353
4272	62.176
4273	62.02
4274	62.373
4275	60.902
4276	61.725
4277	61.647
4278	60.255
4279	62.51
4280	61.882
4281	60.51
4282	60.02
4283	60.039
4284	59.529
4285	61.686
4286	61.627
4287	59.569
4288	59.961
4289	59.804
4290	59.216
4291	58.765
4292	58.725
4293	59.863
4294	58.176
4295	59
4296	59.137
4297	58.608
4298	58.078
4299	57.745
4300	58.039
4301	57
4302	58.373
4303	57.039
4304	58.333
4305	57.078
4306	58.039
4307	57.843
4308	58.627
4309	57.235
4310	57.725
4311	58.216
4312	56.98
4313	57.392
4314	56.882
4315	57.922
4316	57.961
4317	58.078
4318	56.588
4319	56.706
4320	56.588
4321	57.49
4322	57.451
4323	57.294
4324	56.353
4325	56.314
4326	57.059
4327	56.784
4328	55.608
4329	56.059
4330	56.588
4331	56.745
4332	56.588
4333	55.078
4334	55.745
4335	56.804
4336	58.412
4337	55.765
4338	55.686
4339	56.627
4340	56.49
4341	55.745
4342	54.863
4343	57.098
4344	54.51
4345	56.863
4346	55.294
4347	56.725
4348	56.333
4349	55.745
4350	55.059
4351	55.373
4352	54.314
4353	55.608
4354	54.627
4355	54.451
4356	55.353
4357	55.431
4358	55.471
4359	55.922
4360	54.961
4361	56.627
4362	53.451
4363	55.216
4364	54.176
4365	55.706
4366	54.471
4367	55.078
4368	54.882
4369	55.098
4370	54.765
4371	54.608
4372	55.176
4373	55.608
4374	54.882
4375	54.294
4376	54.118
4377	53.353
4378	55.314
4379	55.784
4380	55.451
4381	55.314
4382	56.294
4383	54.235
4384	55.157
4385	54.784
4386	54.176
4387	52.314
4388	55.314
4389	55.137
4390	54.275
4391	54.314
4392	55.608
4393	53.216
4394	53.039
4395	54.804
4396	54.216
4397	54.667
4398	54.824
4399	55.608
4400	54.941
4401	53.863
4402	55.647
4403	54.686
4404	55.157
4405	54.549
4406	55.431
4407	56.176
4408	54.373
4409	54.784
4410	55.294
4411	55.647
4412	55.647
4413	54.118
4414	55.647
4415	53.882
4416	55.255
4417	55.275
4418	53.49
4419	55.255
4420	54.902
4421	54.804
4422	53.882
4423	54.529
4424	54.569
4425	54.196
4426	56.02
4427	56.961
4428	58.471
4429	59.647
4430	61.137
4431	62.412
4432	61.588
4433	63.196
4434	63.529
4435	63.235
4436	62.451
4437	62.765
4438	61.667
4439	61.02
4440	61.608
4441	59.922
4442	60.196
4443	60.059
4444	60.686
4445	60.314
4446	59.941
4447	60.118
4448	61.196
4449	59.51
4450	59.608
4451	60.667
4452	60.431
4453	58.235
4454	58.549
4455	58.529
4456	59.078
4457	58.392
4458	60
4459	59.157
4460	58.02
4461	58.314
4462	57.882
4463	57.549
4464	57.235
4465	58.451
4466	58.49
4467	56.922
4468	57.137
4469	57.098
4470	57.431
4471	56.412
4472	57.647
4473	56.843
4474	57.471
4475	57.196
4476	57.098
4477	56.588
4478	56.471
4479	56.078
4480	57.078
4481	56.49
4482	56.941
4483	56.471
4484	56.922
4485	54.98
4486	56.98
4487	56.902
4488	54.431
4489	55.902
4490	55.196
4491	54.765
4492	53.667
4493	56.196
4494	55.569
4495	55.216
4496	54.059
4497	55.843
4498	55.255
4499	56.255
4500	53.882
4501	55.431
4502	56.02
4503	54.804
4504	53.804
4505	55.235
4506	55
4507	55
4508	56.118
4509	55.196
4510	56.196
4511	53.784
4512	54.882
4513	53.608
4514	55.529
4515	55.157
4516	56.059
4517	53.863
4518	55
4519	53.216
4520	55.157
4521	55.275
4522	56.039
4523	54.196
4524	54.765
4525	55.49
4526	55.98
4527	55.647
4528	55.196
4529	55.392
4530	55.569
4531	57.333
4532	55.098
4533	54.667
4534	54.176
4535	55.569
4536	55.392
4537	54.098
4538	54.784
4539	54.784
4540	55.608
4541	53.961
4542	55.059
4543	55.078
4544	54.216
4545	54.706
4546	54.549
4547	54.588
4548	54.49
4549	54.667
4550	54.333
4551	55
4552	54.941
4553	53.804
4554	53.059
4555	54.686
4556	55.216
4557	53.843
4558	54.922
4559	53.686
4560	54.863
4561	54.647
4562	54.157
4563	54.647
4564	55.608
4565	54.471
4566	53.216
4567	54.667
4568	54.431
4569	53.922
4570	52.51
4571	53.667
4572	55.039
4573	55.431
4574	53.843
4575	54.706
4576	55.961
4577	54.706
4578	54.137
4579	54.725
4580	55.902
4581	54.902
4582	52.549
4583	54.49
4584	55.137
4585	55.902
4586	56.078
4587	58.294
4588	60.706
4589	61.902
4590	62.569
4591	60.373
4592	62.608
4593	62.02
4594	61.784
4595	62.059
4596	61.843
4597	60.196
4598	59.863
4599	60.725
4600	60.431
4601	60.314
4602	60.275
4603	58.529
4604	59.98
4605	57.588
4606	57.863
4607	58.392
4608	58.471
4609	60.275
4610	58.902
4611	59.373
4612	58.569
4613	58.157
4614	57.451
4615	59.588
4616	57.667
4617	57.745
4618	58.255
4619	57.863
4620	57.608
4621	57.176
4622	57.196
4623	58.294
4624	57.098
4625	56.941
4626	57.706
4627	56.804
4628	58.686
4629	56.98
4630	55.451
4631	57.667
4632	57.882
4633	57.02
4634	57.098
4635	56.784
4636	56.824
4637	56.863
4638	57.51
4639	57.961
4640	56.922
4641	56.549
4642	56.686
4643	55
4644	55.902
4645	56.98
4646	55.294
4647	57.882
4648	57.373
4649	55.49
4650	56.863
4651	54.412
4652	57.255
4653	55.608
4654	55.529
4655	56.706
4656	54.804
4657	55.255
4658	55.275
4659	56.196
4660	55.784
4661	55.196
4662	55.294
4663	55.706
4664	54.961
4665	53.431
4666	55.588
4667	54.824
4668	55.137
4669	55.471
4670	54.804
4671	54.549
4672	55.765
4673	54.078
4674	55.608
4675	55.412
4676	55.314
4677	53.412
4678	54.235
4679	55.216
4680	55.039
4681	55.216
4682	54.255
4683	54.451
4684	55.118
4685	55.686
4686	55.216
4687	54.235
4688	55.294
4689	54.98
4690	55.373
4691	54.196
4692	54.824
4693	54.902
4694	54.706
4695	55.51
4696	55.216
4697	54.49
4698	55.51
4699	54.392
4700	54.843
4701	54.471
4702	55.294
4703	53.824
4704	53.843
4705	55.412
4706	54.569
4707	54.98
4708	55.137
4709	55.902
4710	53.941
4711	52.882
4712	54.627
4713	54.431
4714	55.275
4715	53.255
4716	54.392
4717	53.902
4718	54.647
4719	54.412
4720	54.216
4721	54.569
4722	54.294
4723	55.49
4724	55.725
4725	53.804
4726	54.745
4727	54.176
4728	54.353
4729	54.549
4730	54.686
4731	52.961
4732	54.627
4733	53.863
4734	53
4735	53.824
4736	55.294
4737	53.961
4738	54.569
4739	53.412
4740	54.627
4741	53.353
4742	52.824
4743	54.549
4744	56.059
4745	59.039
4746	59.471
4747	60.98
4748	60.961
4749	62.02
4750	61.863
4751	63.255
4752	63.49
4753	62.294
4754	61.98
4755	61.176
4756	59.686
4757	60.294
4758	61.216
4759	60.373
4760	60.294
4761	61.078
4762	60.098
4763	58.843
4764	59.451
4765	58.608
4766	59.196
4767	58.804
4768	59.902
4769	59.098
4770	58.627
4771	59
4772	58.608
4773	59.196
4774	57.941
4775	58.157
4776	57.863
4777	57.412
4778	58.902
4779	57.804
4780	58.216
4781	57.549
4782	56.843
4783	59.627
4784	56.039
4785	57.569
4786	57.471
4787	55.804
