1	65.203
2	65.953
3	66.297
4	68.047
5	67.453
6	67.625
7	66.484
8	67.141
9	67.109
10	65.891
11	66.906
12	65.812
13	66.781
14	66.406
15	66.484
16	64.469
17	66.844
18	66.016
19	66.531
20	64.891
21	65.828
22	66.062
23	66.828
24	65.984
25	66.578
26	65.953
27	66.453
28	66.297
29	66.297
30	65.469
31	65.203
32	66.625
33	65.328
34	67.094
35	66.328
36	65.406
37	66.078
38	67.5
39	66.625
40	65.391
41	66.5
42	67.672
43	67.609
44	66.141
45	66.844
46	67.016
47	67.047
48	66.859
49	67.422
50	67.469
51	66.922
52	66.641
53	65.391
54	67.922
55	68.672
56	65.562
57	66.5
58	66.141
59	66.891
60	66.141
61	67.375
62	68.25
63	71.297
64	68.703
65	69.484
66	69.781
67	71.328
68	70.406
69	70.766
70	69.203
71	69.234
72	69.219
73	68.703
74	69.375
75	66.516
76	68.391
77	66.719
78	68.141
79	68.406
80	67.75
81	66.531
82	67.016
83	67.219
84	67.391
85	67.469
86	69.141
87	67
88	67.562
89	66.078
90	67.219
91	66.781
92	66.531
93	67.609
94	67.156
95	66.609
96	66.75
97	67.016
98	67.016
99	67.219
100	68.781
101	68.766
102	69.125
103	69.594
104	73.109
105	73.719
106	76.062
107	76.234
108	77.391
109	77.156
110	79.125
111	78.797
112	80.922
113	78.812
114	80.203
115	80.766
116	79.281
117	78.406
118	79.156
119	79.312
120	79.797
121	79.422
122	79.328
123	79.969
124	79.375
125	79.859
126	79.391
127	78.641
128	79.547
129	79.406
130	79.312
131	78
132	77.406
133	78.328
134	77.703
135	77.281
136	77.781
137	78.281
138	77.188
139	76.625
140	76.625
141	77.625
142	78.422
143	76.469
144	75.797
145	76.078
146	75.328
147	74.781
148	76.469
149	75.859
150	75.594
151	75.938
152	74.625
153	75.797
154	74.625
155	73.547
156	74.484
157	73.938
158	74.266
159	74.078
160	75.219
161	74.25
162	73.719
163	73.719
164	74.406
165	74.062
166	71.984
167	74.328
168	72.438
169	73.188
170	73.766
171	73.547
172	71.938
173	73.375
174	71.953
175	71.203
176	71.922
177	73.203
178	71.578
179	71.844
180	71.328
181	72.734
182	72.078
183	71.016
184	72.328
185	71.562
186	71.312
187	70.219
188	72.109
189	72.75
190	71.359
191	70.984
192	71.328
193	70.859
194	70.094
195	71.156
196	71.953
197	71.719
198	70.844
199	71.5
200	70.062
201	69.656
202	71.297
203	70.562
204	71.062
205	68.609
206	71.547
207	69.641
208	68.859
209	72.109
210	73.172
211	73.016
212	72.438
213	73.203
214	73.391
215	72.734
216	73.219
217	73.219
218	71.484
219	72.016
220	72.797
221	72.844
222	72.625
223	72.641
224	71.984
225	71.703
226	71.406
227	71.5
228	71.156
229	71.328
230	70.078
231	68.703
232	71.125
233	70.297
234	70.781
235	69.484
236	69.062
237	71.562
238	69.953
239	71.688
240	71.344
241	69.406
242	70.016
243	69.297
244	70.188
245	69.531
246	69.531
247	70.672
248	68.609
249	67.281
250	67.891
251	69.609
252	68.578
253	70.031
254	69.672
255	69.828
256	68.422
257	69.141
258	69.25
259	69.219
260	68.672
261	69.422
262	67.656
263	69.734
264	69.672
265	68.094
266	68.062
267	66.938
268	69.438
269	68.562
270	69.109
271	69.938
272	68.922
273	69.453
274	70.031
275	69.469
276	69.641
277	69.453
278	68.922
279	68.828
280	69.828
281	69.109
282	68.609
283	70.656
284	68.938
285	67.641
286	68.172
287	69.703
288	67.922
289	67.609
290	69.062
291	67.812
292	69.75
293	66.406
294	68.578
295	67.672
296	68.953
297	67.969
298	67.344
299	67.609
300	67.656
301	68.5
302	66.875
303	67.484
304	68.016
305	68.141
306	66.719
307	68.094
308	68.297
309	68.25
310	68.203
311	67.469
312	67.797
313	67.484
314	67.75
315	67.266
316	68.031
317	67.516
318	66.719
319	66.438
320	66.859
321	67.656
322	66.656
323	68.422
324	68.484
325	67.734
326	67.281
327	67.25
328	67.844
329	66.953
330	66.875
331	66.609
332	67.359
333	66.703
334	67.875
335	67.031
336	68.812
337	66.859
338	65.719
339	68.328
340	68.266
341	66.25
342	66.766
343	65.969
344	66.938
345	65.125
346	66.797
347	66.531
348	66.547
349	65.641
350	68.047
351	68.406
352	69.438
353	70.469
354	70.922
355	70.078
356	72.203
357	69.656
358	69.125
359	69.094
360	69.953
361	69.547
362	69.5
363	68.844
364	68.812
365	68.688
366	69.656
367	69.25
368	68.188
369	67.531
370	66.344
371	68.328
372	68.656
373	67.859
374	67.938
375	67
376	67.562
377	67.25
378	66.625
379	67.781
380	66.641
381	67.953
382	65.828
383	66.938
384	66.125
385	67.016
386	67.219
387	66.688
388	67.938
389	66.703
390	68.172
391	67.703
392	65.656
393	66.328
394	66.875
395	66.969
396	66.25
397	67.219
398	66.578
399	66.969
400	66.562
401	66.25
402	67
403	67.625
404	66.109
405	66.672
406	66.266
407	66.234
408	65.812
409	66.938
410	66.375
411	67.438
412	67.391
413	67.938
414	65.344
415	67.125
416	65.438
417	66.703
418	65.5
419	66.719
420	65.672
421	66.594
422	65.594
423	66.078
424	65.672
425	63.344
426	65.797
427	66.859
428	65.984
429	64.938
430	67.422
431	65.375
432	66.812
433	66.062
434	68.688
435	65.625
436	66.281
437	66.172
438	66.078
439	64.859
440	67.234
441	66.109
442	65.172
443	65.266
444	66.172
445	65.891
446	64.781
447	65.969
448	66.844
449	65.859
450	65.828
451	66.781
452	65.594
453	65.156
454	65.484
455	66.109
456	65.688
457	65.125
458	67
459	63.375
460	67.406
461	64.672
462	65.75
463	65.703
464	66.234
465	65.938
466	65.688
467	66.719
468	66.578
469	65.375
470	65.234
471	66.531
472	66.109
473	66.125
474	67.016
475	65.781
476	65.938
477	65.359
478	65.141
479	66.359
480	65.578
481	63.438
482	65.781
483	64.25
484	67.062
485	65.406
486	67.141
487	66.484
488	65.375
489	65.75
490	65.906
491	66
492	66.281
493	67.031
494	65.094
495	65.266
496	67.234
497	65.609
498	64.672
499	67.109
500	64.094
501	65.375
502	66.156
503	65.688
504	66.438
505	65.891
506	65.766
507	65.938
508	65.656
509	65.516
510	65.109
511	65.281
512	65.391
513	66.484
514	65.516
515	65.891
516	65.797
517	65.438
518	66.297
519	65.375
520	65.578
521	65.203
522	64.609
523	65.719
524	65.391
525	66.406
526	65.672
527	65.891
528	66.359
529	65.359
530	65.359
531	65.875
532	65.688
533	66.344
534	64.797
535	64.594
536	66.141
537	65.203
538	66.641
539	64.703
540	65.734
541	66.719
542	65.859
543	65.844
544	64.766
545	65.781
546	64.938
547	65.469
548	65.297
549	65.984
550	65.656
551	66
552	65.953
553	65.422
554	65.125
555	66.125
556	65.125
557	65.109
558	65.016
559	65.625
560	64.984
561	65.266
562	66.844
563	66.156
564	65.891
565	65.859
566	64.328
567	65.406
568	65.25
569	65.531
570	66.688
571	65.312
572	65.953
573	65.078
574	64.609
575	65.328
576	63.828
577	63.984
578	64.547
579	64.344
580	64.672
581	66.281
582	65.531
583	67.422
584	66.953
585	67.391
586	70.172
587	69.016
588	69.125
589	68.875
590	69.469
591	69.484
592	68.359
593	68.453
594	68.203
595	67.406
596	66.719
597	67.203
598	66.406
599	66.375
600	65.703
601	67.609
602	64.109
603	65.094
604	65.406
605	65.031
606	67.25
607	66.141
608	65.156
609	65.703
610	64.375
611	65.531
612	65.812
613	65.344
614	65.281
615	64.828
616	66.188
617	64.719
618	67
619	65.766
620	65.172
621	64.031
622	65.609
623	65.5
624	65.922
625	66.719
626	65.422
627	65.375
628	65.156
629	64.062
630	65.078
631	65.312
632	64.859
633	65.719
634	64.578
635	66.266
636	64.531
637	67.141
638	64.844
639	65.953
640	66
641	65.844
642	66.234
643	66.266
644	64.797
645	64.547
646	65.5
647	65.594
648	66.406
649	66.406
650	66.109
651	66.094
652	65.156
653	66.844
654	65.766
655	66.031
656	65.484
657	67.859
658	64.938
659	65.484
660	66.156
661	66
662	65.656
663	66.531
664	65.688
665	65.547
666	64.391
667	65.047
668	65.797
669	64.25
670	65.172
671	65.641
672	65.234
673	65.094
674	64.672
675	63.859
676	64.688
677	65.375
678	64.547
679	67.359
680	68.562
681	67.875
682	68.406
683	70.078
684	68.734
685	68.172
686	67.703
687	67.297
688	68.922
689	68.375
690	68.359
691	65.938
692	67.562
693	67.109
694	65.844
695	67.469
696	65.094
697	65.547
698	65.719
699	66.281
700	66.906
701	65.422
702	64.266
703	66.344
704	66.438
705	66.25
706	66.234
707	65.375
708	65.109
709	65.625
710	66.281
711	66.219
712	64.969
713	66.234
714	67.688
715	64.703
716	66.594
717	65.016
718	65.281
719	64.875
720	64.938
721	64.562
722	65.172
723	65.062
724	65.469
725	66
726	65.766
727	66.547
728	66.172
729	67.188
730	65.953
731	65.641
732	66.078
733	65.734
734	64.75
735	65.844
736	65.328
737	65.828
738	64.828
739	65.094
740	63.641
741	65.078
742	63.172
743	65.062
744	65.094
745	64.062
746	64.656
747	65.062
748	64.828
749	64.297
750	65.234
751	65.984
752	65.859
753	64.984
754	66
755	66.203
756	63.781
757	64.859
758	64.359
759	64.75
760	65.047
761	64.172
762	64.422
763	63.5
764	64.188
765	63.891
766	64.141
767	64.984
768	64.188
769	64.578
770	63.859
771	64.656
772	65.344
773	65.172
774	64.297
775	65.062
776	65.328
777	64.484
778	65.156
779	65.156
780	63.938
781	65.359
782	63.719
783	64.891
784	65.328
785	64.781
786	66.047
787	65.234
788	65.859
789	64.266
790	64.828
791	65.281
792	64.781
793	65.438
794	65.109
795	65.438
796	65.297
797	65.172
798	64.594
799	65.594
800	64.781
801	65.203
802	63.422
803	64.891
804	64.609
805	65.375
806	65.25
807	63.859
808	64.75
809	64.531
810	65.219
811	64.875
812	65.578
813	64.734
814	65.969
815	65.312
816	65.641
817	64.578
818	64.031
819	64.391
820	64.141
821	64.656
822	62.422
823	64.172
824	63.922
825	64.078
826	63.625
827	63.922
828	64.797
829	65.016
830	65.609
831	65.578
832	64.766
833	64.469
834	64.969
835	64.484
836	64.969
837	63.922
838	62.734
839	64.859
840	64.359
841	63.375
842	63.625
843	64.031
844	64.531
845	62.906
846	62.781
847	63.812
848	63.156
849	64.156
850	64.375
851	63.969
852	64.172
853	64.781
854	66.125
855	63.906
856	65.406
857	64.781
858	66.047
859	64.609
860	65
861	63.266
862	63.234
863	65.016
864	64.891
865	64.328
866	64.844
867	63.391
868	63.219
869	65
870	64.75
871	64.328
872	64.125
873	64.953
874	64.922
875	65.016
876	64.266
877	64.812
878	65.031
879	65.906
880	64.688
881	65.219
882	64.406
883	65.469
884	64.406
885	64.547
886	64.297
887	64.703
888	64.922
889	63.75
890	63.672
891	65.984
892	64.062
893	66.125
894	66.922
895	68
896	67.531
897	68.406
898	67.781
899	67.984
900	68.078
901	68.266
902	68.047
903	68.391
904	67.484
905	65.672
906	66.094
907	67.062
908	66.781
909	65.281
910	65.297
911	65.922
912	67.781
913	67.25
914	68.375
915	66.828
916	69.422
917	67.984
918	68.734
919	66.984
920	67.766
921	65.719
922	67.531
923	67.781
924	66.25
925	66.312
926	67.156
927	66.859
928	66.875
929	68.062
930	66.688
931	65.734
932	66.344
933	66.672
934	68.203
935	65.266
936	65.234
937	66.688
938	65.266
939	66.375
940	66.219
941	66.391
942	66.594
943	67.078
944	67.094
945	65.391
946	65.25
947	66.516
948	66.859
949	66.469
950	65.906
951	66.344
952	65.766
953	66.734
954	66.547
955	65.328
956	65.609
957	67.328
958	65.859
959	64.625
960	65.172
961	66.516
962	65.25
963	65.797
964	66.328
965	65.672
966	64.062
967	64.875
968	66.797
969	65.875
970	65.5
971	65.906
972	67.516
973	67.875
974	68.953
975	69.234
976	69.953
977	68.609
978	68.25
979	69.625
980	68.203
981	67.844
982	66.625
983	68.375
984	67.844
985	68.156
986	66.594
987	65.359
988	66.578
989	65.312
990	66.047
991	65.484
992	65.391
993	65.938
994	66.844
995	65.672
996	65.688
997	66.297
998	67.438
999	66.906
1000	66.094
1001	67.016
1002	66.203
1003	67.125
1004	67.344
1005	64.391
1006	65.516
1007	65.641
1008	66.172
1009	67.016
1010	65.469
1011	66.438
1012	66.844
1013	65.703
1014	65.141
1015	66.062
1016	65.562
1017	64.906
1018	66.297
1019	66.016
1020	66.969
1021	64.531
1022	66
1023	67.188
1024	66.062
1025	65.344
1026	65.125
1027	65.297
1028	65.156
1029	65.953
1030	66.203
1031	64.953
1032	65.469
1033	64.844
1034	65.641
1035	65.969
1036	65.562
1037	66.062
1038	65.031
1039	65.609
1040	65.875
1041	65.297
1042	66.281
1043	65.641
1044	65.219
1045	65.438
1046	65.422
1047	66.844
1048	65.781
1049	65.031
1050	65.438
1051	66.062
1052	66.125
1053	65.656
1054	64.828
1055	67.359
1056	64.906
1057	65.312
1058	65.859
1059	64.984
1060	65.078
1061	65.469
1062	66.578
1063	65.859
1064	64.531
1065	66.359
1066	65.719
1067	65.969
1068	65.062
1069	64.297
1070	65.438
1071	65.297
1072	65.922
1073	66.203
1074	64.141
1075	65.734
1076	65.328
1077	66.047
1078	65.328
1079	66.125
1080	65.453
1081	65.797
1082	64.844
1083	65.547
1084	65.219
1085	65.312
1086	65.438
1087	65.422
1088	65.125
1089	65.719
1090	64.953
1091	65.906
1092	64.719
1093	65.703
1094	64.797
1095	65.625
1096	64.844
1097	65.688
1098	65.734
1099	64.641
1100	65.047
1101	65.688
1102	66.016
1103	64.766
1104	65.734
1105	64.484
1106	65.938
1107	65.594
1108	66.766
1109	66.156
1110	64.156
1111	65.406
1112	67.359
1113	67.203
1114	65.156
1115	64.266
1116	66.047
1117	66.406
1118	67.672
1119	66.578
1120	64.297
1121	66.578
1122	65.922
1123	64.719
1124	64.406
1125	65.469
1126	65.656
1127	65.047
1128	65.781
1129	65.078
1130	65.25
1131	64.234
1132	65.438
1133	66.281
1134	65.188
1135	64.656
1136	65.828
1137	64.406
1138	65.25
1139	65.609
1140	65
1141	64.719
1142	65.781
1143	66.125
1144	65.469
1145	65.516
1146	64.562
1147	65.078
1148	64.344
1149	64.297
1150	64.719
1151	65.188
1152	65.219
1153	64.609
1154	64.484
1155	64.812
1156	65.672
1157	64.672
1158	65.953
1159	65.172
1160	65.219
1161	64.109
1162	65.031
1163	65.25
1164	64.828
1165	63.547
1166	64.375
1167	65.5
1168	65.328
1169	63.953
1170	64.453
1171	64.703
1172	63.766
1173	65.234
1174	65.453
1175	66.094
1176	65.281
1177	66.562
1178	65.703
1179	64.641
1180	64.828
1181	64.188
1182	63.875
1183	64.797
1184	64.828
1185	63.438
1186	64.453
1187	65.531
1188	65.172
1189	64.438
1190	64.969
1191	64.25
1192	63.328
1193	63.453
1194	65.047
1195	64.422
1196	64.719
1197	65.125
1198	65.516
1199	62.938
1200	64.625
1201	64.469
1202	64.844
1203	63.812
1204	64.781
1205	64.016
1206	63.484
1207	64.688
1208	63.219
1209	63.953
1210	64.609
1211	64.219
1212	65
1213	64.359
1214	64.5
1215	64.859
1216	66.016
1217	64.688
1218	63.812
1219	64.375
1220	64.25
1221	65.156
1222	65.203
1223	65.828
1224	66.688
1225	63.969
1226	66.062
1227	66.984
1228	67.344
1229	66.625
1230	66.141
1231	67.422
1232	65.672
1233	64.719
1234	66.531
1235	66.578
1236	65.828
1237	65.297
1238	65.609
1239	66.219
1240	65.156
1241	64.094
1242	65.25
1243	65.719
1244	64.719
1245	66.109
1246	64.188
1247	65.375
1248	65.344
1249	64.547
1250	64.719
1251	65.094
1252	66.266
1253	65.469
1254	65.281
1255	65.469
1256	66.516
1257	65.75
1258	65.047
1259	66.312
1260	65.484
1261	65.516
1262	64.922
1263	65.203
1264	65.016
1265	65.969
1266	63.391
1267	64.812
1268	64.469
1269	64.5
1270	63.359
1271	65.172
1272	65.109
1273	64.938
1274	63.453
1275	64.016
1276	64.5
1277	65.844
1278	64.891
1279	64.438
1280	64.281
1281	65.047
1282	64.25
1283	66.25
1284	64.266
1285	64.844
1286	64.859
1287	65.734
1288	64.594
1289	63.734
1290	63.672
1291	65.625
1292	64.656
1293	65.078
1294	64.266
1295	65.047
1296	64.094
1297	64.938
1298	65.859
1299	64.375
1300	65.25
1301	64.469
1302	65.125
1303	65.656
1304	64.734
1305	64.172
1306	64.359
1307	65.516
1308	64.906
1309	64.406
1310	63.781
1311	63.844
1312	64.547
1313	63.812
1314	63.641
1315	64.719
1316	65.125
1317	64.375
1318	63.75
1319	64.094
1320	64.625
1321	65.344
1322	64.266
1323	63.438
1324	63.938
1325	63.609
1326	64.109
1327	64.094
1328	64.828
1329	65.297
1330	64.203
1331	64.922
1332	65.297
1333	64.438
1334	62.641
1335	64.672
1336	63.625
1337	64.453
1338	63.469
1339	64.672
1340	63.547
1341	64.734
1342	65.047
1343	64.391
1344	64.281
1345	64.203
1346	63.922
1347	63.953
1348	63.719
1349	65.359
1350	65.203
1351	64.203
1352	65.703
1353	65.375
1354	65.609
1355	64.453
1356	64.766
1357	62.828
1358	64.062
1359	64.547
1360	66.25
1361	64.125
1362	65.469
1363	65.25
1364	64.812
1365	65.438
1366	64.391
1367	64.594
1368	65.109
1369	63.219
1370	63.609
1371	63.062
1372	65
1373	64.375
1374	62.234
1375	63.672
1376	63.719
1377	63.203
1378	64.875
1379	62.766
1380	65.078
1381	63.875
1382	64.047
1383	64.281
1384	64.438
1385	64.312
1386	64.188
1387	65.031
1388	65.828
1389	64.172
1390	63.781
1391	64.516
1392	63.703
1393	64.281
1394	63.969
1395	63.328
1396	63.797
1397	64.484
1398	64.234
1399	65.25
1400	64.828
1401	64.906
1402	64.25
1403	65.531
1404	64.047
1405	66.984
1406	66.156
1407	65.5
1408	67.203
1409	67.797
1410	67.719
1411	66.328
1412	68.391
1413	65.266
1414	65.906
1415	66.359
1416	67.219
1417	66.453
1418	65.625
1419	65.672
1420	63.844
1421	63.703
1422	65.344
1423	65.625
1424	63.844
1425	64.406
1426	64.688
1427	64.688
1428	63.562
1429	64.547
1430	63.969
1431	65.562
1432	65.422
1433	63.281
1434	63.203
1435	64.938
1436	63.969
1437	64.562
1438	63.516
1439	63.422
1440	65
1441	64.859
1442	64.25
1443	64.266
1444	64.422
1445	64.781
1446	62.797
1447	64.172
1448	64.625
1449	63.859
1450	63.312
1451	63.531
1452	62.922
1453	64.5
1454	62.984
1455	64
1456	63.672
1457	64.562
1458	65.047
1459	63.938
1460	64.266
1461	62.344
1462	62.922
1463	64.406
1464	64.547
1465	64.094
1466	65.219
1467	64.625
1468	67.406
1469	67.641
1470	67.984
1471	66.875
1472	65.625
1473	66.547
1474	65.484
1475	65.562
1476	66.031
1477	66.266
1478	66.094
1479	66.516
1480	65.188
1481	65.109
1482	65.875
1483	65.344
1484	64.953
1485	63.375
1486	64.703
1487	65.109
1488	64.141
1489	65.047
1490	65.516
1491	64.781
1492	63
1493	63.078
1494	64.719
1495	63.641
1496	63.453
1497	64.734
1498	62.188
1499	65.188
1500	64.484
1501	63.734
1502	64.156
1503	65.266
1504	63.312
1505	63.375
1506	64.5
1507	65
1508	62.719
1509	63.891
1510	62.438
1511	64.453
1512	63.359
1513	65.219
1514	63.125
1515	64.297
1516	63.688
1517	62.922
1518	64.891
1519	64.766
1520	63.656
1521	64.906
1522	63.422
1523	63.922
1524	64.062
1525	63.969
1526	63.875
1527	62.891
1528	64.906
1529	63.859
1530	63.172
1531	63.531
1532	63.047
1533	62.891
1534	62.547
1535	62.531
1536	63.547
1537	65.25
1538	62.406
1539	63.031
1540	63.375
1541	64.047
1542	64.281
1543	63.125
1544	64.562
1545	64.75
1546	63.641
1547	63.297
1548	64.219
1549	63.219
1550	63.484
1551	63.641
1552	63.844
1553	63.078
1554	64.109
1555	63.594
1556	64.25
1557	62.484
1558	64.75
1559	64.016
1560	63.531
1561	64.516
1562	61.984
1563	63.172
1564	63.547
1565	63.594
1566	63.859
1567	64.734
1568	66.844
1569	66.328
1570	66.531
1571	68.266
1572	68.969
1573	67.312
1574	65.469
1575	67.125
1576	65.922
1577	64.719
1578	64.531
1579	64.219
1580	64.469
1581	64.938
1582	63.797
1583	63.469
1584	64.391
1585	64.062
1586	64.328
1587	63.906
1588	63.578
1589	64.422
1590	64.25
1591	63.594
1592	63.594
1593	63.75
1594	63.734
1595	64.062
1596	63.953
1597	62.594
1598	64.25
1599	63.25
1600	63.719
1601	64.188
1602	63
1603	64.797
1604	64.078
1605	63.656
1606	63.781
1607	62.953
1608	63.016
1609	64.203
1610	62.344
1611	64.016
1612	64.625
1613	64.109
1614	63.953
1615	63.812
1616	63.094
1617	63.344
1618	63.203
1619	63.953
1620	62.922
1621	62.047
1622	63.625
1623	62.922
1624	64.016
1625	63
1626	63.453
1627	63.469
1628	63.016
1629	63.766
1630	62.156
1631	63.375
1632	64.375
1633	64.797
1634	64
1635	62.969
1636	65.172
1637	65.656
1638	67.344
1639	67.141
1640	67.234
1641	66.719
1642	66.938
1643	66.75
1644	65.438
1645	64.219
1646	64.75
1647	64.797
1648	65.391
1649	65.25
1650	65.594
1651	64.906
1652	63.938
1653	62.672
1654	63.516
1655	63.688
1656	63.844
1657	63.484
1658	64.484
1659	65.047
1660	63.328
1661	63.766
1662	63.859
1663	63.219
1664	63.469
1665	62.766
1666	64.359
1667	63.812
1668	62.594
1669	62.672
1670	63.781
1671	62.188
1672	63.094
1673	63.031
1674	63.578
1675	63.484
1676	65.266
1677	62.109
1678	63.875
1679	62.562
1680	62.766
1681	63.875
1682	62.891
1683	61.688
1684	62.469
1685	62.188
1686	63.359
1687	62.469
1688	62.859
1689	63.234
1690	62.312
1691	61.875
1692	64.078
1693	62.922
1694	63.156
1695	62.75
1696	63.406
1697	61.719
1698	63.203
1699	61.953
1700	62.469
1701	62.328
1702	63.688
1703	62.375
1704	61.734
1705	62.641
1706	62.25
1707	62.562
1708	61.781
1709	63
1710	62.828
1711	62.25
1712	63.297
1713	63.188
1714	63.312
1715	63.781
1716	62.594
1717	63.734
1718	63.109
1719	62.203
1720	61.844
1721	62.922
1722	62.547
1723	62.688
1724	62.125
1725	64.281
1726	65.188
1727	64.062
1728	64.453
1729	66.391
1730	67.484
1731	66.062
1732	66.219
1733	66.484
1734	65.938
1735	66.125
1736	65.453
1737	63.938
1738	63.453
1739	64.891
1740	64.859
1741	65.203
1742	64.422
1743	65.766
1744	63.047
1745	63.797
1746	61.594
1747	63.188
1748	63.734
1749	64.094
1750	63.875
1751	63.844
1752	63.516
1753	62.734
1754	63.281
1755	63.234
1756	63.141
1757	62.594
1758	63
1759	63.75
1760	63.328
1761	62.562
1762	63.141
1763	62.766
1764	62.891
1765	61.375
1766	63.844
1767	64.109
1768	62.672
1769	64.234
1770	62.578
1771	65.078
1772	62.938
1773	63.344
1774	63.734
1775	62.359
1776	64.578
1777	62.266
1778	62.984
1779	61.828
1780	62.547
1781	62.984
1782	63.094
1783	62.641
1784	64.094
1785	62.312
1786	63.531
1787	62.234
1788	62.859
1789	62.859
1790	63.516
1791	62.234
1792	61.844
1793	63.641
1794	62.25
1795	62.438
1796	63.5
1797	62.406
1798	62.359
1799	63.453
1800	62.578
1801	63.516
1802	63.5
1803	62.766
1804	63.266
1805	63.125
1806	63
1807	63.875
1808	63.141
1809	64.375
1810	64.422
1811	63.547
1812	63.391
1813	62.766
1814	62.328
1815	62.859
1816	62.547
1817	61.75
1818	62.094
1819	62.859
1820	63.281
1821	62.375
1822	62.406
1823	63.953
1824	63.438
1825	63.375
1826	62.812
1827	61.703
1828	62.891
1829	62.766
1830	62.938
1831	62.188
1832	62.859
1833	63.453
1834	64.484
1835	62.078
1836	63.562
1837	64.25
1838	62.672
1839	62.578
1840	63.016
1841	63.062
1842	63.375
1843	62.703
1844	63.594
1845	63.016
1846	63.938
1847	62.672
1848	61.594
1849	62.156
1850	62.828
1851	63.328
1852	63.328
1853	62.359
1854	61.625
1855	63.156
1856	62.625
1857	63.188
1858	62.438
1859	63.25
1860	62.906
1861	62.5
1862	61.906
1863	62.203
1864	62.469
1865	62.312
1866	61.609
1867	61.984
1868	62.094
1869	62.875
1870	61.688
1871	62.422
1872	62.156
1873	63.297
1874	62.688
1875	62.641
1876	62.75
1877	62.484
1878	61.578
1879	62.625
1880	62.375
1881	62.75
1882	62.469
1883	61.938
1884	62.641
1885	65.5
1886	65
1887	64.422
1888	64.828
1889	65.328
1890	63.766
1891	64.906
1892	64.547
1893	65.266
1894	63.406
1895	64.734
1896	63.828
1897	64.719
1898	64.859
1899	62.766
1900	63.609
1901	63.844
1902	63.062
1903	64.125
1904	63.125
1905	62.781
1906	63.938
1907	64.578
1908	63.359
1909	62.703
1910	63.594
1911	62.109
1912	62.516
1913	61.438
1914	63.438
1915	63.344
1916	63.641
1917	62.266
1918	63.453
1919	62.641
1920	62.969
1921	62.031
1922	63.516
1923	62.234
1924	61.906
1925	61.672
1926	61.484
1927	63.062
1928	63.062
1929	62.641
1930	61.859
1931	62.469
1932	62.984
1933	63.031
1934	61.906
1935	61.75
1936	62.266
1937	61.469
1938	62.625
1939	62.281
1940	61.125
1941	63.188
1942	63.266
1943	63.5
1944	63.156
1945	62.859
1946	62.672
1947	63.094
1948	64.156
1949	62.062
1950	62.094
1951	62.75
1952	64.406
1953	62.062
1954	63.875
1955	63.922
1956	63.25
1957	61.531
1958	62.484
1959	62.266
1960	63.406
1961	62.156
1962	61.641
1963	61.812
1964	62.641
1965	63.469
1966	62.344
1967	63.047
1968	62.766
1969	62.016
1970	62.531
1971	62.594
1972	62.328
1973	63.422
1974	61.938
1975	62.406
1976	62.656
1977	63.094
1978	61.953
1979	61.984
1980	62.297
1981	61.922
1982	63.281
1983	63.859
1984	62.062
1985	62.766
1986	62.797
1987	62.172
1988	61.469
1989	63.141
1990	62.422
1991	62.438
1992	62.516
1993	61.734
1994	61.422
1995	61.984
1996	62.297
1997	63.016
1998	63.406
1999	63.203
2000	62.281
2001	62.594
2002	63.156
2003	62.703
2004	62.469
2005	62.781
2006	61.828
2007	61.547
2008	63.172
2009	63.391
2010	61.453
2011	62.188
2012	62.062
2013	63.297
2014	61.453
2015	61.562
2016	62.234
2017	62.609
2018	62.453
2019	62.266
2020	63.234
2021	61.688
2022	62.828
2023	61.359
2024	62.859
2025	62.75
2026	61.234
2027	61.5
2028	63.047
2029	61.594
2030	62.875
2031	61.297
2032	62.984
2033	62.531
2034	63.078
2035	62.703
2036	63.125
2037	63.312
2038	62.797
2039	63.344
2040	62.047
2041	62.562
2042	63.047
2043	63.453
2044	63.578
2045	63.375
2046	63.688
2047	64.062
2048	65.969
2049	64.703
2050	63.406
2051	63.578
2052	62.844
2053	64.172
2054	64.719
2055	63.312
2056	63.844
2057	64.641
2058	62.406
2059	63.734
2060	63.547
2061	62.344
2062	61.672
2063	62.266
2064	63.562
2065	63.266
2066	62.969
2067	62.766
2068	61.406
2069	61.984
2070	62.562
2071	63.047
2072	62.422
2073	62.922
2074	62.156
2075	63.812
2076	62
2077	61.531
2078	63.281
2079	62.781
2080	63.109
2081	62.422
2082	62.906
2083	63.75
2084	62.891
2085	62.625
2086	62
2087	61.766
2088	62.141
2089	62.203
2090	62.359
2091	62.969
2092	62.906
2093	63.25
2094	62.516
2095	62.781
2096	62.469
2097	61.156
2098	62.719
2099	62.906
2100	63.688
2101	61.359
2102	62.906
2103	62.078
2104	62.391
2105	62.047
2106	61.266
2107	62.797
2108	60.781
2109	62.359
2110	62.547
2111	60.531
2112	62.922
2113	60.5
2114	60.562
2115	62.688
2116	61.828
2117	62.609
2118	60.656
2119	60.594
2120	63.156
2121	61.266
2122	62.656
2123	62.016
2124	63.672
2125	61.953
2126	61.531
2127	61.656
2128	62.812
2129	62.391
2130	61.469
2131	62.969
2132	61.625
2133	60.859
2134	62.281
2135	61.625
2136	61.938
2137	61.5
2138	62.359
2139	62.094
2140	61.797
2141	63.359
2142	62.859
2143	61.828
2144	62.75
2145	62.609
2146	61.594
2147	63.172
2148	61.062
2149	62.141
2150	61.422
2151	62.922
2152	62.797
2153	62.172
2154	61.922
2155	61.984
2156	61.328
2157	61.875
2158	61.922
2159	61.766
2160	62.828
2161	60.906
2162	62.156
2163	60.484
2164	60.906
2165	62.094
2166	62.578
2167	61.547
2168	63.344
2169	62.406
2170	61.984
2171	62.906
2172	62.578
2173	62.703
2174	61.922
2175	61.172
2176	59.906
2177	62.516
2178	62.219
2179	61.625
2180	62.344
2181	61.734
2182	61.719
2183	61.156
2184	62.828
2185	61.141
2186	62.594
2187	62.656
2188	62.125
2189	61.281
2190	60.953
2191	61.078
2192	61.938
2193	61.828
2194	61.141
2195	61.969
2196	61.297
2197	62.625
2198	60.891
2199	62.125
2200	60.906
2201	61.844
2202	61.344
2203	63.109
2204	63.938
2205	64.312
2206	63.734
2207	63.766
2208	63.172
2209	63.469
2210	64.859
2211	63.031
2212	64.312
2213	64.234
2214	63.156
2215	64.531
2216	63.75
2217	63.172
2218	62.219
2219	62.406
2220	63.969
2221	61.734
2222	62.578
2223	63.141
2224	63.422
2225	61.828
2226	62.891
2227	63.547
2228	63.094
2229	62.984
2230	61.109
2231	61.781
2232	62.828
2233	62.891
2234	61.25
2235	63.062
2236	62.547
2237	61.453
2238	62.297
2239	60.109
2240	61.594
2241	63.391
2242	62.266
2243	63.078
2244	61.438
2245	61.766
2246	61.562
2247	62.078
2248	62.438
2249	61.562
2250	61.141
2251	60.734
2252	62.391
2253	62.453
2254	61.094
2255	62.359
2256	61.047
2257	60.172
2258	61.219
2259	61.078
2260	60.672
2261	60.906
2262	62.688
2263	62.172
2264	62.625
2265	61.719
2266	62.25
2267	63.062
2268	63.219
2269	62.156
2270	61.781
2271	62.047
2272	62.156
2273	63.375
2274	62.141
2275	62.094
2276	60.297
2277	63.312
2278	61.953
2279	62.141
2280	62.922
2281	62.797
2282	62.375
2283	62.594
2284	61.891
2285	61.875
2286	63.25
2287	61.828
2288	61.094
2289	60.812
2290	63.266
2291	62.031
2292	62.016
2293	61.641
2294	61.812
2295	62.703
2296	62.391
2297	60.891
2298	61.438
2299	61.812
2300	63.609
2301	61.438
2302	61.578
2303	61.672
2304	60.688
2305	62.672
2306	61.578
2307	62.062
2308	61.391
2309	60.375
2310	61.734
2311	62.141
2312	60.828
2313	61.906
2314	61.625
2315	60.359
2316	61.906
2317	61.656
2318	61.406
2319	61.016
2320	63.047
2321	61.797
2322	62.375
2323	61.875
2324	61.953
2325	62.484
2326	61.781
2327	62.109
2328	61.422
2329	61.516
2330	61.172
2331	61.422
2332	60.688
2333	59.266
2334	61.547
2335	62.188
2336	61.391
2337	60.734
2338	61.875
2339	60.969
2340	60.703
2341	61.125
2342	62.328
2343	60.234
2344	60.344
2345	61.875
2346	61.188
2347	60.781
2348	60.688
2349	61.766
2350	61.844
2351	60.766
2352	61.328
2353	61.438
2354	60.984
2355	61.719
2356	60.484
2357	61.078
2358	61.844
2359	62.188
2360	62.25
2361	61.938
2362	63.656
2363	63.141
2364	65
2365	63.797
2366	64.672
2367	64.109
2368	64.672
2369	63.844
2370	64.438
2371	62.719
2372	62.234
2373	62.172
2374	65.562
2375	63.266
2376	63.562
2377	62.625
2378	63.719
2379	63.375
2380	60.828
2381	62.344
2382	62.734
2383	62.844
2384	63.25
2385	61.203
2386	62.672
2387	61.844
2388	61.922
2389	62.219
2390	62.047
2391	62.391
2392	62.531
2393	62.062
2394	60.828
2395	62.516
2396	62.453
2397	61.719
2398	60.109
2399	62.922
2400	60.703
2401	61.422
2402	62.688
2403	63.156
2404	62.281
2405	61.25
2406	61.562
2407	63.391
2408	61.969
2409	62.031
2410	61.578
2411	62.344
2412	62.172
2413	62.141
2414	62.141
2415	62.547
2416	62.297
2417	61.656
2418	61.031
2419	62.375
2420	61.625
2421	62.109
2422	60.266
2423	61.297
2424	61.375
2425	60.844
2426	61
2427	62.438
2428	61.531
2429	61.406
2430	62.453
2431	61.25
2432	61.219
2433	61.984
2434	61.859
2435	63.031
2436	62.672
2437	62.297
2438	63.062
2439	62.234
2440	61.859
2441	60.672
2442	61.281
2443	61.156
2444	60.812
2445	61.812
2446	61.328
2447	61.828
2448	61.578
2449	62.016
2450	61.328
2451	61.859
2452	61.547
2453	61.875
2454	60.562
2455	62.609
2456	60.625
2457	61.859
2458	61.438
2459	59.516
2460	61.969
2461	60.672
2462	61.219
2463	61.656
2464	61.625
2465	62.094
2466	60.609
2467	61.234
2468	59.922
2469	60.25
2470	62.594
2471	61.797
2472	61.141
2473	60.828
2474	61.359
2475	61.109
2476	60.484
2477	60.391
2478	62.453
2479	61.156
2480	61.641
2481	60.719
2482	62.297
2483	60.75
2484	61.219
2485	61.234
2486	61.031
2487	61.578
2488	60.312
2489	62.234
2490	61.609
2491	61.219
2492	59.469
2493	61.203
2494	60.328
2495	61.328
2496	61.047
2497	62.266
2498	61.562
2499	60.859
2500	61.234
2501	61.688
2502	61.312
2503	62.406
2504	61.812
2505	61.156
2506	60.609
2507	61.047
2508	62.188
2509	60.453
2510	60.812
2511	60.281
2512	61.016
2513	60.5
2514	61.453
2515	60.141
2516	61.578
2517	60.297
2518	61.062
2519	60.969
2520	62.375
2521	62.766
2522	63.75
2523	62.391
2524	64.453
2525	63.5
2526	62.828
2527	63.281
2528	63.078
2529	62.469
2530	61.859
2531	62.672
2532	61.797
2533	62.578
2534	62.25
2535	60.969
2536	61.297
2537	61.719
2538	60.938
2539	62.078
2540	63.516
2541	62.062
2542	61.297
2543	61.938
2544	61.625
2545	62.141
2546	61.359
2547	61.156
2548	62.297
2549	60.266
2550	63.625
2551	62.062
2552	61.094
2553	60.391
2554	61.984
2555	61.766
2556	61.344
2557	61.297
2558	60.828
2559	60.547
2560	61.453
2561	61.734
2562	60.719
2563	61.719
2564	60.609
2565	60.172
2566	60.812
2567	60.953
2568	60.344
2569	61.594
2570	61.438
2571	61.641
2572	61.641
2573	61.812
2574	60.812
2575	61.188
2576	61
2577	60.203
2578	60.062
2579	60.984
2580	60.719
2581	61.531
2582	62.141
2583	61.594
2584	61.391
2585	60.031
2586	59.422
2587	60.938
2588	61.641
2589	59.953
2590	61.328
2591	63.359
2592	60.359
2593	61.203
2594	60.375
2595	61.375
2596	59.938
2597	60.328
2598	61.656
2599	61.562
2600	59.953
2601	60.797
2602	61.312
2603	60.969
2604	60.156
2605	61.656
2606	61.875
2607	60.312
2608	60.531
2609	61.156
2610	61.438
2611	61.016
2612	59.688
2613	60.156
2614	60.781
2615	61.391
2616	61.844
2617	61.234
2618	61.281
2619	61.469
2620	59.594
2621	61.906
2622	60.781
2623	62.328
2624	60.859
2625	60.453
2626	59.578
2627	61.234
2628	61.438
2629	60.984
2630	60.203
2631	60.047
2632	60.969
2633	61.906
2634	60.422
2635	60.375
2636	61.859
2637	60.688
2638	61.062
2639	60.688
2640	60.5
2641	61.969
2642	61.438
2643	60.016
2644	60.828
2645	61.297
2646	60.969
2647	61.297
2648	60.891
2649	61.172
2650	61.141
2651	62.453
2652	62.594
2653	63.062
2654	62.031
2655	64.297
2656	63.422
2657	63.172
2658	63.594
2659	63.156
2660	62.578
2661	63.312
2662	62.047
2663	62.125
2664	61.812
2665	62.188
2666	62.875
2667	63.219
2668	62.672
2669	61.344
2670	62.891
2671	61
2672	62.266
2673	61.484
2674	62.438
2675	60.844
2676	62.297
2677	61.125
2678	61.547
2679	62.438
2680	63.031
2681	61.781
2682	62.75
2683	64.297
2684	63.969
2685	62.469
2686	62.281
2687	62.922
2688	61.094
2689	60.359
2690	62.359
2691	62.781
2692	61.078
2693	59.578
2694	62.219
2695	60.297
2696	61.312
2697	59.969
2698	61.359
2699	62.016
2700	62.625
2701	62.031
2702	61.625
2703	61.062
2704	62.375
2705	60.609
2706	61.594
2707	62.156
2708	61.047
2709	60.938
2710	62.344
2711	63.281
2712	60.781
2713	61.438
2714	61.859
2715	62.547
2716	62.359
2717	62.594
2718	61.828
2719	63.062
2720	61.344
2721	61.766
2722	61.312
2723	61.688
2724	61.016
2725	61.297
2726	61.422
2727	61.547
2728	62.406
2729	59.844
2730	61.344
2731	60.734
2732	62.094
2733	62.109
2734	60.625
2735	62.125
2736	61.844
2737	61.844
2738	61.094
2739	60.266
2740	61.219
2741	61.266
2742	60.453
2743	61.062
2744	59.109
2745	61.109
2746	61.203
2747	61.562
2748	61.859
2749	60.859
2750	60.812
2751	62.266
2752	60.953
2753	60.891
2754	60.078
2755	61.188
2756	61.219
2757	60.234
2758	61.578
2759	61.516
2760	61.484
2761	61.656
2762	61.25
2763	61.156
2764	61.609
2765	60.328
2766	60.484
2767	59.75
2768	61.875
2769	60.781
2770	61.438
2771	61.781
2772	59.703
2773	60.641
2774	60.281
2775	60.547
2776	61.188
2777	60.672
2778	60.75
2779	61.922
2780	61.734
2781	61.203
2782	60.484
2783	60.812
2784	60.438
2785	60.453
2786	61
2787	61.219
2788	61.234
2789	59.984
2790	60.469
2791	60.938
2792	60.5
2793	59.781
2794	61.922
2795	61.766
2796	60.125
2797	60.266
2798	60.578
2799	60.719
2800	61.25
2801	60.797
2802	60.656
2803	61.25
2804	61.516
2805	60.453
2806	62.844
2807	62.766
2808	62.875
2809	63.062
2810	63.344
2811	62.484
2812	62.062
2813	62.453
2814	62.047
2815	61.766
2816	60.922
2817	61.266
2818	61.594
2819	62.203
2820	61.875
2821	60.234
2822	61.359
2823	60.906
2824	61.906
2825	60.375
2826	60.875
2827	60.547
2828	62.047
2829	60.422
2830	62.766
2831	62.531
2832	61.812
2833	61.234
2834	62.328
2835	60.875
2836	60.781
2837	61.594
2838	62.781
2839	63.156
2840	63.578
2841	63.062
2842	63.562
2843	64.266
2844	63.172
2845	63.625
2846	62.109
2847	63.125
2848	62.234
2849	61.359
2850	62.078
2851	63.219
2852	62.203
2853	61.797
2854	62.703
2855	60.609
2856	61.344
2857	60.047
2858	60.375
2859	61.812
2860	61.266
2861	61.156
2862	62.688
2863	62.047
2864	61.172
2865	61.266
2866	59.969
2867	61.312
2868	61.312
2869	59.875
2870	61.719
2871	60.844
2872	61.328
2873	60.766
2874	60.484
2875	60.578
2876	60.906
2877	59.422
2878	60.734
2879	60.672
2880	60.266
2881	61.234
2882	61.297
2883	61.578
2884	61.875
2885	60.266
2886	60
2887	59.625
2888	60.984
2889	60.938
2890	61.312
2891	61.375
2892	61.094
2893	61.609
2894	61.484
2895	61.531
2896	60.953
2897	62.25
2898	60.922
2899	60.938
2900	60.875
2901	61.375
2902	62.219
2903	60.469
2904	62.672
2905	61.766
2906	61.906
2907	59.656
2908	61.578
2909	61.531
2910	61.359
2911	60.859
2912	61
2913	61.203
2914	60.5
2915	60.562
2916	61.25
2917	60.562
2918	61.219
2919	60.422
2920	60.625
2921	61.016
2922	60.047
2923	59.438
2924	60.375
2925	61.594
2926	59.297
2927	59.656
2928	61.297
2929	61.312
2930	60.781
2931	62.391
2932	60.016
2933	61.844
2934	59.594
2935	62.109
2936	60.984
2937	59.406
2938	61.047
2939	61.094
2940	61.219
2941	60.625
2942	61.109
2943	59.125
2944	60.453
2945	60.516
2946	60.031
2947	60.266
2948	59.094
2949	61.062
2950	60.688
2951	60.125
2952	61.438
2953	60.656
2954	59.719
2955	62.047
2956	60.219
2957	60.297
2958	61.547
2959	62.328
2960	61
2961	60.922
2962	60.219
2963	61.312
2964	60.438
2965	61.922
2966	61.906
2967	59.781
2968	60.922
2969	60.422
2970	60.984
2971	60.047
2972	60.578
2973	60.922
2974	60.125
2975	60.359
2976	60.703
2977	60.047
2978	60
2979	60.406
2980	60.562
2981	60.453
2982	59.984
2983	60.578
2984	61.594
2985	61.438
2986	61.156
2987	59.391
2988	60.109
2989	61.016
2990	60.375
2991	60.922
2992	59.953
2993	58.906
2994	60.906
2995	61.297
2996	61.016
2997	61.844
2998	62.078
2999	63.172
3000	63.797
3001	63.938
3002	63.109
3003	62.562
3004	63.438
3005	63.031
3006	63.406
3007	62.141
3008	63.344
3009	63.703
3010	62.781
3011	61.828
3012	60.984
3013	62.062
3014	61.812
3015	60.875
3016	62.266
3017	62.219
3018	60.953
3019	61.109
3020	61.562
3021	60.891
3022	60.188
3023	61.094
3024	59.422
3025	58.984
3026	61.281
3027	61.141
3028	61.047
3029	60.359
3030	62.047
3031	60.625
3032	61.422
3033	61.406
3034	60.828
3035	60.234
3036	61.547
3037	61.109
3038	61.594
3039	62
3040	61.422
3041	60.016
3042	59.609
3043	60.688
3044	60.766
3045	60.938
3046	60.938
3047	60.922
3048	60.078
3049	60.047
3050	61.375
3051	61.047
3052	61.062
3053	61.359
3054	61.203
3055	59.375
3056	61.172
3057	60.469
3058	61.375
3059	61.312
3060	60.938
3061	59.25
3062	61.031
3063	61.422
3064	60.203
3065	59.422
3066	61.047
3067	61.578
3068	59.969
3069	60.609
3070	61.219
3071	62.578
3072	61.469
3073	59.922
3074	60.141
3075	61.125
3076	59.953
3077	60.781
3078	60.781
3079	60.5
3080	61.266
3081	59.984
3082	60.75
3083	60.969
3084	60.438
3085	59.688
3086	61.281
3087	62.125
3088	59.625
3089	60.594
3090	58.969
3091	59.078
3092	61.375
3093	61.219
3094	59.109
3095	61.938
3096	60.172
3097	59.312
3098	60.391
3099	60.344
3100	60.562
3101	61.078
3102	60.188
3103	60.734
3104	61.016
3105	59.859
3106	60.656
3107	60.109
3108	60.844
3109	60.531
3110	60.766
3111	59.203
3112	59.109
3113	59.172
3114	60.156
3115	60.953
3116	60.531
3117	59.859
3118	60.156
3119	59.438
3120	60.344
3121	61.312
3122	59.656
3123	61.234
3124	60.125
3125	60.969
3126	59.531
3127	60.797
3128	59.438
3129	60.094
3130	60.344
3131	61.125
3132	60.734
3133	60.156
3134	61.422
3135	59.969
3136	59.859
3137	60.453
3138	60.531
3139	60.484
3140	61.359
3141	59.719
3142	60.469
3143	61.75
3144	60.016
3145	60.328
3146	60.422
3147	59.203
3148	62.469
3149	61.484
3150	60.062
3151	60.516
3152	60.547
3153	60.25
3154	60.156
3155	60.406
3156	62.281
3157	62.406
3158	63.875
3159	62.875
3160	62.938
3161	63.422
3162	64.531
3163	63.719
3164	62.859
3165	63.438
3166	62.062
3167	62.219
3168	63.672
3169	61.531
3170	61.953
3171	61.359
3172	62.547
3173	60.922
3174	61.734
3175	60.359
3176	61.062
3177	61.578
3178	60.828
3179	60.75
3180	60.953
3181	60.078
3182	60.25
3183	59.516
3184	59.797
3185	60.891
3186	61.281
3187	60.594
3188	61.328
3189	61.188
3190	60.266
3191	59.531
3192	60.125
3193	60.719
3194	61.625
3195	62.062
3196	60.094
3197	60.469
3198	60.125
3199	61.609
3200	59.938
3201	61.828
3202	60.391
3203	60.672
3204	60.062
3205	60.859
3206	59.625
3207	61
3208	60.578
3209	60.094
3210	59.031
3211	61.641
3212	59.781
3213	60.844
3214	60.469
3215	61.656
3216	59.875
3217	59.359
3218	60.781
3219	59.734
3220	59.906
3221	61.094
3222	60.25
3223	61.016
3224	61.234
3225	61.203
3226	58.969
3227	61.391
3228	61.156
3229	60.531
3230	60.453
3231	61.484
3232	60.672
3233	58.875
3234	60.641
3235	59.891
3236	60.516
3237	59.906
3238	59.438
3239	60.453
3240	60.141
3241	60.781
3242	60.078
3243	59.297
3244	59.969
3245	58.734
3246	60.453
3247	60.188
3248	59.953
3249	60.531
3250	59.062
3251	61.375
3252	60.875
3253	59.734
3254	59.125
3255	59.312
3256	59.531
3257	59.109
3258	60.797
3259	60.281
3260	60.375
3261	59.031
3262	60.469
3263	61.641
3264	61.969
3265	60.906
3266	61.969
3267	60.688
3268	61.609
3269	60.141
3270	61.344
3271	60.188
3272	61.672
3273	60.453
3274	59.75
3275	59.672
3276	62.047
3277	60.844
3278	60.453
3279	61.078
3280	60.172
3281	60.141
3282	61.094
3283	60.297
3284	61.094
3285	59.578
3286	59.734
3287	61.188
3288	61.094
3289	60.281
3290	59.406
3291	60.594
3292	59.906
3293	61.469
3294	60.484
3295	60.125
3296	60.391
3297	61.219
3298	59.875
3299	59.281
3300	60.531
3301	59.906
3302	59.688
3303	61.094
3304	60.172
3305	59.891
3306	60.125
3307	61.375
3308	60.375
3309	59.172
3310	61.266
3311	60.453
3312	60.25
3313	61.156
3314	61.234
3315	61.531
3316	62.516
3317	62.062
3318	62
3319	62.172
3320	62.797
3321	61.516
3322	62.078
3323	61.938
3324	62.859
3325	61.828
3326	62.266
3327	61.203
3328	62.234
3329	61.406
3330	61.031
3331	61.172
3332	62.203
3333	60.703
3334	61.172
3335	60.484
3336	60.469
3337	60.453
3338	60.734
3339	60.844
3340	62.219
3341	61.625
3342	60.969
3343	61.656
3344	59.594
3345	60.891
3346	61.672
3347	61.391
3348	59.547
3349	60.422
3350	60.562
3351	60.406
3352	60.172
3353	59.609
3354	60.406
3355	60.156
3356	59.516
3357	60.016
3358	61.047
3359	59.531
3360	59.812
3361	60.703
3362	60.922
3363	60.266
3364	60.5
3365	59.766
3366	60.719
3367	59
3368	59.562
3369	60.109
3370	59.078
3371	60.328
3372	58.953
3373	60.328
3374	59.609
3375	59.125
3376	60.422
3377	59.047
3378	60.578
3379	59.828
3380	60.062
3381	61.188
3382	59.172
3383	59.703
3384	59.094
3385	60.234
3386	59.312
3387	60.5
3388	59.969
3389	59.219
3390	61.281
3391	60.031
3392	59.406
3393	61.609
3394	60.5
3395	61.125
3396	59.25
3397	60.578
3398	60.781
3399	60.578
3400	61.625
3401	59.766
3402	59.766
3403	59.375
3404	60.781
3405	60.078
3406	60.438
3407	59.609
3408	59.75
3409	58.422
3410	59.422
3411	59.109
3412	60.172
3413	60.641
3414	58.438
3415	60.938
3416	61.062
3417	59.031
3418	60.016
3419	58.812
3420	58.422
3421	59.484
3422	59.984
3423	58.891
3424	60.469
3425	59.547
3426	58.219
3427	59.469
3428	59.766
3429	60.969
3430	60.609
3431	61.281
3432	60.438
3433	60.516
3434	60.359
3435	61.75
3436	62.062
3437	61.406
3438	63.25
3439	60.766
3440	62
3441	62.359
3442	62.203
3443	62.391
3444	61.578
3445	61.453
3446	61.734
3447	61.016
3448	61.516
3449	61.578
3450	62.031
3451	60.562
3452	61.281
3453	62.203
3454	61.328
3455	60.531
3456	60.922
3457	61.312
3458	61.234
3459	60.531
3460	60.812
3461	61.109
3462	62.016
3463	60.844
3464	61.688
3465	61.344
3466	60.422
3467	60.5
3468	61.422
3469	61.141
3470	60.391
3471	60.219
3472	60.562
3473	61.734
3474	62.672
3475	62.828
3476	61.219
3477	62.703
3478	61.969
3479	61.656
3480	60.359
3481	61.641
3482	60.297
3483	61.656
3484	61.781
3485	61.266
3486	61.641
3487	60.609
3488	60.578
3489	60.359
3490	59.391
3491	61.516
3492	60.156
3493	61.047
3494	60.297
3495	61.172
3496	59.531
3497	60.312
3498	60.5
3499	60.281
3500	60.953
3501	58.875
3502	59.078
3503	60.406
3504	61.266
3505	60.766
3506	59.906
3507	60.625
3508	59.5
3509	61.125
3510	61.141
3511	60.344
3512	60.75
3513	60.5
3514	59.047
3515	60.312
3516	61
3517	60.328
3518	60.156
3519	61
3520	60.844
3521	60.078
3522	59.578
3523	61.516
3524	59.984
3525	60.203
3526	58.719
3527	60.953
3528	59.328
3529	59.484
3530	60.141
3531	59.875
3532	59.297
3533	60.062
3534	59.188
3535	59.219
3536	60.125
3537	59.422
3538	59.5
3539	60.75
3540	60.156
3541	60.406
3542	58.875
3543	59.594
3544	59.391
3545	59.594
3546	60.141
3547	59.516
3548	60.25
3549	60.797
3550	59.312
3551	60.734
3552	60.703
3553	59.875
3554	59.75
3555	60.359
3556	60.797
3557	59.328
3558	59.891
3559	60.859
3560	60.797
3561	61.672
3562	59.578
3563	60.703
3564	59.203
3565	60.297
3566	59.938
3567	59.062
3568	59.641
3569	60.438
3570	58.312
3571	58.172
3572	60.688
3573	59.438
3574	60.922
3575	61.234
3576	60.25
3577	60.984
3578	60.953
3579	59.188
3580	59.875
3581	60.016
3582	59.391
3583	60.172
3584	60.391
3585	60.828
3586	61.062
3587	58.812
3588	60.484
3589	59.438
3590	59.984
3591	59.531
3592	60.328
3593	59.797
3594	59.578
3595	60.562
3596	60.844
3597	60.484
3598	59.859
3599	59.453
3600	60.266
3601	59.812
3602	59.844
3603	60.922
3604	60.219
3605	60.672
3606	60.75
3607	62.141
3608	62.141
3609	61.828
3610	62.016
3611	61.109
3612	62.391
3613	60
3614	60.516
3615	60.844
3616	60.906
3617	60.953
3618	61.25
3619	60.484
3620	59.672
3621	60.047
3622	60.422
3623	60.188
3624	60.047
3625	58.125
3626	59.469
3627	58.906
3628	60.312
3629	59.547
3630	58.906
3631	60.031
3632	61.547
3633	61.797
3634	62.656
3635	61.047
3636	62.281
3637	63.812
3638	61.797
3639	62.094
3640	60.219
3641	60.203
3642	60.125
3643	60.656
3644	61.203
3645	60.344
3646	60.422
3647	59.766
3648	61.109
3649	60.266
3650	61.703
3651	60.5
3652	60.719
3653	60.984
3654	60.266
3655	61.094
3656	61.375
3657	60.531
3658	59.703
3659	61.406
3660	60.656
3661	60.844
3662	59.656
3663	60.172
3664	60.438
3665	58.266
3666	59.016
3667	59.844
3668	59.609
3669	60.203
3670	60.906
3671	60.062
3672	60
3673	59.375
3674	60.297
3675	59.781
3676	60.578
3677	60.297
3678	61.703
3679	60.594
3680	60.484
3681	60.234
3682	60.766
3683	60.438
3684	61.656
3685	59.062
3686	59.875
3687	59.375
3688	58.641
3689	59.906
3690	58.391
3691	58.953
3692	60.438
3693	59.766
3694	59.828
3695	60.109
3696	60.625
3697	60.344
3698	61.219
3699	60.125
3700	60.484
3701	58.875
3702	61.062
3703	60.688
3704	60.547
3705	61.359
3706	60.625
3707	59.375
3708	60.422
3709	58.719
3710	59.25
3711	61.719
3712	60.859
3713	60.141
3714	59.484
3715	59.641
3716	58.531
3717	58.984
3718	59.453
3719	59.188
3720	60.625
3721	60.969
3722	58.359
3723	59.766
3724	60.078
3725	60.109
3726	59.922
3727	60.062
3728	59.484
3729	58.109
3730	59.953
3731	60.453
3732	60.547
3733	59.766
3734	60.547
3735	58.812
3736	59.5
3737	59.438
3738	58.297
3739	59.234
3740	60.703
3741	59.938
3742	59.062
3743	60.812
3744	59.156
3745	58.703
3746	59.078
3747	58.672
3748	59.344
3749	59.453
3750	59.484
3751	59.453
3752	60.266
3753	58.578
3754	60.312
3755	58.703
3756	61.125
3757	59.969
3758	59.406
3759	59.438
3760	59.844
3761	58.406
3762	59.766
3763	57.75
3764	60.828
3765	59.219
3766	58.953
3767	59.359
3768	58.578
3769	60.125
3770	59.062
3771	58.562
3772	60.391
3773	59.766
3774	59.031
3775	58.234
3776	59.703
3777	58.75
3778	58.75
3779	60.609
3780	59.828
3781	59.625
3782	59.656
3783	59.781
3784	60.266
3785	58.547
3786	59.203
3787	60.094
3788	58.875
3789	58.453
3790	60.812
3791	59.953
3792	60.516
3793	61.141
3794	61.328
3795	62.172
3796	61
3797	61.781
3798	61.844
3799	61.906
3800	62.5
3801	61.234
3802	62.203
3803	60.031
3804	61.469
3805	59.781
3806	60.219
3807	59.25
3808	60.172
3809	59.609
3810	60.453
3811	60.25
3812	60.016
3813	59.797
3814	60.547
3815	60.422
3816	60.391
3817	59.641
3818	60.203
3819	59.594
3820	60.359
3821	60.047
3822	59.297
3823	60.438
3824	59.625
3825	58.859
3826	60.266
3827	59.812
3828	60
3829	59.016
3830	59.062
3831	59.25
3832	59.594
3833	58.719
3834	60.047
3835	57.906
3836	58.875
3837	59.797
3838	58.406
3839	59.891
3840	58.703
3841	59.062
3842	59.453
3843	60.734
3844	58.953
3845	59.766
3846	58.594
3847	59.594
3848	61.234
3849	58.156
3850	59.703
3851	58.219
3852	59.594
3853	59.609
3854	59.781
3855	60.062
3856	59.594
3857	59.078
3858	59.25
3859	58.5
3860	58.812
3861	59.781
3862	60.141
3863	61.047
3864	59.297
3865	59.984
3866	59.672
3867	58.828
3868	59.234
3869	58.688
3870	59.422
3871	58.609
3872	59.234
3873	59
3874	58.453
3875	59.297
3876	59.734
3877	59.047
3878	59.797
3879	58.641
3880	58.344
3881	59.375
3882	59.25
3883	58.531
3884	59.547
3885	59.328
3886	58.766
3887	59.328
3888	60.641
3889	59.172
3890	59.141
3891	59.984
3892	58.75
3893	59.578
3894	58
3895	59.031
3896	58.172
3897	58.703
3898	59.75
3899	58.594
3900	58.75
3901	58.438
3902	58.75
3903	58.469
3904	59.219
3905	58.766
3906	58.875
3907	57.484
3908	58.875
3909	59.172
3910	56.938
3911	57.906
3912	59.141
3913	59.25
3914	59.719
3915	59.406
3916	60.031
3917	60.031
3918	59.781
3919	59.516
3920	59.609
3921	58.469
3922	57.672
3923	57.828
3924	59.734
3925	58.828
3926	59.578
3927	57.344
3928	60.062
3929	59.156
3930	58.625
3931	58.859
3932	59.031
3933	57.5
3934	57.719
3935	58.594
3936	58.594
3937	58.766
3938	58.594
3939	58.953
3940	58.703
3941	60.031
3942	59.25
3943	59.094
3944	62.047
3945	62.047
3946	60.031
3947	61.656
3948	61.391
3949	61.703
3950	61.422
3951	60.297
3952	60.078
3953	61.547
3954	61.125
3955	60.219
3956	61.062
3957	60.109
3958	60.922
3959	60.438
3960	59.969
3961	59.641
3962	58.312
3963	59.094
3964	59.219
3965	60.281
3966	60.062
3967	59.312
3968	59.578
3969	59.328
3970	60.25
3971	59.469
3972	59.938
3973	59.141
3974	58.703
3975	59.781
3976	59.031
3977	59.328
3978	58.359
3979	58.062
3980	59.734
3981	59.219
3982	57.906
3983	59.219
3984	59.062
3985	57.625
3986	58.094
3987	58.375
3988	57.5
3989	58.578
3990	58.203
3991	58.953
3992	58.438
3993	59.109
3994	58.875
3995	60.531
3996	58.969
3997	58.547
3998	58.703
3999	59.359
4000	57.359
4001	57.453
4002	58.453
4003	58.625
4004	56.938
4005	58.875
4006	57.797
4007	58.531
4008	59.156
4009	58.938
4010	58.922
4011	57.688
4012	59.641
4013	59.75
4014	59.328
4015	58.422
4016	59.172
4017	58.828
4018	60.375
4019	58.203
4020	59.75
4021	58.562
4022	59.906
4023	58.578
4024	59.516
4025	58.328
4026	57.828
4027	58.953
4028	58.562
4029	58.359
4030	59.562
4031	59.484
4032	58.562
4033	59.062
4034	59.531
4035	59.266
4036	59.484
4037	58.5
4038	59.047
4039	59.484
4040	59.297
4041	58.141
4042	58.719
4043	58.609
4044	58.641
4045	58.016
4046	59
4047	58.984
4048	59.047
4049	59.422
4050	58.766
4051	59.047
4052	59.016
4053	60.203
4054	57.922
4055	58.797
4056	58.391
4057	57.438
4058	57.328
4059	59.406
4060	58.656
4061	58.719
4062	58.828
4063	59.234
4064	58.391
4065	58.5
4066	58.109
4067	58.328
4068	58.234
4069	57.703
4070	58.578
4071	58.625
4072	59.062
4073	58.219
4074	58.719
4075	58.078
4076	58.234
4077	58.906
4078	59.938
4079	59.5
4080	59.219
4081	59.906
4082	60.469
4083	60.156
4084	58.938
4085	59.859
4086	59.047
4087	60.656
4088	59.484
4089	58.953
4090	59.219
4091	58.875
4092	59.141
4093	58.5
4094	58.188
4095	59.703
4096	59.484
4097	57.906
4098	60.281
4099	58.516
4100	58.625
4101	57.422
4102	58.031
4103	58.062
4104	60.203
4105	58.484
4106	58.688
4107	57.312
4108	59.078
4109	59.141
4110	59.828
4111	59.859
4112	60.719
4113	60.438
4114	59.812
4115	59.969
4116	59.438
4117	60.281
4118	59.969
4119	58.859
4120	58.594
4121	59.094
4122	58.438
4123	57.875
4124	56.797
4125	56.703
4126	58.312
4127	58.672
4128	58.172
4129	60.047
4130	58.391
4131	57.969
4132	57.594
4133	59.359
4134	58.141
4135	58.219
4136	58.5
4137	58.047
4138	58.484
4139	59.141
4140	58.609
4141	60.016
4142	59.312
4143	59.875
4144	57.438
4145	57.531
4146	57.797
4147	58.938
4148	59.328
4149	60.875
4150	59.312
4151	59.625
4152	59.141
4153	59.328
4154	58.359
4155	60.234
4156	58.922
4157	58.969
4158	59.656
4159	58.797
4160	57.812
4161	58.453
4162	58.422
4163	58.016
4164	57.688
4165	58.75
4166	59.469
4167	57.703
4168	59
4169	58.781
4170	58.25
4171	57.688
4172	59.531
4173	58.609
4174	59.797
4175	59.25
4176	57.688
4177	59.391
4178	60.562
4179	57.859
4180	59
4181	58.406
4182	58.797
4183	57.922
4184	59.297
4185	58.016
4186	57.812
4187	58.906
4188	58.234
4189	58.031
4190	57.828
4191	58.906
4192	58.781
4193	58.812
4194	57.953
4195	58.859
4196	57.641
4197	59.422
4198	58.25
4199	60.047
4200	59.781
4201	58.719
4202	57.719
4203	58.062
4204	59.266
4205	59.406
4206	58.688
4207	59.297
4208	58.516
4209	59
4210	57.766
4211	60.047
4212	57.719
4213	58.484
4214	58.5
4215	58.219
4216	59.188
4217	59.219
4218	59.578
4219	59.062
4220	58.641
4221	58.859
4222	57.609
4223	59.672
4224	57.297
4225	57.734
4226	59.234
4227	59.484
4228	58.609
4229	57.578
4230	59.266
4231	57.875
4232	58.469
4233	58.422
4234	59.203
4235	58.25
4236	59.422
4237	59.594
4238	57.219
4239	58.234
4240	58.734
4241	59.484
4242	59.406
4243	57.734
4244	58.891
4245	58.891
4246	58.875
4247	58.609
4248	59.016
4249	58.797
4250	57.391
4251	58.969
4252	58.609
4253	58.422
4254	57.688
4255	58.391
4256	60.484
4257	59.109
4258	60.125
4259	59.688
4260	61.312
4261	60.062
4262	58.656
4263	60
4264	59.281
4265	60.344
4266	59.125
4267	59.969
4268	59.484
4269	60.781
4270	59.312
4271	59.125
4272	58.328
4273	58.562
4274	58.141
4275	58.75
4276	59.438
4277	59.594
4278	58.594
4279	58.766
4280	58.422
4281	58.391
4282	58.75
4283	59.516
4284	59.922
4285	59.141
4286	59.047
4287	58.562
4288	57.938
4289	58.969
4290	56.703
4291	58.359
4292	58.469
4293	58.453
4294	58.016
4295	59.219
4296	58.047
4297	58.578
4298	58.281
4299	59.344
4300	58.234
4301	58.125
4302	58.297
4303	58.219
4304	56.844
4305	57.875
4306	58.906
4307	58.484
4308	57.219
4309	58.312
4310	58.953
4311	58.906
4312	58.125
4313	57.797
4314	58.109
4315	57.812
4316	58.797
4317	58.922
4318	57.781
4319	57.938
4320	57.391
4321	59.031
4322	58.281
4323	58.188
4324	58.016
4325	59.297
4326	58.016
4327	58.469
4328	58.875
4329	58.891
4330	57.484
4331	58.922
4332	59.281
4333	56.906
4334	59.312
4335	59.406
4336	58.719
4337	58.594
4338	56.844
4339	58.469
4340	58.5
4341	56.938
4342	57.734
4343	57.594
4344	58.453
4345	58.609
4346	58.328
4347	57.578
4348	57.781
4349	58.203
4350	58.734
4351	58.203
4352	56.953
4353	57.547
4354	57.891
4355	58.406
4356	58.516
4357	57.25
4358	57.469
4359	58.281
4360	57.812
4361	58.656
4362	57.938
4363	58.266
4364	58.562
4365	56.953
4366	58.516
4367	57.391
4368	57.172
4369	57.453
4370	58.203
4371	57.531
4372	57.641
4373	56.656
4374	57.562
4375	58.609
4376	56.328
4377	58.656
4378	58.906
4379	57.391
4380	57.266
4381	58.031
4382	59.203
4383	57.719
4384	57.844
4385	59.422
4386	57.594
4387	56.922
4388	58.203
4389	57.422
4390	57.375
4391	58.516
4392	57.562
4393	57.922
4394	57.844
4395	58.141
4396	58.922
4397	58.156
4398	57.5
4399	57.844
4400	56.484
4401	57.297
4402	58.859
4403	57.797
4404	58.781
4405	55.812
4406	58.188
4407	58.203
4408	57.891
4409	56.531
4410	57.672
4411	58.938
4412	57.266
4413	57.406
4414	58.344
4415	57.453
4416	58.172
4417	57.422
4418	57.141
4419	57.344
4420	58.344
4421	58.484
4422	58.094
4423	58.109
4424	57.281
4425	57.906
4426	58.625
4427	58.25
4428	60.641
4429	59.609
4430	60.016
4431	58.844
4432	59.531
4433	59.203
4434	59.016
4435	59.5
4436	60.906
4437	59.516
4438	59.703
4439	58.641
4440	59.469
4441	58.031
4442	58.172
4443	59.047
4444	58.344
4445	59.25
4446	58.984
4447	58.344
4448	58.719
4449	56.531
4450	58.344
4451	57.562
4452	57.484
4453	58.375
4454	57.609
4455	57.156
4456	57.719
4457	57.25
4458	58.234
4459	59.031
4460	57.281
4461	57.219
4462	57.297
4463	57.734
4464	58.297
4465	58.625
4466	58.469
4467	58.594
4468	58.203
4469	58.297
4470	57.984
4471	59.031
4472	58.766
4473	56.5
4474	58.141
4475	56.891
4476	57.797
4477	57.359
4478	58.406
4479	57.578
4480	58.484
4481	57.938
4482	58.188
4483	57.422
4484	58.562
4485	57.109
4486	56.25
4487	58.344
4488	57.719
4489	58.859
4490	57.938
4491	58.484
4492	56.547
4493	57.219
4494	56.531
4495	57.281
4496	58.391
4497	58.297
4498	56.859
4499	58.344
4500	57.297
4501	58.312
4502	57.469
4503	56.359
4504	58.344
4505	58.25
4506	57.109
4507	58.047
4508	57.406
4509	56.469
4510	57.375
4511	57.797
4512	58.125
4513	57.219
4514	57.297
4515	56.781
4516	56.719
4517	56.516
4518	56.906
4519	57.953
4520	57.844
4521	58.453
4522	57.344
4523	58.328
4524	58.469
4525	58.266
4526	57.25
4527	58.672
4528	57.656
4529	58.703
4530	58.812
4531	57.875
4532	57.516
4533	58.125
4534	57
4535	57.562
4536	57.688
4537	57.5
4538	59.016
4539	57.828
4540	58.734
4541	57.406
4542	56.781
4543	57.125
4544	57.578
4545	56.906
4546	58.062
4547	56.75
4548	56.969
4549	56.859
4550	55.984
4551	57.562
4552	56.828
4553	57.156
4554	57.484
4555	57.234
4556	56.875
4557	58.375
4558	57.062
4559	57.719
4560	56.5
4561	58.844
4562	57.938
4563	58.594
4564	56.812
4565	57.562
4566	57.719
4567	57.203
4568	57.828
4569	57.828
4570	57.344
4571	57.781
4572	56.828
4573	57.203
4574	58.359
4575	56.797
4576	55.953
4577	57.734
4578	57.5
4579	58.391
4580	57.375
4581	57.219
4582	57.938
4583	57.688
4584	58.578
4585	57.891
4586	59.094
4587	59.047
4588	58.797
4589	58.578
4590	59.984
4591	59.797
4592	58.953
4593	59.984
4594	58.547
4595	58.5
4596	59.312
4597	59.453
4598	57.375
4599	57.734
4600	58.672
4601	57.25
4602	57.844
4603	57.609
4604	58.094
4605	58.422
4606	57.406
4607	58.094
4608	58.406
4609	57.688
4610	57.422
4611	58.094
4612	59.062
4613	58.281
4614	57.875
4615	57.625
4616	58.25
4617	59.016
4618	58.062
4619	58.453
4620	59.25
4621	57.859
4622	56.609
4623	58.734
4624	58.109
4625	57.266
4626	56.766
4627	58.578
4628	57.422
4629	57.391
4630	57.891
4631	56.141
4632	57.281
4633	58.125
4634	58.703
4635	57.75
4636	59.141
4637	58.375
4638	58.266
4639	57.203
4640	58.781
4641	58.094
4642	58.641
4643	57.656
4644	58.109
4645	59.031
4646	57.984
4647	57.797
4648	58.219
4649	57.031
4650	58.547
4651	57.906
4652	57.969
4653	57.891
4654	57.594
4655	57.219
4656	56.078
4657	57.469
4658	57.078
4659	57.016
4660	58.297
4661	58.25
4662	59.031
4663	55.875
4664	56.391
4665	56.375
4666	56.922
4667	58.438
4668	58.281
4669	59.109
4670	58.438
4671	56.797
4672	57.906
4673	59
4674	57.547
4675	58.641
4676	57.391
4677	56.812
4678	57.328
4679	58.047
4680	56.844
4681	56.594
4682	56.219
4683	56.906
4684	57.188
4685	57.75
4686	56.594
4687	57.656
4688	56.375
4689	57.922
4690	58.078
4691	57.375
4692	58.062
4693	57.25
4694	56.688
4695	57.422
4696	57.094
4697	57.766
4698	57.266
4699	58.422
4700	58.203
4701	56.141
4702	57.25
4703	56.875
4704	56.5
4705	57.484
4706	56.953
4707	57.422
4708	56.766
4709	57.609
4710	57.281
4711	57.203
4712	57.422
4713	57.016
4714	57.328
4715	58.203
4716	57.953
4717	58.078
4718	58.125
4719	56.359
4720	57.297
4721	56.969
4722	57.5
4723	56.062
4724	57.562
4725	57.969
4726	57
4727	57
4728	56.797
4729	56.984
4730	58.453
4731	57.266
4732	57.203
4733	56.344
4734	56.953
4735	57.516
4736	57.516
4737	55.828
4738	56.562
4739	57.547
4740	55.953
4741	57.266
4742	57.484
4743	58.234
4744	57.844
4745	59.547
4746	59.375
4747	59.75
4748	60.031
4749	59.109
4750	59.422
4751	59.453
4752	58.156
4753	58.844
4754	59.484
4755	58.781
4756	58.172
4757	55.5
4758	57.641
4759	58.141
4760	57.25
4761	58.109
4762	57.812
4763	57.125
4764	58.5
4765	57.75
4766	58.688
4767	58.016
4768	58.531
4769	57.156
4770	58.375
4771	57.75
4772	57.5
4773	58.078
4774	56.859
4775	57.297
4776	57.312
4777	56.219
4778	58.75
4779	55.672
4780	56.328
4781	56.594
4782	57.047
4783	56.094
4784	57.031
4785	57.359
4786	56
4787	57.297
