1	57.429
2	59.048
3	57.405
4	59.738
5	59.667
6	59.167
7	59.381
8	59.619
9	58.381
10	59.095
11	58.881
12	58.571
13	60.214
14	58.429
15	60.643
16	59.643
17	58.833
18	59.238
19	57.976
20	58.548
21	59.476
22	59.381
23	58.786
24	57.381
25	58.071
26	59.071
27	58.976
28	57.357
29	58.524
30	57.643
31	59.762
32	58.667
33	57.167
34	59.429
35	58.786
36	57.881
37	59.786
38	57.667
39	59.667
40	58.976
41	59.714
42	59.405
43	59.571
44	57.857
45	58.333
46	58.667
47	59.119
48	58.929
49	58.238
50	59.786
51	59.905
52	59.452
53	58.524
54	57.024
55	57.881
56	58.976
57	59.81
58	58.524
59	59.738
60	58.69
61	58.905
62	63.762
63	66.357
64	69.214
65	70.119
66	69.714
67	72.119
68	70.81
69	73.762
70	74.119
71	71.357
72	72.333
73	72.429
74	71.833
75	71.357
76	72.214
77	70.071
78	69.524
79	70.619
80	67.976
81	67.905
82	69.714
83	68.381
84	67.238
85	68.786
86	67.095
87	66.548
88	68.143
89	66.31
90	67.476
91	66.595
92	65
93	66.095
94	66.643
95	66.214
96	65.595
97	65.429
98	65.548
99	63.071
100	64.095
101	64.833
102	64.833
103	63.595
104	64.238
105	63.19
106	62.595
107	63.19
108	61.048
109	63.024
110	63.31
111	62.643
112	61.762
113	62.452
114	60.024
115	62.095
116	61.381
117	61.119
118	62.095
119	60.762
120	60.857
121	60.381
122	60.405
123	61.619
124	60.905
125	60.762
126	59.905
127	60.071
128	60.952
129	59.071
130	59.81
131	58.857
132	60.333
133	59.976
134	60.405
135	57.976
136	60.071
137	58.857
138	57.238
139	60.214
140	58.357
141	59.31
142	59.31
143	58.571
144	59.143
145	60.571
146	59.976
147	57.167
148	59.048
149	58.381
150	57.857
151	58.976
152	57.071
153	59.119
154	58.929
155	58.238
156	58.571
157	59.881
158	57.214
159	58.571
160	59.476
161	59.619
162	58.976
163	58.833
164	57.714
165	58.024
166	59.476
167	58.857
168	58.881
169	59.19
170	59.119
171	59.238
172	57.5
173	58.333
174	57.81
175	57.405
176	57.5
177	58.238
178	58.048
179	56.214
180	57.69
181	58.357
182	59.167
183	58
184	58.095
185	56.357
186	59.786
187	58.595
188	58.048
189	58.357
190	58.167
191	59.833
192	59.167
193	58.357
194	57.071
195	58.762
196	59.952
197	58.571
198	58.905
199	56.048
200	57.714
201	57.452
202	57.976
203	57.048
204	58.143
205	58.143
206	57.405
207	58.595
208	57.286
209	60.476
210	64.714
211	64.643
212	66.262
213	69
214	70.929
215	71.167
216	71.619
217	72.81
218	71.381
219	70.952
220	72.024
221	69.881
222	71.69
223	70.024
224	69.476
225	69.786
226	68.976
227	68.31
228	69.667
229	68.976
230	68.143
231	67.905
232	66.786
233	65.667
234	66.476
235	66.548
236	66.643
237	65.143
238	65.905
239	65.5
240	66.429
241	66.262
242	64.429
243	64.167
244	63.881
245	64.524
246	64.81
247	62.714
248	62.905
249	62.81
250	62.286
251	63.214
252	62.667
253	63.214
254	62.5
255	63.238
256	63.167
257	62.214
258	60.429
259	63.357
260	61.643
261	61.643
262	61.119
263	61.19
264	60.19
265	61.738
266	60.167
267	61.333
268	60.524
269	60.548
270	60.143
271	58.69
272	60.69
273	62.429
274	60.5
275	58.643
276	60.238
277	60.381
278	59.119
279	59.095
280	60.524
281	59.119
282	57.595
283	59.69
284	58.905
285	60.095
286	58.69
287	60.929
288	59.69
289	60.619
290	59.167
291	57.643
292	59.333
293	58.524
294	57.571
295	60.095
296	59.024
297	58.333
298	57.048
299	57.333
300	59.071
301	58.762
302	58.762
303	58.762
304	58.786
305	57.667
306	59.19
307	57.833
308	59.571
309	58.333
310	57.619
311	58.143
312	58.595
313	58.024
314	58.095
315	58.143
316	57.286
317	59.19
318	58.571
319	58.405
320	59.595
321	56.762
322	57.976
323	56
324	57.357
325	56.524
326	58.238
327	57.667
328	56.952
329	57.429
330	57.952
331	58.69
332	58.381
333	58.095
334	56.643
335	58.786
336	58.595
337	57.833
338	58.667
339	57.548
340	56.786
341	58.476
342	58.524
343	57.571
344	57.238
345	58.548
346	58.833
347	58.524
348	60.429
349	58.905
350	61.214
351	63.476
352	67.286
353	66.81
354	67.714
355	70.714
356	70.214
357	72.262
358	72.333
359	72.81
360	71.452
361	70.333
362	71.024
363	71.786
364	71.476
365	70.381
366	68.714
367	69.952
368	69.381
369	68.238
370	68.667
371	67.262
372	69.095
373	67.786
374	68.048
375	66.714
376	68.31
377	65.643
378	66.786
379	66
380	65.071
381	65.262
382	66.167
383	65.81
384	64.833
385	64.857
386	65.81
387	64.833
388	64.167
389	63.714
390	63.381
391	63.238
392	64.214
393	62.786
394	62.786
395	62.238
396	61.833
397	61.095
398	63.143
399	61.476
400	62.452
401	61.095
402	61.929
403	61.452
404	59.429
405	60.119
406	60.667
407	62.095
408	60.643
409	60.048
410	59.286
411	60.81
412	61.071
413	61.31
414	58.214
415	60.024
416	60.095
417	60.095
418	59.429
419	59.19
420	59.714
421	60.452
422	59.167
423	59.69
424	60.19
425	57.286
426	59.976
427	58.905
428	58.857
429	59.143
430	59.071
431	60.024
432	59.5
433	59.857
434	58.5
435	59.952
436	57.071
437	57.667
438	56.929
439	60.143
440	58.929
441	58.524
442	60.167
443	58.024
444	60.452
445	58
446	58.167
447	58.905
448	57.714
449	60.238
450	58.905
451	59.548
452	58.643
453	57.119
454	58.048
455	57.833
456	58.19
457	58.833
458	58.238
459	57.952
460	57.31
461	58.952
462	57.786
463	59.119
464	58.167
465	59.571
466	59.286
467	57.881
468	59.571
469	58.643
470	58.31
471	56.476
472	57.786
473	57.31
474	57.786
475	58.048
476	58.333
477	57.119
478	58.405
479	58.024
480	57.952
481	57.69
482	57.286
483	56.976
484	59.619
485	57.095
486	57.5
487	60.476
488	58.5
489	55
490	57.024
491	58.667
492	60.333
493	57.238
494	57.524
495	57.905
496	57.286
497	56.976
498	57.238
499	58.095
500	56.429
501	56.405
502	56.643
503	57.905
504	58.571
505	57.69
506	57.643
507	58.452
508	58.024
509	58.452
510	58.024
511	58.357
512	58.929
513	58.571
514	58
515	57.429
516	57.952
517	55.357
518	59.286
519	58.524
520	59.429
521	57.31
522	57.095
523	57.571
524	58
525	57.905
526	58.5
527	57.833
528	59.214
529	59.833
530	57.738
531	58.429
532	57.667
533	56.262
534	57.643
535	57.619
536	57.405
537	58.833
538	58.048
539	55.548
540	56.929
541	59.167
542	57.976
543	56.071
544	58.143
545	57.024
546	58.143
547	58.048
548	57.738
549	57.786
550	56.738
551	59.714
552	57.571
553	57.714
554	58.167
555	56.976
556	57.429
557	57.5
558	58.643
559	57.976
560	57.262
561	58.429
562	57.5
563	57.048
564	59.405
565	57.69
566	57.381
567	57.857
568	58.119
569	58.238
570	58.429
571	56.619
572	57.952
573	57.167
574	57.952
575	57.833
576	56.786
577	58.833
578	56.5
579	58.357
580	57.024
581	58.976
582	62.738
583	64.976
584	65.762
585	68.476
586	69.095
587	69.786
588	71.786
589	71.524
590	70.738
591	68.881
592	69.881
593	70.738
594	70.762
595	68.048
596	69.333
597	69.452
598	67.357
599	69.5
600	66.786
601	68
602	66.262
603	66.262
604	65.024
605	65.571
606	65.405
607	65.119
608	67.095
609	64.786
610	64.119
611	64.238
612	62.667
613	62.738
614	63.333
615	62.476
616	62.929
617	64.095
618	61.357
619	62.167
620	61.333
621	61.952
622	62.881
623	62.762
624	62.429
625	61.786
626	61.738
627	62.381
628	60.524
629	62.024
630	59.214
631	61.429
632	59.333
633	60.738
634	61.048
635	61.286
636	62.119
637	60.738
638	60.667
639	61.405
640	60.381
641	58.452
642	60.881
643	59.429
644	60.167
645	58.452
646	59.476
647	59.452
648	60.238
649	58.19
650	58.357
651	59.976
652	58.81
653	59.286
654	60.167
655	60.071
656	59.881
657	60.333
658	59.405
659	59.476
660	58.167
661	59.095
662	58.714
663	59.881
664	59.024
665	59.024
666	58.381
667	57.786
668	57.143
669	59.595
670	57.786
671	57.952
672	56.548
673	58.286
674	58.167
675	59.452
676	56.881
677	59.643
678	58.524
679	61.238
680	63.286
681	66.31
682	68.262
683	68.286
684	70.119
685	69.167
686	70.548
687	71.357
688	71.286
689	71.31
690	70.452
691	69.357
692	69.786
693	68.286
694	68.262
695	68.048
696	68.024
697	68.357
698	67.619
699	65.976
700	66.881
701	66.143
702	66.81
703	67.143
704	66
705	65.69
706	65.167
707	64.429
708	64.905
709	64.786
710	64.595
711	62.976
712	64.238
713	64.548
714	63.452
715	62.571
716	61.762
717	62.143
718	61.19
719	62.643
720	61.762
721	61.143
722	60.071
723	62.214
724	61.167
725	62.143
726	60.69
727	61.333
728	62.786
729	62.095
730	61.476
731	61.357
732	60.976
733	59.476
734	59.333
735	61.548
736	59.476
737	60.31
738	60.214
739	57.333
740	59.714
741	57.286
742	58.286
743	59.548
744	59.429
745	59.024
746	58.714
747	60.548
748	58.19
749	58.476
750	58.524
751	57.071
752	58.548
753	58.833
754	58.143
755	58.643
756	57.619
757	58.667
758	58.381
759	58.643
760	58.929
761	58.643
762	58.405
763	57.786
764	58.476
765	58.667
766	59.762
767	58.952
768	57.881
769	58.524
770	57.952
771	57.357
772	58.071
773	57.619
774	57.548
775	58.524
776	58.143
777	57.738
778	57.167
779	58.262
780	57.929
781	57.214
782	56.119
783	57.833
784	58.381
785	57.024
786	56.762
787	58.714
788	58.905
789	56.333
790	56.929
791	55.952
792	58.143
793	58.762
794	55.738
795	57.738
796	56.929
797	57.452
798	57.881
799	58.071
800	59.048
801	57.643
802	56.405
803	56.738
804	58.429
805	58.024
806	57.738
807	58.69
808	57.452
809	59.095
810	56.381
811	57.786
812	57.071
813	58.952
814	56.81
815	59.167
816	57.429
817	58.595
818	58.143
819	57.738
820	58.048
821	57.619
822	58.119
823	57.238
824	57.929
825	57.048
826	55.333
827	58.429
828	57.429
829	57.571
830	57.357
831	57.429
832	56.357
833	58.81
834	57.714
835	55.548
836	56.452
837	56.333
838	57.286
839	58.69
840	56.976
841	56.69
842	57.571
843	57.643
844	57.619
845	57.357
846	57.952
847	56.857
848	56.905
849	57.119
850	57.595
851	57
852	57.595
853	57.452
854	57.238
855	58.405
856	57.69
857	57.952
858	58.31
859	57.452
860	57.571
861	55.429
862	56.19
863	58.571
864	58.405
865	57.024
866	58.024
867	57.405
868	57.786
869	57.476
870	57.119
871	56.571
872	59.024
873	57.5
874	58.619
875	57.381
876	57.048
877	57.619
878	57.429
879	57.786
880	59.214
881	59.262
882	56.762
883	58.167
884	57.405
885	57.548
886	56.786
887	57.619
888	58.048
889	56.738
890	57.905
891	56.786
892	58.762
893	59.762
894	63.357
895	67.976
896	67.31
897	67.976
898	69.857
899	69.81
900	69.119
901	71.071
902	70.238
903	71.262
904	69.571
905	69.714
906	69.071
907	66.929
908	66.714
909	67.952
910	68.81
911	66.881
912	69.81
913	71.667
914	71.548
915	72.476
916	72.81
917	74.286
918	72.595
919	72.762
920	72.357
921	71.857
922	72.452
923	70
924	71.476
925	70.19
926	70.571
927	69.619
928	69.81
929	70.357
930	68.405
931	68.524
932	68.714
933	69.952
934	66.286
935	67.905
936	66.905
937	66.333
938	67.619
939	67.143
940	66.286
941	68.357
942	64.929
943	66.595
944	64.929
945	65.31
946	65
947	63.619
948	63
949	64.262
950	63.31
951	64.262
952	62.738
953	63.214
954	62.357
955	61.5
956	60.214
957	61.381
958	61.81
959	61.786
960	62.929
961	60.119
962	62.31
963	61.357
964	61
965	59.929
966	60.976
967	61.548
968	59.69
969	59.976
970	60.952
971	60.81
972	64.31
973	66.643
974	69.452
975	68.905
976	71.19
977	70.548
978	70.452
979	69.905
980	69.762
981	70.571
982	70.262
983	68.5
984	69.714
985	69.714
986	67.619
987	68.976
988	67.143
989	68.048
990	67.357
991	68.929
992	67.452
993	67.357
994	67.024
995	65.476
996	66.452
997	65.929
998	66
999	64.381
1000	64.786
1001	64.643
1002	64.214
1003	65.452
1004	62.333
1005	65.024
1006	63.524
1007	63.31
1008	62.976
1009	64.381
1010	61.571
1011	61.952
1012	62.714
1013	63.762
1014	61.31
1015	61.81
1016	63.667
1017	62.357
1018	62.024
1019	61.595
1020	62.524
1021	62.667
1022	61.714
1023	61
1024	60.452
1025	61.81
1026	59.786
1027	59.667
1028	60.286
1029	62
1030	60.095
1031	58.905
1032	60.786
1033	59.071
1034	60.262
1035	60.143
1036	60
1037	60.357
1038	58.595
1039	59.833
1040	59.095
1041	59.286
1042	58.119
1043	59.238
1044	59.357
1045	58.619
1046	59.19
1047	58.595
1048	58.476
1049	58.262
1050	59.548
1051	58.452
1052	58.071
1053	58.286
1054	59.429
1055	58.143
1056	57.929
1057	58.024
1058	57.714
1059	57.762
1060	58.429
1061	58.571
1062	59.048
1063	57.667
1064	57.048
1065	58.952
1066	58.857
1067	56.31
1068	57.976
1069	56.429
1070	57.262
1071	57.143
1072	58.571
1073	58.524
1074	58.238
1075	59.095
1076	57.976
1077	59.833
1078	59.119
1079	58.286
1080	58.095
1081	59.119
1082	56.738
1083	56.762
1084	56.833
1085	56
1086	57.714
1087	57
1088	57.81
1089	58.381
1090	56.405
1091	57.429
1092	59
1093	57.071
1094	58
1095	56.452
1096	56.952
1097	56.524
1098	58.595
1099	57.738
1100	57.476
1101	56.69
1102	58.024
1103	57.429
1104	57.452
1105	56.024
1106	55.524
1107	58.071
1108	57.357
1109	57.905
1110	57.929
1111	57
1112	56.69
1113	57.167
1114	57.714
1115	57.048
1116	57.762
1117	57.976
1118	56.595
1119	58.476
1120	55.762
1121	56.881
1122	56.381
1123	56.762
1124	56.31
1125	55.548
1126	56.452
1127	55.857
1128	56.452
1129	57.643
1130	56.19
1131	57.143
1132	56.167
1133	56.071
1134	56.857
1135	57
1136	57.738
1137	56.976
1138	56.976
1139	56.786
1140	56.905
1141	56.405
1142	57.262
1143	57.143
1144	58.619
1145	57.452
1146	58.143
1147	57.31
1148	56.238
1149	56.262
1150	58.619
1151	57.167
1152	56.69
1153	57.262
1154	54.833
1155	55.929
1156	54.976
1157	56.905
1158	56.071
1159	56.476
1160	55.214
1161	56.524
1162	56.786
1163	55.881
1164	56.881
1165	56.071
1166	56.738
1167	57.571
1168	57.095
1169	57.024
1170	55.905
1171	56.595
1172	57.333
1173	57.024
1174	57.333
1175	57.095
1176	56.643
1177	57.524
1178	56.571
1179	56.667
1180	57.238
1181	56.929
1182	56.81
1183	56.476
1184	54.833
1185	56.714
1186	56.214
1187	56.286
1188	58.952
1189	55.69
1190	55.238
1191	55.69
1192	57.024
1193	57.143
1194	56.071
1195	56.119
1196	56.952
1197	56.81
1198	55.595
1199	57.31
1200	56.262
1201	59.071
1202	57.119
1203	56.452
1204	56.024
1205	57.405
1206	54.381
1207	56.619
1208	57.524
1209	57.714
1210	56.929
1211	55.643
1212	55.167
1213	58.619
1214	57.714
1215	56.881
1216	55.881
1217	58.357
1218	56.643
1219	55.357
1220	54.881
1221	57.119
1222	57.881
1223	62.595
1224	65.524
1225	65.048
1226	64.214
1227	67.833
1228	68.952
1229	68.714
1230	67.333
1231	68.333
1232	68.762
1233	68.238
1234	69.214
1235	69.214
1236	68.119
1237	66.976
1238	67.214
1239	67.429
1240	66
1241	67.262
1242	64.714
1243	63.619
1244	65.048
1245	64.786
1246	64.238
1247	65.238
1248	63.548
1249	63.952
1250	61.738
1251	62.929
1252	63.548
1253	62.5
1254	63
1255	62.31
1256	63.095
1257	61.833
1258	61.714
1259	62.19
1260	62.714
1261	61.214
1262	61.429
1263	61.167
1264	61.095
1265	60.667
1266	60.905
1267	59.071
1268	60.905
1269	60.095
1270	58.714
1271	61.524
1272	59.167
1273	59.571
1274	58.571
1275	60.357
1276	59.69
1277	58.786
1278	57.69
1279	58.905
1280	57
1281	57.881
1282	58.238
1283	57.929
1284	59.214
1285	57.881
1286	57.524
1287	58.833
1288	57.619
1289	58
1290	58.333
1291	57
1292	59.31
1293	57.881
1294	56.881
1295	57.952
1296	57.81
1297	58.929
1298	58.5
1299	57.81
1300	58.357
1301	57.357
1302	59.119
1303	59.452
1304	58.476
1305	58.071
1306	56.143
1307	55.738
1308	57.119
1309	55.833
1310	56.167
1311	57.048
1312	56.762
1313	56.548
1314	56.476
1315	56.976
1316	56.31
1317	56.619
1318	56.69
1319	56.881
1320	58.714
1321	56.167
1322	57.119
1323	57.405
1324	55.714
1325	56.667
1326	57.405
1327	56.833
1328	57.048
1329	56.381
1330	56.31
1331	57.119
1332	57.905
1333	57.571
1334	57.619
1335	58.286
1336	57.357
1337	56.619
1338	56.167
1339	56.762
1340	57.595
1341	56.167
1342	57.262
1343	57.143
1344	56.857
1345	56.19
1346	58.095
1347	57.167
1348	56.952
1349	56.381
1350	58.024
1351	57
1352	56.952
1353	56.071
1354	57.524
1355	55.69
1356	55.667
1357	55.667
1358	57.643
1359	55.952
1360	57.595
1361	56.81
1362	56.976
1363	57.071
1364	57.976
1365	57.571
1366	56.333
1367	55.976
1368	56.5
1369	56.333
1370	56.833
1371	54.738
1372	55.833
1373	56.833
1374	56.667
1375	55.786
1376	57.214
1377	55.976
1378	56.476
1379	55.071
1380	56.857
1381	57.524
1382	56.643
1383	56.19
1384	56.357
1385	55.905
1386	55.476
1387	57.571
1388	55.69
1389	55.238
1390	55.476
1391	58.048
1392	56.548
1393	56.19
1394	57.929
1395	56.071
1396	55.524
1397	55.643
1398	57.452
1399	55.333
1400	56.214
1401	57.143
1402	55.905
1403	57.476
1404	59.595
1405	62.81
1406	64.69
1407	66.048
1408	66
1409	66.381
1410	68.429
1411	67.905
1412	68.786
1413	68.31
1414	69.119
1415	67.476
1416	68.429
1417	66.071
1418	67.429
1419	65.881
1420	66.595
1421	65.619
1422	63
1423	65.524
1424	63.81
1425	63.31
1426	62.905
1427	65.048
1428	62.5
1429	63.31
1430	64.357
1431	62.071
1432	61.619
1433	62.429
1434	61.143
1435	62.643
1436	61.238
1437	62.476
1438	62.5
1439	61.262
1440	59.976
1441	61.81
1442	59.643
1443	60.524
1444	60.262
1445	59.333
1446	59.881
1447	61.286
1448	58.667
1449	59.714
1450	60.143
1451	58.929
1452	61.762
1453	60
1454	59.452
1455	58.643
1456	57.952
1457	57.881
1458	57.905
1459	58.476
1460	57.929
1461	57.571
1462	56.786
1463	57.857
1464	59.19
1465	58.214
1466	57.381
1467	59.476
1468	63.595
1469	64.333
1470	65
1471	66.119
1472	68.81
1473	69.452
1474	67.214
1475	67.476
1476	67.976
1477	69.714
1478	68.262
1479	69.238
1480	69.19
1481	68.19
1482	70.381
1483	66.548
1484	67.81
1485	67.143
1486	66.857
1487	66.143
1488	65.976
1489	65.738
1490	64.214
1491	66.905
1492	64.357
1493	65.143
1494	64.071
1495	63.357
1496	64.524
1497	65.357
1498	64.452
1499	62.048
1500	62.738
1501	63.119
1502	62.905
1503	62.857
1504	63.357
1505	63.024
1506	60.929
1507	61.405
1508	62.071
1509	61.952
1510	61.095
1511	60.19
1512	60.595
1513	61.119
1514	59.548
1515	60.667
1516	60
1517	60.214
1518	59.643
1519	58.476
1520	59.286
1521	60.571
1522	60.381
1523	59.952
1524	59.024
1525	59.31
1526	59.238
1527	58.619
1528	58.833
1529	60.31
1530	58.881
1531	58.19
1532	56.357
1533	58.31
1534	58.548
1535	58.786
1536	59
1537	56.69
1538	58.024
1539	56.81
1540	57.333
1541	57.667
1542	56.167
1543	56.571
1544	56.595
1545	58
1546	55.69
1547	58.262
1548	56.738
1549	56.429
1550	55.762
1551	57.452
1552	57.238
1553	57.357
1554	56.571
1555	57.31
1556	56
1557	56.357
1558	56.381
1559	56.333
1560	56.214
1561	56.738
1562	56.857
1563	56.286
1564	56.19
1565	56.738
1566	55.095
1567	59.31
1568	60.286
1569	65.024
1570	63.952
1571	65.929
1572	68.143
1573	66.262
1574	68.405
1575	67
1576	64.476
1577	63.357
1578	64.643
1579	65.548
1580	64.524
1581	64.786
1582	64.667
1583	64.595
1584	63.048
1585	62.476
1586	62.071
1587	61.738
1588	63.405
1589	62.643
1590	63.429
1591	61.857
1592	62.762
1593	61.095
1594	61.167
1595	62.452
1596	60.286
1597	60.048
1598	59.667
1599	60.643
1600	60.143
1601	60.952
1602	59.81
1603	59.857
1604	59.619
1605	60.929
1606	60.881
1607	59.119
1608	57.976
1609	57.548
1610	57.905
1611	59.167
1612	60.262
1613	58.976
1614	58.429
1615	58.5
1616	57.119
1617	56.69
1618	58.214
1619	56.405
1620	58.024
1621	56.833
1622	56.095
1623	58.095
1624	55.452
1625	58.262
1626	58.881
1627	58.167
1628	57.119
1629	56.929
1630	57.31
1631	57.714
1632	58.095
1633	57.476
1634	56.571
1635	57.476
1636	60.071
1637	61.905
1638	65.262
1639	65.143
1640	65.881
1641	66.405
1642	67.19
1643	67.048
1644	65.976
1645	67.238
1646	66.048
1647	66.214
1648	65.286
1649	64.762
1650	63.857
1651	64.31
1652	64.167
1653	63.429
1654	62.095
1655	61.5
1656	64.5
1657	61.452
1658	63.833
1659	63.452
1660	62.167
1661	62.214
1662	63.524
1663	62.119
1664	60.524
1665	61.167
1666	62.714
1667	61
1668	60.619
1669	60.929
1670	59.595
1671	59.286
1672	59.19
1673	58.357
1674	59.595
1675	59.476
1676	61.357
1677	59.643
1678	58.5
1679	57.333
1680	58.905
1681	59.595
1682	57.881
1683	58.619
1684	58.119
1685	57.738
1686	58.167
1687	56.881
1688	58.857
1689	57.952
1690	57.095
1691	58
1692	56.548
1693	59.048
1694	57.714
1695	56.333
1696	57.595
1697	57.238
1698	56.429
1699	57.381
1700	56.548
1701	56
1702	55.857
1703	57.238
1704	57.381
1705	56.833
1706	56.667
1707	56.762
1708	56.286
1709	56.738
1710	56.762
1711	57.333
1712	56.786
1713	55.976
1714	55.548
1715	56.595
1716	55.476
1717	55.214
1718	56.548
1719	56.143
1720	55.167
1721	55
1722	56.548
1723	55.69
1724	53.81
1725	55.262
1726	58.905
1727	62.333
1728	64.238
1729	64.143
1730	65.571
1731	65.167
1732	65.619
1733	65.929
1734	66.69
1735	66.667
1736	67.786
1737	66.214
1738	65.357
1739	64.905
1740	65.881
1741	65.167
1742	65.357
1743	63.857
1744	64.524
1745	62.857
1746	63.881
1747	63.881
1748	62.286
1749	63.976
1750	64.452
1751	63.762
1752	62.905
1753	62.048
1754	62.429
1755	61.381
1756	60.929
1757	61.952
1758	60.714
1759	61
1760	60.238
1761	60.024
1762	59.19
1763	58.262
1764	57.452
1765	59.833
1766	57.929
1767	59.048
1768	59.476
1769	59.714
1770	59.095
1771	58.81
1772	59.571
1773	58.095
1774	59.024
1775	57.857
1776	59.81
1777	56.976
1778	57.595
1779	56.31
1780	56.929
1781	55.81
1782	57.19
1783	57.619
1784	58.214
1785	57.667
1786	57.071
1787	57.857
1788	57.357
1789	57.19
1790	57.786
1791	56.595
1792	56.143
1793	56.714
1794	55.333
1795	56.333
1796	56.476
1797	55.762
1798	57.31
1799	56.214
1800	57.833
1801	57.357
1802	54.881
1803	54.929
1804	57.333
1805	56.929
1806	56.333
1807	55.81
1808	57.333
1809	55.643
1810	56.214
1811	55.714
1812	56.429
1813	55.69
1814	55.119
1815	55.833
1816	54.524
1817	54.429
1818	54.524
1819	55.524
1820	55.667
1821	54.5
1822	56.69
1823	55.976
1824	55.619
1825	55.81
1826	56.262
1827	56.476
1828	54.643
1829	56.405
1830	54.31
1831	56.881
1832	54.905
1833	56.095
1834	54.286
1835	55.619
1836	53.881
1837	55.905
1838	56.167
1839	55.31
1840	56.262
1841	55.31
1842	55.286
1843	56.81
1844	57.357
1845	56.071
1846	55.452
1847	55.214
1848	55.333
1849	56.167
1850	55.595
1851	56.262
1852	53.548
1853	53.738
1854	56.524
1855	55.357
1856	57.19
1857	56
1858	55.643
1859	56.19
1860	55.143
1861	55.976
1862	54.048
1863	54.476
1864	55.095
1865	55.548
1866	56.143
1867	56.381
1868	53.571
1869	54.762
1870	54.762
1871	54.619
1872	55.238
1873	54.976
1874	55.381
1875	55.167
1876	55.071
1877	54.405
1878	54.286
1879	55.333
1880	55.071
1881	55.643
1882	54.881
1883	54.476
1884	55.452
1885	57.429
1886	61.119
1887	62.286
1888	63.048
1889	64.952
1890	64.214
1891	65.976
1892	64.19
1893	64.786
1894	67.143
1895	66.095
1896	64.738
1897	63.476
1898	64.738
1899	64.548
1900	64.333
1901	63.738
1902	63.81
1903	61.69
1904	62.976
1905	61.714
1906	62.095
1907	61.952
1908	61.238
1909	61.595
1910	60.762
1911	60.333
1912	60.571
1913	59.738
1914	60.333
1915	59.976
1916	58.714
1917	58.857
1918	58.452
1919	59.619
1920	57.81
1921	59.357
1922	57.833
1923	59.857
1924	58.381
1925	56.548
1926	57.905
1927	57.333
1928	57.786
1929	57.143
1930	57.476
1931	57.714
1932	56.762
1933	57.524
1934	56.69
1935	57.952
1936	57.738
1937	58.119
1938	57.738
1939	55.714
1940	57.667
1941	56.524
1942	57.595
1943	57.452
1944	57.738
1945	58.19
1946	56.524
1947	56.619
1948	57
1949	58.643
1950	56.595
1951	55.071
1952	55.929
1953	56.667
1954	57.667
1955	54.643
1956	56.071
1957	56.381
1958	55.452
1959	54.571
1960	55.405
1961	54.5
1962	54.095
1963	56.476
1964	54.762
1965	54.905
1966	54.929
1967	55.167
1968	54.405
1969	54.524
1970	54.929
1971	54.357
1972	55.381
1973	56.929
1974	54.976
1975	55.119
1976	55.095
1977	54.381
1978	53.929
1979	56.857
1980	54.976
1981	55.119
1982	55.714
1983	56.738
1984	55.643
1985	56.286
1986	55.857
1987	54.952
1988	55.048
1989	54.738
1990	55.143
1991	53.643
1992	55
1993	55.881
1994	54.667
1995	54.905
1996	53.929
1997	54.738
1998	54.119
1999	58.024
2000	55.548
2001	55.357
2002	55.405
2003	54.31
2004	54.524
2005	54.833
2006	56.405
2007	54.738
2008	54.119
2009	53.833
2010	56.452
2011	54.381
2012	54.548
2013	54.333
2014	56.548
2015	55.262
2016	54.69
2017	54.881
2018	54.214
2019	55.119
2020	54.262
2021	55.952
2022	56.095
2023	54.976
2024	54.643
2025	55.429
2026	53.929
2027	55.333
2028	55.024
2029	54.571
2030	56.238
2031	54.524
2032	54.69
2033	54.5
2034	55.69
2035	54.524
2036	53.976
2037	53.786
2038	53.881
2039	55.619
2040	53.952
2041	55.143
2042	54.548
2043	56.714
2044	58.143
2045	60.452
2046	61.619
2047	63.786
2048	62.69
2049	63.976
2050	63.786
2051	64.5
2052	64.405
2053	64.071
2054	64.095
2055	65.571
2056	64.119
2057	64.595
2058	64.357
2059	63.024
2060	62.19
2061	62.738
2062	64.286
2063	60.881
2064	63.548
2065	61.952
2066	61.905
2067	61.429
2068	60.571
2069	61.976
2070	61.167
2071	59.714
2072	60.714
2073	58.452
2074	61.262
2075	60.548
2076	58.881
2077	59.548
2078	58.905
2079	59.905
2080	60.357
2081	60.905
2082	59.786
2083	57.857
2084	58.524
2085	60.286
2086	56.881
2087	57.357
2088	57.905
2089	57.905
2090	58.286
2091	58.643
2092	59.524
2093	57.286
2094	57.786
2095	57.69
2096	57.214
2097	57.357
2098	56.929
2099	58.738
2100	56.69
2101	58.024
2102	56.167
2103	56.833
2104	55.643
2105	57.19
2106	56.071
2107	56.905
2108	56.357
2109	55.881
2110	55.762
2111	55.762
2112	55.262
2113	55.429
2114	55.619
2115	55.119
2116	55.167
2117	54.905
2118	55.19
2119	57.167
2120	54.738
2121	57.381
2122	55.69
2123	55.81
2124	55.976
2125	56.167
2126	54.738
2127	53.81
2128	54.786
2129	55.643
2130	54.333
2131	54.548
2132	55.714
2133	53.69
2134	55.476
2135	55.31
2136	55.452
2137	54.619
2138	54.571
2139	54.833
2140	55.929
2141	57.929
2142	55.429
2143	56.476
2144	56.405
2145	55.143
2146	54.762
2147	54.381
2148	54.833
2149	53.357
2150	54.143
2151	55.095
2152	54.714
2153	55.167
2154	54.071
2155	55.048
2156	54.667
2157	56.571
2158	54.881
2159	57.095
2160	55.286
2161	55.786
2162	53.762
2163	54.548
2164	54.667
2165	54.833
2166	54.643
2167	55.905
2168	55.524
2169	54.524
2170	55.452
2171	54.548
2172	54.595
2173	54.857
2174	54.548
2175	53.643
2176	53.643
2177	55.643
2178	55.643
2179	56.048
2180	55.595
2181	54.167
2182	54.69
2183	55.238
2184	56.143
2185	55.929
2186	54.905
2187	55.905
2188	54.238
2189	54.5
2190	54.048
2191	55.19
2192	54.881
2193	55.333
2194	54.714
2195	56
2196	55.429
2197	54.548
2198	53.643
2199	54.238
2200	55.548
2201	54.476
2202	54.857
2203	58.786
2204	58.881
2205	60.31
2206	62.833
2207	62.095
2208	64.833
2209	65.762
2210	64.452
2211	64.119
2212	65.071
2213	63.786
2214	64.571
2215	64.643
2216	63.833
2217	63.31
2218	64.976
2219	63.619
2220	62.357
2221	62.643
2222	62.571
2223	61.262
2224	62.738
2225	60.333
2226	61.905
2227	61.667
2228	60.762
2229	62.286
2230	60.286
2231	59.095
2232	60.286
2233	60.595
2234	58.643
2235	59.667
2236	60.643
2237	59.214
2238	57.262
2239	57.333
2240	57.929
2241	58.952
2242	60.595
2243	58.548
2244	59.286
2245	58.69
2246	57.833
2247	57.595
2248	57.286
2249	56.571
2250	56.738
2251	56.619
2252	56.19
2253	56.5
2254	57.5
2255	55.81
2256	54.762
2257	56.833
2258	56.048
2259	55.571
2260	54.476
2261	57.643
2262	54.81
2263	57.143
2264	57.357
2265	55.262
2266	54.167
2267	55.905
2268	56.214
2269	56.881
2270	56.619
2271	55.476
2272	53.952
2273	56.833
2274	54.452
2275	55
2276	56.024
2277	54.929
2278	55.905
2279	54.619
2280	55.357
2281	55.929
2282	54.857
2283	55.357
2284	56.786
2285	54.857
2286	55.643
2287	54.357
2288	54.881
2289	56.095
2290	54.405
2291	54.238
2292	55.024
2293	54.262
2294	55.69
2295	56.286
2296	55.833
2297	55.095
2298	55.048
2299	56.167
2300	55.405
2301	53.452
2302	55.476
2303	55.31
2304	54.69
2305	52.714
2306	54.952
2307	54.19
2308	55.31
2309	53.571
2310	53.714
2311	55.024
2312	55.357
2313	52.881
2314	53.333
2315	54.429
2316	53.619
2317	54.214
2318	53.476
2319	55.214
2320	56.548
2321	55.5
2322	54.238
2323	55.429
2324	55.762
2325	54.833
2326	55.667
2327	55.119
2328	55.786
2329	54.952
2330	53.643
2331	54.524
2332	54.881
2333	54.238
2334	54.357
2335	54.524
2336	54.405
2337	54.119
2338	54.429
2339	54.19
2340	54.405
2341	54.095
2342	54.452
2343	54.119
2344	54.833
2345	54.31
2346	53.667
2347	52.81
2348	54.929
2349	53.762
2350	54.024
2351	54.786
2352	52.714
2353	54.048
2354	55.357
2355	54.095
2356	54.357
2357	54.214
2358	53.333
2359	54.667
2360	54.119
2361	57.024
2362	58.238
2363	59.143
2364	59.31
2365	62.19
2366	62.548
2367	64.476
2368	62.357
2369	63.095
2370	64.024
2371	64.286
2372	64.357
2373	63.595
2374	64.571
2375	64.667
2376	66.952
2377	65.19
2378	64.857
2379	63.952
2380	63.619
2381	64.238
2382	63.024
2383	62.905
2384	63.762
2385	62.452
2386	62.762
2387	62.357
2388	61.571
2389	60.881
2390	60.976
2391	61.738
2392	60.333
2393	62.095
2394	59.405
2395	61.524
2396	60.024
2397	60.595
2398	58.595
2399	60.429
2400	58.19
2401	58.381
2402	59.762
2403	59.5
2404	57.976
2405	58.024
2406	57.857
2407	58.667
2408	57.762
2409	58.81
2410	57.786
2411	58.19
2412	56.81
2413	58.524
2414	56.571
2415	58.024
2416	56.381
2417	56.714
2418	56.667
2419	57.071
2420	57
2421	56.595
2422	57.643
2423	54.905
2424	56.095
2425	56.167
2426	55.548
2427	56.31
2428	56.333
2429	55.976
2430	56.976
2431	55.429
2432	54.952
2433	54.524
2434	56.31
2435	55.905
2436	55.119
2437	57.143
2438	55.214
2439	54.071
2440	54.667
2441	55.452
2442	55.143
2443	54.619
2444	54.405
2445	53.452
2446	55.214
2447	55.119
2448	53.286
2449	55.143
2450	54.071
2451	55.333
2452	55.31
2453	54.643
2454	54.286
2455	55.405
2456	54.429
2457	55.214
2458	52.881
2459	54.69
2460	54.119
2461	53.333
2462	53.595
2463	54.405
2464	53.214
2465	54.881
2466	54.19
2467	54.952
2468	55.619
2469	54.095
2470	55.214
2471	53.5
2472	54.667
2473	53.762
2474	55.357
2475	54.548
2476	54.952
2477	54.024
2478	53.357
2479	54.119
2480	54.286
2481	53.333
2482	53.952
2483	52.905
2484	52.762
2485	53
2486	55.238
2487	54.905
2488	54.881
2489	53.905
2490	53.524
2491	53.214
2492	53.286
2493	53.19
2494	55.571
2495	53.738
2496	53.548
2497	55.19
2498	53.905
2499	53.833
2500	53.381
2501	53
2502	55.31
2503	54.452
2504	54.405
2505	54.048
2506	53.929
2507	55.357
2508	54.19
2509	53.548
2510	52.857
2511	53.5
2512	55.071
2513	52.167
2514	55.143
2515	54.5
2516	53.405
2517	53.024
2518	54.286
2519	54.214
2520	55.857
2521	58.5
2522	60.119
2523	61.024
2524	61.571
2525	62.143
2526	63.714
2527	63.524
2528	63.714
2529	62.381
2530	63.024
2531	62.714
2532	61.5
2533	61.333
2534	63.524
2535	61.119
2536	60.357
2537	59.905
2538	59.5
2539	61.095
2540	61.024
2541	58.548
2542	59.548
2543	60.357
2544	59.357
2545	59.738
2546	59.119
2547	60.048
2548	58
2549	59.69
2550	55.976
2551	57.262
2552	58.19
2553	56.714
2554	57.881
2555	58.024
2556	57.381
2557	55.738
2558	56.762
2559	57.857
2560	56.881
2561	58.31
2562	58.595
2563	56.476
2564	56.024
2565	55.595
2566	56.167
2567	56.429
2568	56.262
2569	56.214
2570	54.405
2571	56.857
2572	55.286
2573	54.976
2574	56.119
2575	56.024
2576	56.119
2577	55.833
2578	55.333
2579	56.143
2580	55.119
2581	54.976
2582	55.738
2583	55.738
2584	55.857
2585	55.595
2586	54.381
2587	54.643
2588	53.929
2589	55.095
2590	54.476
2591	55.643
2592	55.167
2593	56.095
2594	54.762
2595	54.833
2596	54.262
2597	53.81
2598	55.619
2599	55.476
2600	55.143
2601	53.571
2602	53.738
2603	55.738
2604	53.357
2605	55.405
2606	53.976
2607	54.5
2608	52.214
2609	55.31
2610	55.19
2611	53.095
2612	53.738
2613	54.786
2614	52.095
2615	54
2616	55.381
2617	54.048
2618	53.143
2619	53.548
2620	53.31
2621	53.929
2622	53.81
2623	55
2624	54.714
2625	53.452
2626	53.476
2627	54.071
2628	54.024
2629	53.286
2630	55.619
2631	54.119
2632	54.19
2633	52.643
2634	54.238
2635	53
2636	53.286
2637	53.095
2638	53.952
2639	54.595
2640	53.667
2641	54.81
2642	52.952
2643	54.81
2644	52.524
2645	53.69
2646	53.905
2647	53.976
2648	55.024
2649	54.143
2650	54.19
2651	55.929
2652	58.262
2653	59.452
2654	61.857
2655	63.429
2656	62.071
2657	62.024
2658	64.714
2659	62.214
2660	63.548
2661	62.5
2662	62.286
2663	60.833
2664	61.524
2665	60.19
2666	63.286
2667	61.976
2668	61.833
2669	59.667
2670	60.214
2671	60.81
2672	60
2673	61.762
2674	59.19
2675	58.476
2676	58.714
2677	59.238
2678	57.762
2679	60.095
2680	61.952
2681	63.5
2682	64.024
2683	65.119
2684	64.833
2685	64.214
2686	65.071
2687	65.69
2688	64.095
2689	62.714
2690	63.167
2691	61.333
2692	62.333
2693	63.595
2694	62.167
2695	62.452
2696	61.167
2697	60.81
2698	61.167
2699	60.524
2700	61.095
2701	61.81
2702	60.929
2703	61.333
2704	61.286
2705	60.762
2706	59.405
2707	59.786
2708	60.5
2709	58.238
2710	59.762
2711	59.905
2712	58.19
2713	60.619
2714	61.024
2715	59.643
2716	59.095
2717	59.881
2718	60.357
2719	59.762
2720	59.071
2721	57.524
2722	57.976
2723	57.738
2724	58.167
2725	58.5
2726	57.214
2727	57.143
2728	57.095
2729	56.571
2730	56.595
2731	55.833
2732	56.167
2733	56.714
2734	56.667
2735	55.929
2736	56.19
2737	55.548
2738	55.881
2739	55.214
2740	55.429
2741	56.095
2742	56.262
2743	55.143
2744	55.238
2745	55.238
2746	55.405
2747	54.762
2748	55.5
2749	53.833
2750	55.905
2751	54.524
2752	53.524
2753	54.929
2754	54.762
2755	55.214
2756	53.286
2757	54.929
2758	55.571
2759	54.619
2760	53.595
2761	54.952
2762	54.429
2763	54.476
2764	54.643
2765	54.167
2766	54.571
2767	54.119
2768	55.095
2769	54.167
2770	53.738
2771	54.095
2772	52.214
2773	55.524
2774	53.024
2775	53.262
2776	54.833
2777	53.81
2778	54.167
2779	55.667
2780	53.762
2781	52.81
2782	54.714
2783	53.048
2784	53.714
2785	54.048
2786	52.452
2787	55.119
2788	55.071
2789	53.667
2790	55.119
2791	51.548
2792	52.952
2793	54.571
2794	52.452
2795	55.595
2796	53.119
2797	53.333
2798	52.5
2799	54.714
2800	53.786
2801	54.857
2802	53.714
2803	52.571
2804	53.714
2805	56.405
2806	58.143
2807	58.881
2808	60.095
2809	61.286
2810	61.262
2811	62.095
2812	62.524
2813	61.69
2814	61.786
2815	62
2816	63.143
2817	62.405
2818	60
2819	59.738
2820	59.905
2821	59.786
2822	60.643
2823	60.024
2824	58.976
2825	59.571
2826	59.405
2827	60.214
2828	60.786
2829	59.143
2830	58.5
2831	57.667
2832	59.571
2833	60.238
2834	57.857
2835	60.214
2836	58
2837	59.548
2838	59.429
2839	63.571
2840	62.714
2841	62.571
2842	64.619
2843	64.452
2844	64.405
2845	64.714
2846	65.286
2847	63.952
2848	63.262
2849	63.286
2850	63.333
2851	64.024
2852	63.119
2853	60.595
2854	61.881
2855	60.167
2856	61.548
2857	60.976
2858	60.071
2859	61.095
2860	59.762
2861	60.548
2862	60.833
2863	60.333
2864	59.929
2865	59.952
2866	59.143
2867	59.452
2868	57.571
2869	59.19
2870	57.024
2871	59.548
2872	57.667
2873	57.929
2874	58
2875	57.31
2876	57.714
2877	56.262
2878	56.143
2879	58.119
2880	56.5
2881	56.524
2882	56.881
2883	55.381
2884	56.31
2885	56.286
2886	55.31
2887	57.214
2888	56.69
2889	55.738
2890	56.81
2891	56.214
2892	56.143
2893	54.643
2894	55.548
2895	54.143
2896	56.143
2897	56.5
2898	57.119
2899	55.048
2900	54.476
2901	55
2902	53.238
2903	54.857
2904	53.952
2905	54.357
2906	53.881
2907	54.738
2908	54.5
2909	54.476
2910	53.214
2911	56
2912	54.929
2913	54.071
2914	54
2915	53.214
2916	52.929
2917	53.786
2918	55.238
2919	54.5
2920	54.381
2921	52.31
2922	52.929
2923	54
2924	53.024
2925	54.476
2926	54.595
2927	52.714
2928	52.738
2929	53.81
2930	54.167
2931	52.286
2932	53.429
2933	54.238
2934	53.048
2935	52.786
2936	52.976
2937	53.833
2938	53.143
2939	52.905
2940	53.381
2941	53.81
2942	54.048
2943	53.524
2944	54.238
2945	53.5
2946	54.786
2947	52.31
2948	53.881
2949	54.31
2950	52.024
2951	51.619
2952	53.929
2953	54.214
2954	51.905
2955	53.381
2956	52.714
2957	53.857
2958	53.881
2959	52.667
2960	51.714
2961	53.214
2962	53.286
2963	54
2964	52
2965	54.31
2966	52.524
2967	53.095
2968	51.524
2969	54.762
2970	53.548
2971	52.143
2972	52.405
2973	53.476
2974	52.881
2975	53.619
2976	52.762
2977	55.071
2978	52.619
2979	54.024
2980	51.81
2981	52.452
2982	53.5
2983	52.5
2984	54.357
2985	54.429
2986	52.714
2987	52.452
2988	53
2989	52.762
2990	52.619
2991	53.405
2992	52.262
2993	54
2994	51.5
2995	53.571
2996	54.333
2997	56.571
2998	57.881
2999	60
3000	60.452
3001	62.714
3002	60.619
3003	61.976
3004	60.738
3005	63.262
3006	63.81
3007	63.238
3008	61.548
3009	61.762
3010	62.976
3011	61.738
3012	60.548
3013	61
3014	60.286
3015	59.81
3016	60.429
3017	59.167
3018	59.548
3019	59.31
3020	58.429
3021	59.31
3022	58.429
3023	58.31
3024	58.262
3025	59.476
3026	58.452
3027	57.143
3028	57.762
3029	57.024
3030	57.119
3031	57.429
3032	57.119
3033	56.31
3034	56.238
3035	57.595
3036	56.19
3037	57.286
3038	56.452
3039	57.119
3040	57.262
3041	54.19
3042	56.286
3043	55.143
3044	54.81
3045	57.095
3046	55.714
3047	55
3048	56.619
3049	55.405
3050	55.476
3051	56.286
3052	54.476
3053	55.286
3054	54.952
3055	54.405
3056	54.905
3057	54.071
3058	55.286
3059	55.31
3060	54.667
3061	53.357
3062	54.667
3063	54.786
3064	55.5
3065	53.167
3066	53.905
3067	54.476
3068	53.833
3069	53.333
3070	55.167
3071	53.143
3072	53.429
3073	53.69
3074	53.429
3075	53.929
3076	54.571
3077	53.69
3078	52.429
3079	53.286
3080	53.667
3081	53.357
3082	52.905
3083	54.524
3084	53.524
3085	53.762
3086	52.738
3087	53.738
3088	53.19
3089	53.167
3090	52.476
3091	54.786
3092	53.738
3093	52.976
3094	52.095
3095	52.667
3096	55.167
3097	53.595
3098	54.238
3099	53.548
3100	52.714
3101	54.333
3102	55.262
3103	52.786
3104	53.643
3105	52.357
3106	53.524
3107	53.095
3108	52.952
3109	53.857
3110	54.071
3111	53.667
3112	52.024
3113	53.048
3114	51.095
3115	53.071
3116	52.167
3117	52.643
3118	53.095
3119	52.738
3120	52.786
3121	52.833
3122	53
3123	51.786
3124	52.524
3125	51.286
3126	52.857
3127	53.262
3128	54.119
3129	53.071
3130	51.571
3131	52.643
3132	51.452
3133	52.19
3134	54.262
3135	52.619
3136	53.262
3137	51.786
3138	52.714
3139	52.476
3140	52.643
3141	53
3142	53.143
3143	54.143
3144	53.643
3145	54.262
3146	52.976
3147	53.405
3148	52.548
3149	53.119
3150	52.952
3151	53.643
3152	52.929
3153	54.19
3154	51.69
3155	53.238
3156	55.833
3157	57.857
3158	58.762
3159	61.19
3160	61.429
3161	62.714
3162	61.262
3163	61.357
3164	60.381
3165	62.548
3166	62.786
3167	60.643
3168	60.762
3169	60.786
3170	61.452
3171	60.952
3172	59.524
3173	59.405
3174	59.833
3175	59.833
3176	58.857
3177	58.357
3178	57.976
3179	59.833
3180	58.929
3181	58.405
3182	56.81
3183	57
3184	58.167
3185	57.071
3186	56.952
3187	55.119
3188	58
3189	56.833
3190	55.619
3191	55.667
3192	57.262
3193	57.762
3194	55.738
3195	56.595
3196	54.119
3197	55.929
3198	54.619
3199	55.31
3200	54.643
3201	56.476
3202	55.619
3203	57.5
3204	53.929
3205	55.452
3206	55.214
3207	55.833
3208	55.262
3209	54.476
3210	54.19
3211	54.19
3212	54.476
3213	54.381
3214	54.548
3215	54.31
3216	52.952
3217	54.143
3218	53.905
3219	53.786
3220	53.19
3221	52.833
3222	52.357
3223	54.19
3224	55.119
3225	52
3226	53.5
3227	52.905
3228	52.5
3229	54.071
3230	52.905
3231	54.119
3232	54
3233	53.476
3234	54.048
3235	53.571
3236	52.69
3237	52.214
3238	53.238
3239	52.5
3240	54.31
3241	54.31
3242	54.119
3243	54.262
3244	51.405
3245	53.595
3246	51.833
3247	53.214
3248	53.286
3249	53.452
3250	51.595
3251	52.333
3252	53.048
3253	52.81
3254	52.143
3255	52.619
3256	53.357
3257	52.976
3258	53.286
3259	53
3260	53.143
3261	52.19
3262	52.262
3263	54.595
3264	52.167
3265	52.619
3266	52.286
3267	54.31
3268	52.738
3269	53.619
3270	52.976
3271	52.69
3272	54.548
3273	53.738
3274	53.119
3275	52.214
3276	52.833
3277	52.024
3278	52.476
3279	51
3280	52.5
3281	52.69
3282	53.833
3283	53.833
3284	54.357
3285	52.833
3286	53.214
3287	52.357
3288	52.762
3289	52.738
3290	53.024
3291	53.786
3292	53.571
3293	52.81
3294	52.643
3295	54.333
3296	54.381
3297	54.024
3298	54.619
3299	52.548
3300	54.238
3301	53.071
3302	52.333
3303	52.071
3304	52.214
3305	52.786
3306	53.095
3307	51.905
3308	51.595
3309	53.286
3310	53
3311	52.81
3312	52.5
3313	53.095
3314	53.69
3315	56.524
3316	56.881
3317	57.762
3318	59.429
3319	61.024
3320	59.333
3321	61
3322	61.714
3323	61.333
3324	61.333
3325	60
3326	61.333
3327	59.5
3328	58.571
3329	61.024
3330	59.786
3331	59.762
3332	60.929
3333	58.5
3334	59.929
3335	58.714
3336	57.857
3337	58.524
3338	59.024
3339	58.81
3340	59.214
3341	58.071
3342	57.095
3343	58.643
3344	56.286
3345	56.524
3346	57.071
3347	57.595
3348	55
3349	56.095
3350	55.071
3351	54.81
3352	55.429
3353	55.119
3354	55.952
3355	55.786
3356	54.476
3357	54.786
3358	54.714
3359	55.952
3360	55.643
3361	55.929
3362	55.143
3363	55.524
3364	54.048
3365	55.024
3366	53.857
3367	54.952
3368	53.976
3369	55.214
3370	52.786
3371	54.119
3372	55.024
3373	52.69
3374	53.81
3375	54.048
3376	52.905
3377	54.071
3378	52.167
3379	53.69
3380	53.19
3381	52.381
3382	53.667
3383	53.833
3384	54.286
3385	53.095
3386	53.429
3387	54.643
3388	54.119
3389	54.81
3390	53.024
3391	54.524
3392	53
3393	54.333
3394	53.5
3395	54.143
3396	52
3397	54.5
3398	53.381
3399	53.81
3400	53.048
3401	53.429
3402	53.381
3403	51.595
3404	53.762
3405	53.786
3406	53.238
3407	53.31
3408	53.452
3409	52.095
3410	52.976
3411	52.5
3412	52.524
3413	51.976
3414	52.5
3415	51.833
3416	52.81
3417	52.738
3418	52.405
3419	52.5
3420	52.905
3421	52.119
3422	53.333
3423	52.643
3424	52.524
3425	51.071
3426	54.048
3427	52
3428	51.381
3429	53.714
3430	53.214
3431	53.833
3432	53.333
3433	52.738
3434	54.786
3435	55.262
3436	57.476
3437	57.333
3438	59.214
3439	60.643
3440	62.667
3441	62.571
3442	61.429
3443	60.857
3444	63.214
3445	62.714
3446	59.262
3447	62.929
3448	61.762
3449	60.643
3450	59.333
3451	59.548
3452	58.214
3453	59.19
3454	58.381
3455	60.19
3456	59.548
3457	59.595
3458	59.452
3459	58.619
3460	59.095
3461	59.167
3462	59.333
3463	57.833
3464	59
3465	57.476
3466	57.31
3467	57.786
3468	58.262
3469	57.69
3470	56.262
3471	57.119
3472	57.405
3473	57.19
3474	58.071
3475	60.762
3476	62.095
3477	61.881
3478	61.571
3479	62.405
3480	61.69
3481	60.619
3482	61.667
3483	61.167
3484	60.952
3485	60.643
3486	61.214
3487	59.429
3488	59.952
3489	59.214
3490	58.929
3491	59.095
3492	60.024
3493	58.857
3494	58.238
3495	57.714
3496	58.929
3497	59.833
3498	57.405
3499	56.952
3500	56.167
3501	57.405
3502	56.381
3503	57.024
3504	58.19
3505	59.167
3506	57.286
3507	55.976
3508	56.31
3509	57
3510	56.905
3511	56.357
3512	57.667
3513	56.738
3514	54.619
3515	55.024
3516	55.381
3517	55.714
3518	54.31
3519	55.238
3520	55.19
3521	55.452
3522	56.048
3523	54.548
3524	55.214
3525	55.833
3526	54.357
3527	54.214
3528	54
3529	53.929
3530	55.31
3531	54.429
3532	54.595
3533	54.571
3534	53.286
3535	52.69
3536	53.762
3537	53.905
3538	53.643
3539	55
3540	53.857
3541	54.167
3542	53.405
3543	53.119
3544	52.452
3545	52.833
3546	53.786
3547	52.738
3548	53.429
3549	52.762
3550	53.31
3551	53.238
3552	53.286
3553	54.452
3554	52.167
3555	52.881
3556	52.452
3557	54.429
3558	51.214
3559	53.476
3560	51.571
3561	52.786
3562	52.571
3563	53.214
3564	51.357
3565	52.071
3566	52.095
3567	51.381
3568	52.286
3569	53.143
3570	52.5
3571	53.929
3572	52.286
3573	53.595
3574	52.667
3575	52.5
3576	52.69
3577	53.976
3578	51.976
3579	54.452
3580	53.214
3581	53.19
3582	52.405
3583	52.952
3584	53.5
3585	53.905
3586	52.357
3587	53.214
3588	53.31
3589	52.833
3590	52.571
3591	53.214
3592	52.333
3593	52.833
3594	52.095
3595	53.524
3596	52.595
3597	52.071
3598	52.381
3599	52.952
3600	53.262
3601	53.333
3602	53.833
3603	53.143
3604	53.238
3605	56.476
3606	59.381
3607	59.357
3608	59.595
3609	58.976
3610	59.905
3611	59.833
3612	59
3613	60.452
3614	61.024
3615	61.167
3616	60.119
3617	60.048
3618	60.833
3619	58.405
3620	59.952
3621	58.357
3622	57.5
3623	59.929
3624	57.476
3625	58.976
3626	56.738
3627	57.429
3628	58.31
3629	55.81
3630	57.357
3631	57.976
3632	58.81
3633	61.071
3634	63.833
3635	61.976
3636	62.905
3637	63.881
3638	61.81
3639	61.81
3640	61.571
3641	61.595
3642	61.119
3643	60.31
3644	61.5
3645	61
3646	60.929
3647	60.476
3648	61.738
3649	59.905
3650	59.857
3651	60.81
3652	60.881
3653	58.548
3654	59.357
3655	59.262
3656	58.667
3657	58.119
3658	58.905
3659	57.595
3660	57.262
3661	57.405
3662	57.81
3663	55.857
3664	55.881
3665	56.714
3666	56.595
3667	55
3668	55.548
3669	55.405
3670	57
3671	55.81
3672	56.024
3673	55.524
3674	55.262
3675	55.833
3676	55.881
3677	55.595
3678	54.405
3679	55.476
3680	55.762
3681	55.286
3682	54.381
3683	55.452
3684	55.071
3685	53
3686	52.929
3687	53.69
3688	53.952
3689	53.524
3690	52.952
3691	54.143
3692	53.262
3693	52.952
3694	54.452
3695	54.167
3696	53.452
3697	53.714
3698	55.119
3699	52.762
3700	54.524
3701	53.286
3702	51.786
3703	53.857
3704	54.952
3705	53.667
3706	53.333
3707	53.81
3708	54.667
3709	52.167
3710	53.857
3711	54.286
3712	53.048
3713	53.5
3714	52.667
3715	53.143
3716	53.095
3717	52.214
3718	53.167
3719	51.167
3720	52.071
3721	52.5
3722	52.714
3723	53.786
3724	52.929
3725	52.19
3726	52.286
3727	51.643
3728	51.976
3729	51.857
3730	52.833
3731	53.976
3732	52.5
3733	53.619
3734	52.214
3735	54.071
3736	52.524
3737	52.833
3738	51.524
3739	50.19
3740	52.119
3741	51.738
3742	50.357
3743	51.976
3744	51.929
3745	53.786
3746	53
3747	51.381
3748	51.952
3749	51.262
3750	51.548
3751	52.286
3752	53.976
3753	53
3754	52.238
3755	52.571
3756	52.048
3757	51.095
3758	53.262
3759	51.405
3760	52.214
3761	51.762
3762	52.286
3763	51.095
3764	50.286
3765	52.595
3766	52.452
3767	51.31
3768	51.69
3769	51.595
3770	52.381
3771	53.048
3772	52.143
3773	52.905
3774	52.262
3775	50.667
3776	52.929
3777	52.786
3778	52.786
3779	52.452
3780	53.405
3781	53.167
3782	52
3783	51.429
3784	51.738
3785	52.571
3786	52.571
3787	51.238
3788	52.024
3789	51.095
3790	54.024
3791	55.833
3792	56.143
3793	58.548
3794	57.881
3795	60.429
3796	59.976
3797	60.31
3798	59
3799	59.476
3800	61.762
3801	62.167
3802	61.476
3803	59.048
3804	60.262
3805	59.952
3806	61.667
3807	59.548
3808	58.238
3809	60.048
3810	58.857
3811	58.19
3812	57.429
3813	57.452
3814	58.095
3815	58.262
3816	56.905
3817	56.976
3818	57.952
3819	56.524
3820	57.405
3821	57.286
3822	57.238
3823	55.857
3824	55.762
3825	56.667
3826	55.357
3827	55.119
3828	55.571
3829	55.286
3830	55.905
3831	54.952
3832	54.333
3833	54.119
3834	55.357
3835	53.905
3836	54.095
3837	54.429
3838	53.333
3839	55.452
3840	54.738
3841	53.786
3842	54.905
3843	54.643
3844	53.095
3845	55.619
3846	54.024
3847	54.976
3848	53.333
3849	53.024
3850	54.143
3851	53.643
3852	53.643
3853	52.929
3854	52.357
3855	53.714
3856	54.357
3857	53.619
3858	52.643
3859	53.524
3860	52.762
3861	53.881
3862	52.524
3863	54
3864	52.286
3865	52.333
3866	52.429
3867	50.595
3868	53.738
3869	53
3870	52.643
3871	51.786
3872	51.452
3873	50.786
3874	51.81
3875	51.333
3876	52.643
3877	52.19
3878	52.738
3879	52.095
3880	52.714
3881	52.381
3882	50.357
3883	53.738
3884	52.286
3885	52.881
3886	52.048
3887	51.929
3888	52.952
3889	51.5
3890	51.048
3891	52.357
3892	52.571
3893	52.857
3894	50.476
3895	50.738
3896	51.476
3897	51.429
3898	51.976
3899	52.238
3900	52.476
3901	51.619
3902	50.548
3903	51.833
3904	51.762
3905	51.31
3906	52.262
3907	52.595
3908	52.524
3909	51.643
3910	52.095
3911	51.167
3912	52.5
3913	49.667
3914	51.667
3915	53.476
3916	53
3917	52.286
3918	51.857
3919	52.381
3920	53.333
3921	51.31
3922	51.667
3923	50.595
3924	51.286
3925	52.5
3926	50.024
3927	51.714
3928	51.476
3929	51.048
3930	52.024
3931	52.5
3932	50.262
3933	51.762
3934	52.571
3935	52.952
3936	53.476
3937	51.476
3938	52.31
3939	52.548
3940	50.643
3941	51.714
3942	52.714
3943	52.929
3944	56.238
3945	56.167
3946	58.429
3947	59.738
3948	60.786
3949	61.071
3950	58.81
3951	60.381
3952	59.119
3953	61.095
3954	60.167
3955	59.095
3956	60.357
3957	62.405
3958	60.238
3959	61.881
3960	58.643
3961	60.048
3962	58.881
3963	58.333
3964	58.31
3965	58.81
3966	59.333
3967	59.214
3968	59
3969	57.881
3970	59.19
3971	58.238
3972	58.429
3973	57.833
3974	57.476
3975	57.929
3976	57.905
3977	55.214
3978	56.381
3979	56.429
3980	54.833
3981	55.381
3982	56.048
3983	55.333
3984	55.738
3985	55.214
3986	56.167
3987	55
3988	55.143
3989	54.357
3990	55.286
3991	54.381
3992	54.119
3993	55.976
3994	54
3995	55.786
3996	54.024
3997	55.429
3998	55.429
3999	54.69
4000	52.405
4001	53.262
4002	52.238
4003	54.476
4004	53.667
4005	52.476
4006	53.381
4007	50.81
4008	53.81
4009	53.571
4010	53.524
4011	54.476
4012	53.905
4013	52.714
4014	52.619
4015	53.833
4016	52.571
4017	53.31
4018	52.31
4019	53.524
4020	52.738
4021	53.214
4022	52.476
4023	51.5
4024	53.214
4025	53.857
4026	53.286
4027	51.762
4028	51.31
4029	53.619
4030	51.857
4031	50.69
4032	52.524
4033	52.143
4034	51.143
4035	53.643
4036	53.762
4037	52.643
4038	52.929
4039	52.071
4040	53.81
4041	53.048
4042	51.952
4043	51.429
4044	51.905
4045	52.238
4046	51.762
4047	51.905
4048	50.119
4049	52.476
4050	52.595
4051	52.31
4052	51.643
4053	51.333
4054	52.262
4055	52.714
4056	50.619
4057	52.833
4058	51
4059	52.429
4060	51.69
4061	53.048
4062	51.286
4063	53.357
4064	52.381
4065	53.143
4066	51.738
4067	50.476
4068	50.976
4069	51.333
4070	52.905
4071	51.929
4072	50.214
4073	52.071
4074	51.167
4075	51.024
4076	52.048
4077	51.857
4078	51.405
4079	51.905
4080	56.024
4081	55.405
4082	56.619
4083	57.643
4084	58
4085	59.119
4086	59.119
4087	59.071
4088	58.929
4089	59.881
4090	58.714
4091	59.095
4092	58.952
4093	58.024
4094	58.833
4095	58.143
4096	57.571
4097	58.071
4098	57.095
4099	56.524
4100	57.238
4101	56.81
4102	56.714
4103	57.357
4104	55.667
4105	57.619
4106	55.286
4107	55.548
4108	56.905
4109	58.595
4110	58.714
4111	62.381
4112	61.429
4113	61
4114	62.333
4115	60.119
4116	61.786
4117	60.714
4118	59.405
4119	59.19
4120	58.548
4121	59.643
4122	60.238
4123	58.048
4124	57.024
4125	56.857
4126	58.238
4127	59.548
4128	58.071
4129	58
4130	58.31
4131	57.548
4132	56.548
4133	56.333
4134	55.071
4135	57.548
4136	56.071
4137	56.905
4138	55.905
4139	56.881
4140	56.714
4141	57.071
4142	56.119
4143	55.071
4144	54.333
4145	55.762
4146	56.81
4147	55.357
4148	56.69
4149	55.262
4150	55.024
4151	54.976
4152	56.905
4153	53.333
4154	54.31
4155	54.833
4156	55
4157	54.524
4158	53.952
4159	54.167
4160	54.738
4161	53.048
4162	52.881
4163	53.81
4164	53.071
4165	53.762
4166	52.548
4167	54.048
4168	53.286
4169	53.167
4170	53.333
4171	54.19
4172	52.5
4173	53.286
4174	54.167
4175	53.333
4176	52.976
4177	52.143
4178	52.262
4179	53.381
4180	53.833
4181	52.381
4182	51.571
4183	53.381
4184	52.238
4185	52.667
4186	52.643
4187	52.714
4188	51.667
4189	52.476
4190	51.095
4191	52.405
4192	52.071
4193	52.548
4194	52.095
4195	52.548
4196	51.214
4197	51.881
4198	51.333
4199	52.262
4200	50.69
4201	52.69
4202	52.429
4203	51.119
4204	51.976
4205	51.167
4206	51.69
4207	51.762
4208	52
4209	52.095
4210	52.571
4211	51.833
4212	53.214
4213	50.881
4214	52.762
4215	51.571
4216	51.5
4217	51.881
4218	52.786
4219	51.952
4220	53.214
4221	52.405
4222	52.262
4223	52.095
4224	50.571
4225	50.619
4226	52.071
4227	52.5
4228	52.214
4229	51.857
4230	51.619
4231	52.762
4232	51.548
4233	51.524
4234	51.095
4235	52.976
4236	51.976
4237	50.929
4238	51.976
4239	51.429
4240	52.071
4241	51.119
4242	52.214
4243	51.857
4244	51.905
4245	53.071
4246	51.595
4247	51.429
4248	52.571
4249	51.857
4250	50.452
4251	51.786
4252	52.19
4253	52.167
4254	53.119
4255	53.881
4256	55.262
4257	56.81
4258	57.095
4259	58.333
4260	58.286
4261	58.952
4262	59.19
4263	59.714
4264	59.19
4265	58.286
4266	60.262
4267	59.143
4268	59.667
4269	59.119
4270	58
4271	59.952
4272	59.405
4273	59.524
4274	57.571
4275	57.881
4276	58.976
4277	58.262
4278	58.071
4279	59.262
4280	57.476
4281	58
4282	57.429
4283	58.619
4284	58.286
4285	55.548
4286	55.405
4287	55.881
4288	55.786
4289	56.048
4290	55.31
4291	56.667
4292	55.357
4293	54.429
4294	55.119
4295	56.048
4296	54.357
4297	55.667
4298	53.714
4299	54.286
4300	52.31
4301	53.31
4302	55.595
4303	54.024
4304	53.429
4305	52.143
4306	54.143
4307	54.024
4308	53.905
4309	53.19
4310	54.786
4311	53.69
4312	53.095
4313	53.429
4314	53.595
4315	52.833
4316	53.452
4317	53.738
4318	52.81
4319	53.286
4320	52.786
4321	53.619
4322	54.833
4323	53.167
4324	52.119
4325	52.905
4326	52.929
4327	52.5
4328	52.69
4329	51.976
4330	52.524
4331	53.333
4332	51.667
4333	53.048
4334	51.548
4335	52.952
4336	53.214
4337	52.738
4338	51.381
4339	51.381
4340	51.905
4341	51.976
4342	50.905
4343	52.357
4344	51.19
4345	52.738
4346	51.357
4347	52.762
4348	50.857
4349	51.214
4350	50.857
4351	51.595
4352	51.952
4353	51.357
4354	50.81
4355	50.667
4356	51.405
4357	50.69
4358	52
4359	51.286
4360	51
4361	52.024
4362	50.571
4363	51.857
4364	51.31
4365	51.429
4366	51.952
4367	52.167
4368	53.19
4369	50.952
4370	51.048
4371	50.976
4372	49.857
4373	51.429
4374	50.286
4375	52.571
4376	52.952
4377	51.429
4378	51.595
4379	53.048
4380	52.881
4381	52.905
4382	49.976
4383	50.619
4384	50.238
4385	50.81
4386	50.619
4387	51.214
4388	50.595
4389	50.405
4390	51.429
4391	52.262
4392	52.238
4393	51.667
4394	51.333
4395	50.857
4396	53.452
4397	51.857
4398	52.095
4399	50.548
4400	51.286
4401	51.286
4402	50.762
4403	51.833
4404	51.19
4405	52.31
4406	51.857
4407	51.69
4408	51.19
4409	51.119
4410	51.5
4411	52.429
4412	49.857
4413	51.571
4414	52.119
4415	51.619
4416	50.738
4417	50.5
4418	50.476
4419	51.31
4420	53.333
4421	51.333
4422	50.357
4423	52.357
4424	52.071
4425	51.571
4426	53.19
4427	54.667
4428	54.905
4429	57.31
4430	56.81
4431	57.095
4432	58.214
4433	57.19
4434	57.976
4435	58.976
4436	58.976
4437	60.167
4438	58.976
4439	57.5
4440	56.714
4441	58
4442	58.167
4443	56.857
4444	57.024
4445	58.571
4446	56.19
4447	56.881
4448	56.619
4449	56.929
4450	57.071
4451	55.119
4452	56.548
4453	56.619
4454	55.071
4455	54.214
4456	56.667
4457	54.571
4458	53.976
4459	55.31
4460	55.595
4461	55.333
4462	54.286
4463	53.69
4464	54.286
4465	54.905
4466	53.81
4467	53.071
4468	54.905
4469	53.952
4470	53.048
4471	54.69
4472	53.405
4473	51.881
4474	52.667
4475	53.81
4476	52.333
4477	52.976
4478	53.476
4479	51.405
4480	52.381
4481	52.429
4482	52.071
4483	53.19
4484	52.167
4485	49.929
4486	51.952
4487	50.333
4488	50.548
4489	51.19
4490	50.429
4491	51.429
4492	51.238
4493	50.762
4494	51.548
4495	51.857
4496	50.976
4497	51.024
4498	50.762
4499	51.643
4500	51.31
4501	51.167
4502	51.857
4503	50.881
4504	50.214
4505	51.214
4506	53.048
4507	53.357
4508	50.548
4509	50.071
4510	49.762
4511	50.214
4512	51.524
4513	49.667
4514	51
4515	50.952
4516	50.786
4517	52.214
4518	51.048
4519	53.333
4520	51.476
4521	51.881
4522	50.905
4523	51.071
4524	52.405
4525	50.595
4526	50.786
4527	51.786
4528	52.238
4529	52.143
4530	51.976
4531	54.095
4532	51.024
4533	51.119
4534	49.405
4535	50.833
4536	51.548
4537	50.976
4538	51.619
4539	51.762
4540	52.357
4541	50.262
4542	50.214
4543	53.143
4544	51.357
4545	51.786
4546	49.786
4547	49.976
4548	51.405
4549	50.167
4550	50.69
4551	50.381
4552	50.714
4553	50.976
4554	49.405
4555	52.024
4556	50.571
4557	50.071
4558	51
4559	50.095
4560	51.214
4561	49.786
4562	50.952
4563	51.738
4564	51.357
4565	52.071
4566	51.833
4567	50.548
4568	50.69
4569	51.024
4570	50.714
4571	51.405
4572	50.119
4573	51.024
4574	51.405
4575	52.167
4576	49.619
4577	50.548
4578	51.333
4579	50.143
4580	51.286
4581	51.429
4582	51.024
4583	51.238
4584	52.929
4585	54.286
4586	53.571
4587	56.024
4588	56.643
4589	56
4590	58.048
4591	59.571
4592	58.262
4593	58.357
4594	56.667
4595	56.452
4596	59
4597	57.714
4598	56.095
4599	56.286
4600	56.381
4601	56.5
4602	56.524
4603	56.81
4604	54.5
4605	54.881
4606	56.286
4607	55.976
4608	56.143
4609	56.024
4610	55.095
4611	54.786
4612	54.786
4613	54.976
4614	55.452
4615	55.095
4616	55.524
4617	53.048
4618	55.571
4619	53.548
4620	55.048
4621	53.405
4622	53.976
4623	53.262
4624	53
4625	53.19
4626	53.595
4627	52.19
4628	53.214
4629	53.286
4630	53.405
4631	53.024
4632	52.429
4633	52.738
4634	51.952
4635	53.762
4636	53.762
4637	52.238
4638	52.357
4639	53.167
4640	53.667
4641	53.048
4642	52.238
4643	51.31
4644	51.571
4645	51.714
4646	51.405
4647	52.643
4648	52.595
4649	50.905
4650	51.595
4651	51.333
4652	52.571
4653	52.881
4654	52.786
4655	52.833
4656	51.262
4657	52
4658	50.667
4659	51.571
4660	51.429
4661	52.143
4662	51.476
4663	51.381
4664	51.262
4665	51.667
4666	52.429
4667	50.952
4668	51.667
4669	52.5
4670	51.024
4671	51.31
4672	52
4673	49.643
4674	52.429
4675	50.333
4676	52.738
4677	51.976
4678	50.714
4679	51.5
4680	50.952
4681	50.476
4682	50.095
4683	50.476
4684	49
4685	51.381
4686	50.19
4687	51.857
4688	51.69
4689	50.976
4690	51.643
4691	51.595
4692	52.095
4693	52.738
4694	50.786
4695	49.929
4696	51.952
4697	49.81
4698	51.762
4699	50.31
4700	49.714
4701	49.333
4702	50.381
4703	50.881
4704	50.786
4705	51.619
4706	52.048
4707	51.381
4708	50.81
4709	51.143
4710	49.762
4711	52.119
4712	49.81
4713	51.905
4714	51.833
4715	52.286
4716	48.976
4717	50.548
4718	52.262
4719	51.19
4720	51.238
4721	49.357
4722	50.81
4723	51.5
4724	50.31
4725	50.976
4726	49.095
4727	49.452
4728	49.81
4729	51.167
4730	51.071
4731	51.548
4732	50.19
4733	51.143
4734	49.929
4735	51.929
4736	50.429
4737	49.762
4738	50.619
4739	50.381
4740	51.262
4741	49.5
4742	52.429
4743	50.738
4744	53.071
4745	54.643
4746	56.643
4747	56.905
4748	55.476
4749	57.333
4750	59
4751	60
4752	59.095
4753	58.524
4754	59.429
4755	57.548
4756	57.357
4757	56.19
4758	56
4759	58.143
4760	57.524
4761	56.905
4762	56.238
4763	56.405
4764	56.929
4765	56.476
4766	55.048
4767	55.238
4768	55.286
4769	55.31
4770	53.833
4771	54.119
4772	55.095
4773	55.619
4774	52.238
4775	56.143
4776	55.119
4777	53.786
4778	52.786
4779	54.667
4780	52.429
4781	53.762
4782	54.048
4783	53.19
4784	53.119
4785	54.071
4786	53.19
4787	52.548
