1	84.466
2	83.511
3	84.67
4	83.841
5	84.114
6	83.295
7	83.409
8	84.034
9	83.591
10	83.693
11	82.261
12	82.943
13	83.023
14	83.67
15	83.273
16	82.591
17	82.795
18	82.534
19	83.625
20	82.33
21	83.125
22	83.636
23	82.682
24	82.898
25	84.17
26	82.886
27	82.909
28	82.318
29	82.193
30	80.92
31	81.898
32	81.75
33	82.136
34	82.284
35	83.489
36	82.5
37	83.023
38	82.852
39	82.25
40	82.58
41	82.864
42	82.216
43	83.602
44	81.545
45	82.273
46	82.852
47	80.852
48	82.455
49	82.659
50	81.114
51	82.216
52	83.727
53	82.239
54	83.432
55	82.068
56	82.102
57	82.943
58	82.148
59	83.784
60	83.057
61	83.33
62	88.398
63	91.511
64	95.398
65	97.648
66	98.727
67	101.011
68	100.625
69	101.375
70	99.602
71	100.011
72	100.409
73	99.659
74	98.057
75	98.011
76	95.727
77	97.091
78	97.625
79	95.091
80	95.511
81	94.034
82	95.159
83	94.386
84	93.159
85	92.716
86	93.227
87	91.659
88	92.318
89	92.409
90	92.148
91	91.511
92	91.977
93	91.114
94	90.511
95	88.83
96	89.568
97	90.273
98	88.761
99	89.114
100	88.705
101	88.58
102	89.102
103	88.466
104	88.932
105	87.545
106	87.057
107	87.636
108	88.864
109	87.83
110	87.784
111	88.352
112	86.943
113	85.455
114	87.159
115	86.955
116	86.5
117	85.943
118	85.807
119	87.477
120	85.682
121	84.386
122	85.727
123	85.284
124	85.205
125	84.977
126	84.852
127	84.943
128	85.159
129	84.58
130	84.489
131	83.886
132	84.409
133	84.239
134	84.807
135	84.261
136	84.148
137	84.011
138	83.773
139	83.557
140	83.091
141	83.295
142	84.636
143	83.602
144	82.977
145	82.875
146	82.852
147	83.068
148	82.239
149	82.557
150	82.614
151	83.75
152	81.511
153	82.477
154	82.068
155	82.239
156	81.943
157	82.693
158	82.841
159	82.08
160	82.227
161	82.193
162	81.807
163	82.364
164	82.818
165	82.818
166	82.034
167	82
168	81.875
169	82.557
170	80.943
171	82.477
172	81.466
173	83.045
174	80.898
175	81.92
176	81.557
177	81.17
178	80.705
179	81.864
180	81.568
181	82.011
182	81.091
183	81.977
184	82.114
185	81.432
186	82.432
187	81.966
188	81.818
189	81.943
190	81.523
191	81.034
192	81.284
193	81.909
194	82.273
195	82.205
196	82.466
197	81.659
198	81.102
199	82.614
200	80.602
201	80.67
202	81.341
203	81.614
204	81.023
205	81.83
206	80.545
207	81.739
208	82.92
209	84.205
210	88.807
211	92.352
212	93.92
213	96.682
214	97.727
215	100.216
216	100.102
217	99.023
218	97.864
219	98.795
220	97.045
221	97.432
222	97.216
223	96.25
224	94.977
225	96.148
226	93.898
227	94.114
228	92.943
229	92.591
230	92.239
231	92.864
232	92.273
233	90.83
234	89.75
235	90.295
236	89.136
237	90.773
238	91.17
239	89.477
240	88.716
241	89.114
242	89.102
243	87.727
244	87.489
245	87.693
246	88.955
247	87.886
248	86.636
249	87.42
250	86.068
251	87.045
252	86.614
253	86.693
254	87.523
255	86.239
256	86.909
257	86.932
258	86.273
259	85.795
260	85.114
261	84.341
262	85.216
263	85.386
264	83.182
265	84.636
266	82.92
267	84.932
268	86.091
269	84.648
270	83
271	85.636
272	85.057
273	84.42
274	84.75
275	84.693
276	85.443
277	82.932
278	83.443
279	82.841
280	82.932
281	83.648
282	83.307
283	83.352
284	82.909
285	83.432
286	83.909
287	84.614
288	83.295
289	82.216
290	83.136
291	82.034
292	82.364
293	83.386
294	82.864
295	82.739
296	82.727
297	81.08
298	82.511
299	82.5
300	83.341
301	83.057
302	80.943
303	82.75
304	83.273
305	82.17
306	81.739
307	83.909
308	82.443
309	82.841
310	82.352
311	82.545
312	81.114
313	81.273
314	82.261
315	83.409
316	81.636
317	80.795
318	81.261
319	80.057
320	80.182
321	81.011
322	80.659
323	81.352
324	80.318
325	80.955
326	80.989
327	80.716
328	81.239
329	81.545
330	81.898
331	82.761
332	80.432
333	80.693
334	81.784
335	81.636
336	81.398
337	80.989
338	80.83
339	82.091
340	80.693
341	81.648
342	81.795
343	82.341
344	80.795
345	81.364
346	81.716
347	81.568
348	81.455
349	81.568
350	84.648
351	86.773
352	91.625
353	92.477
354	95.375
355	97.795
356	98.091
357	100.193
358	99.602
359	98.432
360	97.557
361	97.148
362	96.364
363	96.75
364	95.67
365	95.125
366	94.727
367	94.761
368	93.739
369	93.125
370	93.409
371	92.25
372	92.432
373	91.17
374	91.114
375	91.318
376	90.295
377	90.034
378	90.864
379	87.682
380	89.693
381	88.761
382	89.989
383	89.534
384	89.386
385	88.852
386	88.523
387	89.159
388	88.875
389	88.045
390	88.864
391	87.409
392	86.614
393	88.182
394	87.443
395	87.034
396	86.67
397	86.682
398	86.511
399	85.977
400	85.693
401	85.443
402	86.898
403	85.932
404	86.045
405	84.205
406	84.625
407	85.045
408	84.352
409	84.318
410	84.273
411	85.568
412	84.5
413	84.17
414	84.182
415	84.08
416	83.034
417	83.284
418	83.705
419	83.784
420	84.227
421	84.83
422	83.875
423	82.614
424	82.898
425	81.909
426	84.25
427	83.659
428	82.989
429	82.227
430	82.932
431	81.898
432	83.068
433	82.727
434	84.216
435	82.636
436	82.807
437	82.75
438	83.511
439	81.341
440	82.17
441	83.318
442	83.091
443	81.432
444	82.08
445	82.33
446	82.227
447	81.489
448	81.602
449	81.648
450	81.045
451	83.011
452	82.091
453	82.511
454	81.409
455	80.989
456	81.25
457	81.193
458	81.011
459	81.602
460	80.58
461	81.557
462	82.011
463	81.045
464	81.568
465	81.375
466	82.193
467	82.114
468	82
469	81.591
470	81.136
471	81.034
472	81.773
473	82.636
474	82.659
475	81.466
476	81.886
477	79.784
478	80.761
479	79.773
480	80.693
481	80.466
482	79.614
483	81.375
484	81.977
485	81.818
486	81.625
487	80.977
488	80.716
489	81.602
490	81.75
491	80.17
492	80.432
493	80.375
494	81.398
495	81.5
496	82.08
497	81.023
498	82.523
499	80.364
500	81.148
501	81
502	82.455
503	82.068
504	79.909
505	81.034
506	80.568
507	80.17
508	81.545
509	80.591
510	80.42
511	81.636
512	79.943
513	82.364
514	80.114
515	81.386
516	80.693
517	80.727
518	81.761
519	80.466
520	81.409
521	81.648
522	81.08
523	78.818
524	80.761
525	81.318
526	79.33
527	79.216
528	80.75
529	81.102
530	80.92
531	81.227
532	80.227
533	81.284
534	80.83
535	80.08
536	81.716
537	81.205
538	82.057
539	81.125
540	81.205
541	81.795
542	80.318
543	80.318
544	82.114
545	79.852
546	81.284
547	80.443
548	81.375
549	81.068
550	80.977
551	81.148
552	81.239
553	80.773
554	80.33
555	80.58
556	80.511
557	80.511
558	78.955
559	80.5
560	80.886
561	80.182
562	80.716
563	80.42
564	80.625
565	80.386
566	79.511
567	79.898
568	79.784
569	78.648
570	80.648
571	80.602
572	81.284
573	80.636
574	80.58
575	80.841
576	79.739
577	79.523
578	79.568
579	78.92
580	79.466
581	80.886
582	86.023
583	88.386
584	90.966
585	92.011
586	93.58
587	95.92
588	96.852
589	96.398
590	95.886
591	95.114
592	94.273
593	94.023
594	93.75
595	92.375
596	92.477
597	92.295
598	90.864
599	91.307
600	90.466
601	91.42
602	88.955
603	89.466
604	88.886
605	87.307
606	87.807
607	87.398
608	88.341
609	86.523
610	87.034
611	86.648
612	85.5
613	86.136
614	85.432
615	85.045
616	85.466
617	85.307
618	86.261
619	86.261
620	85.284
621	84.477
622	85.602
623	84.886
624	84.08
625	85.92
626	84.977
627	84.773
628	83.83
629	84.443
630	83.886
631	83
632	83.409
633	83.045
634	82.682
635	82.909
636	82.409
637	83.205
638	84.159
639	83.716
640	83.614
641	82.273
642	83.818
643	81.909
644	82.125
645	82.159
646	81.955
647	83.227
648	82.33
649	81.83
650	82.386
651	81.989
652	81.773
653	82.398
654	83.034
655	81.932
656	82.886
657	82.955
658	83.25
659	81.966
660	82.352
661	81.125
662	83.42
663	82.432
664	81.92
665	81.443
666	81.375
667	81.42
668	80.932
669	81.58
670	81.17
671	81.375
672	80.898
673	81.58
674	80.909
675	80.943
676	80.682
677	79.614
678	81.216
679	85.17
680	88.034
681	91.375
682	94.375
683	95.091
684	96.352
685	97.08
686	96.102
687	98.114
688	96.648
689	94.955
690	96.773
691	95.5
692	93.534
693	92.92
694	91.864
695	92.636
696	92.545
697	90.773
698	91.091
699	90.182
700	89.227
701	90.773
702	90.205
703	87.75
704	88.83
705	89.989
706	88.375
707	89.375
708	89.352
709	88.148
710	88.08
711	87.307
712	88
713	87.602
714	87.216
715	86.545
716	87.636
717	85.386
718	85.852
719	86.011
720	84.17
721	86.705
722	85.034
723	85.148
724	85.432
725	86.25
726	85.83
727	84.477
728	85.864
729	84.284
730	84.295
731	85.114
732	84.443
733	83.42
734	84.739
735	83.989
736	83.307
737	83.136
738	81.466
739	83.239
740	81.5
741	81.705
742	82.545
743	82.08
744	82.08
745	82.318
746	83.159
747	83.068
748	82.125
749	81.273
750	82.386
751	83.261
752	83.545
753	82
754	82.557
755	81.898
756	81.659
757	80.739
758	81.193
759	80.5
760	81.193
761	82.307
762	81.261
763	80.625
764	80.341
765	81.409
766	80.216
767	80.511
768	80.33
769	79.909
770	80.534
771	81.705
772	80.807
773	80.17
774	81.307
775	81.341
776	80.693
777	79.977
778	81.852
779	80.307
780	80.955
781	79.568
782	79.511
783	80.25
784	79.489
785	80.386
786	81.625
787	80.886
788	80.807
789	79.852
790	81.216
791	81.08
792	79.886
793	81.602
794	79.875
795	81.182
796	80.205
797	79.727
798	81.091
799	80.102
800	80.943
801	81.227
802	80.091
803	79.898
804	81.443
805	81.25
806	79.432
807	79.693
808	80.659
809	80.42
810	80.261
811	80.432
812	79.875
813	80.102
814	80.636
815	81.489
816	79.773
817	79.625
818	78.261
819	78.977
820	79.784
821	80.148
822	80.091
823	79.58
824	79.648
825	79.511
826	79.477
827	79.909
828	79.977
829	80.011
830	80.67
831	80.114
832	79.273
833	81.159
834	79.989
835	79.489
836	79.136
837	79.818
838	78.602
839	80.591
840	79.216
841	80.148
842	79.989
843	79.693
844	79.443
845	78.182
846	79.67
847	80.08
848	79.557
849	78.42
850	78.648
851	80.091
852	79.239
853	78.807
854	80.443
855	79.966
856	78.67
857	79.364
858	80.989
859	80.227
860	79.591
861	77.398
862	78.375
863	80.239
864	79.341
865	78.864
866	80.068
867	78.432
868	78.08
869	79.795
870	79.477
871	79.625
872	80.727
873	80.909
874	79.057
875	78.489
876	78.932
877	79.511
878	79.42
879	79.648
880	80.455
881	80.273
882	79.477
883	80.273
884	79.08
885	80.068
886	79.159
887	79.318
888	79.682
889	80
890	80.08
891	80.261
892	79.75
893	84.125
894	87.864
895	89.432
896	91.33
897	92.17
898	93.614
899	94.568
900	95
901	96.068
902	93.784
903	94.466
904	92.92
905	93.898
906	93.091
907	90.284
908	91.068
909	90.636
910	90.193
911	89.011
912	92.75
913	94.67
914	97.091
915	96.114
916	98.08
917	98.102
918	97.477
919	96.42
920	95.955
921	95.83
922	93.045
923	92.33
924	93.091
925	92.557
926	93.557
927	91.727
928	92.045
929	90.92
930	90.568
931	90.432
932	89.068
933	89.375
934	88.33
935	87.739
936	88.148
937	88.773
938	88.636
939	89.011
940	88.545
941	87.898
942	87.273
943	88.727
944	87.42
945	87.784
946	86.614
947	87.125
948	86.489
949	85.682
950	86
951	86.159
952	86.636
953	85.136
954	85.375
955	85.523
956	85.534
957	84.136
958	83.693
959	83.818
960	84.318
961	84.364
962	84.659
963	84.625
964	84.557
965	83.023
966	84.25
967	83.352
968	83.148
969	82.898
970	83.716
971	86.034
972	88.682
973	91.989
974	94.92
975	96
976	97.534
977	97.841
978	95.58
979	96.795
980	96.227
981	96.443
982	94.591
983	95.216
984	93.125
985	93.886
986	92.852
987	92.943
988	91.58
989	92.852
990	91.091
991	91.443
992	89.898
993	89.364
994	90.67
995	89.557
996	87.864
997	88.864
998	88.636
999	88.432
1000	87.989
1001	88.386
1002	88.318
1003	86.375
1004	86.932
1005	86.136
1006	87.205
1007	87.216
1008	86.045
1009	86.966
1010	86.227
1011	86.398
1012	85.591
1013	84.716
1014	85.75
1015	85.659
1016	86.011
1017	84.818
1018	86.045
1019	84.705
1020	84.295
1021	84.67
1022	84.557
1023	85.523
1024	83.534
1025	83.398
1026	82.943
1027	83.273
1028	84.011
1029	82.807
1030	83.489
1031	81.807
1032	82.205
1033	82.818
1034	82.318
1035	82.375
1036	81.739
1037	83.398
1038	82.307
1039	81.943
1040	82.159
1041	82.102
1042	81.864
1043	83.284
1044	80.875
1045	82.239
1046	81.705
1047	81.591
1048	81.852
1049	81.352
1050	82.284
1051	82.17
1052	81.875
1053	81.636
1054	82.42
1055	80.739
1056	80.523
1057	82.068
1058	81.557
1059	81.159
1060	80.227
1061	80.58
1062	80.409
1063	81.716
1064	81.273
1065	80.58
1066	81.375
1067	80.591
1068	80.977
1069	79.648
1070	79.534
1071	79.875
1072	80.477
1073	80.568
1074	81.25
1075	80.25
1076	80.409
1077	80.727
1078	80.455
1079	80.33
1080	80.568
1081	81.489
1082	80.17
1083	79.841
1084	79.42
1085	80.17
1086	78
1087	79.682
1088	79.489
1089	79.614
1090	79.58
1091	80.125
1092	78.943
1093	81.284
1094	80.727
1095	80.057
1096	78.818
1097	79.375
1098	79.284
1099	80.068
1100	78.068
1101	78.705
1102	79.602
1103	79.432
1104	79.614
1105	79.25
1106	79.545
1107	79.466
1108	80.727
1109	79.102
1110	79.341
1111	79.739
1112	79.08
1113	80.284
1114	79.67
1115	79.568
1116	80.682
1117	80.398
1118	79.261
1119	78.511
1120	78.136
1121	78.773
1122	78.557
1123	78.58
1124	79.636
1125	77.761
1126	79.216
1127	79.17
1128	77.898
1129	77.682
1130	78.955
1131	78.739
1132	78.648
1133	78.75
1134	76.08
1135	78.068
1136	78.807
1137	79.045
1138	78.92
1139	79.489
1140	78.614
1141	77.602
1142	77.193
1143	78.943
1144	78.068
1145	79.273
1146	78.466
1147	78.705
1148	78.114
1149	78.08
1150	79.659
1151	80.091
1152	79.398
1153	77.955
1154	78.523
1155	77.375
1156	78.693
1157	77.761
1158	78.625
1159	78.364
1160	79.33
1161	78.67
1162	79.716
1163	78.17
1164	77.568
1165	78.398
1166	78.795
1167	78.625
1168	78.364
1169	78.091
1170	78.057
1171	78.943
1172	79.193
1173	78.67
1174	77.955
1175	79.67
1176	78.875
1177	78.875
1178	79.205
1179	80.409
1180	79.977
1181	78.239
1182	78.682
1183	79.443
1184	78.568
1185	80.011
1186	77.909
1187	78.034
1188	78.523
1189	78.614
1190	78.875
1191	77.636
1192	79.125
1193	78.182
1194	78.864
1195	77.705
1196	78.091
1197	78.034
1198	78.17
1199	78.92
1200	77.784
1201	78.795
1202	79.25
1203	79.852
1204	78.545
1205	78.545
1206	79.295
1207	77.227
1208	78.591
1209	78.58
1210	79.489
1211	77.659
1212	77.568
1213	78.557
1214	78.761
1215	79.023
1216	78.375
1217	78
1218	78.33
1219	78.727
1220	78.352
1221	78.216
1222	80.591
1223	85.011
1224	86.239
1225	86.955
1226	88.818
1227	92.705
1228	93.898
1229	92.67
1230	93.727
1231	92.534
1232	92.068
1233	91.489
1234	92.125
1235	91.284
1236	92.148
1237	89.841
1238	89.125
1239	87.83
1240	87.727
1241	85.614
1242	87.5
1243	86.08
1244	86.091
1245	86.761
1246	86.818
1247	85.807
1248	87.25
1249	84.227
1250	86.114
1251	85.443
1252	84.102
1253	84.955
1254	85.136
1255	86.114
1256	84.125
1257	84.682
1258	84.33
1259	83.955
1260	83.5
1261	83.523
1262	84.159
1263	81.818
1264	83.023
1265	82.716
1266	82.375
1267	82.795
1268	81.375
1269	82.386
1270	82.375
1271	82.023
1272	83.023
1273	81.511
1274	82.284
1275	81.114
1276	82.182
1277	80.273
1278	81.977
1279	80.92
1280	81.136
1281	80.239
1282	80.898
1283	80.977
1284	80.341
1285	79.852
1286	81.114
1287	79.898
1288	80.386
1289	80.864
1290	80.466
1291	80.727
1292	80.409
1293	80.307
1294	81.636
1295	79.795
1296	81.057
1297	81.136
1298	79.545
1299	80.102
1300	78.932
1301	80.864
1302	79.477
1303	80.659
1304	79.432
1305	79.523
1306	79.966
1307	78.875
1308	79.795
1309	79.67
1310	79.477
1311	78.818
1312	77.977
1313	79.261
1314	78.602
1315	78.648
1316	79.705
1317	78.636
1318	78.341
1319	79.227
1320	78.977
1321	79.25
1322	80.182
1323	79.034
1324	79.011
1325	78.886
1326	81.102
1327	78.977
1328	78.67
1329	79.239
1330	79.261
1331	78.716
1332	80.057
1333	79.102
1334	79.807
1335	78.545
1336	78.682
1337	79.432
1338	79.67
1339	78.568
1340	78.284
1341	79.068
1342	79.557
1343	78.977
1344	77.727
1345	77.648
1346	79.761
1347	78.386
1348	77.307
1349	79.83
1350	78.364
1351	78.375
1352	77.943
1353	78.636
1354	79.102
1355	78.239
1356	77.648
1357	78.182
1358	78.33
1359	77.75
1360	79.386
1361	79.989
1362	78.841
1363	79.239
1364	80.25
1365	78.795
1366	77.75
1367	77.693
1368	77.75
1369	78.068
1370	77.966
1371	78.284
1372	78.08
1373	79.852
1374	77.33
1375	78.25
1376	77.864
1377	78.114
1378	77.511
1379	79.568
1380	79.42
1381	79.273
1382	78.75
1383	78.511
1384	79.386
1385	77.852
1386	79.33
1387	77.807
1388	79.898
1389	77.784
1390	78.989
1391	77.875
1392	79.057
1393	78.295
1394	79.261
1395	78
1396	77.625
1397	79.568
1398	79.011
1399	79.659
1400	79.307
1401	80.364
1402	79.216
1403	78.92
1404	81.818
1405	85.534
1406	86.761
1407	88.864
1408	90.716
1409	90.364
1410	94.239
1411	92.557
1412	92.591
1413	93.761
1414	91.443
1415	90.955
1416	89.114
1417	89.739
1418	87.92
1419	88.716
1420	88.33
1421	87.398
1422	87.216
1423	86.273
1424	86.636
1425	86.159
1426	85.83
1427	86.182
1428	85.67
1429	84.375
1430	86.011
1431	84.205
1432	84.716
1433	85.125
1434	84
1435	85.08
1436	83.386
1437	83.045
1438	84.045
1439	82.75
1440	84.011
1441	84.011
1442	82.625
1443	81.875
1444	82.636
1445	81.727
1446	82.568
1447	82.83
1448	81.239
1449	82.602
1450	81.557
1451	82.08
1452	80.932
1453	82.125
1454	82.489
1455	81.659
1456	80.557
1457	81.375
1458	82.773
1459	80.557
1460	80.841
1461	80.534
1462	81.136
1463	80
1464	80.375
1465	80.261
1466	80.205
1467	83.352
1468	87.068
1469	87.568
1470	90.398
1471	93.17
1472	92.795
1473	93.511
1474	93.023
1475	92.625
1476	93.58
1477	94.455
1478	93.727
1479	93.284
1480	92.727
1481	92.148
1482	90.977
1483	90.932
1484	90.489
1485	91
1486	89.898
1487	88.977
1488	87.295
1489	87.42
1490	88.091
1491	86.989
1492	85.67
1493	86.42
1494	85.909
1495	87.068
1496	85.807
1497	85.818
1498	86.273
1499	86.057
1500	85.534
1501	86.659
1502	85.659
1503	85.545
1504	85.795
1505	85.045
1506	84.5
1507	85.091
1508	83.636
1509	83.716
1510	82.739
1511	82.909
1512	82.966
1513	83.636
1514	83.25
1515	84.58
1516	85.364
1517	84.682
1518	82.523
1519	83.25
1520	82.568
1521	82.489
1522	82.875
1523	82.375
1524	82
1525	81.42
1526	80.807
1527	81.545
1528	82.489
1529	81.273
1530	82.25
1531	81.716
1532	79.977
1533	80.511
1534	80.398
1535	80.318
1536	79.602
1537	81.068
1538	79.989
1539	79.659
1540	80.25
1541	79.83
1542	79.955
1543	80.33
1544	79.795
1545	80
1546	79.83
1547	79.682
1548	81.239
1549	79.045
1550	79.455
1551	79.364
1552	79.989
1553	80.33
1554	78.591
1555	78.818
1556	78.011
1557	79.727
1558	79.205
1559	79.511
1560	78.545
1561	79.034
1562	80.125
1563	80.102
1564	79.057
1565	77.898
1566	78.25
1567	81.511
1568	85.682
1569	87.67
1570	91.159
1571	92.375
1572	91.886
1573	92.511
1574	93.477
1575	91.557
1576	90.068
1577	89.511
1578	88.682
1579	87.852
1580	88.591
1581	89.398
1582	86.227
1583	87.239
1584	85.795
1585	86.943
1586	86.568
1587	86.148
1588	84.977
1589	84.148
1590	85.25
1591	84.875
1592	84.42
1593	84.943
1594	83.852
1595	84.034
1596	84.375
1597	84.284
1598	83.409
1599	83.159
1600	82.705
1601	83.659
1602	83.216
1603	84.011
1604	83.125
1605	83.102
1606	82.568
1607	81.966
1608	81.102
1609	81.966
1610	81.33
1611	81.284
1612	81.227
1613	82.136
1614	80.761
1615	82.875
1616	81.898
1617	79.42
1618	80.136
1619	81.011
1620	80.011
1621	79.432
1622	80.523
1623	80.364
1624	80.659
1625	79.875
1626	80.045
1627	81.682
1628	80.443
1629	79.966
1630	78.398
1631	79.909
1632	79.659
1633	80.523
1634	79.739
1635	79.523
1636	82.92
1637	86.034
1638	89.352
1639	89.602
1640	92.841
1641	92.898
1642	94.375
1643	93.443
1644	93.023
1645	91.773
1646	91.341
1647	90.398
1648	90.92
1649	87.443
1650	89.545
1651	88.591
1652	87.33
1653	87.841
1654	87.136
1655	85.989
1656	86.648
1657	86.08
1658	85.432
1659	86.477
1660	86.057
1661	86.091
1662	83.909
1663	83.727
1664	85.602
1665	84.148
1666	84.818
1667	83.284
1668	83.875
1669	83.659
1670	84.659
1671	82.193
1672	83.136
1673	82.864
1674	85.705
1675	84
1676	84.114
1677	83.659
1678	82.92
1679	82.023
1680	82.409
1681	81.989
1682	82.023
1683	83.011
1684	82.352
1685	82.83
1686	81.625
1687	80.352
1688	81.42
1689	81.557
1690	81.08
1691	81.727
1692	82.034
1693	79.398
1694	80.398
1695	80.977
1696	80.148
1697	80.227
1698	81.705
1699	78.716
1700	79.636
1701	79.682
1702	80.602
1703	78.864
1704	78.864
1705	78.409
1706	79.386
1707	79.455
1708	79.352
1709	78.42
1710	77.966
1711	79.716
1712	79.091
1713	78.807
1714	79.273
1715	79.5
1716	79.523
1717	78.42
1718	78.705
1719	78.648
1720	78.795
1721	78
1722	79.705
1723	79.477
1724	77.773
1725	78.659
1726	81.591
1727	86.83
1728	87.33
1729	91.102
1730	92.409
1731	92.432
1732	93.011
1733	92.205
1734	91.966
1735	92.534
1736	91.523
1737	92.648
1738	90.841
1739	90.705
1740	88.205
1741	88.489
1742	88.216
1743	87.898
1744	87.92
1745	86.557
1746	86.67
1747	87.307
1748	87.534
1749	85.875
1750	86.773
1751	86.125
1752	85.261
1753	84.125
1754	85.114
1755	86.023
1756	85.114
1757	85.5
1758	84.864
1759	84.898
1760	82.807
1761	82.227
1762	81.625
1763	82.852
1764	81.773
1765	82.432
1766	82.375
1767	82.33
1768	81.216
1769	81.125
1770	80.909
1771	82.636
1772	81.034
1773	81.83
1774	82.432
1775	80.17
1776	79.386
1777	79.693
1778	80.295
1779	82.25
1780	79.989
1781	79.602
1782	81.08
1783	79.67
1784	79.875
1785	80.25
1786	80.273
1787	79.318
1788	80.068
1789	79.58
1790	80.602
1791	78.364
1792	79.375
1793	78.307
1794	78.534
1795	79.057
1796	79.216
1797	79.58
1798	79.045
1799	78.636
1800	78.182
1801	79.182
1802	79.489
1803	79.932
1804	79.545
1805	78.886
1806	78.614
1807	76.784
1808	79.625
1809	77.682
1810	78.795
1811	79
1812	78.852
1813	78.023
1814	79.136
1815	77.511
1816	77.568
1817	77.625
1818	77.886
1819	78.102
1820	78.693
1821	77.205
1822	77.034
1823	78.273
1824	77.364
1825	79.182
1826	77.011
1827	76.25
1828	76.977
1829	78.057
1830	77.614
1831	78.523
1832	76.636
1833	78.125
1834	77.83
1835	77.432
1836	78.989
1837	78.205
1838	77.227
1839	77.773
1840	78.023
1841	79.989
1842	77.261
1843	77.5
1844	78.216
1845	76.966
1846	76.989
1847	77.432
1848	76.455
1849	76.398
1850	76.341
1851	77.5
1852	77.523
1853	78.136
1854	77.466
1855	77.159
1856	77.466
1857	77.591
1858	76.58
1859	76.841
1860	77.807
1861	75.818
1862	76.136
1863	76.955
1864	76.727
1865	77.42
1866	77.193
1867	76.67
1868	75.966
1869	77.011
1870	77.648
1871	76.466
1872	77.33
1873	76.886
1874	76.886
1875	76.727
1876	77.682
1877	76.83
1878	76.795
1879	76.727
1880	77.648
1881	78.159
1882	77.375
1883	77.364
1884	77.375
1885	79.716
1886	83.591
1887	85.466
1888	88.057
1889	88.523
1890	89.977
1891	90.011
1892	89.25
1893	90.352
1894	88.591
1895	88.92
1896	87.216
1897	87.318
1898	86.659
1899	85.284
1900	86.159
1901	85.25
1902	85.068
1903	85.273
1904	83.864
1905	85.239
1906	85.034
1907	83.795
1908	82.477
1909	83.534
1910	82.159
1911	82.58
1912	81.739
1913	82.795
1914	81.216
1915	81.398
1916	81.875
1917	82.023
1918	81.886
1919	81
1920	81.477
1921	80.886
1922	79.841
1923	80.557
1924	80.5
1925	81.159
1926	80.159
1927	80.227
1928	80.136
1929	81.08
1930	79.318
1931	79.341
1932	80.068
1933	80.67
1934	78.966
1935	78.307
1936	78.5
1937	79.307
1938	79.386
1939	79.114
1940	79.511
1941	79.159
1942	78.511
1943	79.102
1944	79
1945	78.591
1946	79.25
1947	79.307
1948	80.443
1949	78.466
1950	78.602
1951	78.182
1952	78.33
1953	79.591
1954	78.295
1955	78.432
1956	78.364
1957	78.545
1958	76.852
1959	77.83
1960	76.295
1961	77.807
1962	77.909
1963	77.545
1964	77.534
1965	78.034
1966	78.25
1967	76.966
1968	78.068
1969	77.057
1970	78.034
1971	78.205
1972	78.011
1973	78.852
1974	77.352
1975	77.943
1976	77.068
1977	78.318
1978	77.955
1979	78.045
1980	75.739
1981	78.273
1982	78.023
1983	78.784
1984	78.409
1985	78.057
1986	78.92
1987	77.841
1988	77.352
1989	76.602
1990	78.034
1991	78.773
1992	77.42
1993	76.5
1994	77.08
1995	77.216
1996	76.284
1997	76.58
1998	77.67
1999	78.25
2000	77.205
2001	77.864
2002	77.511
2003	78.432
2004	77.284
2005	78.045
2006	77.216
2007	77
2008	76.716
2009	77.716
2010	77.443
2011	77.114
2012	76.67
2013	77.761
2014	78.023
2015	76.875
2016	78.182
2017	76.273
2018	77.261
2019	77.159
2020	78.341
2021	76.557
2022	78.114
2023	76.705
2024	77.307
2025	76.864
2026	77.716
2027	78.534
2028	77.159
2029	77.216
2030	77.193
2031	78.352
2032	77.364
2033	77.489
2034	78.08
2035	78.034
2036	77.42
2037	77.466
2038	77.489
2039	76.807
2040	77.216
2041	77.534
2042	77.58
2043	78.511
2044	79.614
2045	83.193
2046	85
2047	87.443
2048	87.489
2049	88.011
2050	87.898
2051	88.477
2052	88.011
2053	89.25
2054	88.852
2055	88.466
2056	86.648
2057	86.636
2058	85.67
2059	85.909
2060	84.841
2061	85.705
2062	85.045
2063	83.648
2064	84.966
2065	84.523
2066	83.977
2067	83.773
2068	83.33
2069	83.92
2070	84.705
2071	83.205
2072	83.295
2073	82.273
2074	81.705
2075	82.216
2076	82.545
2077	81.33
2078	81.432
2079	81.943
2080	81.989
2081	81.875
2082	80.841
2083	81.955
2084	81.591
2085	81.261
2086	80.068
2087	79.955
2088	81.091
2089	78.852
2090	79.909
2091	80.625
2092	80.227
2093	80.466
2094	79.659
2095	80.466
2096	79.852
2097	80.057
2098	80.17
2099	79.25
2100	79.659
2101	77.17
2102	78.466
2103	79.966
2104	79.477
2105	78.386
2106	78.591
2107	77.364
2108	78.557
2109	78.409
2110	78.761
2111	77.818
2112	77.852
2113	77.739
2114	79.08
2115	78.83
2116	77.761
2117	78.75
2118	77.955
2119	79.102
2120	77.534
2121	77.864
2122	79.511
2123	77.193
2124	77.693
2125	77.898
2126	77.443
2127	77.841
2128	77.148
2129	77.398
2130	76.773
2131	76.693
2132	77.102
2133	77.75
2134	77.545
2135	77.159
2136	78.159
2137	76.398
2138	76.386
2139	76.795
2140	77.795
2141	77.364
2142	77.5
2143	76.955
2144	77.455
2145	77.557
2146	78
2147	76.648
2148	78.352
2149	76.898
2150	78.011
2151	76.08
2152	77.193
2153	75.591
2154	76.955
2155	76.92
2156	76.545
2157	76.557
2158	78.148
2159	77.205
2160	76.659
2161	75.83
2162	75.545
2163	76.068
2164	76.364
2165	76.602
2166	77.432
2167	76.943
2168	77.352
2169	76.909
2170	76.523
2171	77.716
2172	77.273
2173	76.182
2174	77.136
2175	76.557
2176	77.193
2177	78.125
2178	75.989
2179	76.193
2180	76.705
2181	75.591
2182	77.545
2183	76.114
2184	77.636
2185	75.773
2186	77.568
2187	77.545
2188	75.83
2189	76.557
2190	75.955
2191	77.511
2192	76.841
2193	77.261
2194	76.534
2195	76.148
2196	76.739
2197	75.386
2198	76.08
2199	76.398
2200	76.682
2201	75.409
2202	76.989
2203	82.375
2204	83.682
2205	83.989
2206	86.08
2207	87.591
2208	87.648
2209	90.58
2210	88.966
2211	88.239
2212	87.705
2213	86.659
2214	88.023
2215	88.193
2216	86.602
2217	86.364
2218	85.239
2219	83.761
2220	85.386
2221	85.125
2222	85.273
2223	84.466
2224	84.5
2225	83.125
2226	82.568
2227	85.125
2228	82.5
2229	82.239
2230	82.182
2231	83.057
2232	81.307
2233	81.852
2234	81.784
2235	83.636
2236	81.08
2237	80.761
2238	80.511
2239	81.148
2240	79.636
2241	81.045
2242	80.693
2243	81.091
2244	80.977
2245	80.239
2246	79.966
2247	78.852
2248	79.455
2249	79.489
2250	79.568
2251	78.648
2252	79.989
2253	79.545
2254	78.545
2255	77.239
2256	78.102
2257	77.591
2258	77.58
2259	77.83
2260	79.909
2261	76.875
2262	78.739
2263	77.784
2264	77.75
2265	78.011
2266	78.67
2267	78.023
2268	78.364
2269	77.705
2270	77.818
2271	78.761
2272	77.614
2273	78.102
2274	77.102
2275	76.5
2276	77.682
2277	77.636
2278	78.08
2279	76.898
2280	77.727
2281	78.102
2282	77.955
2283	77.545
2284	77.545
2285	76.932
2286	77.852
2287	77.08
2288	75.386
2289	76.239
2290	76.545
2291	75.977
2292	77.557
2293	76.943
2294	77.705
2295	77.659
2296	76.955
2297	76.739
2298	77.375
2299	77.545
2300	76.943
2301	76.92
2302	76.784
2303	76.193
2304	75.875
2305	77.455
2306	75.352
2307	77.455
2308	75.852
2309	75.318
2310	74.648
2311	75.455
2312	75.727
2313	75.591
2314	76.614
2315	75.841
2316	75.386
2317	75.273
2318	76.716
2319	76.227
2320	76.08
2321	75.989
2322	76.807
2323	76.841
2324	77.273
2325	76.375
2326	77.784
2327	77.125
2328	76.659
2329	75.477
2330	75.727
2331	76.534
2332	76.716
2333	75.477
2334	76.091
2335	77.705
2336	74.784
2337	76.5
2338	74.25
2339	75.5
2340	76.295
2341	75.75
2342	75.477
2343	75.773
2344	75.841
2345	75.386
2346	75.568
2347	75.83
2348	75.386
2349	76.511
2350	76.045
2351	75.33
2352	76.557
2353	75.773
2354	75.17
2355	76.375
2356	74.614
2357	74.091
2358	75.625
2359	75.807
2360	75.455
2361	77.966
2362	80.886
2363	82.011
2364	84.136
2365	85.148
2366	87.489
2367	87.784
2368	88.114
2369	88.591
2370	86.705
2371	87.159
2372	88.25
2373	85.239
2374	88.227
2375	89.17
2376	86.545
2377	87.205
2378	86.92
2379	86.318
2380	85.364
2381	85.227
2382	85.534
2383	84.557
2384	85.909
2385	83.75
2386	83.25
2387	83.682
2388	83.636
2389	83.216
2390	82.58
2391	81.523
2392	81.659
2393	81.489
2394	82.886
2395	82.307
2396	82
2397	81.023
2398	82.239
2399	80.636
2400	81.659
2401	81.216
2402	80.534
2403	81.477
2404	81.477
2405	81.42
2406	80.011
2407	80.864
2408	80.682
2409	80.273
2410	80.739
2411	79.409
2412	79.091
2413	79.818
2414	79.341
2415	80.443
2416	79.727
2417	78.943
2418	79.886
2419	78.773
2420	78.33
2421	78.75
2422	78.523
2423	79.409
2424	77.33
2425	76.739
2426	77.102
2427	78.864
2428	79.023
2429	78.364
2430	78.398
2431	78.545
2432	77.261
2433	78.227
2434	78.023
2435	77.841
2436	78.534
2437	76.841
2438	77.852
2439	78.42
2440	77.352
2441	76.955
2442	76.25
2443	76.602
2444	76.989
2445	76.989
2446	76.455
2447	77.534
2448	77.602
2449	75.58
2450	76.193
2451	77.534
2452	76.648
2453	75.477
2454	76.239
2455	76.614
2456	77.386
2457	74.977
2458	76.295
2459	76.773
2460	76.375
2461	75.773
2462	76.955
2463	75.841
2464	76.511
2465	76.125
2466	76.386
2467	75.943
2468	75.182
2469	76.193
2470	75.523
2471	75.966
2472	76.966
2473	76.148
2474	75.659
2475	76.148
2476	75.648
2477	75.67
2478	75.125
2479	76.807
2480	75.898
2481	75.614
2482	74.841
2483	75.909
2484	76.216
2485	76.761
2486	75.341
2487	75.489
2488	75.114
2489	75
2490	74.375
2491	75.5
2492	75.511
2493	75.818
2494	75.136
2495	74.193
2496	74.307
2497	75.352
2498	75.773
2499	75.432
2500	75.409
2501	75.477
2502	75.852
2503	76.08
2504	75.136
2505	75.909
2506	75.523
2507	75.159
2508	75.875
2509	74.75
2510	75.25
2511	76.477
2512	75.42
2513	75.523
2514	75.364
2515	75.148
2516	74.375
2517	75.295
2518	74.886
2519	75.943
2520	77.636
2521	80.25
2522	82.182
2523	84.523
2524	84.852
2525	86.795
2526	86.33
2527	88.261
2528	87.455
2529	86.284
2530	85.489
2531	84.864
2532	84.932
2533	84.25
2534	84.193
2535	82.159
2536	82.477
2537	83.102
2538	81.602
2539	81.534
2540	82.5
2541	83.216
2542	82.08
2543	82.193
2544	81.761
2545	81.852
2546	79.955
2547	81.352
2548	79.216
2549	79.568
2550	80.841
2551	80.136
2552	80.125
2553	78.625
2554	79.523
2555	78.455
2556	80.455
2557	78.568
2558	78.034
2559	78.159
2560	78.466
2561	78.489
2562	78.318
2563	77.057
2564	78.148
2565	78.875
2566	77.261
2567	77.523
2568	78.75
2569	77.58
2570	78.466
2571	78.477
2572	75.807
2573	76.864
2574	77.216
2575	76.75
2576	76.023
2577	77.273
2578	76.205
2579	77.159
2580	76.455
2581	76.386
2582	77.182
2583	76.864
2584	77.136
2585	76.943
2586	76.398
2587	76.42
2588	75.227
2589	76.898
2590	77.148
2591	76.239
2592	76.773
2593	76.534
2594	76.443
2595	76.432
2596	75.818
2597	75.852
2598	75.841
2599	75.739
2600	76.25
2601	75.545
2602	75.023
2603	75.67
2604	75.807
2605	75.875
2606	76.102
2607	75.057
2608	75.182
2609	75.648
2610	75.784
2611	75.318
2612	74.511
2613	75.727
2614	76.17
2615	75.08
2616	75.625
2617	75.261
2618	75.534
2619	75.091
2620	75
2621	75.898
2622	74.841
2623	74.636
2624	74.977
2625	74.114
2626	74.33
2627	73.33
2628	74.523
2629	74.307
2630	75.489
2631	75.932
2632	75.205
2633	74.92
2634	75.261
2635	75.08
2636	74.261
2637	75.227
2638	74.773
2639	74.534
2640	73.989
2641	73.955
2642	74.875
2643	75.011
2644	74.545
2645	74.477
2646	75.523
2647	75.489
2648	75.045
2649	74.727
2650	76.125
2651	77.102
2652	82.17
2653	81.92
2654	84.977
2655	85.886
2656	85.182
2657	86.591
2658	86.239
2659	86.182
2660	86.159
2661	86.023
2662	85.409
2663	84.477
2664	84.114
2665	83.727
2666	83.08
2667	83.545
2668	83.17
2669	82.864
2670	81.102
2671	81.955
2672	81.352
2673	79.955
2674	81.318
2675	80.443
2676	80.943
2677	80.75
2678	80
2679	81.591
2680	83.761
2681	86.739
2682	87.33
2683	88.216
2684	88.955
2685	88.818
2686	87.739
2687	86.761
2688	85.375
2689	85.455
2690	84.784
2691	85.42
2692	84.943
2693	84.17
2694	83.352
2695	82.818
2696	83.705
2697	82.08
2698	83.455
2699	83.057
2700	82.591
2701	83
2702	81.943
2703	83.148
2704	82.273
2705	80.943
2706	81.477
2707	80.523
2708	81.955
2709	81.284
2710	81.534
2711	79.852
2712	79.511
2713	80.739
2714	80.784
2715	81.375
2716	81.636
2717	80.375
2718	80.83
2719	80.398
2720	80.25
2721	79.057
2722	80
2723	78.727
2724	79.568
2725	79.205
2726	79.352
2727	78.284
2728	79.92
2729	78.466
2730	78.205
2731	78.568
2732	77.295
2733	78.432
2734	78.091
2735	77.318
2736	78.807
2737	77.136
2738	77.67
2739	77.318
2740	76.42
2741	77.057
2742	77.443
2743	76.352
2744	76.716
2745	77.33
2746	77.182
2747	76.568
2748	76.705
2749	76.261
2750	76.011
2751	77.102
2752	76.443
2753	77.273
2754	76.932
2755	75.932
2756	76.955
2757	75.511
2758	77.705
2759	76.216
2760	75.841
2761	76.739
2762	75.443
2763	76.477
2764	75.773
2765	74.795
2766	76.432
2767	76.386
2768	76.443
2769	75.148
2770	74.83
2771	74.727
2772	75.352
2773	75.5
2774	75.045
2775	75.307
2776	74.477
2777	76.068
2778	76.125
2779	75.307
2780	75.443
2781	74.477
2782	75.443
2783	75.193
2784	75.398
2785	76.898
2786	74.716
2787	76.409
2788	74.727
2789	74.955
2790	75.591
2791	74.375
2792	75.602
2793	74.795
2794	75.17
2795	74.614
2796	75.25
2797	73.75
2798	75.511
2799	75.716
2800	74.523
2801	74.443
2802	75.443
2803	74.761
2804	74.943
2805	77.364
2806	80.557
2807	82.193
2808	84.239
2809	85.114
2810	85.807
2811	84.489
2812	85.716
2813	84.841
2814	85.193
2815	83.443
2816	83.761
2817	83.114
2818	82.057
2819	81.636
2820	82.727
2821	82.239
2822	81.58
2823	81.773
2824	81.08
2825	81.08
2826	80.08
2827	81.068
2828	81.58
2829	79.409
2830	80.761
2831	81.148
2832	80.636
2833	81.034
2834	81.091
2835	78.67
2836	79.784
2837	79.489
2838	82.295
2839	86.011
2840	86.375
2841	85.818
2842	87.67
2843	89.102
2844	89.398
2845	88.045
2846	87.011
2847	86.148
2848	85.545
2849	85
2850	84.227
2851	85.852
2852	83.341
2853	83.216
2854	81.943
2855	82.455
2856	82.307
2857	81.864
2858	81.261
2859	82.92
2860	82.557
2861	82.102
2862	83.193
2863	81.636
2864	82.011
2865	82.102
2866	80.136
2867	80.534
2868	80.205
2869	80.125
2870	79.784
2871	79.261
2872	79.591
2873	79.409
2874	79.989
2875	79.932
2876	79.375
2877	78.534
2878	79.341
2879	79.205
2880	78
2881	78.318
2882	78.739
2883	80.466
2884	78.761
2885	80.625
2886	78.409
2887	78.818
2888	79.057
2889	78.341
2890	78.182
2891	77.875
2892	78.307
2893	79.125
2894	78.216
2895	78.136
2896	77.17
2897	78.977
2898	77.443
2899	77
2900	76.989
2901	76.295
2902	76.534
2903	76.977
2904	77.739
2905	76.352
2906	77.455
2907	76.466
2908	77.341
2909	77.068
2910	76.455
2911	77.5
2912	76.841
2913	76.852
2914	77.011
2915	76.136
2916	75.966
2917	75.761
2918	75.989
2919	76.761
2920	74.807
2921	75.989
2922	74.5
2923	75.523
2924	75.511
2925	75.295
2926	75.602
2927	75.045
2928	75.466
2929	75.295
2930	75.909
2931	75.057
2932	74.943
2933	75.875
2934	74.864
2935	75.773
2936	75.534
2937	75.034
2938	75.636
2939	75.341
2940	75.386
2941	74.875
2942	75.602
2943	75.398
2944	75.705
2945	73.932
2946	75.466
2947	75.33
2948	73.5
2949	74.193
2950	74.102
2951	74.375
2952	74.693
2953	75.216
2954	74.364
2955	74.42
2956	75.091
2957	76.125
2958	74.205
2959	75.182
2960	73.727
2961	74.239
2962	75.295
2963	75.25
2964	73.602
2965	74.92
2966	74.67
2967	74.773
2968	74.477
2969	74.989
2970	74.909
2971	74.591
2972	75.261
2973	74.341
2974	75.455
2975	73.977
2976	75.659
2977	74.341
2978	74.75
2979	74.557
2980	74.795
2981	75.25
2982	74.591
2983	73.886
2984	73.727
2985	73.966
2986	72.682
2987	73.784
2988	74.455
2989	73.545
2990	74.761
2991	74.295
2992	73.659
2993	73.193
2994	73.943
2995	74.455
2996	73.693
2997	77.591
2998	80.284
2999	81.841
3000	82.318
3001	84.807
3002	85.636
3003	85.386
3004	84.909
3005	85.375
3006	84.83
3007	83.33
3008	82.625
3009	84.489
3010	82.477
3011	81.795
3012	81.114
3013	82.83
3014	82.545
3015	81.432
3016	81.08
3017	80.398
3018	80.341
3019	80.091
3020	80.534
3021	80.364
3022	79.08
3023	78.716
3024	79.739
3025	77.807
3026	78.227
3027	79.011
3028	78.364
3029	78.045
3030	78.591
3031	77.591
3032	78.17
3033	77.659
3034	78.625
3035	78.216
3036	76.614
3037	77.364
3038	77.807
3039	76.602
3040	76.534
3041	79.318
3042	76.966
3043	77.977
3044	76.977
3045	76.534
3046	76.955
3047	77.136
3048	76.409
3049	77.182
3050	76.295
3051	76.682
3052	76.114
3053	74.909
3054	76.25
3055	76.307
3056	76.102
3057	74.625
3058	74.477
3059	73.807
3060	75.239
3061	74.75
3062	75.75
3063	75.67
3064	75.432
3065	76.295
3066	76.807
3067	75.136
3068	74.727
3069	75.33
3070	75.67
3071	75.273
3072	73.955
3073	75.08
3074	75.114
3075	75.716
3076	74.648
3077	74.841
3078	75.807
3079	74.818
3080	75.159
3081	75.148
3082	74.67
3083	74.989
3084	75.136
3085	73.955
3086	74.523
3087	74.159
3088	74.341
3089	74.534
3090	73.511
3091	74.136
3092	74.068
3093	74.261
3094	74
3095	73.511
3096	72.886
3097	75.148
3098	74.102
3099	74.705
3100	74.227
3101	74.818
3102	73.841
3103	75.352
3104	74.92
3105	72.591
3106	74.364
3107	74.159
3108	74.636
3109	74.5
3110	72.92
3111	73.693
3112	74.114
3113	73.682
3114	73.966
3115	73.886
3116	73.511
3117	73.716
3118	73.591
3119	73.5
3120	73.307
3121	74.148
3122	74.193
3123	73.75
3124	73.841
3125	73.398
3126	73.5
3127	73.466
3128	73.068
3129	73.523
3130	74.136
3131	73.818
3132	74.261
3133	73.068
3134	73.58
3135	73.841
3136	73.602
3137	73.932
3138	73.932
3139	74.239
3140	74.295
3141	74.193
3142	73.102
3143	74.545
3144	73.091
3145	74.341
3146	73.92
3147	73.375
3148	73.25
3149	73.307
3150	74.216
3151	73.864
3152	74.125
3153	73.727
3154	73.807
3155	74.614
3156	78.114
3157	80.42
3158	82.114
3159	83.807
3160	83.739
3161	84.852
3162	85.568
3163	84.568
3164	84.92
3165	82.841
3166	82.511
3167	82.727
3168	82.455
3169	81.875
3170	80.955
3171	80.761
3172	80.443
3173	80.716
3174	81.114
3175	80.227
3176	79.932
3177	78.42
3178	79.08
3179	78.852
3180	78.182
3181	78.943
3182	77.784
3183	79.659
3184	78.068
3185	77.864
3186	77.977
3187	79.852
3188	78.807
3189	75.864
3190	76.807
3191	76.33
3192	77.023
3193	76.045
3194	76.875
3195	76.443
3196	75.977
3197	76.625
3198	76.17
3199	76.943
3200	76.023
3201	76.364
3202	75.739
3203	76.341
3204	76.67
3205	76.739
3206	75.42
3207	74.83
3208	75.216
3209	75.932
3210	75.42
3211	75.625
3212	73.318
3213	75.17
3214	75.261
3215	74.761
3216	73.261
3217	76.352
3218	75.682
3219	74.17
3220	74.705
3221	74.352
3222	75.67
3223	73.455
3224	74.773
3225	74.943
3226	74.159
3227	74
3228	74.818
3229	73.693
3230	73.364
3231	73.409
3232	73.864
3233	74.295
3234	73.75
3235	75.068
3236	73.273
3237	74.341
3238	74.17
3239	75.023
3240	75.148
3241	73.852
3242	73.92
3243	74.045
3244	74.239
3245	73.625
3246	74.011
3247	73.057
3248	73.75
3249	72.159
3250	73.875
3251	73.477
3252	73.239
3253	72.909
3254	73.386
3255	73.114
3256	73.477
3257	73.011
3258	72.773
3259	73.864
3260	74.057
3261	73.511
3262	74.318
3263	73.511
3264	74.614
3265	73.102
3266	72.58
3267	74.375
3268	74.261
3269	74.455
3270	73.091
3271	73.795
3272	73.318
3273	75.227
3274	73.67
3275	73.5
3276	72.693
3277	73.432
3278	72.761
3279	74.591
3280	74.034
3281	73.852
3282	73.693
3283	73.602
3284	72.932
3285	73.386
3286	74.102
3287	73.455
3288	73.398
3289	74.239
3290	72.92
3291	72.773
3292	73.818
3293	74.568
3294	73.795
3295	73.545
3296	74.625
3297	73.591
3298	73.943
3299	72.67
3300	73.511
3301	73.568
3302	73.364
3303	73.08
3304	73.58
3305	72.625
3306	72.318
3307	73.33
3308	73.409
3309	73.182
3310	72.636
3311	72.864
3312	73.705
3313	73.17
3314	75.92
3315	77.511
3316	78.886
3317	80.864
3318	82.023
3319	82.773
3320	82.148
3321	82.284
3322	83.295
3323	83.182
3324	80.477
3325	82.852
3326	82.023
3327	81.318
3328	80.25
3329	81.25
3330	79.284
3331	80.955
3332	80.591
3333	78.42
3334	79.386
3335	78.125
3336	77.205
3337	77.898
3338	77.511
3339	77.659
3340	77.375
3341	77.432
3342	77.92
3343	77.136
3344	77.205
3345	76.239
3346	77.875
3347	77.091
3348	77.364
3349	76.295
3350	75.375
3351	76.125
3352	75.636
3353	74.398
3354	75.364
3355	75.67
3356	75.727
3357	75.432
3358	76.205
3359	75.284
3360	75.352
3361	76.318
3362	75.659
3363	75.011
3364	74.648
3365	74
3366	74.955
3367	74.261
3368	74.273
3369	74.295
3370	73.716
3371	74.909
3372	74.273
3373	72.42
3374	74.182
3375	74.523
3376	74.398
3377	73.239
3378	74.432
3379	74.341
3380	73.42
3381	73.42
3382	72.864
3383	73.875
3384	73.261
3385	73.057
3386	73.864
3387	73.534
3388	73.841
3389	74.034
3390	74.318
3391	73.977
3392	73.602
3393	73.864
3394	73.841
3395	73.807
3396	74
3397	73.352
3398	73.545
3399	72.659
3400	74.182
3401	74.136
3402	73.534
3403	74.068
3404	73.148
3405	72.375
3406	72.318
3407	72.614
3408	72.92
3409	73.557
3410	73.227
3411	73
3412	71.852
3413	71.125
3414	72.92
3415	72.568
3416	71.841
3417	72.545
3418	74.602
3419	73.125
3420	72.784
3421	72.67
3422	73.943
3423	72.102
3424	71.898
3425	73
3426	72.932
3427	72.909
3428	72.125
3429	73.364
3430	73.284
3431	73.011
3432	72.261
3433	72.409
3434	74.102
3435	76.602
3436	79.148
3437	79.25
3438	81.023
3439	82.818
3440	82.409
3441	83.568
3442	83.568
3443	83.682
3444	83.341
3445	82.273
3446	82.193
3447	82.557
3448	82.477
3449	81.67
3450	80.273
3451	80.216
3452	80.784
3453	79.727
3454	78.864
3455	78.886
3456	78.443
3457	79.17
3458	78.33
3459	78.58
3460	78.33
3461	78.648
3462	78.864
3463	78.545
3464	77.784
3465	78.83
3466	77.466
3467	77.011
3468	77.648
3469	77.67
3470	76
3471	76.489
3472	76.625
3473	78.477
3474	81.591
3475	82.477
3476	85.114
3477	84.568
3478	84.466
3479	84.148
3480	84.318
3481	83.534
3482	82.761
3483	83.42
3484	82.295
3485	81.886
3486	79.227
3487	80.716
3488	80.125
3489	81.341
3490	79.886
3491	80.239
3492	80.239
3493	78.83
3494	78.148
3495	78.977
3496	78.034
3497	77.75
3498	78.5
3499	78.443
3500	77.739
3501	77.057
3502	78.591
3503	77.966
3504	77.33
3505	78.432
3506	77.011
3507	77.284
3508	77.807
3509	78.057
3510	76.557
3511	76.386
3512	77.273
3513	76.92
3514	77.273
3515	78.08
3516	76.273
3517	75.92
3518	76.5
3519	76.284
3520	76.352
3521	75.477
3522	76.057
3523	75.227
3524	75.705
3525	75.341
3526	75.08
3527	74.148
3528	75.83
3529	76
3530	75.352
3531	74.875
3532	73.932
3533	73.943
3534	74.58
3535	74.898
3536	74.307
3537	73.068
3538	75.25
3539	73.886
3540	75.307
3541	73.591
3542	74.466
3543	74.739
3544	73.977
3545	74.42
3546	73.648
3547	73.932
3548	74.466
3549	73.875
3550	74.534
3551	74.818
3552	73.739
3553	74.023
3554	73.659
3555	73.761
3556	74.784
3557	74.727
3558	73.739
3559	73.057
3560	72.943
3561	73.807
3562	73.409
3563	73.011
3564	72.898
3565	73.477
3566	73.205
3567	73.159
3568	72.716
3569	73.545
3570	73.114
3571	73.591
3572	74.466
3573	74.773
3574	74.057
3575	74.068
3576	74.068
3577	72.443
3578	73.216
3579	71.091
3580	72.92
3581	73.966
3582	72.159
3583	72.83
3584	72.841
3585	73.25
3586	72.795
3587	74.318
3588	73.693
3589	72.614
3590	72.818
3591	73.625
3592	71.818
3593	72.716
3594	72.955
3595	72.625
3596	73.352
3597	72.818
3598	72.466
3599	72.568
3600	73.068
3601	73.091
3602	73.057
3603	72.807
3604	74.318
3605	76.773
3606	79.534
3607	79.795
3608	81.489
3609	82.5
3610	83.489
3611	82.955
3612	81.761
3613	80.83
3614	82.477
3615	82.261
3616	80.318
3617	80.58
3618	79.011
3619	79.295
3620	78.864
3621	78.409
3622	78.886
3623	77.602
3624	77.602
3625	78.659
3626	78.352
3627	77.807
3628	76.989
3629	76.705
3630	77.023
3631	77.864
3632	79.795
3633	81.943
3634	84.114
3635	84.261
3636	84.375
3637	84.852
3638	83.909
3639	83.886
3640	84.864
3641	81.295
3642	82.477
3643	82.466
3644	81.216
3645	81.057
3646	81.625
3647	79.875
3648	79.818
3649	79.875
3650	80.045
3651	79.068
3652	79.761
3653	79.602
3654	79.375
3655	79.784
3656	79
3657	79.841
3658	78.58
3659	79.125
3660	79.136
3661	76.83
3662	77.955
3663	77.511
3664	77.17
3665	77.966
3666	77.886
3667	77.875
3668	76.852
3669	75.648
3670	76.92
3671	77.648
3672	76.477
3673	77.08
3674	76.568
3675	77.545
3676	76.261
3677	77.375
3678	76.5
3679	76.136
3680	75
3681	75.114
3682	78.318
3683	76.659
3684	76.273
3685	74.67
3686	76.148
3687	76.443
3688	74.83
3689	74.455
3690	76.136
3691	75.523
3692	74.977
3693	74.534
3694	75.341
3695	74.58
3696	74.943
3697	75.716
3698	74.716
3699	74.852
3700	75.182
3701	74.398
3702	74.08
3703	73.92
3704	74.489
3705	75.307
3706	73.966
3707	75.716
3708	73.25
3709	73.648
3710	73.114
3711	74.875
3712	76.102
3713	73.966
3714	73.67
3715	73.295
3716	74.102
3717	74.011
3718	74.284
3719	74.295
3720	74.295
3721	74.932
3722	74.5
3723	74.966
3724	73.636
3725	72.989
3726	72.375
3727	73.602
3728	73.614
3729	74.886
3730	73.932
3731	74.216
3732	73.295
3733	74.955
3734	74.25
3735	73.239
3736	73.898
3737	73.398
3738	71.932
3739	71.909
3740	72.727
3741	72.795
3742	72.511
3743	72.977
3744	71.739
3745	72.136
3746	72.33
3747	71.591
3748	71.398
3749	72.523
3750	72.761
3751	73.136
3752	73.42
3753	74.273
3754	72.784
3755	73.364
3756	72.455
3757	72.955
3758	71.761
3759	72.75
3760	73.239
3761	72.83
3762	71.875
3763	72.307
3764	71.443
3765	73.125
3766	72.5
3767	71.648
3768	72.966
3769	71.625
3770	71.784
3771	73.227
3772	71.761
3773	71.443
3774	71.716
3775	72.557
3776	72.477
3777	72.841
3778	72.602
3779	73.193
3780	72.42
3781	72.489
3782	73.83
3783	71.17
3784	72.739
3785	72.818
3786	72.023
3787	72.511
3788	72.409
3789	72.398
3790	72.818
3791	74.477
3792	76.83
3793	78.92
3794	81.341
3795	81.909
3796	81.511
3797	83.102
3798	82.727
3799	81.705
3800	82.693
3801	82.273
3802	80.739
3803	80.864
3804	80.614
3805	80.659
3806	79.943
3807	79.409
3808	79.466
3809	79.307
3810	78.125
3811	79.659
3812	78.875
3813	77.307
3814	77.795
3815	78.727
3816	77.273
3817	78.557
3818	76.398
3819	77.182
3820	76.727
3821	77.955
3822	76.682
3823	77.045
3824	76.568
3825	76.205
3826	76.909
3827	76.17
3828	76.239
3829	75.307
3830	75.273
3831	75.682
3832	75.068
3833	74.716
3834	75.273
3835	74.943
3836	75.239
3837	74.341
3838	74.125
3839	74.261
3840	74.25
3841	74.443
3842	73.443
3843	74.761
3844	74.477
3845	74.227
3846	75.273
3847	75.739
3848	74.284
3849	72.955
3850	74.148
3851	72.807
3852	73.08
3853	73.705
3854	74.318
3855	73.045
3856	74.182
3857	73.545
3858	74.42
3859	73.534
3860	73.977
3861	73.386
3862	73.682
3863	73.784
3864	73.489
3865	73.114
3866	73.841
3867	73.011
3868	72.614
3869	73.057
3870	72.125
3871	73.58
3872	72.784
3873	72.42
3874	71.784
3875	72.523
3876	72.795
3877	73.489
3878	72.841
3879	73.125
3880	71.977
3881	71.898
3882	72.216
3883	70.591
3884	72.932
3885	72.693
3886	72.034
3887	72.239
3888	71.864
3889	71.591
3890	72.477
3891	72.239
3892	70.5
3893	71.898
3894	71.011
3895	71.341
3896	71.864
3897	72.193
3898	72.159
3899	72.205
3900	70.705
3901	71.614
3902	72.102
3903	70.83
3904	70.5
3905	72.42
3906	71.534
3907	71.864
3908	70.625
3909	71.443
3910	71.432
3911	71.432
3912	71.045
3913	70.636
3914	73.023
3915	72.602
3916	72.409
3917	72.614
3918	72.852
3919	71.727
3920	70.875
3921	70.784
3922	72.057
3923	71.636
3924	71.261
3925	71.83
3926	71.409
3927	72.125
3928	72.102
3929	71.898
3930	71.648
3931	71.466
3932	70.432
3933	71.557
3934	71.034
3935	70.955
3936	71.307
3937	72.557
3938	72.08
3939	72.375
3940	71.273
3941	71.943
3942	72.795
3943	73.898
3944	75.352
3945	77.33
3946	77.159
3947	80.284
3948	80.273
3949	80.102
3950	80.102
3951	79.568
3952	78.909
3953	79.114
3954	80.511
3955	81.307
3956	81.875
3957	79.67
3958	80.295
3959	79.057
3960	78.784
3961	79.614
3962	78.148
3963	77.273
3964	78.875
3965	76.932
3966	78.886
3967	78.5
3968	77.614
3969	77.557
3970	76.341
3971	77.398
3972	76.045
3973	76.034
3974	76.023
3975	76.33
3976	76.33
3977	74.466
3978	74.898
3979	74.398
3980	74.5
3981	75.318
3982	75.261
3983	75.227
3984	74.966
3985	74.886
3986	74.455
3987	74.034
3988	73.602
3989	74.08
3990	73.773
3991	72.795
3992	73.875
3993	75.318
3994	73.693
3995	73.943
3996	73.557
3997	74.261
3998	73.75
3999	73
4000	73.977
4001	72.398
4002	72.068
4003	72.852
4004	73.091
4005	73.557
4006	72.489
4007	72
4008	71.659
4009	72.341
4010	74.08
4011	73.136
4012	73.057
4013	72.455
4014	74.023
4015	72.352
4016	72.148
4017	71.909
4018	72.92
4019	71.875
4020	71.705
4021	72.852
4022	72.159
4023	71.943
4024	73.307
4025	71.489
4026	71.295
4027	72.705
4028	70.67
4029	71.261
4030	71.614
4031	71.841
4032	72.284
4033	71.886
4034	71.864
4035	71.693
4036	73.091
4037	72.977
4038	72.739
4039	71.761
4040	71.795
4041	70.068
4042	72.125
4043	71.193
4044	70.83
4045	71.239
4046	71.08
4047	72.716
4048	72
4049	72.591
4050	71.705
4051	72
4052	70.875
4053	71.92
4054	71.636
4055	71.625
4056	70.534
4057	71.33
4058	70.045
4059	70.511
4060	71.125
4061	71.75
4062	71.523
4063	71.295
4064	71.682
4065	72.011
4066	70.193
4067	69.932
4068	70.341
4069	68.977
4070	70.511
4071	70.705
4072	72.205
4073	70.682
4074	70.818
4075	70.341
4076	71.5
4077	70.432
4078	71.591
4079	72.227
4080	74.091
4081	75.42
4082	76.648
4083	79.273
4084	79.466
4085	80.034
4086	78.42
4087	79.58
4088	78.92
4089	79.818
4090	78.693
4091	78.739
4092	78.773
4093	77.955
4094	77.216
4095	77.227
4096	76.875
4097	76.489
4098	77.273
4099	76.727
4100	76.375
4101	75.966
4102	76.091
4103	75.852
4104	75.466
4105	74.477
4106	73.455
4107	75.864
4108	76.227
4109	78.386
4110	79.523
4111	81.057
4112	80.523
4113	81.114
4114	81.455
4115	80.602
4116	80.67
4117	79.08
4118	79.386
4119	79.023
4120	78.284
4121	77.284
4122	78.443
4123	77.932
4124	76
4125	77.682
4126	75.364
4127	77.193
4128	74.977
4129	77.83
4130	76.216
4131	77.08
4132	75.659
4133	75.511
4134	75.375
4135	74.182
4136	74.455
4137	73.648
4138	74.273
4139	75.852
4140	75.193
4141	75.807
4142	75.011
4143	74.489
4144	75.114
4145	74.057
4146	73.614
4147	74.17
4148	73.75
4149	74.568
4150	74.159
4151	75.125
4152	74.352
4153	73.739
4154	74.023
4155	74.477
4156	74.205
4157	74.17
4158	73.375
4159	72.864
4160	73.114
4161	71.83
4162	72.466
4163	72.648
4164	73.591
4165	71.977
4166	73.614
4167	72.636
4168	71.841
4169	71.83
4170	72.227
4171	72.75
4172	72.034
4173	72.318
4174	73.773
4175	73.716
4176	72.08
4177	72.17
4178	72.841
4179	71.568
4180	72.568
4181	72.602
4182	71.602
4183	71.807
4184	73.159
4185	71.977
4186	70.92
4187	71.523
4188	69.989
4189	71.216
4190	71.489
4191	70.932
4192	70.955
4193	71.909
4194	71.852
4195	70.966
4196	71.25
4197	70.5
4198	72.386
4199	71.455
4200	71.182
4201	71.25
4202	72.045
4203	70.773
4204	71.693
4205	70.386
4206	71.114
4207	71.466
4208	71.125
4209	71.761
4210	70.739
4211	72.227
4212	70.386
4213	70.977
4214	70.591
4215	70.841
4216	71.409
4217	71.102
4218	71.523
4219	70.568
4220	70.557
4221	71.091
4222	71.489
4223	70.318
4224	69.909
4225	71.841
4226	71.636
4227	70.761
4228	70.943
4229	70.773
4230	71.261
4231	69.659
4232	69.932
4233	70.898
4234	70.307
4235	70.864
4236	70.932
4237	70.557
4238	70.011
4239	70.75
4240	71.193
4241	70.989
4242	70.625
4243	70.205
4244	71.591
4245	70.682
4246	70.727
4247	71.227
4248	70.386
4249	69.807
4250	70.75
4251	70.636
4252	70.682
4253	70.273
4254	71.886
4255	73.636
4256	75.227
4257	75.136
4258	78.545
4259	78.489
4260	79.455
4261	79.239
4262	78.466
4263	78.875
4264	78.625
4265	79.011
4266	78.568
4267	79.341
4268	77.83
4269	78.716
4270	77.966
4271	77.75
4272	77.011
4273	77.091
4274	76.125
4275	77.398
4276	77.477
4277	74.898
4278	76.739
4279	76.045
4280	76.545
4281	74.989
4282	75.636
4283	75.33
4284	75.398
4285	75.909
4286	76.091
4287	74.341
4288	74.102
4289	74.625
4290	73.648
4291	73.625
4292	73.75
4293	72.886
4294	72.818
4295	74.034
4296	74.489
4297	73.307
4298	72.352
4299	72.75
4300	72.92
4301	72.92
4302	73.625
4303	72.489
4304	71.92
4305	71.534
4306	71.693
4307	71.375
4308	71.83
4309	71.898
4310	72.807
4311	73.182
4312	72.773
4313	72.739
4314	72.42
4315	71.625
4316	71.898
4317	71.977
4318	72.466
4319	71.523
4320	71.364
4321	71.341
4322	72.17
4323	71.42
4324	72.386
4325	72.125
4326	71.386
4327	71
4328	71.591
4329	71.841
4330	72.08
4331	71.557
4332	71.432
4333	71.443
4334	72.511
4335	72.716
4336	72.398
4337	72.886
4338	72.375
4339	70.216
4340	70.602
4341	71.841
4342	70.807
4343	70.602
4344	71.125
4345	70.977
4346	71.068
4347	72.034
4348	70.682
4349	70.875
4350	70.534
4351	70.239
4352	70.011
4353	70.443
4354	70.057
4355	69.67
4356	69.386
4357	70.466
4358	69.602
4359	69.727
4360	71.034
4361	71.114
4362	70.136
4363	70.966
4364	68.898
4365	70.455
4366	70.943
4367	69.818
4368	70.886
4369	70.193
4370	69.943
4371	69.511
4372	70.364
4373	69.83
4374	69.659
4375	70.102
4376	70.068
4377	69.455
4378	69
4379	69.886
4380	70.42
4381	70.341
4382	70.648
4383	71.148
4384	70.057
4385	70.239
4386	69.841
4387	70.409
4388	68.67
4389	69.886
4390	69.182
4391	69.625
4392	69.364
4393	68.966
4394	69.295
4395	69.239
4396	70.25
4397	70.591
4398	70.523
4399	70.125
4400	70.364
4401	69.409
4402	70.023
4403	71.136
4404	70.386
4405	70.591
4406	70.17
4407	70.739
4408	69.455
4409	69.989
4410	69.409
4411	70.25
4412	70.534
4413	70.261
4414	69.909
4415	71.136
4416	70
4417	69.114
4418	70.648
4419	68.852
4420	69.33
4421	69.75
4422	69.261
4423	70.239
4424	69.193
4425	69.977
4426	72.409
4427	72.58
4428	75.273
4429	75.795
4430	77.023
4431	78.557
4432	77.943
4433	78.398
4434	77.33
4435	78.455
4436	78.148
4437	77.705
4438	77.659
4439	77.648
4440	75.864
4441	75.034
4442	76.125
4443	75.83
4444	75.307
4445	74.989
4446	76.364
4447	74.08
4448	73.523
4449	74.273
4450	73.625
4451	74.227
4452	74.75
4453	73.08
4454	74.534
4455	72.989
4456	72.886
4457	73.955
4458	73.648
4459	73.648
4460	71.716
4461	71.341
4462	72.193
4463	73.011
4464	72.761
4465	72.659
4466	73.33
4467	71.92
4468	73.466
4469	72.205
4470	72.75
4471	70.932
4472	72.273
4473	72.045
4474	71.773
4475	71.114
4476	70.886
4477	70.932
4478	71.909
4479	71.92
4480	71.205
4481	70.307
4482	72.08
4483	71.761
4484	72.227
4485	71.943
4486	70.523
4487	69.932
4488	70.17
4489	70.477
4490	71.102
4491	71.523
4492	69.966
4493	69.795
4494	69.932
4495	69.92
4496	70.943
4497	69.636
4498	70.705
4499	70.091
4500	68.295
4501	70.534
4502	69.716
4503	71.159
4504	70.193
4505	70.034
4506	70.818
4507	70.466
4508	70.273
4509	69.409
4510	70.545
4511	71.136
4512	70.034
4513	69.295
4514	70.216
4515	69.295
4516	69.261
4517	70.489
4518	69.818
4519	70.068
4520	70.511
4521	70.943
4522	71.045
4523	71.352
4524	69.602
4525	70.932
4526	69.057
4527	70.489
4528	72.227
4529	70.807
4530	71.045
4531	71.08
4532	69.682
4533	69.784
4534	70.295
4535	69.545
4536	70.205
4537	70.17
4538	69.909
4539	69.17
4540	69.705
4541	70.057
4542	70.318
4543	70.523
4544	70.625
4545	70.761
4546	70.625
4547	70.148
4548	69.477
4549	69.602
4550	69.466
4551	70.102
4552	70.045
4553	70.636
4554	70.102
4555	69.659
4556	68.443
4557	68.67
4558	70.068
4559	70.386
4560	69.727
4561	69.818
4562	70.148
4563	69.364
4564	68.943
4565	69.818
4566	68.205
4567	69.466
4568	69.852
4569	69.614
4570	69.739
4571	69.727
4572	69.42
4573	69.932
4574	68.864
4575	69.875
4576	69.784
4577	70.057
4578	69.341
4579	69.67
4580	69.511
4581	69.33
4582	69.08
4583	69.852
4584	69.682
4585	72.159
4586	73.545
4587	74.523
4588	76.705
4589	77.83
4590	79.227
4591	78.307
4592	77.659
4593	78
4594	78.273
4595	75.614
4596	77.5
4597	75.33
4598	75.602
4599	75.455
4600	74.545
4601	74.307
4602	74.886
4603	74.602
4604	75.17
4605	73.364
4606	73.83
4607	73.466
4608	73.364
4609	73.068
4610	72.989
4611	74.091
4612	73.045
4613	72.875
4614	73.432
4615	72.057
4616	72.966
4617	72.136
4618	72.682
4619	72.705
4620	72.136
4621	72.398
4622	71.159
4623	71.386
4624	72.148
4625	71.977
4626	71.659
4627	71.864
4628	70.795
4629	71.955
4630	70.545
4631	72.909
4632	70.818
4633	71.125
4634	71.841
4635	71.114
4636	71.341
4637	72.273
4638	71.682
4639	71.625
4640	71.807
4641	71.159
4642	70.318
4643	70.205
4644	70.466
4645	71.08
4646	70.307
4647	70.682
4648	70.125
4649	70.545
4650	70.591
4651	70.898
4652	70.909
4653	70.795
4654	69.818
4655	70.239
4656	69.75
4657	70.17
4658	70.364
4659	69.625
4660	69.693
4661	69.591
4662	70.25
4663	69.83
4664	69.5
4665	69.705
4666	70.409
4667	71.341
4668	70.523
4669	69.898
4670	70.727
4671	70.682
4672	71.386
4673	70.068
4674	70.5
4675	70.659
4676	69.557
4677	69.17
4678	70
4679	70.125
4680	69.273
4681	69.795
4682	69.875
4683	69.977
4684	68.875
4685	69.216
4686	69
4687	69.307
4688	68.193
4689	69.5
4690	69.261
4691	69.602
4692	69.955
4693	70.08
4694	69.364
4695	69.58
4696	69.057
4697	69.943
4698	68.511
4699	70.386
4700	69.023
4701	68.693
4702	69.909
4703	69.33
4704	69.318
4705	68.784
4706	68.739
4707	69.011
4708	69.5
4709	68.909
4710	68.875
4711	69.205
4712	69.977
4713	68.841
4714	69.227
4715	69.125
4716	68.943
4717	69.193
4718	70
4719	69.58
4720	69.318
4721	68.92
4722	69.432
4723	68.989
4724	69.409
4725	69.091
4726	68.784
4727	68.364
4728	69.193
4729	69.239
4730	68.216
4731	69
4732	69.659
4733	68.432
4734	70.045
4735	68.716
4736	69.398
4737	69.977
4738	69.636
4739	69.477
4740	68.818
4741	69.08
4742	68.977
4743	68.534
4744	70.716
4745	73.318
4746	76.023
4747	75.682
4748	77.216
4749	77.557
4750	78.159
4751	77.977
4752	77.886
4753	77.557
4754	76.739
4755	77.136
4756	74.818
4757	75.557
4758	75.727
4759	75.432
4760	73.568
4761	74.273
4762	74.659
4763	73.92
4764	74.489
4765	72.784
4766	73.989
4767	71.795
4768	72.523
4769	73.102
4770	73.807
4771	73.625
4772	72.227
4773	72.545
4774	70.58
4775	72.966
4776	72.239
4777	71.864
4778	71.83
4779	72.364
4780	72.102
4781	72.386
4782	70.886
4783	71.182
4784	71.409
4785	71.477
4786	71.705
4787	70.784
