1	58.25
2	58.719
3	58.031
4	58.109
5	57.938
6	58.797
7	58.234
8	59.078
9	57.594
10	57.953
11	58.375
12	58.531
13	57.547
14	56.938
15	58.266
16	57.984
17	57.531
18	57.594
19	58.766
20	57.672
21	58.312
22	59.406
23	57.812
24	57.328
25	57.75
26	58.141
27	57.484
28	56.641
29	57.688
30	57.75
31	57.594
32	57.812
33	58.359
34	58.047
35	58.766
36	58.438
37	57.922
38	58.594
39	57.734
40	57.312
41	57.578
42	56.984
43	58.422
44	58.875
45	59.078
46	58.234
47	58.656
48	59.578
49	58.688
50	58.547
51	58.016
52	56.578
53	57.531
54	59.984
55	58.828
56	57.109
57	57.953
58	58
59	58.906
60	57.391
61	58.828
62	59.859
63	63.219
64	63.031
65	62.953
66	63
67	63.453
68	64.094
69	64.344
70	62.922
71	63.156
72	62.188
73	61.766
74	62.094
75	61.562
76	61.203
77	59.938
78	59.484
79	58.719
80	61.281
81	60.562
82	59.719
83	60.266
84	59.656
85	59.859
86	60.156
87	60.297
88	60.672
89	57.922
90	60.234
91	59.172
92	58.469
93	58.75
94	58.531
95	57.906
96	58.859
97	59.281
98	59.375
99	59.328
100	58.688
101	58.688
102	58.438
103	59.328
104	57.891
105	58.172
106	59.516
107	59.578
108	57.484
109	57.938
110	58.609
111	58.547
112	59.734
113	59
114	56.875
115	58.734
116	58.562
117	57.984
118	57.078
119	58.172
120	58.625
121	57.344
122	57.594
123	57.812
124	58.453
125	57.625
126	58.5
127	58.141
128	57.656
129	58.094
130	57.922
131	58.312
132	58.828
133	58.031
134	57.703
135	57.812
136	58.656
137	58.094
138	58.047
139	58.188
140	56.953
141	57.938
142	58.438
143	58.391
144	57.125
145	57.312
146	57.797
147	58.688
148	57.562
149	58.188
150	58.5
151	58.203
152	57.875
153	57.719
154	58.469
155	57.953
156	58.078
157	58.594
158	57.531
159	56.062
160	57.125
161	58.188
162	58.469
163	58.25
164	57.562
165	58.141
166	57.953
167	58.031
168	58.078
169	57.547
170	57.203
171	58.859
172	57.078
173	58.203
174	57.625
175	56.688
176	59
177	58.578
178	58.25
179	56.906
180	57.688
181	57.297
182	57.156
183	58.078
184	58.797
185	56.766
186	57.328
187	58.469
188	59.312
189	56.891
190	57.844
191	57.062
192	57.438
193	58.094
194	57.672
195	57.609
196	58.094
197	58.672
198	58.078
199	57.328
200	57.703
201	57.984
202	57.281
203	57.203
204	57.719
205	57.156
206	57.359
207	57.453
208	56.688
209	59.281
210	61.172
211	62.344
212	63.406
213	62.469
214	62.203
215	62.672
216	62.203
217	61.766
218	61.328
219	61.203
220	63.344
221	61.5
222	60.406
223	61.375
224	60.312
225	61.188
226	60.203
227	60.719
228	60.125
229	59.594
230	58
231	58.906
232	59.5
233	59.594
234	58.156
235	59.938
236	57.594
237	58.484
238	57.578
239	57.359
240	58.328
241	57.688
242	59.297
243	58.391
244	58.234
245	57.578
246	57.016
247	59.062
248	57.719
249	58.75
250	57.703
251	58.75
252	57.891
253	57.516
254	58.703
255	58.078
256	59.547
257	57.641
258	59.078
259	58.797
260	58.672
261	58.781
262	57.797
263	58.438
264	58.141
265	57.5
266	58.422
267	57.781
268	57.344
269	58.359
270	57.438
271	58.328
272	57.75
273	59.141
274	57.781
275	58.781
276	59.859
277	57.188
278	57.734
279	58.312
280	58.062
281	57.938
282	58.75
283	57.766
284	58.375
285	58.344
286	57.953
287	56.844
288	57.656
289	57.781
290	57.312
291	56.234
292	56.547
293	58.938
294	57.078
295	57.297
296	56.75
297	56.719
298	56.391
299	56.656
300	58.516
301	56.875
302	57.234
303	57.422
304	58.078
305	58.594
306	57.797
307	57.578
308	57.719
309	58.516
310	57.688
311	57.859
312	56.969
313	57.688
314	56.453
315	57.922
316	58.453
317	58.328
318	57.609
319	58.031
320	56.734
321	58.75
322	56.984
323	56.609
324	57.031
325	58.547
326	57.578
327	58.344
328	57.5
329	57.297
330	57.203
331	58.625
332	58.016
333	57.016
334	58.391
335	58.703
336	58.844
337	57.781
338	58.141
339	57.969
340	56.922
341	57.328
342	57.812
343	57.719
344	56.969
345	57.125
346	56.984
347	57.641
348	57.234
349	57.672
350	57.906
351	61.766
352	62.797
353	60.656
354	62.875
355	63.188
356	62.875
357	61.734
358	61.609
359	62.312
360	61.422
361	61.188
362	61.5
363	61.781
364	59.828
365	59.5
366	58.922
367	59.875
368	60.297
369	58.984
370	60.547
371	59.125
372	60.672
373	59.406
374	59.672
375	58.906
376	58.641
377	57.844
378	59.094
379	59.344
380	60
381	57.547
382	58.562
383	58.766
384	58.672
385	58
386	58.828
387	58.469
388	58.594
389	57.953
390	58.891
391	58.875
392	56.453
393	57.609
394	59.984
395	58.281
396	56.922
397	58.641
398	58.359
399	58.234
400	57.312
401	58.703
402	59.281
403	58.141
404	56.609
405	58.297
406	59.469
407	56.984
408	58.078
409	56.844
410	57.688
411	57.25
412	59.172
413	58.031
414	56.531
415	57.609
416	58.297
417	58.344
418	57.953
419	57.781
420	57.422
421	57.547
422	57.828
423	57.109
424	55.594
425	56.844
426	57.156
427	57.312
428	57.453
429	56.922
430	58.391
431	56.625
432	57.031
433	57.906
434	58.75
435	58.172
436	58.094
437	58.328
438	56.312
439	57.094
440	57.562
441	58.234
442	57.531
443	58.375
444	58.266
445	57.266
446	58.125
447	57.125
448	57.141
449	57.594
450	57.156
451	57.875
452	57.781
453	57.703
454	57.766
455	59.125
456	56.453
457	57.25
458	57.141
459	56.578
460	57.172
461	56.641
462	57.969
463	58
464	57.859
465	56.953
466	57.328
467	58.594
468	57.641
469	58.469
470	57.359
471	57.141
472	57.156
473	56.984
474	57.125
475	58.312
476	57.016
477	56.25
478	55.594
479	57.75
480	56.672
481	57.188
482	57.719
483	57.938
484	57.25
485	57.906
486	58.328
487	56.578
488	56.844
489	55.656
490	56.688
491	58.328
492	58.453
493	58.859
494	58.031
495	57.547
496	56.844
497	55.375
498	57.141
499	56.328
500	56.109
501	57.078
502	56.359
503	57.922
504	58.141
505	56.672
506	57.141
507	57
508	58.688
509	57.375
510	57.906
511	57.219
512	57.484
513	56.609
514	57.766
515	56.469
516	58.219
517	56.422
518	56.859
519	57.594
520	57.438
521	57.562
522	57.766
523	57.625
524	58.188
525	58.062
526	57.734
527	57.969
528	57.359
529	56.625
530	57.828
531	57.047
532	57.734
533	58.875
534	56.812
535	57.594
536	58.516
537	56.922
538	58.797
539	57.141
540	57.609
541	57
542	57.25
543	56.859
544	56.547
545	57.438
546	57.25
547	57.656
548	56.969
549	57.359
550	56.156
551	57.406
552	55.719
553	57.328
554	58.5
555	57.469
556	56.734
557	57.734
558	57.062
559	58.25
560	57.594
561	57.531
562	56.812
563	57.5
564	57.906
565	57.594
566	56.641
567	57.047
568	56.703
569	57.719
570	56.609
571	58.5
572	55.812
573	57.562
574	56.719
575	57.391
576	55.609
577	56.328
578	56.641
579	56.641
580	57.5
581	57.734
582	59.125
583	61.672
584	61.062
585	61.891
586	62.984
587	61.75
588	62.219
589	62.891
590	60.984
591	61.344
592	61.906
593	60.922
594	60.703
595	60.438
596	60.25
597	58.969
598	59.047
599	59.719
600	58.031
601	58.781
602	57.828
603	57.328
604	59.188
605	58.531
606	58.297
607	58.219
608	57.328
609	58.188
610	57.734
611	58.719
612	57.578
613	57.281
614	57.391
615	57.484
616	56.109
617	58.141
618	56.703
619	57.469
620	56.078
621	56.906
622	58.125
623	57.5
624	57.859
625	58.766
626	57.938
627	59.438
628	57.703
629	57.969
630	58.125
631	58.078
632	57.375
633	58.391
634	58.016
635	58.094
636	57.625
637	58.109
638	59.062
639	58.594
640	58.141
641	58.312
642	58.203
643	57.391
644	58.797
645	56.766
646	56.547
647	57.844
648	58.078
649	56.703
650	57.562
651	58.047
652	57.094
653	56.312
654	58.359
655	57.719
656	56.859
657	56.734
658	58.125
659	56.953
660	57.5
661	57.562
662	58.172
663	57.094
664	57.219
665	55.703
666	57.734
667	57.344
668	59.047
669	56.438
670	56.812
671	56.953
672	56.359
673	56.859
674	57.844
675	57.922
676	56.531
677	56.172
678	56.922
679	58.438
680	61.641
681	61.656
682	61.938
683	62.734
684	60.859
685	61.016
686	61.688
687	61.281
688	60.625
689	60.875
690	60.297
691	59.484
692	59.734
693	59.5
694	58.812
695	60.609
696	59.766
697	58.906
698	58.594
699	58.672
700	58.797
701	58.516
702	58.141
703	58.75
704	58.719
705	58.891
706	58.234
707	59.641
708	58.141
709	57.922
710	58.5
711	58.422
712	58.375
713	59.312
714	58.391
715	58.375
716	58.703
717	58.5
718	57.047
719	58.594
720	58.359
721	57.172
722	57.109
723	58.031
724	57.297
725	58.344
726	58.109
727	58.422
728	59.406
729	58.766
730	57.969
731	57.859
732	59.125
733	58.312
734	58.422
735	59.266
736	56.391
737	56.562
738	56.25
739	58.141
740	57.078
741	57.828
742	56.75
743	57.281
744	56.844
745	58.359
746	58.797
747	58.281
748	57.453
749	56.203
750	57.391
751	56.391
752	57.422
753	57.719
754	58.594
755	57.812
756	58.297
757	56.656
758	58.125
759	57.281
760	57.422
761	58.688
762	57.578
763	55.906
764	56.938
765	57.172
766	57.391
767	56.672
768	56.672
769	58.047
770	56.859
771	56.953
772	57.781
773	57.016
774	59.312
775	57.453
776	58.062
777	57.859
778	58.344
779	58.094
780	56.844
781	56.609
782	56.672
783	58.469
784	56.734
785	56.328
786	57.094
787	57.641
788	57.594
789	57.422
790	57.469
791	56.828
792	59.375
793	56
794	57.297
795	57.406
796	57.062
797	56.781
798	59.141
799	57.719
800	57.641
801	56.875
802	57.516
803	56.938
804	57.812
805	58.078
806	56.172
807	56.062
808	57.781
809	56.906
810	57.438
811	56.344
812	57.281
813	57.453
814	57
815	56.797
816	57.422
817	56.25
818	55.375
819	57.047
820	57.172
821	57.391
822	57.766
823	56.922
824	57
825	56.562
826	56.516
827	56.969
828	56.453
829	57.266
830	57.297
831	57.75
832	56.375
833	57
834	57.328
835	57.156
836	57.531
837	57.484
838	56.859
839	56.281
840	55.891
841	56.062
842	56.062
843	56.688
844	57.047
845	55.703
846	56.172
847	56.281
848	56.625
849	56.703
850	56.422
851	57.094
852	56.531
853	56.438
854	57.25
855	57.094
856	56.688
857	57.375
858	57.094
859	57.922
860	58.047
861	55.578
862	57.516
863	56.75
864	58.469
865	56.328
866	56.938
867	57.359
868	56.234
869	56.438
870	57.062
871	57.359
872	56.766
873	56.844
874	57.25
875	57.078
876	57.625
877	56.656
878	56.422
879	58.531
880	55.547
881	57.875
882	57.078
883	58.969
884	57.328
885	56.047
886	57.469
887	57.938
888	57.031
889	57.016
890	56.906
891	56.953
892	56.891
893	58.719
894	60.156
895	61.875
896	60.219
897	61.719
898	61.047
899	62.109
900	61.609
901	62.297
902	60.922
903	60.531
904	61.562
905	60.453
906	58.859
907	59.812
908	59.812
909	58.344
910	60.016
911	58.688
912	60
913	61.125
914	62.547
915	59.953
916	63.406
917	61.891
918	62.594
919	60.422
920	60.578
921	61.125
922	60.047
923	59.875
924	60.625
925	59.031
926	60.016
927	58.531
928	58.844
929	58.734
930	58.531
931	59.281
932	58.422
933	58.719
934	58
935	57.594
936	57.672
937	59.438
938	58.828
939	57.844
940	59
941	58.297
942	58.453
943	58.016
944	58.219
945	58.672
946	58.375
947	58.078
948	57.25
949	56.812
950	57.625
951	57.781
952	57.75
953	57.531
954	57.406
955	57.641
956	56.391
957	57.422
958	56.938
959	58.281
960	57.438
961	57.531
962	58.578
963	57.609
964	57.172
965	57.016
966	59.203
967	57.547
968	59.344
969	57.406
970	57.859
971	59.422
972	59.828
973	61.406
974	61.781
975	62.688
976	62.469
977	61.281
978	63.031
979	61.266
980	60.766
981	61.344
982	59.578
983	60.031
984	60.078
985	59.969
986	60.297
987	58.688
988	58.656
989	58.188
990	58.391
991	58.781
992	58.328
993	59.641
994	58.547
995	58.703
996	58.531
997	57.578
998	58.375
999	57.578
1000	58.531
1001	57.938
1002	56.984
1003	57.281
1004	57.641
1005	57.359
1006	58.141
1007	58.75
1008	57.5
1009	56.844
1010	57.766
1011	56.891
1012	58.234
1013	56.531
1014	56.219
1015	58.031
1016	57.766
1017	56.547
1018	57.828
1019	58.297
1020	59.344
1021	58.156
1022	58.828
1023	59.031
1024	58.172
1025	56.578
1026	58.141
1027	56.812
1028	58.016
1029	57.969
1030	57
1031	57.203
1032	57.375
1033	57.359
1034	57.344
1035	57.234
1036	56.906
1037	56.125
1038	57.547
1039	57.641
1040	57.828
1041	56.609
1042	57.312
1043	57.531
1044	57.156
1045	56.5
1046	57.562
1047	58.719
1048	56.688
1049	56.281
1050	57.578
1051	57.5
1052	57.797
1053	57.188
1054	58.281
1055	58.812
1056	56.375
1057	57.25
1058	56.5
1059	57.641
1060	57.016
1061	55.953
1062	57.734
1063	56.625
1064	57.062
1065	58.328
1066	56.984
1067	57
1068	56.438
1069	57.5
1070	56.141
1071	57.672
1072	57.234
1073	55.594
1074	57.406
1075	57.281
1076	57
1077	58.312
1078	58.297
1079	58.297
1080	57.141
1081	58.672
1082	57.016
1083	56.719
1084	56.188
1085	57.453
1086	56.938
1087	57.25
1088	56.359
1089	56.031
1090	56.781
1091	56.172
1092	57.641
1093	56.25
1094	56.938
1095	58.547
1096	57.312
1097	56.734
1098	57.156
1099	57.422
1100	57.453
1101	57.516
1102	57.062
1103	56.969
1104	57.375
1105	57.344
1106	56.953
1107	57.375
1108	57.625
1109	57.266
1110	57.391
1111	56.438
1112	56.797
1113	57.047
1114	56.5
1115	57.922
1116	56.766
1117	57.484
1118	57.422
1119	58.328
1120	57.672
1121	56.672
1122	57.031
1123	57.062
1124	57
1125	58.047
1126	56.969
1127	58.312
1128	57.688
1129	57.453
1130	57.453
1131	57.797
1132	56.734
1133	55.812
1134	55.375
1135	57.016
1136	56.703
1137	56.656
1138	55.156
1139	58.906
1140	57.094
1141	56.547
1142	56.953
1143	57.922
1144	56.5
1145	56.781
1146	56.922
1147	56.328
1148	56.344
1149	56.516
1150	56.531
1151	57.609
1152	57.781
1153	55.641
1154	56.125
1155	56.297
1156	56.406
1157	56.516
1158	56.109
1159	56.391
1160	56.812
1161	55.391
1162	56.828
1163	57.469
1164	57.062
1165	57.031
1166	56.5
1167	55.906
1168	57.719
1169	56.875
1170	55.203
1171	56.484
1172	54.984
1173	55.766
1174	57.156
1175	56.969
1176	56.062
1177	57
1178	56.109
1179	57.656
1180	57.156
1181	57.438
1182	56.859
1183	57.828
1184	57.203
1185	57.156
1186	57.172
1187	57.516
1188	56.828
1189	56.344
1190	56.438
1191	56.188
1192	55.844
1193	56.047
1194	57.984
1195	57.031
1196	55.906
1197	55.391
1198	56.734
1199	56.297
1200	57.375
1201	57.234
1202	57.422
1203	57.234
1204	55.719
1205	57.438
1206	56.547
1207	58.172
1208	56.969
1209	56.047
1210	55.719
1211	57.641
1212	56.406
1213	56.047
1214	55.875
1215	56.766
1216	57.172
1217	55.75
1218	56.25
1219	55.406
1220	55.5
1221	56.109
1222	58.281
1223	59.422
1224	58.875
1225	59.422
1226	60
1227	60.109
1228	60.703
1229	60.859
1230	59.469
1231	60.625
1232	59.656
1233	58.984
1234	58.797
1235	59.328
1236	59.266
1237	58.219
1238	57.812
1239	58.891
1240	57.109
1241	56.844
1242	58.344
1243	58.062
1244	58.484
1245	58.75
1246	57.984
1247	57.906
1248	57.172
1249	56.562
1250	56.609
1251	56.156
1252	57.734
1253	57.703
1254	56.875
1255	57.422
1256	58.969
1257	57.109
1258	57.906
1259	58.25
1260	57.734
1261	57.984
1262	56.516
1263	56.016
1264	58.281
1265	57.578
1266	57.141
1267	56.844
1268	57.531
1269	57.125
1270	58.062
1271	56.781
1272	57.438
1273	56.859
1274	56.047
1275	56.469
1276	57.969
1277	55.688
1278	57.312
1279	55.953
1280	57.297
1281	56.328
1282	57.469
1283	56.297
1284	56
1285	55.781
1286	58.141
1287	56.438
1288	56.422
1289	55.906
1290	55.453
1291	56.047
1292	56.703
1293	56.047
1294	56.641
1295	57.359
1296	57.562
1297	57.109
1298	56.859
1299	56.062
1300	56.453
1301	57.641
1302	56.531
1303	56.531
1304	57.094
1305	57.359
1306	56.531
1307	56.719
1308	57.359
1309	56.359
1310	57.266
1311	56.719
1312	56.781
1313	55.344
1314	56.719
1315	57.359
1316	56.562
1317	57.078
1318	57.219
1319	56.109
1320	56.969
1321	56.469
1322	57.312
1323	54.953
1324	56.172
1325	58.109
1326	56.219
1327	57.188
1328	56.078
1329	55.812
1330	55.672
1331	56.188
1332	57.938
1333	56.891
1334	56.359
1335	56.672
1336	55.703
1337	56.656
1338	57.016
1339	56.438
1340	55.734
1341	56.328
1342	56.156
1343	56.875
1344	55.688
1345	56.672
1346	56.406
1347	55.781
1348	56.344
1349	56.25
1350	56.875
1351	57.109
1352	56.328
1353	57.422
1354	56.984
1355	56.969
1356	56.203
1357	54.688
1358	56.609
1359	57.703
1360	56.672
1361	56.656
1362	57.578
1363	57.344
1364	55.969
1365	56.625
1366	57.406
1367	57
1368	57.141
1369	56.375
1370	55.984
1371	55.922
1372	56.078
1373	56.688
1374	56.656
1375	56.047
1376	56.812
1377	56.25
1378	56.938
1379	56.734
1380	58.859
1381	57.062
1382	55.859
1383	56.25
1384	56.938
1385	57.141
1386	57.266
1387	55.125
1388	57.562
1389	55.969
1390	56.172
1391	56.062
1392	55.516
1393	55.344
1394	55.656
1395	55.578
1396	56.109
1397	57.109
1398	56.828
1399	56.062
1400	56.062
1401	57.547
1402	58.016
1403	57.312
1404	58.906
1405	59.875
1406	61.031
1407	61.562
1408	60.781
1409	60.391
1410	60.516
1411	60.812
1412	60.453
1413	59.766
1414	59.766
1415	59.859
1416	59.25
1417	58.906
1418	59.312
1419	59.328
1420	58.984
1421	57.422
1422	57.453
1423	57.734
1424	57.359
1425	57.5
1426	57.609
1427	57.5
1428	58
1429	57.312
1430	57.203
1431	58.484
1432	57.531
1433	57.891
1434	56.688
1435	58.422
1436	58.766
1437	55.953
1438	57.375
1439	57.438
1440	56.812
1441	57.203
1442	56.328
1443	56.766
1444	58.016
1445	57.828
1446	56.078
1447	57.812
1448	55.938
1449	57.297
1450	57.125
1451	56.719
1452	56.125
1453	57.438
1454	56.641
1455	56.703
1456	56.594
1457	57.609
1458	57.953
1459	55.266
1460	57.5
1461	55.031
1462	56.688
1463	56.266
1464	57.609
1465	55.781
1466	56.406
1467	58.25
1468	59.172
1469	58.516
1470	60.281
1471	60.625
1472	59.25
1473	60.281
1474	61.328
1475	60.766
1476	58.641
1477	61.734
1478	59.875
1479	60.578
1480	60.375
1481	58.375
1482	57.906
1483	58.516
1484	57.875
1485	58.203
1486	57.484
1487	58.422
1488	55.594
1489	57.828
1490	56.875
1491	56.766
1492	56.188
1493	57.391
1494	57.203
1495	58.375
1496	57.781
1497	56.781
1498	56.297
1499	56
1500	56.578
1501	57.172
1502	57.109
1503	58.062
1504	56.875
1505	57.141
1506	56.828
1507	56.719
1508	56.766
1509	57.359
1510	56.984
1511	55.078
1512	58.031
1513	56.203
1514	56.859
1515	56.703
1516	57.281
1517	58.062
1518	58.016
1519	56.297
1520	56.453
1521	56.375
1522	55.719
1523	57.203
1524	56.516
1525	55.859
1526	54.859
1527	56.75
1528	57.312
1529	57.562
1530	56.406
1531	57.156
1532	56.859
1533	57.594
1534	56.672
1535	56.469
1536	55.391
1537	56.281
1538	56.391
1539	56.188
1540	56.656
1541	56.562
1542	56.047
1543	56.172
1544	56.625
1545	56.812
1546	56.766
1547	57.281
1548	57.5
1549	57.562
1550	55.953
1551	56.188
1552	57.203
1553	55.781
1554	56.891
1555	55.969
1556	56.766
1557	54.984
1558	56.219
1559	55.516
1560	57.844
1561	56.828
1562	56.297
1563	57.234
1564	56.359
1565	56.094
1566	55.219
1567	57.641
1568	59.359
1569	59.547
1570	60.594
1571	61.484
1572	59.828
1573	58.656
1574	60.406
1575	59.062
1576	58.406
1577	59.328
1578	58.75
1579	59.953
1580	59.672
1581	57.656
1582	57.5
1583	57.031
1584	58.781
1585	58.094
1586	58.094
1587	57.141
1588	57.156
1589	57.438
1590	57.219
1591	57.531
1592	58.641
1593	57.719
1594	56.5
1595	56.328
1596	56.703
1597	56.203
1598	58.344
1599	57.406
1600	56.141
1601	55.812
1602	55.734
1603	57.891
1604	55.656
1605	56.922
1606	57.266
1607	56.234
1608	55.625
1609	55.906
1610	55.453
1611	55.641
1612	56.594
1613	55.75
1614	56.547
1615	58.219
1616	56.516
1617	56.109
1618	56.75
1619	56.562
1620	57.109
1621	55.906
1622	55.891
1623	56.125
1624	55.391
1625	55.703
1626	55.547
1627	56.75
1628	57.344
1629	56.578
1630	55.453
1631	55.906
1632	56.812
1633	56.109
1634	55.281
1635	56.844
1636	58.016
1637	59.078
1638	60.734
1639	60.609
1640	60.156
1641	59.891
1642	61.172
1643	60.422
1644	59.828
1645	59.688
1646	58.234
1647	57.406
1648	59.484
1649	59.203
1650	58.5
1651	58.875
1652	57.875
1653	57.531
1654	58.094
1655	58.016
1656	57.547
1657	56.547
1658	57.875
1659	58.719
1660	57.859
1661	56.359
1662	56.25
1663	57.266
1664	57.547
1665	56.031
1666	57.703
1667	59.438
1668	57.594
1669	56.828
1670	57.047
1671	55.812
1672	57.938
1673	56.641
1674	57.531
1675	57.422
1676	56.156
1677	57.359
1678	57
1679	56.672
1680	57.281
1681	56.969
1682	57.078
1683	56.844
1684	55.641
1685	56.406
1686	55.719
1687	57.25
1688	57.625
1689	57.203
1690	55.688
1691	55.781
1692	56.094
1693	55.656
1694	55.984
1695	55.594
1696	55.781
1697	57.109
1698	57.281
1699	55.75
1700	55.656
1701	55.688
1702	55.812
1703	55.688
1704	55.781
1705	55.828
1706	56.375
1707	55.719
1708	56.719
1709	55.531
1710	55.469
1711	57.109
1712	56.219
1713	57.312
1714	55.156
1715	54.656
1716	55.156
1717	55.453
1718	55.547
1719	56.922
1720	55.344
1721	55.969
1722	55.875
1723	56.188
1724	55.75
1725	55.828
1726	57.016
1727	59.547
1728	60.688
1729	59.797
1730	61.297
1731	59.938
1732	61.953
1733	60.641
1734	60.578
1735	60.203
1736	59.766
1737	58.609
1738	58.297
1739	59.156
1740	60.156
1741	59.625
1742	56.578
1743	58.359
1744	57.875
1745	57.969
1746	58.359
1747	57.531
1748	58.234
1749	58.438
1750	57.281
1751	58.25
1752	58.703
1753	58.328
1754	57.375
1755	57.203
1756	56.719
1757	57.969
1758	57.047
1759	56.922
1760	56.703
1761	57
1762	57.75
1763	56.906
1764	56.406
1765	55.906
1766	56.922
1767	56.688
1768	56.469
1769	56.422
1770	56
1771	57.094
1772	57.297
1773	57.078
1774	57.391
1775	56.344
1776	56.734
1777	55.719
1778	57.359
1779	56.281
1780	56.094
1781	56.234
1782	57.078
1783	56.766
1784	57.594
1785	57.906
1786	56.266
1787	55.109
1788	56.375
1789	57.031
1790	57.594
1791	55.781
1792	56.672
1793	56.469
1794	56.859
1795	57.312
1796	56.906
1797	55.406
1798	55.906
1799	55.969
1800	56.969
1801	55.812
1802	56.75
1803	57.531
1804	56.969
1805	56.266
1806	55.953
1807	56.094
1808	58.031
1809	56.938
1810	57.906
1811	57.469
1812	58.25
1813	55.719
1814	57.672
1815	56.609
1816	55.094
1817	56.016
1818	56.562
1819	55.453
1820	56.328
1821	55.641
1822	54.906
1823	55.797
1824	57.203
1825	55.188
1826	57.172
1827	56.219
1828	55.797
1829	55.578
1830	56.859
1831	56.656
1832	55.594
1833	55.516
1834	56.312
1835	55.922
1836	56.797
1837	56.5
1838	55.25
1839	58.078
1840	57.109
1841	56.203
1842	55.547
1843	55.953
1844	56.609
1845	55.391
1846	55.547
1847	55.656
1848	56.172
1849	55.609
1850	55.891
1851	56.109
1852	55.812
1853	54.875
1854	55.578
1855	56.734
1856	54.656
1857	55.234
1858	55.25
1859	55.234
1860	56.922
1861	55.562
1862	55.438
1863	55.344
1864	55.234
1865	55.047
1866	55.219
1867	55.766
1868	55.125
1869	56.938
1870	55.234
1871	57.594
1872	56.594
1873	57.219
1874	56.672
1875	56.891
1876	54.656
1877	56.141
1878	54.531
1879	56.938
1880	55.703
1881	55.25
1882	55.781
1883	56.25
1884	55.406
1885	56.812
1886	58.875
1887	58.672
1888	58.938
1889	60.484
1890	58.75
1891	59.562
1892	58.859
1893	59.688
1894	58.312
1895	59.172
1896	58.609
1897	58.594
1898	58.328
1899	58.062
1900	57.812
1901	56.422
1902	57.703
1903	57.047
1904	57.5
1905	56.297
1906	56.266
1907	56.328
1908	57.156
1909	56.047
1910	56.391
1911	56.922
1912	55.578
1913	56.641
1914	56.328
1915	56.422
1916	55.922
1917	56.516
1918	56.516
1919	56.609
1920	56.906
1921	55.953
1922	55.844
1923	56.531
1924	56.078
1925	55.469
1926	55.938
1927	57.656
1928	56.047
1929	55.312
1930	56.859
1931	55.109
1932	55.641
1933	55.188
1934	55.266
1935	55.391
1936	55.625
1937	54.75
1938	55.125
1939	55.312
1940	55.172
1941	55.125
1942	55.859
1943	56.719
1944	55.953
1945	56.547
1946	55.906
1947	55.016
1948	57.375
1949	55.578
1950	56.25
1951	55.906
1952	55.625
1953	55.719
1954	55.547
1955	56.141
1956	56.062
1957	56.688
1958	54.766
1959	54.562
1960	56.047
1961	55.812
1962	56.266
1963	55.531
1964	56.609
1965	55.484
1966	54.312
1967	57.047
1968	56.094
1969	54.453
1970	55.641
1971	54.531
1972	54.5
1973	56.516
1974	55.641
1975	54.641
1976	55.156
1977	56.422
1978	56.625
1979	55.719
1980	56.188
1981	54.391
1982	55.531
1983	56.203
1984	54.734
1985	56.234
1986	55.547
1987	56.828
1988	55.734
1989	55.703
1990	55.109
1991	54.688
1992	55.312
1993	55.047
1994	54.953
1995	55.734
1996	54.375
1997	54.391
1998	55.766
1999	55.578
2000	55.984
2001	55.297
2002	55.938
2003	55.109
2004	55.672
2005	55.734
2006	54.422
2007	56.594
2008	55.438
2009	54.031
2010	55.109
2011	54.906
2012	56.219
2013	55.156
2014	54.547
2015	53.766
2016	55.016
2017	54.328
2018	56.109
2019	55.828
2020	55.359
2021	54.078
2022	55.672
2023	55.359
2024	54.641
2025	54.672
2026	54.859
2027	55.578
2028	56.297
2029	54.734
2030	54.859
2031	55.031
2032	55.609
2033	54.984
2034	56.078
2035	55.859
2036	56.188
2037	56.859
2038	54.188
2039	57.094
2040	56.109
2041	56.328
2042	55.562
2043	56.875
2044	56.266
2045	57.672
2046	59.109
2047	59.359
2048	59.391
2049	58.125
2050	59.203
2051	59.172
2052	58.359
2053	57.25
2054	57.703
2055	56.719
2056	59.406
2057	56.984
2058	57.688
2059	57.734
2060	57.656
2061	56.391
2062	56.5
2063	57.141
2064	57.625
2065	56.516
2066	57.125
2067	56.469
2068	56.797
2069	56.891
2070	56.531
2071	55
2072	55.891
2073	55.391
2074	56.719
2075	56.062
2076	55.094
2077	55.719
2078	56
2079	55.984
2080	57.266
2081	54.906
2082	55.734
2083	54.828
2084	56.641
2085	55.594
2086	56.234
2087	57.359
2088	56.609
2089	55.766
2090	54.891
2091	56.484
2092	57.141
2093	56.031
2094	56.047
2095	57.078
2096	54.641
2097	55.359
2098	56.766
2099	57.297
2100	55.422
2101	56.234
2102	55.812
2103	56.422
2104	55.484
2105	55.031
2106	56.438
2107	55.719
2108	54.516
2109	55.375
2110	55.047
2111	54.859
2112	55.234
2113	55.266
2114	54.547
2115	55.312
2116	55.969
2117	55.156
2118	55.234
2119	55.125
2120	56.766
2121	56.078
2122	55.312
2123	54.797
2124	55.609
2125	56.562
2126	55.703
2127	55.984
2128	54.672
2129	55.547
2130	55.281
2131	54.719
2132	55.109
2133	53.469
2134	56.188
2135	56.109
2136	55.359
2137	55.047
2138	54.703
2139	54.281
2140	55.281
2141	56.172
2142	55.062
2143	55.688
2144	55.969
2145	55.688
2146	54.406
2147	54.547
2148	55
2149	55.109
2150	55.109
2151	55.672
2152	55.625
2153	56.453
2154	54.734
2155	56.094
2156	56.359
2157	55.594
2158	55.578
2159	55.188
2160	56.438
2161	54.547
2162	54.578
2163	55.188
2164	53.031
2165	55.359
2166	55.734
2167	54.469
2168	54.781
2169	53.75
2170	54.828
2171	54.781
2172	55.406
2173	54.594
2174	55.422
2175	55.094
2176	54.141
2177	55.141
2178	54.969
2179	55.469
2180	55.562
2181	55.719
2182	56.281
2183	56.188
2184	54.922
2185	55.062
2186	55.875
2187	55.641
2188	56.203
2189	54.266
2190	55.125
2191	55.719
2192	56.656
2193	55.844
2194	54.734
2195	55.297
2196	56.469
2197	56.25
2198	53.797
2199	55.969
2200	55.469
2201	55.953
2202	54.25
2203	57.031
2204	58.141
2205	57.422
2206	58.188
2207	58.703
2208	58.328
2209	58.812
2210	58.688
2211	57.641
2212	58.703
2213	56.828
2214	57.703
2215	58.344
2216	58.766
2217	56.609
2218	56.375
2219	55.703
2220	57.828
2221	56.156
2222	57.516
2223	55.516
2224	55.719
2225	55.359
2226	55.594
2227	57.375
2228	55.875
2229	56.109
2230	56.578
2231	55.719
2232	56.125
2233	56.391
2234	57.328
2235	55.281
2236	55.891
2237	55.703
2238	55.266
2239	56.031
2240	55.344
2241	55
2242	54.969
2243	55.625
2244	55.266
2245	54.703
2246	56.469
2247	56.203
2248	54.875
2249	56.438
2250	55.312
2251	56
2252	55.688
2253	56.375
2254	55.438
2255	55.188
2256	54.031
2257	53.844
2258	55.344
2259	54.906
2260	54.391
2261	55.656
2262	54.734
2263	54.469
2264	54.156
2265	54.734
2266	55.547
2267	55.562
2268	55.203
2269	55.766
2270	54.5
2271	56.188
2272	55.453
2273	55.062
2274	55.25
2275	55.062
2276	53.906
2277	54.734
2278	56.469
2279	55.141
2280	56.641
2281	54.891
2282	54.703
2283	55.609
2284	55.562
2285	55.328
2286	56.047
2287	55.766
2288	54.047
2289	54.266
2290	53.453
2291	54.438
2292	54.562
2293	54.844
2294	54.641
2295	55.203
2296	55.234
2297	54.5
2298	55.375
2299	56
2300	54.109
2301	54.812
2302	55.266
2303	54.688
2304	54.703
2305	55.797
2306	54.016
2307	56.328
2308	54.922
2309	53.859
2310	53.969
2311	54.094
2312	55.328
2313	53.875
2314	54.031
2315	54.797
2316	55.641
2317	54.375
2318	54.953
2319	54.453
2320	54.719
2321	55.797
2322	57.062
2323	55.797
2324	55.422
2325	55.062
2326	55.703
2327	55.953
2328	55.547
2329	54.25
2330	54.547
2331	55.672
2332	55.047
2333	54.562
2334	54.094
2335	55.578
2336	53.859
2337	53.953
2338	54.125
2339	54.562
2340	54.141
2341	53
2342	54.141
2343	54.047
2344	54.391
2345	54.531
2346	54.234
2347	54.094
2348	53.859
2349	54.625
2350	54.422
2351	54.766
2352	54.922
2353	54.484
2354	55.156
2355	54.859
2356	54.25
2357	54.391
2358	53.375
2359	55.375
2360	55.25
2361	55.828
2362	57.453
2363	58.234
2364	59.141
2365	58.344
2366	58.375
2367	58.344
2368	58.578
2369	57.75
2370	58.594
2371	57.578
2372	58.312
2373	57.125
2374	56.766
2375	57.828
2376	58.047
2377	56.219
2378	56.781
2379	57.844
2380	56.406
2381	57.016
2382	57.062
2383	55.672
2384	56.281
2385	55.891
2386	56.578
2387	56.266
2388	56.75
2389	54.812
2390	55.109
2391	56.062
2392	56.547
2393	55.234
2394	55.953
2395	55.516
2396	54.484
2397	55.844
2398	55.625
2399	55.297
2400	55.719
2401	55.625
2402	54.672
2403	55.891
2404	55.25
2405	55.781
2406	55.109
2407	55.578
2408	55.219
2409	55.391
2410	55.25
2411	55.422
2412	54.984
2413	54.984
2414	55.062
2415	54.906
2416	54.203
2417	54.469
2418	54.359
2419	56.094
2420	54.375
2421	55.844
2422	54.984
2423	54.828
2424	55.891
2425	54.047
2426	54.953
2427	53.641
2428	55.078
2429	53.922
2430	55.219
2431	54.016
2432	53.719
2433	55.844
2434	56.625
2435	54.266
2436	55.141
2437	54.781
2438	55.547
2439	54.453
2440	53.922
2441	54.781
2442	55.219
2443	55.062
2444	54.641
2445	54.812
2446	54.016
2447	54.344
2448	55.109
2449	54.156
2450	55.172
2451	54.859
2452	54.484
2453	55.109
2454	54.75
2455	56.109
2456	55.578
2457	55
2458	54.906
2459	54.125
2460	55.312
2461	53.844
2462	53.953
2463	53.703
2464	53.891
2465	54.078
2466	54.484
2467	54.562
2468	54.672
2469	54.047
2470	54.469
2471	53.75
2472	55.281
2473	54.422
2474	54.359
2475	54.703
2476	54.125
2477	53.844
2478	54.188
2479	54.281
2480	54.75
2481	54.266
2482	54.875
2483	54.375
2484	54.797
2485	54.469
2486	53.516
2487	54.719
2488	54.75
2489	54.516
2490	55.031
2491	54.656
2492	53.562
2493	53.031
2494	53.766
2495	55.656
2496	54.906
2497	53.5
2498	54.125
2499	56.109
2500	54.297
2501	54.422
2502	54.766
2503	54.766
2504	55.047
2505	53.609
2506	53.844
2507	55.094
2508	55.062
2509	53.719
2510	53.922
2511	55
2512	54.547
2513	55.484
2514	55.344
2515	53.266
2516	54.891
2517	53.625
2518	54.047
2519	54.938
2520	56.078
2521	57.156
2522	56.297
2523	57.859
2524	58.609
2525	57.984
2526	57.641
2527	58.641
2528	58.031
2529	57.297
2530	56.422
2531	57.625
2532	55.484
2533	56.875
2534	56.828
2535	57.031
2536	55.016
2537	56.484
2538	55.797
2539	53.859
2540	56.609
2541	56.25
2542	54.766
2543	55.516
2544	56.328
2545	54.781
2546	56.078
2547	54.422
2548	55.047
2549	54.5
2550	55.516
2551	55.797
2552	54.734
2553	55.906
2554	55.5
2555	55.156
2556	54.797
2557	55.312
2558	54.031
2559	55.172
2560	53.844
2561	53.312
2562	53.844
2563	54.781
2564	54.812
2565	54.5
2566	53.953
2567	53.094
2568	55.891
2569	54.406
2570	54.672
2571	54.359
2572	54.016
2573	53.594
2574	53.719
2575	54.688
2576	54.109
2577	54.609
2578	55.047
2579	56.078
2580	55.453
2581	54.547
2582	54.344
2583	54.094
2584	54.906
2585	54.188
2586	55
2587	55.266
2588	53.75
2589	54.422
2590	55.547
2591	54.469
2592	54.5
2593	54.781
2594	55.672
2595	53.281
2596	54.031
2597	54.047
2598	55.219
2599	54.125
2600	53.375
2601	53.234
2602	54.734
2603	55.234
2604	53.844
2605	54.625
2606	54.016
2607	53.484
2608	54.781
2609	53.703
2610	55.141
2611	54.234
2612	55.266
2613	54.734
2614	54.016
2615	54.5
2616	55.391
2617	53.312
2618	54.109
2619	55.016
2620	53.891
2621	53.609
2622	54.641
2623	54.203
2624	53.922
2625	54.734
2626	52.672
2627	54.266
2628	53.922
2629	54.406
2630	54.984
2631	54.062
2632	54.062
2633	54.656
2634	54.078
2635	52.703
2636	55.312
2637	54.359
2638	53.609
2639	54.391
2640	54.234
2641	53.328
2642	53.672
2643	53.828
2644	53.906
2645	54.141
2646	53.953
2647	54.609
2648	53.766
2649	56.141
2650	54.75
2651	56.062
2652	57.391
2653	57.797
2654	57.484
2655	57.703
2656	58.797
2657	58.688
2658	57.828
2659	56.875
2660	57.5
2661	56.172
2662	57.5
2663	55.203
2664	55.656
2665	56.156
2666	56.312
2667	56.812
2668	57.75
2669	53.859
2670	55.641
2671	54.812
2672	54.891
2673	55.703
2674	55.234
2675	55.25
2676	54.312
2677	54.484
2678	55.219
2679	55.641
2680	55.75
2681	55.375
2682	59.125
2683	58.672
2684	58.453
2685	56.922
2686	56.875
2687	56.422
2688	55.547
2689	55.172
2690	55.5
2691	55.188
2692	55.25
2693	55.266
2694	56.406
2695	56.297
2696	56.172
2697	54.078
2698	54.984
2699	54.672
2700	54.141
2701	55.156
2702	55.828
2703	55.719
2704	55.734
2705	55.641
2706	55.375
2707	54.172
2708	56.438
2709	54.609
2710	53.188
2711	55.062
2712	55.141
2713	54.328
2714	54.062
2715	55.062
2716	54.656
2717	55
2718	53.969
2719	56.266
2720	54.469
2721	55
2722	54.672
2723	55.188
2724	54.859
2725	55.453
2726	54.625
2727	55.031
2728	56.156
2729	53.922
2730	54.328
2731	55.266
2732	53.219
2733	55.797
2734	55.391
2735	55.172
2736	53.844
2737	54.062
2738	54.844
2739	54.453
2740	54.969
2741	54.266
2742	53.125
2743	53.422
2744	53.766
2745	55.562
2746	54.469
2747	54.453
2748	53.328
2749	52.719
2750	54.422
2751	53.984
2752	54.5
2753	54.797
2754	53.812
2755	52.891
2756	53.188
2757	54.922
2758	55.375
2759	53.891
2760	54.828
2761	54.656
2762	53.984
2763	54.062
2764	54.531
2765	53.406
2766	53.781
2767	53.906
2768	54.531
2769	54.656
2770	53.641
2771	54
2772	54
2773	53.375
2774	53.172
2775	53.172
2776	53.094
2777	54.062
2778	55.188
2779	53.344
2780	56.016
2781	53.656
2782	54.141
2783	53.953
2784	54.062
2785	54.328
2786	54.531
2787	53.875
2788	53.469
2789	53.375
2790	54.219
2791	53.391
2792	53.219
2793	54.703
2794	54.094
2795	54.156
2796	52.875
2797	52.703
2798	53.422
2799	54.734
2800	53.781
2801	53.297
2802	53.953
2803	54.688
2804	54.812
2805	54.828
2806	55.625
2807	55.344
2808	57.406
2809	57.844
2810	58.203
2811	56.953
2812	56.5
2813	57.781
2814	56.25
2815	56.375
2816	54.531
2817	55.375
2818	55.047
2819	54.938
2820	56.562
2821	55.234
2822	55.297
2823	54.5
2824	54.984
2825	53.984
2826	55
2827	54.266
2828	54.922
2829	53.734
2830	55.297
2831	56.031
2832	54.031
2833	54.422
2834	55.578
2835	54.938
2836	54.578
2837	55.5
2838	56.141
2839	56.438
2840	57.625
2841	57.047
2842	56.688
2843	58.25
2844	56.547
2845	56.641
2846	57.344
2847	57.125
2848	55.672
2849	56.422
2850	56.719
2851	54.719
2852	55.141
2853	56.625
2854	54.734
2855	54.844
2856	55.547
2857	54.031
2858	55.188
2859	54.922
2860	55.938
2861	55.406
2862	55.656
2863	56.203
2864	55.359
2865	56.141
2866	56.344
2867	56.469
2868	55.891
2869	53.906
2870	55.859
2871	55.281
2872	55.406
2873	55.953
2874	54.625
2875	55.375
2876	55.609
2877	54.719
2878	54.562
2879	56.906
2880	55.297
2881	55.953
2882	56.891
2883	53.938
2884	56
2885	56.594
2886	56.234
2887	56.359
2888	55.391
2889	55.281
2890	56.406
2891	56.094
2892	54.781
2893	55.859
2894	53.844
2895	55.406
2896	54.781
2897	55.359
2898	55.312
2899	55.625
2900	53.906
2901	54.75
2902	55.75
2903	55.656
2904	53.703
2905	55.719
2906	55.562
2907	55.156
2908	55.375
2909	55.172
2910	54.547
2911	55.203
2912	54.656
2913	54.078
2914	54.938
2915	54.391
2916	54.906
2917	53.641
2918	55.438
2919	53.391
2920	54.719
2921	54.031
2922	55.484
2923	54.375
2924	54.109
2925	55.219
2926	53.906
2927	53.531
2928	55.219
2929	53.516
2930	55.578
2931	55.641
2932	54.5
2933	55.188
2934	54.547
2935	54.203
2936	53.688
2937	52.859
2938	54.016
2939	55.609
2940	54.953
2941	54.297
2942	54.547
2943	54.219
2944	53.453
2945	53.922
2946	54.547
2947	53.641
2948	52.594
2949	53.641
2950	52.828
2951	53.984
2952	54.562
2953	53.266
2954	54.297
2955	54.266
2956	54.578
2957	53.938
2958	53.859
2959	54.188
2960	53.797
2961	54.344
2962	55.484
2963	52.594
2964	54.719
2965	54.984
2966	54.203
2967	54
2968	53.609
2969	54.219
2970	53.547
2971	52.797
2972	54.188
2973	54.844
2974	54.75
2975	54.016
2976	53.828
2977	55.156
2978	54.641
2979	53.719
2980	53.219
2981	54.266
2982	53.047
2983	54.062
2984	53.625
2985	53.203
2986	53.672
2987	53.766
2988	53.938
2989	53.219
2990	53.188
2991	53.609
2992	53.562
2993	53.75
2994	54.359
2995	54.297
2996	54.844
2997	56.125
2998	55.969
2999	56.516
3000	57.625
3001	57.484
3002	56.719
3003	59.109
3004	56.25
3005	57.938
3006	57.156
3007	55.938
3008	56.922
3009	56.859
3010	56.609
3011	55.75
3012	55.172
3013	55.984
3014	56.438
3015	55.125
3016	55.531
3017	54.5
3018	55.438
3019	55.094
3020	54.062
3021	54.266
3022	54.141
3023	54.75
3024	54.688
3025	54.25
3026	54.125
3027	55.547
3028	54.297
3029	54.203
3030	55.812
3031	53.547
3032	54.328
3033	53.875
3034	55.062
3035	54.812
3036	55.031
3037	54.297
3038	54.312
3039	54.672
3040	55.688
3041	54.375
3042	53.281
3043	55.438
3044	55.078
3045	53.703
3046	55.016
3047	55.062
3048	55.938
3049	54.062
3050	53.859
3051	54.484
3052	54.594
3053	55.266
3054	54.953
3055	54.25
3056	55.109
3057	53.141
3058	54.656
3059	54.203
3060	54.562
3061	54.453
3062	53.609
3063	54.391
3064	54.922
3065	53.828
3066	53.5
3067	53.766
3068	53.078
3069	54.391
3070	54.625
3071	53.672
3072	54.234
3073	54.375
3074	54.641
3075	54.812
3076	53.797
3077	53.656
3078	53.516
3079	55.047
3080	54.109
3081	54.547
3082	53.953
3083	53.984
3084	54.406
3085	53.609
3086	53.547
3087	53.406
3088	53.172
3089	54.219
3090	53.938
3091	53.25
3092	53.062
3093	53.047
3094	53.469
3095	54.688
3096	52.031
3097	52.156
3098	53.125
3099	55.031
3100	53.703
3101	53.484
3102	54.234
3103	54.625
3104	55.188
3105	52.125
3106	54.359
3107	53.812
3108	54.453
3109	53.688
3110	51.359
3111	53.156
3112	53.891
3113	52.594
3114	54.812
3115	55.469
3116	53.219
3117	53.125
3118	53.406
3119	54
3120	53.422
3121	53.688
3122	53.484
3123	52.188
3124	53.641
3125	52.391
3126	53.094
3127	54.812
3128	52.609
3129	54.5
3130	54.875
3131	53.625
3132	53.672
3133	54.219
3134	54.812
3135	54.328
3136	53.328
3137	52.75
3138	53.688
3139	53
3140	53.234
3141	52.469
3142	53.219
3143	52.609
3144	54.594
3145	54.078
3146	52.141
3147	53.531
3148	54.578
3149	53.734
3150	52.656
3151	53.938
3152	53.078
3153	52.203
3154	53.953
3155	53.734
3156	54.734
3157	56.406
3158	57.688
3159	57.281
3160	57.172
3161	58.094
3162	56.312
3163	56.453
3164	57.328
3165	55.75
3166	57.172
3167	55.141
3168	56.359
3169	55.875
3170	55.047
3171	55.984
3172	54.859
3173	54.906
3174	53.953
3175	55.422
3176	54.375
3177	54.656
3178	53.875
3179	54.266
3180	55.094
3181	54.484
3182	54.25
3183	54.734
3184	54.062
3185	54.25
3186	55.625
3187	54.578
3188	53.469
3189	53.438
3190	55.344
3191	52.109
3192	53.797
3193	53.984
3194	54.609
3195	54.141
3196	54.203
3197	53.297
3198	53.344
3199	53.594
3200	54.797
3201	54.031
3202	54
3203	53.172
3204	54.016
3205	54.219
3206	54.406
3207	54.141
3208	53.703
3209	53.062
3210	53.359
3211	54.031
3212	53
3213	52.547
3214	53.75
3215	53.719
3216	53.172
3217	54.938
3218	52.25
3219	54.688
3220	52.688
3221	53.984
3222	53.781
3223	53.641
3224	53.25
3225	52.438
3226	52.453
3227	54.5
3228	53.172
3229	55.078
3230	52.234
3231	53.484
3232	52.922
3233	52.672
3234	53.641
3235	54.062
3236	53.688
3237	53.219
3238	53.609
3239	53.547
3240	53.594
3241	53.406
3242	53.906
3243	52.766
3244	53.359
3245	54.375
3246	54.047
3247	54.125
3248	55.344
3249	53.344
3250	52.672
3251	53.859
3252	53.328
3253	53.391
3254	53.453
3255	52.906
3256	53.672
3257	52.562
3258	54.016
3259	52.531
3260	52.719
3261	52.859
3262	53.359
3263	54.516
3264	53.266
3265	55.516
3266	53.531
3267	54.984
3268	54.984
3269	53
3270	53.734
3271	54.719
3272	53.406
3273	53.875
3274	53.25
3275	53.125
3276	53.141
3277	52.828
3278	53.516
3279	53.953
3280	53.312
3281	54.875
3282	54.172
3283	54.156
3284	55.281
3285	54.25
3286	54.375
3287	53.766
3288	52.844
3289	53.562
3290	52.781
3291	54.344
3292	53
3293	53.297
3294	53.344
3295	54.531
3296	53.641
3297	54.625
3298	53.484
3299	54.094
3300	53.766
3301	52.219
3302	54.344
3303	54.25
3304	53.859
3305	53.359
3306	53.422
3307	53.797
3308	54
3309	53.484
3310	53.797
3311	53.219
3312	53.406
3313	53.234
3314	55.391
3315	54.094
3316	56.594
3317	56.516
3318	57.766
3319	55.297
3320	56.797
3321	56.375
3322	55.953
3323	55.812
3324	57.312
3325	54.547
3326	55.688
3327	54.516
3328	56.094
3329	54.875
3330	53.578
3331	55.719
3332	55.094
3333	54.344
3334	55.266
3335	53.672
3336	54.375
3337	53.125
3338	53.875
3339	54.344
3340	55.531
3341	54.688
3342	54.188
3343	54.859
3344	53.156
3345	54.031
3346	54
3347	55.031
3348	54.672
3349	52.328
3350	53.109
3351	52.719
3352	52.391
3353	52.234
3354	52.641
3355	54.266
3356	53.938
3357	54.156
3358	52.953
3359	53.359
3360	53.938
3361	53.844
3362	54.312
3363	53.5
3364	53.016
3365	53.359
3366	54.797
3367	52.812
3368	53.125
3369	53.641
3370	53.156
3371	52.812
3372	53.812
3373	52.422
3374	53.391
3375	54.578
3376	51.609
3377	52.406
3378	52.75
3379	53
3380	53.109
3381	54.281
3382	53.766
3383	52.453
3384	53.562
3385	52.828
3386	51.875
3387	54.062
3388	52.766
3389	54.75
3390	53.125
3391	54.453
3392	53.672
3393	53.016
3394	52.703
3395	53.516
3396	54.062
3397	54.047
3398	52.984
3399	52.906
3400	53.859
3401	53.734
3402	52.391
3403	53.844
3404	53.516
3405	52.875
3406	52.125
3407	53.438
3408	53.094
3409	53.188
3410	53.062
3411	53.219
3412	53.062
3413	54.094
3414	52.969
3415	53.016
3416	53.547
3417	51.156
3418	54.125
3419	54.094
3420	52.922
3421	53.219
3422	53.703
3423	51.891
3424	51.984
3425	53.344
3426	52.438
3427	52.734
3428	54.375
3429	53.422
3430	53.734
3431	53.469
3432	52.594
3433	53.859
3434	53.797
3435	55.031
3436	54.594
3437	55.984
3438	57.453
3439	57.156
3440	56.922
3441	57.547
3442	56.031
3443	56.625
3444	56.891
3445	55.266
3446	55.375
3447	56.188
3448	55.406
3449	54.859
3450	55.125
3451	55.594
3452	54.953
3453	54.328
3454	54.844
3455	54.828
3456	53.797
3457	54.781
3458	54.609
3459	53.156
3460	54.703
3461	54.625
3462	55.219
3463	55.984
3464	55.234
3465	55.047
3466	54.25
3467	54.516
3468	53.594
3469	54.297
3470	54.062
3471	52.766
3472	54.891
3473	55.797
3474	55.359
3475	55.094
3476	56.766
3477	56.859
3478	56.828
3479	55.875
3480	57.391
3481	56.078
3482	54.734
3483	54.984
3484	55.406
3485	55.547
3486	55.406
3487	54.312
3488	54.5
3489	54.875
3490	54.5
3491	56.109
3492	53.781
3493	53.328
3494	54.594
3495	53.938
3496	54.266
3497	53.656
3498	54.078
3499	52.438
3500	54.891
3501	53.047
3502	53.141
3503	54.875
3504	54.516
3505	53.562
3506	53.766
3507	55.047
3508	55.234
3509	52.688
3510	54.422
3511	54.797
3512	52.734
3513	53.906
3514	53.172
3515	53.719
3516	53.594
3517	53.562
3518	54.141
3519	53.719
3520	53.328
3521	53.625
3522	54.266
3523	51.891
3524	54.391
3525	54
3526	53.844
3527	55.391
3528	53.75
3529	53.422
3530	53.141
3531	53.469
3532	53.406
3533	52.047
3534	53.094
3535	53.469
3536	53.219
3537	53.422
3538	53.844
3539	53.453
3540	52.672
3541	53.953
3542	54.453
3543	53.922
3544	52.219
3545	52.781
3546	53.297
3547	54.641
3548	53.016
3549	54.125
3550	53.891
3551	54.906
3552	53.969
3553	52.688
3554	53.578
3555	53.344
3556	51.719
3557	52.859
3558	53.547
3559	53.656
3560	54.719
3561	52.516
3562	53.625
3563	53.844
3564	53.469
3565	54
3566	53.703
3567	52.891
3568	52.984
3569	52.188
3570	53.125
3571	51.938
3572	54.312
3573	53.609
3574	53.266
3575	52.75
3576	54.016
3577	53.031
3578	53.812
3579	53.578
3580	53.547
3581	53.75
3582	53.625
3583	53.641
3584	53.562
3585	53.484
3586	53.312
3587	53.297
3588	53.781
3589	53.453
3590	53.344
3591	53.078
3592	54.359
3593	53.516
3594	54.031
3595	52.875
3596	53.672
3597	53.594
3598	53.953
3599	53.281
3600	53.922
3601	52.391
3602	54.375
3603	53.391
3604	54.266
3605	55.156
3606	56.969
3607	54.797
3608	56.719
3609	56.5
3610	56.234
3611	56.969
3612	55.859
3613	55.203
3614	54.703
3615	54.781
3616	54.375
3617	53.781
3618	54.125
3619	54.734
3620	54.172
3621	54.281
3622	53.469
3623	52.859
3624	53.719
3625	54.047
3626	53.188
3627	55.078
3628	54.312
3629	53.75
3630	53.391
3631	54.438
3632	54.734
3633	55.578
3634	56.938
3635	56.172
3636	57.641
3637	56.078
3638	57.062
3639	56.219
3640	55.688
3641	56.828
3642	56.797
3643	53.938
3644	55.344
3645	54.078
3646	55.516
3647	54.203
3648	56.734
3649	54.453
3650	54.422
3651	56.031
3652	54.953
3653	54.766
3654	54.984
3655	54.766
3656	55.172
3657	54.531
3658	54.406
3659	54.125
3660	53.656
3661	53.891
3662	53.734
3663	55.641
3664	54.328
3665	54.344
3666	53.594
3667	55.031
3668	55.703
3669	54.359
3670	53.906
3671	54.062
3672	55.078
3673	54.875
3674	54.797
3675	54.219
3676	54.719
3677	54.734
3678	54.016
3679	54.609
3680	55.609
3681	55.594
3682	54.266
3683	54.656
3684	53.625
3685	53.047
3686	53.484
3687	53.969
3688	53.469
3689	53.188
3690	53.234
3691	53.359
3692	54.531
3693	52.781
3694	53.344
3695	52.75
3696	53.062
3697	53.375
3698	53.625
3699	54.906
3700	52.953
3701	52.594
3702	53.578
3703	54.484
3704	54.25
3705	53.078
3706	53.75
3707	55.312
3708	53.281
3709	52.891
3710	53.391
3711	53.781
3712	54.25
3713	54.641
3714	52.828
3715	52.578
3716	54.797
3717	54.453
3718	54.094
3719	52.734
3720	54.016
3721	53.094
3722	52.031
3723	53.812
3724	53.828
3725	53.609
3726	53.188
3727	53.203
3728	54.234
3729	53.234
3730	53.625
3731	53.625
3732	53.188
3733	53.484
3734	53.875
3735	53.984
3736	53.75
3737	52.312
3738	51.641
3739	52.812
3740	54.234
3741	53.453
3742	52.375
3743	52.953
3744	53.312
3745	52.703
3746	52.609
3747	52.859
3748	51.969
3749	52.969
3750	53.297
3751	53.328
3752	53.422
3753	53.141
3754	52.531
3755	53.031
3756	53.703
3757	52.266
3758	53.016
3759	53.031
3760	52.109
3761	52.234
3762	52.578
3763	54.125
3764	53.109
3765	52.359
3766	52.547
3767	52.797
3768	52.656
3769	52.781
3770	52.891
3771	52.656
3772	53.375
3773	53.781
3774	53.062
3775	52.484
3776	53.344
3777	53.125
3778	52.109
3779	52.312
3780	52.781
3781	53.141
3782	53.578
3783	52.969
3784	54.266
3785	52.656
3786	53.703
3787	52.891
3788	51.797
3789	53.469
3790	51.906
3791	54.078
3792	54.953
3793	55.172
3794	54.625
3795	54.969
3796	55.047
3797	56.297
3798	54.938
3799	55.391
3800	55.016
3801	55.375
3802	54.625
3803	54.062
3804	54.828
3805	54.078
3806	53.984
3807	54.906
3808	53.531
3809	54.906
3810	54.016
3811	54.156
3812	53.703
3813	52.094
3814	53.172
3815	54.25
3816	53.109
3817	53.578
3818	54.875
3819	52.812
3820	52.922
3821	53.719
3822	53.031
3823	53.344
3824	54.578
3825	53.219
3826	52.047
3827	53.984
3828	53.641
3829	51.656
3830	52.906
3831	52.938
3832	52.922
3833	53.141
3834	52.828
3835	53.391
3836	53.766
3837	53.125
3838	52.656
3839	52.438
3840	52.828
3841	52.734
3842	53.344
3843	53.016
3844	52.719
3845	52.141
3846	53.859
3847	53.234
3848	52.656
3849	53.266
3850	52.594
3851	52.781
3852	52
3853	52.812
3854	51.938
3855	53.938
3856	52.062
3857	52.281
3858	53.25
3859	52.297
3860	53.469
3861	53
3862	53.141
3863	53.797
3864	54.297
3865	52.562
3866	53.812
3867	52.141
3868	51.812
3869	52.469
3870	52.578
3871	53.453
3872	51.938
3873	52.859
3874	53.453
3875	53.391
3876	53.219
3877	52.109
3878	51.594
3879	51.922
3880	52.047
3881	52.438
3882	53.328
3883	52.781
3884	52.438
3885	52.297
3886	52.516
3887	52.75
3888	53.484
3889	52.078
3890	52.75
3891	52.391
3892	52
3893	52.391
3894	51.891
3895	53.688
3896	52.266
3897	50.422
3898	52.156
3899	52.984
3900	51.141
3901	52.203
3902	51.984
3903	50.156
3904	52.438
3905	51.266
3906	53.391
3907	51.953
3908	52.281
3909	53.391
3910	51.578
3911	52.5
3912	52.172
3913	52.906
3914	53.438
3915	52.219
3916	52.297
3917	53.359
3918	54.016
3919	51.547
3920	53.016
3921	53.203
3922	51.688
3923	52.156
3924	52.656
3925	52.422
3926	52.375
3927	52.438
3928	52.281
3929	52.672
3930	52.422
3931	52.578
3932	50.859
3933	51.984
3934	52.281
3935	51.812
3936	51.359
3937	52
3938	52.062
3939	51.875
3940	51.766
3941	52.672
3942	52.656
3943	52.609
3944	55.781
3945	55.391
3946	54.453
3947	55.844
3948	54.719
3949	56.25
3950	55.172
3951	53.766
3952	54.453
3953	53.906
3954	54.375
3955	54.562
3956	55.547
3957	53.688
3958	54.703
3959	54.938
3960	54.656
3961	54.828
3962	54
3963	53.547
3964	53.938
3965	53.75
3966	55.078
3967	52.75
3968	53.328
3969	53.094
3970	53.406
3971	52.531
3972	54.531
3973	53.406
3974	53.75
3975	54.297
3976	53.438
3977	53.484
3978	52.859
3979	54.438
3980	53.297
3981	52.469
3982	53.969
3983	52.094
3984	52.469
3985	52.125
3986	52.25
3987	52.094
3988	52.156
3989	52.031
3990	52.797
3991	53.5
3992	53.047
3993	52.516
3994	52.766
3995	53.266
3996	53.219
3997	53.125
3998	52.703
3999	53.172
4000	52.812
4001	52.656
4002	52.312
4003	52.422
4004	52.281
4005	50.859
4006	52.453
4007	53.266
4008	52.438
4009	53.297
4010	52.797
4011	52.797
4012	52.359
4013	51.328
4014	50.828
4015	53.562
4016	54.141
4017	51.281
4018	53.656
4019	53.047
4020	54.078
4021	52.078
4022	53.234
4023	53.047
4024	53.578
4025	52.719
4026	53.562
4027	52.781
4028	52
4029	51.609
4030	52.625
4031	52.578
4032	52.422
4033	53.156
4034	52.547
4035	52.375
4036	52.234
4037	53.188
4038	51.766
4039	52.188
4040	51.906
4041	52.109
4042	52.906
4043	51.734
4044	51.578
4045	53.234
4046	51.859
4047	52.266
4048	51.625
4049	52.094
4050	52.906
4051	51.484
4052	51.141
4053	52.094
4054	52.516
4055	53.375
4056	52.531
4057	52.203
4058	52.453
4059	50.812
4060	52.5
4061	53.125
4062	53.188
4063	52.516
4064	51.531
4065	53.094
4066	51.438
4067	52.25
4068	52.656
4069	51.953
4070	52.328
4071	52.844
4072	52.234
4073	51.531
4074	52.844
4075	51
4076	51.641
4077	51.766
4078	51.422
4079	52.984
4080	53.312
4081	54.359
4082	54.781
4083	54.469
4084	55.75
4085	55.828
4086	54.094
4087	54.109
4088	54.688
4089	54.219
4090	54.594
4091	53.188
4092	54.281
4093	53.406
4094	53.75
4095	53.328
4096	52.812
4097	51.891
4098	53.703
4099	51.953
4100	52.047
4101	51.953
4102	51.297
4103	53.406
4104	53.031
4105	53.172
4106	52.531
4107	52.578
4108	53.812
4109	53.406
4110	53.391
4111	55.219
4112	54.172
4113	53.094
4114	53.719
4115	54.406
4116	54.531
4117	53.656
4118	54.547
4119	53.453
4120	52.844
4121	52.516
4122	52.875
4123	53.062
4124	52.516
4125	51.781
4126	53.016
4127	53.578
4128	51.406
4129	53.766
4130	53.062
4131	54.062
4132	53.359
4133	53.234
4134	52.594
4135	51.797
4136	52.359
4137	52.297
4138	52.312
4139	52.844
4140	52.484
4141	51.312
4142	52.109
4143	52.984
4144	52.188
4145	52.688
4146	52.047
4147	52.984
4148	51.125
4149	52.312
4150	52.844
4151	52.047
4152	52.906
4153	53.609
4154	51.797
4155	52.531
4156	51.906
4157	51.953
4158	51.359
4159	50.984
4160	52.391
4161	51.125
4162	53.078
4163	52.172
4164	52.062
4165	51.766
4166	51.094
4167	52.062
4168	53
4169	51.953
4170	51.281
4171	51.531
4172	52.516
4173	52.188
4174	52.656
4175	54.141
4176	53.234
4177	52.859
4178	52.469
4179	52.578
4180	53.062
4181	52.594
4182	53.156
4183	51.078
4184	52.109
4185	52.656
4186	52.672
4187	51.312
4188	51.969
4189	52.234
4190	52.422
4191	51.25
4192	51.797
4193	51.312
4194	53.031
4195	51.469
4196	52.203
4197	51.984
4198	52.516
4199	50.578
4200	51.984
4201	52.281
4202	53.484
4203	52.406
4204	51.188
4205	51.766
4206	53.219
4207	52.672
4208	51.312
4209	52.219
4210	52.219
4211	53.078
4212	50.922
4213	51.469
4214	52.641
4215	51.922
4216	52.328
4217	51.781
4218	51.922
4219	51.875
4220	51.219
4221	52.156
4222	51
4223	51.828
4224	51.609
4225	50.609
4226	51.625
4227	53.531
4228	52.469
4229	52.891
4230	52.469
4231	52.938
4232	51.75
4233	51.625
4234	51.391
4235	51.547
4236	53.125
4237	51.984
4238	52.703
4239	52.109
4240	52.141
4241	51.609
4242	51.062
4243	52.719
4244	52.156
4245	52.469
4246	52.453
4247	52.5
4248	51.531
4249	51.875
4250	52
4251	51.688
4252	50.625
4253	51.781
4254	52.5
4255	53.797
4256	55.312
4257	53.078
4258	55.609
4259	53.156
4260	55.016
4261	54.453
4262	54.953
4263	55.609
4264	54.469
4265	53.109
4266	53.375
4267	53.5
4268	54.156
4269	54.641
4270	54.344
4271	53.562
4272	53.078
4273	52.297
4274	52.922
4275	53.359
4276	53.234
4277	52.828
4278	51.781
4279	53.672
4280	51.047
4281	53.766
4282	52.906
4283	52.094
4284	53.766
4285	53.078
4286	51.922
4287	53.453
4288	52.75
4289	51.984
4290	53.391
4291	52.172
4292	52.562
4293	52.828
4294	52.812
4295	52.891
4296	52.125
4297	50.328
4298	51.656
4299	51.75
4300	50.953
4301	52.344
4302	51.359
4303	52.562
4304	53.109
4305	50.234
4306	51.734
4307	53.156
4308	51.484
4309	52.625
4310	51.844
4311	52.438
4312	52.172
4313	52.375
4314	52.75
4315	51.844
4316	52.578
4317	52.141
4318	52.344
4319	53.156
4320	52.469
4321	52.219
4322	52.062
4323	51.719
4324	53.203
4325	52.625
4326	50.516
4327	52.781
4328	52.422
4329	51.406
4330	52.25
4331	51.547
4332	52.516
4333	52.266
4334	51.891
4335	51.938
4336	51.938
4337	51.344
4338	51.25
4339	50.703
4340	51.203
4341	52.891
4342	52.172
4343	51.375
4344	52.531
4345	51.734
4346	51.688
4347	52.094
4348	51.938
4349	51.188
4350	51.031
4351	51.812
4352	51.953
4353	51.328
4354	52.078
4355	52.203
4356	52.453
4357	52.438
4358	51.281
4359	51.016
4360	51.859
4361	50.578
4362	50.594
4363	51.797
4364	51.344
4365	51.172
4366	52.531
4367	51.766
4368	51.609
4369	49.906
4370	51.438
4371	52.047
4372	51.531
4373	50.625
4374	51.422
4375	52.172
4376	50.766
4377	50.219
4378	53.312
4379	51.422
4380	52.719
4381	52.312
4382	51.25
4383	51.031
4384	52.172
4385	52.078
4386	51.203
4387	50.734
4388	50.406
4389	51.906
4390	50.938
4391	49.781
4392	50.266
4393	51.672
4394	52.297
4395	51.688
4396	51.422
4397	51.359
4398	50.688
4399	51.766
4400	51.172
4401	51.906
4402	50.625
4403	52.875
4404	52.688
4405	51.922
4406	51.109
4407	52.969
4408	51.453
4409	50.734
4410	52.891
4411	52.25
4412	52.766
4413	50.344
4414	51.375
4415	52.672
4416	51.641
4417	51.812
4418	52.641
4419	52.016
4420	51.297
4421	51.188
4422	51
4423	52.703
4424	53.062
4425	52.016
4426	52.375
4427	53.453
4428	53.75
4429	53.891
4430	54.328
4431	55.031
4432	53.703
4433	54.531
4434	54.25
4435	55.047
4436	54.203
4437	54.016
4438	52.859
4439	52.641
4440	53.5
4441	53.547
4442	52.438
4443	53.5
4444	52.141
4445	52.672
4446	52.047
4447	53.938
4448	52.578
4449	51.719
4450	52.344
4451	52.922
4452	52.422
4453	51.984
4454	52.078
4455	53.375
4456	52.734
4457	51.172
4458	52.094
4459	52.859
4460	52.172
4461	51.078
4462	50.906
4463	51.75
4464	52.375
4465	52.109
4466	52.812
4467	52.953
4468	53.359
4469	51.219
4470	52.844
4471	52.094
4472	52.125
4473	53.188
4474	49.859
4475	52.203
4476	51.797
4477	50.734
4478	51.719
4479	52.562
4480	50.812
4481	51.938
4482	52.453
4483	52.422
4484	51.109
4485	50.578
4486	51.703
4487	52.266
4488	50
4489	52.062
4490	52.078
4491	51.938
4492	51.391
4493	51.297
4494	51.5
4495	50.797
4496	51.203
4497	49.812
4498	51.656
4499	51.578
4500	51.5
4501	51.422
4502	51.672
4503	51.625
4504	50.547
4505	51.562
4506	50.984
4507	51.781
4508	51.516
4509	50.375
4510	51.078
4511	51.766
4512	50.562
4513	51
4514	52.609
4515	51.188
4516	50.781
4517	51.875
4518	51.25
4519	50.312
4520	52.812
4521	50.969
4522	51.875
4523	51.797
4524	51.406
4525	52.297
4526	51.656
4527	52.031
4528	51.625
4529	50.828
4530	52
4531	52.281
4532	53.078
4533	51.828
4534	50.891
4535	51.453
4536	51.672
4537	50.328
4538	51.766
4539	50.922
4540	51.391
4541	50.391
4542	51.438
4543	51.453
4544	52.281
4545	50.188
4546	52.172
4547	52
4548	51.672
4549	50.344
4550	51.734
4551	50.891
4552	51.219
4553	50.656
4554	50.906
4555	50.344
4556	51.203
4557	51.219
4558	50.281
4559	49.938
4560	51.094
4561	51.141
4562	51.703
4563	51.906
4564	51.438
4565	50.703
4566	51.609
4567	51.281
4568	50.578
4569	50.922
4570	50.062
4571	51.359
4572	52.562
4573	51.844
4574	49.766
4575	50.969
4576	51.812
4577	50.531
4578	50.672
4579	51.031
4580	50.812
4581	51.547
4582	51.406
4583	51.594
4584	52.938
4585	52.797
4586	51.625
4587	53.062
4588	54.266
4589	55.062
4590	54.734
4591	53.516
4592	52.969
4593	54.406
4594	53.062
4595	53.25
4596	53.359
4597	53.312
4598	52.547
4599	52.656
4600	52.453
4601	51.953
4602	51.516
4603	52.469
4604	51.391
4605	51.172
4606	52.375
4607	51.578
4608	51.578
4609	51.719
4610	51.297
4611	51.438
4612	53.047
4613	52.109
4614	52.234
4615	52.609
4616	53.25
4617	51.953
4618	52.703
4619	52.5
4620	51.547
4621	50.297
4622	51.078
4623	52.828
4624	51.516
4625	51.719
4626	52.047
4627	52.141
4628	51.016
4629	52.266
4630	50.875
4631	52.281
4632	50.766
4633	52.406
4634	52.094
4635	52
4636	51
4637	51.25
4638	52.219
4639	52.016
4640	50.312
4641	51.891
4642	51.031
4643	51.406
4644	51.625
4645	52.062
4646	51.062
4647	52.391
4648	50.984
4649	51.359
4650	51.562
4651	51.547
4652	51
4653	51.922
4654	52
4655	51.547
4656	50.469
4657	51.562
4658	51.438
4659	52.578
4660	51.547
4661	50.922
4662	50.781
4663	51.734
4664	51.578
4665	51.703
4666	51.031
4667	52.141
4668	51.547
4669	52.516
4670	52.062
4671	51.641
4672	51.375
4673	51.766
4674	52.438
4675	51.203
4676	52.734
4677	51.266
4678	51.297
4679	51.375
4680	51.969
4681	50.859
4682	52
4683	51.25
4684	51.016
4685	51.734
4686	51.547
4687	52.438
4688	52.734
4689	52.344
4690	51.203
4691	52.125
4692	51.641
4693	52.031
4694	51.281
4695	50.703
4696	50.719
4697	51.922
4698	49.906
4699	52.703
4700	50.453
4701	49.75
4702	50.203
4703	51.938
4704	52.812
4705	51.359
4706	50.578
4707	51.031
4708	51.219
4709	51.328
4710	50.828
4711	50.516
4712	51.938
4713	50.797
4714	50.453
4715	50.984
4716	51.734
4717	51.609
4718	51.844
4719	51.25
4720	51.234
4721	49.781
4722	51.922
4723	52.547
4724	51.625
4725	51.219
4726	51.547
4727	51.828
4728	51.828
4729	51.219
4730	51.391
4731	52.094
4732	50.156
4733	51.109
4734	51.312
4735	51.875
4736	51.672
4737	51.406
4738	50.75
4739	51.422
4740	51.312
4741	49.469
4742	51.219
4743	52.531
4744	51.953
4745	52.781
4746	53.656
4747	53.922
4748	54.609
4749	53.953
4750	53.734
4751	53.594
4752	55.859
4753	53.922
4754	54.188
4755	52.016
4756	52.328
4757	52.406
4758	52.188
4759	52.859
4760	51.406
4761	52.312
4762	52.641
4763	51.359
4764	52.203
4765	51.547
4766	50.484
4767	52.016
4768	51.562
4769	51.375
4770	51.641
4771	53.234
4772	50.422
4773	50.328
4774	51.984
4775	52.078
4776	51.906
4777	51.141
4778	51.891
4779	51.312
4780	51.016
4781	51.5
4782	49.641
4783	51.812
4784	51.156
4785	51.047
4786	51.453
4787	51.844
