1	46.338
2	46.312
3	47.125
4	46.8
5	47.012
6	46.712
7	46.975
8	45.625
9	45.575
10	47.025
11	45.988
12	45.825
13	47.175
14	45.612
15	46.05
16	45.525
17	46.338
18	47.7
19	45.85
20	46.25
21	45.9
22	45.8
23	47.262
24	46.725
25	46.338
26	47.375
27	45.838
28	45.425
29	45.7
30	45.5
31	46.788
32	46.388
33	45.375
34	46.762
35	45.725
36	45.062
37	45.338
38	46.55
39	45.962
40	46.4
41	46.2
42	45.938
43	46.15
44	45.025
45	45.8
46	45.075
47	46.762
48	46.525
49	47.25
50	44.975
51	46.45
52	45.95
53	46.05
54	46.55
55	47.025
56	45.662
57	47.538
58	45.538
59	46.475
60	45.412
61	46.1
62	48.45
63	53.138
64	54
65	54.788
66	55.225
67	56.538
68	54.9
69	56.162
70	55.225
71	54.7
72	53.438
73	54.462
74	53.675
75	52.5
76	53.05
77	51.862
78	51.438
79	51.225
80	50.25
81	50.1
82	50.725
83	49.525
84	49.375
85	49.488
86	50.262
87	48.038
88	48.575
89	47.588
90	49.012
91	49.025
92	48.4
93	48.3
94	47.7
95	47.75
96	48.112
97	48.238
98	48.012
99	46.9
100	47.65
101	47.925
102	48
103	47.8
104	47.712
105	46.788
106	48.688
107	47.538
108	46.875
109	47.825
110	47.8
111	48.3
112	46.225
113	47.175
114	46.888
115	46.075
116	47.4
117	47.575
118	47.05
119	46.775
120	47.125
121	45.788
122	45.9
123	46.338
124	45.975
125	47.35
126	46.188
127	46.712
128	46.725
129	47.312
130	46.225
131	45.8
132	46.412
133	46.112
134	46.3
135	46.3
136	46.338
137	45.25
138	45.85
139	46.088
140	46.125
141	47.512
142	46.4
143	46.55
144	46.125
145	46.325
146	46.825
147	45.825
148	47.188
149	46.95
150	46.8
151	46.162
152	46.538
153	45.075
154	45.162
155	46.125
156	46.138
157	46.338
158	46.175
159	45.225
160	46.412
161	46.638
162	47.612
163	46.375
164	47.325
165	44.875
166	46.25
167	45.438
168	45.862
169	45.912
170	46.725
171	46.388
172	44.425
173	45.4
174	46.162
175	47.462
176	46.788
177	46.3
178	45.488
179	45.975
180	45.612
181	45.875
182	46
183	46.75
184	46.35
185	45.062
186	46.338
187	45.988
188	45.95
189	46
190	47.312
191	46.712
192	45.562
193	46.412
194	46.962
195	45.012
196	47.475
197	45.912
198	46.012
199	46.238
200	46.55
201	45.725
202	45.825
203	45.788
204	46.312
205	45.562
206	45.862
207	45.838
208	46.188
209	48.35
210	50.688
211	52.775
212	53.988
213	52.988
214	55.562
215	55.288
216	55.338
217	54.412
218	53.338
219	54.925
220	54.95
221	54.838
222	53.95
223	52.025
224	52.025
225	51.762
226	50.738
227	51.3
228	50.4
229	50.738
230	50.138
231	50.062
232	49.55
233	49.538
234	48.788
235	50.062
236	48.975
237	49.188
238	49.75
239	47.662
240	48.5
241	47.425
242	49.238
243	48.1
244	47.738
245	47.2
246	47.925
247	47.962
248	48.35
249	46.6
250	48.388
251	48.388
252	46.062
253	46.988
254	47.538
255	47.525
256	48.212
257	46.612
258	47.588
259	46.675
260	47.512
261	47
262	46.462
263	47.175
264	46.138
265	46.925
266	45.95
267	47.15
268	46.725
269	46.988
270	46.888
271	48.475
272	46.962
273	46.4
274	48.075
275	46.775
276	47.012
277	46.162
278	46.3
279	47.988
280	46.8
281	46.712
282	46.5
283	46.925
284	46.112
285	46
286	47.5
287	46.712
288	46.575
289	47.062
290	47.288
291	46.688
292	46.362
293	45.55
294	46.862
295	46.25
296	46.712
297	46.05
298	47.138
299	45.888
300	47.15
301	47.325
302	46.638
303	46.412
304	46.4
305	47.238
306	47.662
307	45.925
308	47.462
309	46.112
310	46.175
311	45.1
312	46.575
313	46.95
314	45.238
315	45.7
316	45.862
317	46.162
318	45.95
319	46.475
320	45.838
321	45.175
322	46.088
323	46.538
324	47.112
325	44.938
326	45.425
327	45.888
328	46.738
329	46.562
330	46.088
331	46.562
332	47.05
333	46.125
334	44.975
335	46.15
336	47.462
337	45.512
338	45.888
339	47.312
340	45.825
341	46.025
342	45.562
343	46.05
344	45.062
345	45.712
346	45.425
347	45.212
348	45.5
349	44.912
350	49.725
351	51.75
352	52.212
353	52.975
354	55.475
355	55.475
356	55.875
357	55.925
358	54.188
359	53.85
360	53.788
361	53.4
362	52.375
363	54.012
364	52.7
365	51.788
366	51.062
367	50.862
368	50.388
369	50.788
370	49.225
371	50.225
372	50.05
373	49.6
374	48.75
375	47.8
376	48.888
377	47.1
378	48.462
379	49.325
380	48.725
381	48.012
382	48.262
383	48.212
384	47.262
385	48.288
386	47.95
387	48.938
388	47.325
389	48.5
390	48.325
391	46.425
392	47.038
393	46.25
394	46.662
395	46.938
396	47.762
397	47.35
398	47.1
399	46.475
400	46.275
401	46.3
402	47.3
403	47.2
404	47.7
405	46.338
406	47.712
407	46.688
408	47.438
409	46.725
410	45.375
411	46.038
412	46.225
413	46.375
414	45.762
415	46.738
416	46.412
417	46.1
418	45.675
419	45.775
420	46.512
421	46.075
422	46.025
423	45.55
424	45.15
425	45.238
426	45.262
427	45.825
428	45.675
429	46.138
430	45.625
431	44.838
432	46.125
433	46.488
434	45.688
435	45.838
436	46.1
437	45.988
438	45.4
439	46.025
440	47.012
441	45.738
442	45.962
443	44.975
444	44.738
445	44.65
446	46.45
447	44.488
448	45.262
449	45.412
450	45.612
451	46.25
452	46.35
453	44.938
454	47.075
455	45.575
456	45.812
457	44.75
458	45.25
459	45.838
460	45.875
461	45.562
462	46.612
463	45.1
464	45.875
465	46.588
466	45.525
467	45.75
468	45.762
469	45.8
470	45.538
471	45.388
472	46.625
473	46.388
474	45.688
475	45.3
476	45.35
477	45.675
478	45.662
479	45.038
480	45.2
481	45.075
482	44.538
483	45.538
484	46
485	46.45
486	45.988
487	46.425
488	45.462
489	47
490	45.312
491	45.412
492	46.025
493	46.425
494	45.262
495	45.912
496	45.738
497	46.2
498	45.688
499	45.412
500	44.55
501	45.362
502	46.138
503	45.7
504	45.612
505	45.775
506	46.312
507	45.8
508	46.312
509	45.825
510	46.325
511	44.888
512	45.362
513	46.75
514	45.488
515	46.725
516	45.5
517	45.262
518	45.412
519	46.325
520	45.288
521	45.525
522	46.725
523	45.575
524	45.125
525	45.9
526	45.138
527	45.788
528	45.812
529	44.812
530	45.725
531	46.888
532	45.262
533	46.125
534	45.575
535	46.425
536	45.325
537	44.588
538	46.55
539	45.05
540	45.512
541	46.75
542	45.925
543	45.8
544	45.388
545	46.4
546	46.475
547	46.738
548	44.9
549	47.088
550	45.7
551	45.125
552	46.538
553	45.888
554	46.675
555	45.838
556	45.638
557	45.012
558	44.3
559	46.088
560	46.475
561	46.112
562	46.5
563	46.062
564	45.212
565	46.55
566	45.8
567	45.6
568	45.925
569	44.938
570	46.238
571	45.362
572	46.338
573	46.025
574	45.462
575	46.112
576	44.825
577	45.362
578	45.875
579	43.812
580	45.275
581	46.15
582	48.175
583	51.475
584	51.7
585	52.462
586	53.562
587	54.6
588	54.788
589	53.162
590	52.538
591	53.45
592	52.925
593	51.45
594	51.9
595	51.9
596	51.2
597	49.825
598	48.812
599	49.838
600	49.575
601	49.125
602	49.85
603	48.962
604	48.188
605	47.55
606	47.725
607	47.662
608	48.45
609	47.375
610	46.762
611	47.312
612	46.988
613	46.25
614	46.9
615	46.85
616	47.725
617	46.938
618	46.975
619	46.888
620	46.288
621	44.912
622	46.938
623	46.8
624	46.138
625	46.225
626	45.75
627	46.975
628	45.112
629	46
630	46.412
631	45.362
632	45.475
633	47.512
634	45.275
635	46.638
636	45.525
637	45.95
638	46.538
639	46.112
640	47.288
641	46.212
642	46.125
643	45.338
644	45.312
645	44.35
646	45.55
647	45.838
648	46.75
649	44.888
650	45.312
651	46.112
652	45.762
653	45.662
654	45.95
655	44.925
656	46.125
657	46.75
658	46.888
659	46.05
660	44.888
661	46.212
662	45.388
663	45.625
664	45.7
665	45
666	46.225
667	45.762
668	45.625
669	43.588
670	46.175
671	46.038
672	45.112
673	45.088
674	45.575
675	45.425
676	46.088
677	45.638
678	46.088
679	48.612
680	49.575
681	51.638
682	52.738
683	53.15
684	54.438
685	53.075
686	52.75
687	52.8
688	52.9
689	51.35
690	51.362
691	51.988
692	50.75
693	50.625
694	49.312
695	50.9
696	49.2
697	50.362
698	49.075
699	48.775
700	48.35
701	48.938
702	48.588
703	47.838
704	46.65
705	47.95
706	47.7
707	47.7
708	48.088
709	47.012
710	46.75
711	47.138
712	47.012
713	47.8
714	46.35
715	46.738
716	47.262
717	46
718	46.425
719	46.45
720	46.012
721	46.512
722	46.1
723	45.988
724	45.862
725	46.875
726	46.15
727	46.725
728	46.175
729	45.812
730	46.2
731	45.938
732	46.538
733	45.475
734	46.562
735	46.175
736	44.525
737	44.612
738	45.55
739	45.8
740	45.025
741	45.1
742	45.425
743	46.45
744	45.612
745	46.612
746	44.25
747	45.675
748	45.362
749	44.738
750	44.95
751	44.812
752	45.112
753	45.075
754	45.65
755	45.825
756	45.288
757	44.725
758	45.325
759	45.55
760	46.438
761	46.338
762	46.162
763	44.925
764	45.05
765	45.988
766	46.1
767	45.288
768	46.138
769	44.638
770	45.95
771	45.825
772	44.275
773	44.075
774	44.962
775	45.262
776	45
777	46.288
778	46
779	45.575
780	45.112
781	44.638
782	45.562
783	45.088
784	44.7
785	45.288
786	45.338
787	45.612
788	45.3
789	45.675
790	46.362
791	45.875
792	44.988
793	45.425
794	44.45
795	45.25
796	45.3
797	46.038
798	45.475
799	45.838
800	45.288
801	46.112
802	44.438
803	44.6
804	45.412
805	46.6
806	45.65
807	45.2
808	44.9
809	45.55
810	45.45
811	45.325
812	44.788
813	46.175
814	46.412
815	45
816	45.262
817	45.288
818	45.275
819	45.288
820	45.762
821	44.888
822	45.612
823	45.95
824	45.15
825	44.562
826	44.888
827	46.425
828	44.5
829	45.412
830	45.512
831	44.638
832	45.875
833	44.725
834	45.012
835	45.175
836	44.988
837	44.788
838	44.4
839	45.062
840	45.338
841	44.912
842	45.25
843	45.025
844	44.888
845	44.462
846	44.312
847	43.6
848	44.938
849	45.025
850	46.588
851	46.012
852	45.1
853	45.45
854	45.412
855	45.212
856	45.538
857	45.638
858	45.462
859	46.062
860	45.7
861	45.138
862	45.388
863	46.138
864	45.812
865	45.2
866	45.225
867	44.05
868	44.562
869	45.675
870	46.288
871	45.7
872	45.662
873	45.775
874	45.362
875	45.362
876	44.2
877	45.775
878	45.125
879	46.325
880	45.075
881	45.175
882	45.288
883	44.9
884	44.888
885	46.275
886	45.775
887	44.975
888	45.5
889	44.575
890	44.025
891	46.612
892	45.888
893	47.875
894	50.488
895	51.288
896	52.262
897	52.575
898	53.225
899	53.088
900	52.862
901	52.15
902	52.275
903	52
904	52.012
905	51.988
906	50.488
907	50.538
908	49.675
909	51.3
910	49.05
911	49.188
912	50.525
913	51.638
914	53.662
915	52.888
916	53.688
917	53.525
918	53.125
919	51.738
920	52.538
921	52.275
922	51.15
923	51.375
924	50.238
925	49.862
926	50.05
927	50.388
928	49.012
929	49.975
930	49.125
931	49.55
932	47.888
933	47.512
934	47.838
935	46.825
936	47.2
937	47.938
938	47.825
939	47.612
940	48.062
941	46.475
942	47.838
943	47.275
944	47.838
945	47.812
946	46.6
947	47.975
948	46.4
949	44.688
950	46.4
951	45.4
952	46.338
953	45.45
954	45.525
955	46.562
956	45.75
957	45.925
958	44.912
959	46.288
960	45.3
961	46.412
962	45.762
963	44.288
964	45.612
965	44.312
966	47.075
967	46.125
968	46.375
969	45.212
970	44.65
971	47.075
972	48.312
973	50.962
974	52.888
975	53.375
976	53.662
977	52.425
978	52.15
979	52.025
980	52.288
981	51.288
982	50.425
983	51.712
984	50.012
985	49.812
986	50.188
987	50.5
988	49.388
989	48.325
990	48.725
991	48.112
992	48.038
993	48.088
994	47.325
995	49.162
996	48.4
997	47.3
998	47.625
999	47.9
1000	46
1001	46.925
1002	46.988
1003	46.512
1004	46.725
1005	46.825
1006	46.688
1007	46.85
1008	46.45
1009	45.688
1010	45.988
1011	45.8
1012	45.625
1013	46.175
1014	46.262
1015	46.588
1016	46.7
1017	44.438
1018	45.725
1019	46.175
1020	46.312
1021	45.412
1022	46.038
1023	46.025
1024	46.125
1025	45.175
1026	45.412
1027	45.225
1028	45.112
1029	45.712
1030	45.488
1031	45.862
1032	44.95
1033	44.712
1034	44.375
1035	45.438
1036	45.6
1037	45.738
1038	45.55
1039	45.862
1040	45.688
1041	46.15
1042	45.488
1043	46.65
1044	45.362
1045	45.138
1046	45.488
1047	45.175
1048	45.588
1049	45.9
1050	45.2
1051	45.638
1052	45.175
1053	45.525
1054	46.062
1055	46.525
1056	45.888
1057	44.425
1058	45.325
1059	46.1
1060	44.3
1061	45.525
1062	45.9
1063	45.012
1064	45.4
1065	45.35
1066	45.112
1067	45.425
1068	46.262
1069	44.125
1070	45.462
1071	44.975
1072	45.35
1073	45.425
1074	46.025
1075	45.488
1076	45.088
1077	45.888
1078	45.438
1079	45.138
1080	45.138
1081	45.538
1082	45.438
1083	44.838
1084	44.35
1085	45.512
1086	43.712
1087	44.95
1088	44.85
1089	44.688
1090	44.012
1091	44.938
1092	45.05
1093	44.588
1094	45.275
1095	44.588
1096	44.475
1097	44.062
1098	45.488
1099	45.625
1100	44.788
1101	44.262
1102	45.675
1103	45.625
1104	45
1105	44.55
1106	44.85
1107	45.112
1108	46.012
1109	45.188
1110	44.5
1111	45.575
1112	44.988
1113	44.662
1114	45.962
1115	44.162
1116	46.3
1117	46.062
1118	45.15
1119	45.462
1120	44.35
1121	44.638
1122	46.225
1123	44.362
1124	44.45
1125	44.7
1126	44.262
1127	46.612
1128	45.65
1129	44.1
1130	45.138
1131	44.025
1132	44.812
1133	45.038
1134	44.088
1135	44.938
1136	44.775
1137	45.05
1138	45.7
1139	44.962
1140	45.238
1141	44.5
1142	44.825
1143	44.962
1144	44.688
1145	44.688
1146	45.15
1147	45.038
1148	45.088
1149	45.462
1150	45.038
1151	44.95
1152	44.938
1153	45.538
1154	44.375
1155	45.05
1156	45.875
1157	45.1
1158	45.362
1159	45.088
1160	45.488
1161	44.575
1162	45.625
1163	44.712
1164	44.138
1165	45.325
1166	45.1
1167	44.85
1168	45.925
1169	44.488
1170	44.588
1171	45.025
1172	44.712
1173	44.525
1174	44.338
1175	46.338
1176	43.7
1177	44.688
1178	45.162
1179	45.025
1180	45.212
1181	44.588
1182	45.012
1183	45.338
1184	45.4
1185	44.4
1186	45.175
1187	45.462
1188	45.6
1189	44.125
1190	44.625
1191	44.275
1192	44.95
1193	45.325
1194	45.038
1195	45.112
1196	45.288
1197	45.325
1198	45.138
1199	45
1200	43.912
1201	43.925
1202	44.438
1203	43.675
1204	43.775
1205	43.825
1206	45.7
1207	45.288
1208	45.05
1209	45.025
1210	45.112
1211	44.85
1212	44.4
1213	44.425
1214	44.75
1215	44.712
1216	43.975
1217	44.2
1218	46
1219	44.062
1220	44.4
1221	44.15
1222	46.325
1223	47.762
1224	48.65
1225	49.975
1226	51.225
1227	52.362
1228	51.9
1229	51.1
1230	50.425
1231	49.975
1232	51.2
1233	50.112
1234	50.288
1235	50.038
1236	49.712
1237	49.338
1238	48.375
1239	48.95
1240	48.612
1241	46.688
1242	47.838
1243	47.262
1244	47.625
1245	47.675
1246	46.688
1247	47.35
1248	48.312
1249	46.475
1250	44.962
1251	45.688
1252	46.65
1253	46.125
1254	47.062
1255	45.838
1256	46.112
1257	45.975
1258	45.625
1259	46.875
1260	45.675
1261	46.488
1262	45.35
1263	45.188
1264	45.925
1265	46.362
1266	46.125
1267	45.712
1268	45.812
1269	45.038
1270	44.675
1271	44.988
1272	45.3
1273	44.662
1274	45.425
1275	45.2
1276	45.1
1277	44.738
1278	45.062
1279	44.912
1280	44.462
1281	44.625
1282	45.212
1283	44.838
1284	46.125
1285	44.9
1286	44.988
1287	45.312
1288	44.5
1289	44.012
1290	45.312
1291	44.162
1292	44.438
1293	44.075
1294	45.05
1295	45.812
1296	45.375
1297	45.062
1298	44.45
1299	45.175
1300	45
1301	45.925
1302	44.838
1303	45.262
1304	44.65
1305	44.3
1306	44.012
1307	45.138
1308	43.45
1309	43.95
1310	43.3
1311	45.05
1312	44.3
1313	44.912
1314	45.188
1315	45.262
1316	44.2
1317	44.488
1318	44.212
1319	44.725
1320	44.75
1321	45.312
1322	45.038
1323	44.675
1324	44.3
1325	44.738
1326	43.812
1327	44.35
1328	44.438
1329	44.662
1330	44.638
1331	44.038
1332	43.438
1333	45.262
1334	44.65
1335	44.362
1336	45.838
1337	44.662
1338	44.775
1339	45.05
1340	43.712
1341	44.388
1342	44.775
1343	44.588
1344	44.188
1345	43.275
1346	45.425
1347	44.1
1348	44.162
1349	44.925
1350	45.088
1351	44.862
1352	44.862
1353	45.188
1354	43.85
1355	45.062
1356	44.525
1357	43.738
1358	44.538
1359	44.262
1360	43.962
1361	44.325
1362	44.5
1363	44.8
1364	45.488
1365	45.1
1366	44.438
1367	42.812
1368	44.462
1369	43.312
1370	43.412
1371	44.075
1372	43.888
1373	44.562
1374	43.8
1375	43.55
1376	45.262
1377	43.825
1378	43.562
1379	45.15
1380	45.062
1381	44.262
1382	43.838
1383	45.475
1384	44.888
1385	43.938
1386	44.75
1387	44.525
1388	45.162
1389	44.688
1390	44.438
1391	43.238
1392	44.2
1393	44.675
1394	45.325
1395	44.475
1396	43.6
1397	45.075
1398	44.762
1399	43.812
1400	45.55
1401	46.088
1402	45.238
1403	45.2
1404	46.075
1405	48.688
1406	50.2
1407	50.05
1408	50.812
1409	52.062
1410	51.525
1411	52.412
1412	50.6
1413	50.125
1414	51.188
1415	50.125
1416	49.8
1417	49.338
1418	48.8
1419	47.775
1420	47.388
1421	47.175
1422	46
1423	47.15
1424	47.125
1425	46.85
1426	45.638
1427	45.888
1428	47.262
1429	46.888
1430	46.75
1431	46.5
1432	46.012
1433	45.2
1434	45.65
1435	46.1
1436	46.162
1437	44.375
1438	44.688
1439	44.825
1440	45.975
1441	46.05
1442	45.6
1443	45.45
1444	45.638
1445	44.638
1446	45.638
1447	44.762
1448	45.375
1449	44.938
1450	45.462
1451	45.825
1452	44.375
1453	45.4
1454	45.838
1455	45.212
1456	44.138
1457	44.138
1458	45.175
1459	44.675
1460	44.362
1461	44.562
1462	44.262
1463	44.125
1464	44.25
1465	43.4
1466	45.175
1467	46.35
1468	47.738
1469	49.288
1470	51.088
1471	50.712
1472	51.588
1473	50.788
1474	51.038
1475	50.338
1476	51.338
1477	49.6
1478	51.8
1479	51.425
1480	50.962
1481	49.562
1482	49.2
1483	48.688
1484	48.988
1485	49.125
1486	48.5
1487	47.312
1488	46.6
1489	48.262
1490	48.388
1491	47.075
1492	46.8
1493	45.9
1494	46.438
1495	47.238
1496	45.512
1497	46.4
1498	46.2
1499	46.775
1500	46.212
1501	47.075
1502	45.8
1503	45.575
1504	45.825
1505	44.8
1506	45.2
1507	46.1
1508	45.725
1509	45.388
1510	44.95
1511	45.412
1512	44.812
1513	44.65
1514	44.525
1515	46.45
1516	46.375
1517	45.762
1518	45.55
1519	45.1
1520	44.8
1521	44.212
1522	45.475
1523	44.525
1524	44.125
1525	44.462
1526	44.125
1527	44.875
1528	44.538
1529	44.288
1530	45.038
1531	44.762
1532	44.612
1533	43.012
1534	44.788
1535	43.8
1536	44.125
1537	43.612
1538	44.825
1539	44.312
1540	44.988
1541	44.8
1542	45.562
1543	44.512
1544	44.688
1545	44.5
1546	44.262
1547	44
1548	43.7
1549	44.862
1550	44.05
1551	43.8
1552	44.125
1553	44.375
1554	44.762
1555	43.775
1556	44.638
1557	44.65
1558	44.662
1559	44.962
1560	44.638
1561	45.875
1562	44.838
1563	45.15
1564	43.762
1565	43.762
1566	44.162
1567	46.675
1568	48
1569	50.188
1570	50.462
1571	51.9
1572	50.925
1573	50.712
1574	51.088
1575	50.775
1576	49.175
1577	48.4
1578	48.312
1579	48.912
1580	48.175
1581	46.175
1582	47.55
1583	46.225
1584	46.038
1585	45.85
1586	46.912
1587	47.262
1588	45.6
1589	45.938
1590	47.062
1591	45.425
1592	45.888
1593	45.975
1594	45.588
1595	45.462
1596	45.288
1597	46.112
1598	45.95
1599	43.825
1600	44.65
1601	44.7
1602	45.188
1603	45.088
1604	44.912
1605	45
1606	44.875
1607	44.85
1608	45.212
1609	44.3
1610	45.65
1611	45.338
1612	44.275
1613	44.912
1614	45.7
1615	44.288
1616	44.912
1617	44.225
1618	44.7
1619	42.875
1620	44.9
1621	42.838
1622	45.55
1623	44.938
1624	43.738
1625	43.825
1626	44.212
1627	45.312
1628	44.525
1629	44.025
1630	44.675
1631	43.912
1632	43.912
1633	44.662
1634	44.15
1635	45.462
1636	46.212
1637	48.188
1638	50.35
1639	50.375
1640	50.688
1641	51.238
1642	51.7
1643	51.35
1644	50.525
1645	50.525
1646	50.312
1647	48.65
1648	49.75
1649	47.562
1650	48.138
1651	46.988
1652	48.312
1653	46.7
1654	46.325
1655	46.35
1656	46.35
1657	46.5
1658	47.375
1659	46.612
1660	46.15
1661	46.175
1662	45.038
1663	44.588
1664	45
1665	44.962
1666	45.888
1667	45.088
1668	45.662
1669	44.775
1670	45.662
1671	45.025
1672	45.925
1673	44.338
1674	45.85
1675	44.4
1676	45.738
1677	45.325
1678	45.225
1679	44.25
1680	44.025
1681	44.35
1682	44.988
1683	45.738
1684	43.612
1685	44.4
1686	43.888
1687	43.925
1688	45.162
1689	44.85
1690	43.988
1691	43.9
1692	44.1
1693	43.688
1694	43.962
1695	44.888
1696	45.488
1697	43.45
1698	44.912
1699	44.525
1700	44.425
1701	42.45
1702	44.512
1703	44.125
1704	44.175
1705	43.225
1706	44.188
1707	43.85
1708	43.325
1709	43.312
1710	43.95
1711	45.012
1712	44.375
1713	43.9
1714	43.1
1715	44.375
1716	44.75
1717	44.562
1718	43.312
1719	43.875
1720	43.912
1721	43.288
1722	44.675
1723	44.025
1724	44.088
1725	43.7
1726	46.275
1727	48.2
1728	48.775
1729	50.162
1730	50.9
1731	51.938
1732	51.45
1733	51.438
1734	50.788
1735	50.588
1736	50.262
1737	50.388
1738	49.112
1739	49.112
1740	49.862
1741	48.4
1742	49.175
1743	48.425
1744	47.375
1745	47.375
1746	47.162
1747	46.512
1748	45.5
1749	47.575
1750	46.612
1751	48.062
1752	47.05
1753	46.325
1754	46.038
1755	46.788
1756	47.325
1757	45.388
1758	45.55
1759	45.35
1760	46.575
1761	43.688
1762	45.725
1763	44.838
1764	44.762
1765	45.625
1766	43.662
1767	45.225
1768	44.712
1769	44.825
1770	44.675
1771	45.975
1772	44.788
1773	45.125
1774	45.612
1775	44.238
1776	43.55
1777	44.45
1778	45.438
1779	44.338
1780	44.825
1781	43.962
1782	44.275
1783	45.75
1784	44.238
1785	45.375
1786	44.475
1787	44.6
1788	43.738
1789	44.325
1790	44.988
1791	43.962
1792	44.575
1793	44.2
1794	44.438
1795	44.6
1796	44.25
1797	44.1
1798	43.925
1799	44.475
1800	45.525
1801	45.138
1802	44.162
1803	45.85
1804	44.9
1805	44.312
1806	44.212
1807	43.362
1808	45.488
1809	45.2
1810	45.1
1811	44.375
1812	44.875
1813	44.862
1814	44.175
1815	45
1816	44.462
1817	44
1818	43.75
1819	44.725
1820	43.85
1821	44.35
1822	44.75
1823	45.15
1824	44.312
1825	45.375
1826	44.225
1827	43.612
1828	44.075
1829	45.2
1830	44.212
1831	43.938
1832	44.188
1833	43.038
1834	43.838
1835	43.738
1836	44.462
1837	44.962
1838	44.488
1839	45.075
1840	44.212
1841	44.55
1842	43.812
1843	45.575
1844	44.95
1845	44.212
1846	44.538
1847	44.4
1848	43.688
1849	43.138
1850	44.2
1851	44.575
1852	44.7
1853	44.025
1854	43.475
1855	45.238
1856	45.162
1857	44.65
1858	45.275
1859	43.775
1860	44.025
1861	43.45
1862	43.375
1863	44.15
1864	43.525
1865	44
1866	44.3
1867	44.95
1868	42.962
1869	43.588
1870	43.1
1871	43.175
1872	44.288
1873	43.238
1874	43.275
1875	43.925
1876	43.888
1877	43.888
1878	44.438
1879	43.912
1880	42.962
1881	43.8
1882	43.075
1883	43.688
1884	43.538
1885	45.875
1886	47.938
1887	49.05
1888	48.912
1889	50.35
1890	50.575
1891	50.55
1892	50.662
1893	50.688
1894	49.075
1895	49.088
1896	49.275
1897	48.55
1898	47.975
1899	48.438
1900	47.088
1901	46.688
1902	47.362
1903	46.612
1904	46.7
1905	47.35
1906	47.15
1907	46.35
1908	45.112
1909	45.675
1910	45.738
1911	46.375
1912	44.9
1913	46.025
1914	45.575
1915	45.625
1916	46.875
1917	44.812
1918	44.988
1919	44.738
1920	45.112
1921	44.2
1922	45.45
1923	43.388
1924	44.9
1925	44.438
1926	45.025
1927	44.538
1928	45.088
1929	44.588
1930	44.55
1931	44.612
1932	44.325
1933	45.038
1934	45.038
1935	43.338
1936	43.825
1937	43.588
1938	44.462
1939	43.838
1940	43.088
1941	43.588
1942	44.538
1943	44.75
1944	43.862
1945	44.5
1946	43.838
1947	44.562
1948	43.512
1949	43.4
1950	44.338
1951	44.362
1952	44.175
1953	43.525
1954	43.7
1955	44.388
1956	43.388
1957	44.162
1958	42.925
1959	44.488
1960	44.75
1961	42.675
1962	44.112
1963	44.212
1964	43.6
1965	43.55
1966	43.25
1967	44.35
1968	43.4
1969	43.95
1970	44.112
1971	43.412
1972	43.212
1973	43.6
1974	43.138
1975	43.85
1976	43.075
1977	43.262
1978	43.175
1979	45.1
1980	44.262
1981	43.838
1982	44.075
1983	43.738
1984	43.712
1985	44.438
1986	43.125
1987	44.112
1988	43.888
1989	44.35
1990	43.8
1991	44.538
1992	44.038
1993	42.775
1994	44.075
1995	43.538
1996	43.125
1997	42.988
1998	44.538
1999	43.075
2000	43.6
2001	44.2
2002	44.512
2003	43.662
2004	44.238
2005	43.462
2006	43.375
2007	43.075
2008	44.125
2009	42.75
2010	42.962
2011	43.175
2012	43.162
2013	43.325
2014	44.062
2015	42.95
2016	43.7
2017	43.088
2018	43.362
2019	43.438
2020	44.125
2021	43.45
2022	44.138
2023	44.462
2024	42.725
2025	42.325
2026	43.488
2027	43.775
2028	43.612
2029	43.175
2030	42.488
2031	44.125
2032	44.05
2033	43.25
2034	43.9
2035	44.65
2036	42.488
2037	44.4
2038	43.3
2039	43.162
2040	43.65
2041	44.25
2042	44.4
2043	44.612
2044	45.5
2045	46.188
2046	47.975
2047	49.088
2048	49.862
2049	48.662
2050	48.775
2051	49.688
2052	48.038
2053	49.262
2054	48.55
2055	48.275
2056	48.612
2057	47.15
2058	48.05
2059	46.675
2060	46.612
2061	46.312
2062	46.15
2063	46.55
2064	46.888
2065	45.912
2066	46.525
2067	45.45
2068	44.262
2069	44.562
2070	45.725
2071	45.15
2072	44.725
2073	45.575
2074	44.062
2075	44.938
2076	44.638
2077	45.65
2078	45.188
2079	45.05
2080	45.35
2081	45.3
2082	43.425
2083	44.462
2084	44.65
2085	42.925
2086	45.55
2087	45.388
2088	43.638
2089	44.775
2090	43.262
2091	45.162
2092	44.562
2093	43.812
2094	44.175
2095	44.875
2096	44.25
2097	44.625
2098	45.712
2099	44.362
2100	43.425
2101	44.062
2102	43.825
2103	44.075
2104	43.862
2105	43.375
2106	44.112
2107	43.312
2108	44.338
2109	43.012
2110	43.512
2111	43.875
2112	43.625
2113	43.038
2114	44.412
2115	44.475
2116	43.438
2117	43.425
2118	43.012
2119	44.362
2120	44.05
2121	43.425
2122	43.088
2123	44.425
2124	44.225
2125	44.125
2126	42.575
2127	43.7
2128	43.35
2129	42.762
2130	42.9
2131	43.862
2132	42.9
2133	43.438
2134	44.612
2135	44.062
2136	44.212
2137	42.588
2138	43.725
2139	42.975
2140	43.288
2141	44.2
2142	43.138
2143	43.55
2144	43.438
2145	42.65
2146	43.025
2147	43.212
2148	42.7
2149	43.362
2150	43.975
2151	43.662
2152	43.8
2153	43.875
2154	44.638
2155	43.275
2156	42.538
2157	42.7
2158	42.812
2159	44.825
2160	43.025
2161	43.425
2162	43.138
2163	44.25
2164	43.9
2165	43.388
2166	43.462
2167	42.825
2168	43.088
2169	43.75
2170	43.362
2171	42.475
2172	43.288
2173	42.462
2174	43.775
2175	43.438
2176	43.488
2177	42.888
2178	43.312
2179	43.5
2180	44.025
2181	43.725
2182	43.562
2183	44.375
2184	43.425
2185	43.75
2186	42.675
2187	43.338
2188	43.575
2189	43.675
2190	43.975
2191	43.675
2192	43.15
2193	43.988
2194	43.238
2195	43.838
2196	43.588
2197	43.375
2198	43.912
2199	42.8
2200	42.7
2201	43.612
2202	44.138
2203	46.588
2204	46.862
2205	48.612
2206	47.925
2207	48.7
2208	49.638
2209	48.312
2210	49.15
2211	49.45
2212	48.625
2213	47.888
2214	47.925
2215	48.65
2216	45.838
2217	47.138
2218	47.488
2219	47.275
2220	47.375
2221	45.825
2222	46.125
2223	46.075
2224	46.488
2225	44.312
2226	45.938
2227	46.212
2228	45.8
2229	45.662
2230	44.412
2231	44.712
2232	44.188
2233	44.538
2234	44.038
2235	45.425
2236	44.188
2237	44.538
2238	43.975
2239	44.262
2240	44.462
2241	43.5
2242	44.475
2243	44.338
2244	43.962
2245	43.975
2246	44.1
2247	43.975
2248	44.625
2249	44.9
2250	43.4
2251	43.325
2252	43.838
2253	43.8
2254	42.95
2255	43.275
2256	43.412
2257	42.262
2258	43.338
2259	42.888
2260	43.138
2261	43.788
2262	44.138
2263	42.762
2264	43.125
2265	43.038
2266	44.2
2267	44.475
2268	43.3
2269	43.138
2270	43.05
2271	43.612
2272	42.638
2273	42.525
2274	42.975
2275	43.362
2276	44.162
2277	43.262
2278	43.45
2279	43.362
2280	43.738
2281	43.012
2282	43.688
2283	44.912
2284	43.588
2285	43.112
2286	43.7
2287	43.35
2288	43.4
2289	42.85
2290	43.475
2291	44.2
2292	44.25
2293	43.262
2294	43.188
2295	44.338
2296	44.238
2297	43
2298	43.412
2299	44.088
2300	43.675
2301	42.488
2302	44.312
2303	43.775
2304	43.5
2305	43.688
2306	42.55
2307	44.35
2308	42.525
2309	41.838
2310	43.775
2311	43.488
2312	43.238
2313	42.962
2314	42.75
2315	42.4
2316	42.562
2317	43.038
2318	43.712
2319	43.512
2320	43.612
2321	42.725
2322	43.388
2323	43.738
2324	44.1
2325	43.925
2326	44.125
2327	42.938
2328	43.112
2329	43.6
2330	43.825
2331	43.5
2332	43.938
2333	43.375
2334	42.925
2335	43.325
2336	42.675
2337	42.175
2338	42.9
2339	43.2
2340	43.412
2341	42.85
2342	42.85
2343	42.712
2344	42.8
2345	44.188
2346	43.325
2347	42.475
2348	43.088
2349	43.312
2350	42.775
2351	43.225
2352	43.8
2353	43.362
2354	44.212
2355	42.862
2356	43.775
2357	42.988
2358	42.45
2359	44.1
2360	42.625
2361	44.125
2362	45.588
2363	47.35
2364	48.538
2365	47.162
2366	50
2367	49.512
2368	49.275
2369	49.025
2370	47.688
2371	47.65
2372	47.938
2373	46.588
2374	48.238
2375	48.762
2376	47.362
2377	48.55
2378	47.675
2379	46.375
2380	45.862
2381	46.838
2382	47.112
2383	47.325
2384	46.25
2385	45.988
2386	46.162
2387	46.2
2388	46
2389	45.312
2390	45.525
2391	45.475
2392	44.288
2393	44.55
2394	44.888
2395	45.3
2396	44.125
2397	43.938
2398	45.95
2399	44.975
2400	43.675
2401	43.438
2402	44.925
2403	44.05
2404	44.088
2405	43.562
2406	43.825
2407	45.325
2408	44.125
2409	43.65
2410	44.45
2411	44.612
2412	43.45
2413	44.9
2414	44.438
2415	43.95
2416	43.25
2417	44.825
2418	43.875
2419	43.275
2420	43.638
2421	43.825
2422	43.062
2423	44.688
2424	42.6
2425	43.3
2426	44.025
2427	43.625
2428	42.912
2429	42.55
2430	44.212
2431	43.65
2432	44.4
2433	42.962
2434	43.562
2435	43.35
2436	43.138
2437	44.062
2438	43.738
2439	44.588
2440	44.088
2441	42.175
2442	42.1
2443	43.162
2444	43.025
2445	43.225
2446	42.338
2447	43.4
2448	42.3
2449	42.188
2450	42.925
2451	43.388
2452	42.888
2453	43.762
2454	43.262
2455	42.888
2456	43.188
2457	42.8
2458	42.875
2459	42.912
2460	43
2461	43.925
2462	43.3
2463	43.85
2464	42.612
2465	42.312
2466	42.588
2467	42.838
2468	43.088
2469	43.188
2470	42.7
2471	43.262
2472	43.775
2473	41.562
2474	43.088
2475	43.062
2476	43.312
2477	42.975
2478	42.662
2479	42.475
2480	43.212
2481	43.188
2482	42.75
2483	42.3
2484	43.475
2485	42.138
2486	43.125
2487	43.112
2488	43.85
2489	43.05
2490	42.362
2491	41.362
2492	44.138
2493	43.088
2494	43.038
2495	43.112
2496	42.925
2497	43.675
2498	42.05
2499	43.312
2500	43.65
2501	42.562
2502	42.488
2503	44.212
2504	42.625
2505	43.438
2506	43.238
2507	43.388
2508	43.25
2509	43.088
2510	43.012
2511	44.15
2512	42.75
2513	42.662
2514	41.975
2515	42.088
2516	42.6
2517	42.388
2518	43.062
2519	43.262
2520	44.612
2521	45.75
2522	46.838
2523	48.188
2524	47.838
2525	48.288
2526	48.7
2527	48.388
2528	48.075
2529	47.912
2530	46.712
2531	47.238
2532	46.625
2533	46.7
2534	46.6
2535	45.388
2536	45.3
2537	45.325
2538	44.4
2539	45.75
2540	45.1
2541	45.8
2542	44.525
2543	44.888
2544	44.438
2545	44.012
2546	44.825
2547	44
2548	43.875
2549	43.562
2550	45.488
2551	44.8
2552	43.312
2553	42.2
2554	43.15
2555	43.175
2556	43.4
2557	43.312
2558	42.85
2559	43.075
2560	43.862
2561	44.138
2562	43.725
2563	43.738
2564	42.875
2565	42.962
2566	43.312
2567	43.438
2568	43.688
2569	42.925
2570	43.288
2571	44.738
2572	43.612
2573	44.412
2574	43.3
2575	43.712
2576	43.2
2577	43.288
2578	42.912
2579	43.525
2580	42.862
2581	43.525
2582	43.988
2583	43.062
2584	42.412
2585	41.912
2586	43.275
2587	43.238
2588	42.85
2589	42.312
2590	44.525
2591	43.725
2592	42.188
2593	44.4
2594	42.988
2595	42.9
2596	42.038
2597	42.575
2598	43.438
2599	43.312
2600	43.725
2601	42.412
2602	43.238
2603	43.325
2604	42.438
2605	43.625
2606	43.9
2607	42.812
2608	42.725
2609	43.888
2610	43.288
2611	42.8
2612	43.312
2613	43.5
2614	43.525
2615	43.788
2616	43.262
2617	43.275
2618	42.225
2619	42.762
2620	42.088
2621	42.088
2622	42.462
2623	42.625
2624	41.525
2625	43.312
2626	41.412
2627	42.2
2628	41.362
2629	43.8
2630	43.012
2631	43.225
2632	42.525
2633	43.325
2634	43.025
2635	42.988
2636	43.575
2637	43.862
2638	43.438
2639	43.038
2640	42.162
2641	42.1
2642	42.912
2643	43.425
2644	43.1
2645	43.725
2646	43.375
2647	42.662
2648	42.325
2649	42.475
2650	43.438
2651	45.975
2652	45.862
2653	47.1
2654	48.275
2655	49.188
2656	48.375
2657	48.4
2658	48.675
2659	49.3
2660	48.088
2661	47.112
2662	47.125
2663	46.638
2664	46.05
2665	45.5
2666	45.725
2667	46.5
2668	45.975
2669	45.338
2670	44.75
2671	44.862
2672	44.7
2673	45.388
2674	45.475
2675	44.7
2676	44.988
2677	44.9
2678	43.8
2679	45.4
2680	46.612
2681	46.575
2682	49.112
2683	48.262
2684	49.062
2685	48.35
2686	48.25
2687	48.262
2688	47.175
2689	46.312
2690	45.312
2691	46.825
2692	45.55
2693	44.825
2694	45.588
2695	44.562
2696	45.05
2697	44.525
2698	44.8
2699	44.6
2700	44.588
2701	43.35
2702	45.15
2703	44.938
2704	44.175
2705	44.025
2706	44.612
2707	44.35
2708	44.55
2709	44.175
2710	43.625
2711	44.762
2712	44.15
2713	44.188
2714	44.3
2715	44.762
2716	43.4
2717	43.625
2718	44.1
2719	44.1
2720	43.275
2721	43.362
2722	43.675
2723	43.575
2724	42.575
2725	42.875
2726	44.038
2727	44.188
2728	43.188
2729	43.888
2730	42.888
2731	43.162
2732	42.688
2733	42.6
2734	43.1
2735	44.1
2736	43.638
2737	44.075
2738	43.738
2739	43.425
2740	42.125
2741	43.538
2742	42.112
2743	42.65
2744	43.088
2745	43.412
2746	42.762
2747	43.588
2748	43.3
2749	42.162
2750	42.775
2751	44.062
2752	43.275
2753	42.188
2754	42.412
2755	43.125
2756	43.562
2757	42.375
2758	42.012
2759	42.95
2760	42.588
2761	43.438
2762	43
2763	42.888
2764	41.65
2765	42.225
2766	43.4
2767	43.512
2768	42.725
2769	42.638
2770	42.688
2771	43.062
2772	41.838
2773	41.762
2774	42.475
2775	43.012
2776	41.375
2777	42.725
2778	42.262
2779	43.675
2780	42.562
2781	42.212
2782	43.3
2783	42.938
2784	42.862
2785	43.312
2786	42.612
2787	43.012
2788	42.412
2789	43.05
2790	44.212
2791	42.375
2792	42.9
2793	42.4
2794	42.462
2795	43.525
2796	43.075
2797	41.525
2798	42.962
2799	44.15
2800	41.625
2801	42.65
2802	43.075
2803	42.488
2804	43.312
2805	42.5
2806	45.812
2807	46.8
2808	47.625
2809	47.438
2810	48.325
2811	48.95
2812	47.275
2813	46.638
2814	47.588
2815	47.038
2816	45.175
2817	46
2818	45.388
2819	44.075
2820	45.25
2821	44.438
2822	45.638
2823	44.5
2824	44.862
2825	44.588
2826	43.412
2827	44.25
2828	44.362
2829	42.9
2830	44.388
2831	44.4
2832	45.438
2833	44.138
2834	44.512
2835	43.325
2836	42.975
2837	44.025
2838	46.525
2839	46.838
2840	47.462
2841	49.075
2842	46.738
2843	48.588
2844	48.775
2845	48.138
2846	47.05
2847	46.262
2848	46.838
2849	46.6
2850	46.488
2851	45.738
2852	45.375
2853	45.175
2854	45.725
2855	44.712
2856	44.262
2857	43.3
2858	45.238
2859	45.138
2860	44.525
2861	44.938
2862	44.35
2863	44.2
2864	44.375
2865	43.325
2866	43.55
2867	43.775
2868	43.862
2869	42.212
2870	44.188
2871	43.962
2872	43.388
2873	44.225
2874	43.975
2875	44.275
2876	43.812
2877	43.25
2878	43.325
2879	44.038
2880	42.975
2881	42.738
2882	42.8
2883	43.15
2884	43.325
2885	44.338
2886	43.525
2887	43.662
2888	44.15
2889	42.662
2890	43.112
2891	44
2892	43.688
2893	43.288
2894	44.412
2895	43.375
2896	42.4
2897	43.8
2898	44.012
2899	42.325
2900	42.625
2901	42.45
2902	42.525
2903	42.412
2904	42.5
2905	43.7
2906	43.125
2907	42.925
2908	43.088
2909	43.925
2910	42.562
2911	43.325
2912	43.25
2913	42.638
2914	43.25
2915	41.5
2916	41.912
2917	42.325
2918	42.35
2919	44.175
2920	42.925
2921	42.525
2922	42.25
2923	43.862
2924	42.938
2925	43.388
2926	42.812
2927	43.488
2928	42.962
2929	41.588
2930	42.588
2931	42.975
2932	42.75
2933	43.438
2934	41.375
2935	42.888
2936	42.112
2937	42.688
2938	43.275
2939	42.462
2940	43.45
2941	42.7
2942	43.25
2943	43.45
2944	42.85
2945	43.325
2946	43.262
2947	41.912
2948	42.438
2949	41.638
2950	42.562
2951	41.875
2952	42.838
2953	42.625
2954	41.938
2955	41.875
2956	42.925
2957	41.7
2958	42.85
2959	43.038
2960	43.375
2961	41.662
2962	41.725
2963	42.738
2964	42.288
2965	42.675
2966	42.35
2967	42.6
2968	42.825
2969	42.925
2970	42.8
2971	42.138
2972	42.612
2973	41.738
2974	42.85
2975	41.712
2976	42.775
2977	42.462
2978	43.025
2979	42.812
2980	41.75
2981	41.962
2982	42.7
2983	43.762
2984	42.2
2985	41.3
2986	42.075
2987	43.05
2988	42.225
2989	41.812
2990	42.325
2991	41.325
2992	42.1
2993	43.062
2994	42.262
2995	43.2
2996	42.688
2997	44.312
2998	46.588
2999	48.188
3000	46.812
3001	47.875
3002	48.6
3003	47.725
3004	48.2
3005	48.188
3006	47.15
3007	47.1
3008	46.6
3009	45.812
3010	46.775
3011	45.812
3012	45.6
3013	46.45
3014	45.4
3015	45.625
3016	44.312
3017	44.25
3018	44.638
3019	44.062
3020	43.925
3021	44.212
3022	43.25
3023	43.85
3024	43.6
3025	43.55
3026	43.838
3027	43.838
3028	43.238
3029	43.65
3030	43.238
3031	43.05
3032	43.1
3033	43.288
3034	42.812
3035	43.012
3036	42.625
3037	43.325
3038	43.762
3039	42.562
3040	43.112
3041	42.788
3042	43.838
3043	42.975
3044	43.612
3045	43.5
3046	43.625
3047	43.488
3048	43
3049	43.638
3050	44.212
3051	43.462
3052	43.662
3053	42.675
3054	41.825
3055	42.412
3056	41.662
3057	42.55
3058	41.575
3059	41.9
3060	43.188
3061	42.5
3062	43.2
3063	42.15
3064	42.425
3065	42.562
3066	42.012
3067	43.375
3068	42.212
3069	43.638
3070	43.075
3071	43.95
3072	41.262
3073	43
3074	41.438
3075	42.462
3076	41.462
3077	43.862
3078	41.362
3079	42.138
3080	42.575
3081	42.175
3082	42.012
3083	42.425
3084	42.488
3085	42.225
3086	43.4
3087	42.65
3088	42.725
3089	41.688
3090	40.925
3091	42.538
3092	41.612
3093	42.412
3094	41.088
3095	43.1
3096	41.438
3097	41.762
3098	42.825
3099	41.875
3100	42.925
3101	41.65
3102	42.325
3103	42.7
3104	42.188
3105	41.938
3106	42.738
3107	42.812
3108	42.425
3109	42.35
3110	42.9
3111	43.175
3112	41.925
3113	42.9
3114	41.3
3115	42.15
3116	41.775
3117	42.312
3118	42.038
3119	42.7
3120	42.388
3121	42.6
3122	42.988
3123	41.712
3124	41.95
3125	42.762
3126	42.062
3127	42.288
3128	42.025
3129	42.1
3130	42.025
3131	41.412
3132	41.825
3133	42.912
3134	41.838
3135	42.3
3136	42.188
3137	42.138
3138	42.238
3139	42.875
3140	42.812
3141	42.15
3142	41.175
3143	43.288
3144	42.412
3145	42.662
3146	42.638
3147	42.575
3148	42.7
3149	42.438
3150	42.688
3151	42.55
3152	42.425
3153	40.925
3154	41.738
3155	43.6
3156	45.738
3157	45.975
3158	48.688
3159	47.588
3160	48.175
3161	47.175
3162	46.85
3163	47.175
3164	47.238
3165	46.275
3166	46.912
3167	45.862
3168	46.262
3169	45.188
3170	45.4
3171	45.712
3172	43.812
3173	45.325
3174	43.762
3175	44.65
3176	45.112
3177	45.1
3178	43.25
3179	43.35
3180	43.262
3181	43.675
3182	43.9
3183	42.412
3184	43.725
3185	44.338
3186	44.088
3187	43.612
3188	43.538
3189	41.588
3190	43.262
3191	43.025
3192	42.238
3193	42.775
3194	42.538
3195	42.212
3196	42.025
3197	43.238
3198	43.05
3199	42.662
3200	42.525
3201	43.65
3202	42.325
3203	42.85
3204	43.175
3205	43.05
3206	42.612
3207	42.988
3208	43.712
3209	42.725
3210	41.962
3211	42.612
3212	40.612
3213	41.662
3214	43.025
3215	42.838
3216	41.3
3217	41.288
3218	42.762
3219	41.088
3220	41.188
3221	40.838
3222	42.65
3223	42.538
3224	43.3
3225	43.012
3226	42.338
3227	42.325
3228	42.65
3229	42.1
3230	42.038
3231	42.388
3232	41.488
3233	42.525
3234	41.862
3235	41.55
3236	42.925
3237	42.112
3238	42.625
3239	42.05
3240	42.725
3241	41.188
3242	41.662
3243	41.8
3244	41.988
3245	42.662
3246	42.412
3247	42.975
3248	41.812
3249	41.875
3250	41.762
3251	42.775
3252	41.712
3253	41.575
3254	42.575
3255	42.512
3256	41.6
3257	41.15
3258	42.375
3259	42.8
3260	41.375
3261	43.038
3262	41.775
3263	43.412
3264	42.438
3265	42.262
3266	42.75
3267	42.838
3268	42.825
3269	42.15
3270	42.1
3271	41.825
3272	41.562
3273	43.65
3274	42.125
3275	42.25
3276	42.412
3277	41.35
3278	41.262
3279	42.288
3280	41.862
3281	41.775
3282	43.15
3283	42.45
3284	42.638
3285	43.125
3286	43.112
3287	41.838
3288	42.988
3289	42.888
3290	41.8
3291	41.55
3292	41.962
3293	42.875
3294	42.362
3295	41.325
3296	42.662
3297	41.675
3298	42.075
3299	42.088
3300	42.412
3301	42.475
3302	42.625
3303	42.888
3304	42.075
3305	42.375
3306	42.638
3307	42.4
3308	42.025
3309	42.1
3310	42.512
3311	42.75
3312	42.012
3313	42.375
3314	44.025
3315	43.375
3316	46.712
3317	46.275
3318	47.088
3319	46.688
3320	47.388
3321	46.862
3322	46.338
3323	45.938
3324	46.9
3325	46.775
3326	45.388
3327	44.238
3328	44.2
3329	46.288
3330	44.175
3331	45.362
3332	44.45
3333	43.525
3334	43.688
3335	42.925
3336	43.962
3337	44.1
3338	43.612
3339	43.912
3340	42.738
3341	43.638
3342	43.2
3343	43.65
3344	42.4
3345	43.275
3346	43.625
3347	43.05
3348	42.6
3349	42.65
3350	41.4
3351	42.988
3352	42.012
3353	42.025
3354	42.125
3355	43.375
3356	41.825
3357	44.288
3358	42.6
3359	43.05
3360	42.938
3361	42.425
3362	43.15
3363	42.338
3364	42.325
3365	42.225
3366	42.688
3367	41.938
3368	42.225
3369	42.2
3370	42.038
3371	43.112
3372	42.088
3373	40.7
3374	41.875
3375	42.312
3376	42.25
3377	41.838
3378	41.538
3379	42.425
3380	42.275
3381	42.612
3382	42.562
3383	42.462
3384	42.075
3385	41.762
3386	42
3387	42.475
3388	42.662
3389	42.125
3390	42.05
3391	42.1
3392	43.025
3393	41.838
3394	41.188
3395	42.275
3396	42.425
3397	41.95
3398	42.125
3399	41.288
3400	42.338
3401	42.512
3402	42.2
3403	41.075
3404	42.35
3405	40.812
3406	41.138
3407	42.012
3408	41.45
3409	42.338
3410	42.112
3411	42.775
3412	42.388
3413	40.575
3414	40.662
3415	41.875
3416	41.375
3417	41.55
3418	41.625
3419	42.388
3420	41.975
3421	41.475
3422	41.925
3423	41.162
3424	42.012
3425	41.438
3426	41.25
3427	41.988
3428	42.1
3429	42.162
3430	43.525
3431	41.338
3432	41.662
3433	42.338
3434	44.05
3435	43.388
3436	45.462
3437	45.862
3438	46.8
3439	46.775
3440	46.988
3441	47.062
3442	46.7
3443	47.162
3444	47.862
3445	45.85
3446	45.588
3447	46.325
3448	45.8
3449	46.288
3450	45.475
3451	45.5
3452	45.212
3453	44.975
3454	44.688
3455	44.25
3456	43.888
3457	43.825
3458	44.25
3459	43.825
3460	42.825
3461	43.625
3462	44
3463	43.512
3464	43.938
3465	43.238
3466	43.188
3467	43.275
3468	43.1
3469	42.912
3470	43.062
3471	43.288
3472	41.588
3473	44.125
3474	44.8
3475	47.112
3476	46.575
3477	46.55
3478	47.562
3479	46.75
3480	46.888
3481	44.662
3482	45.475
3483	45.225
3484	45.688
3485	45.188
3486	45.912
3487	44.712
3488	44.488
3489	44.175
3490	43.925
3491	43.75
3492	43.5
3493	44.35
3494	43.888
3495	44.138
3496	43.012
3497	43.125
3498	43.15
3499	42.625
3500	43.588
3501	43.212
3502	43.038
3503	43.012
3504	43.925
3505	43.288
3506	41.938
3507	42.688
3508	43.462
3509	43.262
3510	43.612
3511	42.15
3512	42.975
3513	43.3
3514	43.062
3515	42.762
3516	42.062
3517	42.712
3518	42.962
3519	43.112
3520	42.8
3521	41.888
3522	42.775
3523	43.288
3524	42.388
3525	42.925
3526	42.475
3527	42.462
3528	42.875
3529	41.125
3530	40.9
3531	42.45
3532	42.412
3533	41.95
3534	42
3535	42.412
3536	42.838
3537	41.35
3538	42.125
3539	42.5
3540	42.525
3541	42.725
3542	42.438
3543	42.625
3544	42.888
3545	42.075
3546	42.638
3547	42.238
3548	42.225
3549	41.738
3550	42.812
3551	43.4
3552	42.612
3553	41.775
3554	42.112
3555	42.725
3556	42.562
3557	42.55
3558	41.95
3559	42.05
3560	41.288
3561	42.162
3562	42.262
3563	41.362
3564	41.875
3565	41.5
3566	41.475
3567	42.162
3568	41.738
3569	42.35
3570	42.025
3571	41.45
3572	42.675
3573	42.638
3574	42.138
3575	42.188
3576	42.638
3577	41.912
3578	42.175
3579	42.688
3580	42.375
3581	41.225
3582	41.15
3583	41.65
3584	41.612
3585	41.825
3586	43.162
3587	42.088
3588	42.325
3589	41.7
3590	42.612
3591	41.638
3592	41.875
3593	42.1
3594	41.562
3595	42.8
3596	43.512
3597	42.412
3598	41.85
3599	41.838
3600	41.325
3601	42.612
3602	42.3
3603	42.538
3604	43.375
3605	45.012
3606	45.112
3607	45.85
3608	47.262
3609	45.325
3610	46.975
3611	46.325
3612	47.125
3613	46.538
3614	45.525
3615	46.15
3616	45.538
3617	45.288
3618	45.212
3619	44.675
3620	43.912
3621	44.012
3622	44.062
3623	43.862
3624	43.262
3625	42.288
3626	43.275
3627	43.275
3628	43.338
3629	42.312
3630	43.212
3631	43.3
3632	43.988
3633	45.05
3634	47.362
3635	47.575
3636	47.15
3637	47.45
3638	46.775
3639	46.438
3640	45.4
3641	44.888
3642	45.45
3643	45.375
3644	45.562
3645	44.762
3646	44.012
3647	42.7
3648	44.025
3649	44.075
3650	44.562
3651	45.138
3652	43.65
3653	44.312
3654	43.938
3655	43.862
3656	43.175
3657	43.025
3658	43.975
3659	42.938
3660	41.862
3661	43
3662	42.775
3663	41.925
3664	41.238
3665	43.775
3666	41.825
3667	41.662
3668	41.988
3669	41.462
3670	44.338
3671	41.288
3672	41.888
3673	42.838
3674	41.612
3675	42.05
3676	42.538
3677	42.375
3678	42.725
3679	42.162
3680	42.575
3681	41.488
3682	42.975
3683	41.775
3684	42.888
3685	41.775
3686	42.325
3687	42.212
3688	41.375
3689	40.975
3690	41.95
3691	42
3692	41.65
3693	41.462
3694	42.138
3695	41.475
3696	41.45
3697	41.512
3698	42.525
3699	41.438
3700	40.075
3701	41.4
3702	41.612
3703	41.175
3704	41.788
3705	42.012
3706	41.338
3707	40.738
3708	42.362
3709	41.438
3710	41.425
3711	42.15
3712	42.238
3713	41.85
3714	40.612
3715	41.375
3716	42.388
3717	41.95
3718	41.275
3719	41.4
3720	42.538
3721	42.112
3722	42.262
3723	42.325
3724	41.738
3725	41.688
3726	41.612
3727	40.912
3728	41.5
3729	42.812
3730	41.925
3731	42.075
3732	41.888
3733	42.15
3734	41.725
3735	40.4
3736	42.138
3737	41.5
3738	40.638
3739	41.05
3740	42.375
3741	41.412
3742	41.788
3743	41.788
3744	41.888
3745	41.575
3746	41.538
3747	40.025
3748	41.45
3749	41.8
3750	41.45
3751	42.712
3752	42.2
3753	41.7
3754	41.325
3755	41.2
3756	41.338
3757	41.975
3758	43.475
3759	42.875
3760	42.025
3761	41.138
3762	40.188
3763	41.85
3764	41.962
3765	41.175
3766	40.862
3767	40.775
3768	41.062
3769	41.05
3770	40.638
3771	42.312
3772	41.8
3773	41.838
3774	41.05
3775	41.625
3776	40.962
3777	41.788
3778	42.05
3779	41.612
3780	42.688
3781	41.788
3782	42.288
3783	42.85
3784	42.925
3785	41.988
3786	41.562
3787	41.938
3788	41.862
3789	41.925
3790	41.812
3791	44.112
3792	44.138
3793	45.388
3794	44.938
3795	46.362
3796	47.25
3797	46.5
3798	45.538
3799	46.15
3800	44.95
3801	45.85
3802	45.212
3803	45.475
3804	45.112
3805	43.9
3806	45.275
3807	42.875
3808	43.6
3809	44.2
3810	43.512
3811	44
3812	43.7
3813	41.962
3814	42.912
3815	42.738
3816	43.362
3817	42.488
3818	42.875
3819	43.125
3820	43.275
3821	42.15
3822	43.6
3823	42.138
3824	42.125
3825	42.15
3826	42.2
3827	42.288
3828	41.675
3829	41.7
3830	41.15
3831	40.812
3832	42.012
3833	41.688
3834	42.562
3835	41.875
3836	41.8
3837	42.112
3838	42.575
3839	42.588
3840	41.538
3841	41.4
3842	41.575
3843	41.325
3844	42.875
3845	43.262
3846	41.738
3847	43.05
3848	41.188
3849	41.025
3850	42.188
3851	41.688
3852	42.3
3853	40.525
3854	42.3
3855	42.275
3856	42.512
3857	41.3
3858	41.562
3859	41.838
3860	42.15
3861	42.188
3862	42.438
3863	42.425
3864	41.412
3865	41.438
3866	42.15
3867	41.775
3868	40.65
3869	42.775
3870	42.612
3871	42.25
3872	40.975
3873	40.725
3874	41.188
3875	40.738
3876	42.225
3877	42.075
3878	42.362
3879	41.312
3880	40.975
3881	40.538
3882	41.938
3883	41.662
3884	40.725
3885	41.25
3886	41.638
3887	42.088
3888	41.675
3889	41.062
3890	41.588
3891	41.625
3892	40.35
3893	40.575
3894	41
3895	41.162
3896	41.012
3897	40.45
3898	41.975
3899	41.812
3900	41.438
3901	40.55
3902	41.162
3903	40.262
3904	41.175
3905	41.35
3906	40.85
3907	41.212
3908	41.775
3909	40.9
3910	41.875
3911	41.275
3912	41
3913	40.625
3914	42.825
3915	42.4
3916	40.962
3917	41.15
3918	41.175
3919	42.1
3920	41.488
3921	41.438
3922	41.862
3923	42.125
3924	40.725
3925	40.55
3926	42.725
3927	41.2
3928	41.025
3929	41.138
3930	41.612
3931	40.625
3932	41.162
3933	40.125
3934	41.275
3935	41.925
3936	41.562
3937	41.2
3938	41.438
3939	41.762
3940	41.412
3941	41.25
3942	41.412
3943	42.438
3944	43
3945	44.912
3946	45.6
3947	46.088
3948	45.675
3949	46.375
3950	45.512
3951	46.05
3952	45.412
3953	45.538
3954	45.575
3955	45.288
3956	45.15
3957	45.612
3958	44.612
3959	44.662
3960	45.125
3961	44.438
3962	43.775
3963	43.412
3964	44.188
3965	43.725
3966	43.112
3967	44.35
3968	43.725
3969	43
3970	42.638
3971	43.412
3972	42.062
3973	43.85
3974	43.2
3975	43.55
3976	42.625
3977	41.112
3978	42.275
3979	42.862
3980	42.638
3981	41.2
3982	42.05
3983	41.825
3984	41.85
3985	42.6
3986	41.788
3987	42.488
3988	41.912
3989	42
3990	41.662
3991	42.925
3992	41.962
3993	42.238
3994	42.162
3995	42.65
3996	42.388
3997	42.038
3998	42.675
3999	42.2
4000	42.212
4001	41.6
4002	42.238
4003	41.725
4004	41.738
4005	42.425
4006	41.125
4007	41.562
4008	40.8
4009	41.562
4010	41.5
4011	41.412
4012	41.812
4013	41.738
4014	40.875
4015	42.288
4016	42.012
4017	42.362
4018	41.562
4019	41.275
4020	42.162
4021	40.4
4022	42.388
4023	41.55
4024	42.838
4025	41.038
4026	41.238
4027	41.812
4028	41.262
4029	40.988
4030	41.475
4031	42.275
4032	41.525
4033	40.9
4034	42.35
4035	41.538
4036	41.638
4037	42.162
4038	42.288
4039	41.75
4040	42.3
4041	41.425
4042	41.6
4043	41.825
4044	41.125
4045	42.338
4046	41.962
4047	41.55
4048	40.988
4049	40.988
4050	41.538
4051	40.512
4052	41.888
4053	41.962
4054	41.788
4055	42.475
4056	42.038
4057	41.1
4058	40.425
4059	41.225
4060	40.788
4061	41.525
4062	42.15
4063	40.988
4064	41.862
4065	41.15
4066	40.962
4067	40.812
4068	39.925
4069	41.212
4070	41.562
4071	41.538
4072	41.362
4073	40.562
4074	41.362
4075	40.712
4076	41.3
4077	41.325
4078	42.1
4079	41.5
4080	42.938
4081	44.375
4082	44.375
4083	45.538
4084	44.975
4085	45.025
4086	46.325
4087	44.838
4088	44.325
4089	45.112
4090	44.625
4091	45.088
4092	43.2
4093	44.2
4094	43.812
4095	44.225
4096	42.888
4097	43.425
4098	43.8
4099	43.638
4100	42.888
4101	41.488
4102	42.925
4103	42.75
4104	43.188
4105	42.538
4106	42.425
4107	42.088
4108	43.662
4109	44.35
4110	45.425
4111	44.712
4112	44.888
4113	45.638
4114	44.462
4115	45.688
4116	45.638
4117	44.225
4118	44.325
4119	43.95
4120	44.488
4121	43.288
4122	43.512
4123	42.012
4124	42.45
4125	42.838
4126	42.638
4127	43.15
4128	41.85
4129	41.862
4130	42.638
4131	41.562
4132	42.8
4133	41.25
4134	41.375
4135	42.388
4136	42.275
4137	41.812
4138	41.988
4139	41.912
4140	42.038
4141	40.875
4142	42.175
4143	42.05
4144	41.512
4145	41.45
4146	41.175
4147	41.238
4148	41.95
4149	42.038
4150	41.025
4151	41.3
4152	43.662
4153	41.8
4154	41.062
4155	40.912
4156	41.288
4157	41.338
4158	42.438
4159	41.662
4160	41.738
4161	40.738
4162	41.288
4163	41.35
4164	41.275
4165	41.175
4166	41.738
4167	41.588
4168	41.4
4169	41.088
4170	42.075
4171	42.375
4172	41.55
4173	41.225
4174	41.238
4175	41.038
4176	41.738
4177	41.05
4178	40.962
4179	41.688
4180	41.95
4181	41.388
4182	42.05
4183	40.95
4184	41.525
4185	42.275
4186	40.425
4187	41.338
4188	40.638
4189	40.812
4190	40.9
4191	40.875
4192	41.738
4193	41.2
4194	41.025
4195	41.062
4196	40.638
4197	40.638
4198	41.412
4199	40.738
4200	41.2
4201	40.712
4202	42
4203	41.938
4204	40.975
4205	41.662
4206	40.825
4207	41.15
4208	41.95
4209	41.238
4210	40.938
4211	42
4212	41.388
4213	39.95
4214	41.625
4215	41.75
4216	41.8
4217	41.088
4218	40.962
4219	41.375
4220	40.625
4221	41.9
4222	40.862
4223	42.075
4224	40.75
4225	41.4
4226	40.588
4227	41.962
4228	40.412
4229	41.162
4230	41.112
4231	42.675
4232	39.912
4233	40.45
4234	40.8
4235	41.325
4236	41.038
4237	41.338
4238	41.412
4239	41.312
4240	41.825
4241	42.462
4242	41.7
4243	40.612
4244	41.85
4245	41.238
4246	41.2
4247	41.85
4248	41.562
4249	40.962
4250	40.25
4251	41.175
4252	40.65
4253	41.438
4254	41.85
4255	42.35
4256	43.525
4257	42.85
4258	45.15
4259	45.288
4260	45.762
4261	45.25
4262	44.975
4263	44.638
4264	45.138
4265	45.538
4266	43.975
4267	44.175
4268	44.362
4269	44.212
4270	43.975
4271	44.162
4272	43.838
4273	44.25
4274	43.238
4275	42.775
4276	43.862
4277	42.238
4278	42.45
4279	43.462
4280	43.412
4281	42.3
4282	42.188
4283	43.375
4284	43.738
4285	41.9
4286	43.6
4287	40.975
4288	42.1
4289	42.275
4290	42.35
4291	42.65
4292	42.238
4293	40.85
4294	42.562
4295	42.088
4296	40.9
4297	41.538
4298	40.7
4299	40.525
4300	40.8
4301	40.8
4302	40.975
4303	40.638
4304	40.462
4305	40.35
4306	41.7
4307	40.362
4308	41.125
4309	41.162
4310	40.875
4311	42.388
4312	41.85
4313	41.075
4314	40.525
4315	40.875
4316	41.012
4317	41.075
4318	41.112
4319	41.25
4320	41.525
4321	41.2
4322	41.788
4323	40.388
4324	41.325
4325	41.475
4326	40.6
4327	41.175
4328	40.975
4329	40.125
4330	41.225
4331	41.012
4332	40.975
4333	42.025
4334	42.325
4335	41.162
4336	41.788
4337	40.038
4338	42.162
4339	41.45
4340	40.925
4341	41.238
4342	40.875
4343	41.425
4344	40.388
4345	41.862
4346	40.288
4347	41.35
4348	40.2
4349	40.55
4350	41.725
4351	40.95
4352	40.875
4353	40.512
4354	39.562
4355	39.9
4356	40.312
4357	40.738
4358	40.775
4359	41.125
4360	40.788
4361	40.812
4362	40.3
4363	40.35
4364	41.488
4365	39.512
4366	41.85
4367	41.7
4368	39.6
4369	40.775
4370	40.662
4371	39.725
4372	41.212
4373	40.188
4374	41.388
4375	40.988
4376	40.775
4377	41.075
4378	41.475
4379	41.812
4380	40.812
4381	40.325
4382	40.225
4383	41.962
4384	40.388
4385	40.4
4386	40.375
4387	39.55
4388	40.312
4389	41.25
4390	41.225
4391	40.412
4392	40.75
4393	41.575
4394	39.912
4395	41
4396	41.35
4397	41.525
4398	41.2
4399	40.688
4400	40.9
4401	40.838
4402	40.688
4403	41.05
4404	41.225
4405	41.75
4406	41.812
4407	41.588
4408	41.562
4409	40.362
4410	40.375
4411	40.275
4412	41.4
4413	40.275
4414	40.938
4415	40.838
4416	40.975
4417	40.712
4418	40.162
4419	41.8
4420	41
4421	40.838
4422	41.412
4423	40.788
4424	40.538
4425	40.188
4426	41.025
4427	43.512
4428	43.575
4429	43.312
4430	43.538
4431	45.075
4432	42.862
4433	44.712
4434	44.412
4435	44.6
4436	44.425
4437	44.125
4438	43.125
4439	43.3
4440	41.862
4441	43.225
4442	42.875
4443	43.125
4444	42.888
4445	43.2
4446	42.4
4447	42.8
4448	41.888
4449	42.012
4450	41.738
4451	42.738
4452	41.362
4453	41.575
4454	42.062
4455	41.475
4456	41.038
4457	40.35
4458	41.225
4459	41.3
4460	40.7
4461	40.8
4462	40.938
4463	40.45
4464	41.95
4465	40.938
4466	41.6
4467	41.838
4468	41.575
4469	41.162
4470	40.838
4471	41.1
4472	41.125
4473	40.938
4474	40
4475	40.1
4476	40.975
4477	41.162
4478	40.7
4479	41.175
4480	40.625
4481	39.912
4482	41.375
4483	41.138
4484	40.338
4485	39.338
4486	40.038
4487	40.538
4488	40.1
4489	40.9
4490	41.588
4491	40.288
4492	40.875
4493	39.562
4494	39.525
4495	40.938
4496	40.812
4497	40.588
4498	41.325
4499	40.45
4500	39.012
4501	40.55
4502	40.262
4503	39.575
4504	40.35
4505	39.875
4506	40.925
4507	40.1
4508	40.925
4509	39.962
4510	40.3
4511	41.362
4512	41.2
4513	40.238
4514	40.388
4515	40.575
4516	39.675
4517	40.888
4518	40.238
4519	41.238
4520	40.2
4521	40.188
4522	40.875
4523	40.275
4524	39.838
4525	41.325
4526	39.862
4527	40.9
4528	41.088
4529	40.375
4530	41.112
4531	41.462
4532	39.675
4533	39.562
4534	39.638
4535	40.275
4536	40.675
4537	40.388
4538	40.2
4539	40.938
4540	41
4541	40.2
4542	40.388
4543	41.788
4544	40.475
4545	39.738
4546	40.2
4547	41.15
4548	40.788
4549	39.725
4550	39.275
4551	40.462
4552	40.488
4553	39.588
4554	40.038
4555	40.712
4556	39.7
4557	39.512
4558	41.388
4559	40.55
4560	39.838
4561	41.288
4562	40.75
4563	41.1
4564	40.662
4565	40.762
4566	39.975
4567	41.562
4568	40.275
4569	40.775
4570	40.988
4571	40.6
4572	40.45
4573	41.15
4574	40.075
4575	40.925
4576	40.1
4577	40.412
4578	38.7
4579	40.188
4580	40.188
4581	40.525
4582	38.788
4583	40.112
4584	40.875
4585	41.288
4586	42.788
4587	43.162
4588	43.525
4589	44.838
4590	44.712
4591	44.375
4592	45.05
4593	44.075
4594	44.188
4595	43.8
4596	43.912
4597	42.6
4598	42.912
4599	42
4600	41.45
4601	42.1
4602	41.325
4603	42.15
4604	42.325
4605	41.012
4606	41.55
4607	41.462
4608	42.25
4609	41.475
4610	41.225
4611	41.55
4612	41.225
4613	41.225
4614	42.175
4615	41.612
4616	41.425
4617	41.475
4618	41.788
4619	41.438
4620	42.062
4621	40.325
4622	40.988
4623	40.65
4624	40.638
4625	40.362
4626	41.225
4627	40.938
4628	41.35
4629	40.838
4630	41.812
4631	40.675
4632	40.175
4633	39.962
4634	41.5
4635	42.275
4636	40.962
4637	40.275
4638	40.588
4639	41.55
4640	41.425
4641	41.325
4642	40.4
4643	41.112
4644	41.625
4645	40.975
4646	41.025
4647	41.912
4648	40.912
4649	41.688
4650	41.312
4651	40.812
4652	40.912
4653	40.938
4654	39.975
4655	41.025
4656	40.638
4657	40.6
4658	40.625
4659	41.25
4660	40.838
4661	40.7
4662	40.675
4663	40.45
4664	39.812
4665	40.088
4666	40.5
4667	40.688
4668	41.6
4669	41.575
4670	41.362
4671	40.638
4672	39.725
4673	40.3
4674	41.65
4675	40.775
4676	40.538
4677	38.888
4678	40.625
4679	41.075
4680	39.512
4681	40.125
4682	40.35
4683	39.812
4684	39.562
4685	41.188
4686	40.988
4687	40.712
4688	40.825
4689	40.738
4690	40.6
4691	40.638
4692	41.362
4693	41.05
4694	40.262
4695	39.988
4696	39.938
4697	41.225
4698	40.025
4699	40.538
4700	39.788
4701	39.825
4702	40.65
4703	40.862
4704	41.062
4705	40.05
4706	39.838
4707	39.925
4708	40.962
4709	40.088
4710	41.012
4711	39.912
4712	40.912
4713	40.3
4714	39.875
4715	41.162
4716	40.812
4717	40.888
4718	40.55
4719	39.612
4720	40.275
4721	39.875
4722	39.85
4723	40.162
4724	40.538
4725	39.688
4726	40.15
4727	39.712
4728	40.625
4729	39.55
4730	39.962
4731	40.288
4732	40.075
4733	39.112
4734	40.762
4735	40.712
4736	39.625
4737	40.538
4738	40.3
4739	40.288
4740	39.912
4741	39.625
4742	40.45
4743	39.925
4744	41.525
4745	43.512
4746	43.375
4747	44.338
4748	43.875
4749	44.638
4750	44.612
4751	44.412
4752	44.838
4753	44.562
4754	44.625
4755	43.25
4756	43.125
4757	42.475
4758	43.2
4759	42.612
4760	41.938
4761	41.312
4762	41.262
4763	41.35
4764	41.975
4765	40.125
4766	41.4
4767	40.5
4768	41.312
4769	40.225
4770	40.825
4771	41.15
4772	42.5
4773	41.112
4774	41.088
4775	41.312
4776	40.688
4777	40.325
4778	40.5
4779	41.662
4780	40.75
4781	40.538
4782	39.962
4783	41.4
4784	40.1
4785	41.312
4786	40.525
4787	40.675
