1	58.42
2	58.594
3	58.681
4	59.145
5	59
6	58.246
7	58.913
8	58.667
9	57.42
10	57.957
11	58.565
12	58.638
13	57.855
14	58.826
15	58.13
16	58.507
17	58.87
18	57.841
19	57.942
20	57.928
21	58.594
22	58.29
23	58.13
24	59.725
25	57.826
26	58.246
27	58.507
28	57.739
29	57.391
30	56.478
31	57.71
32	57.203
33	58.29
34	58.507
35	57.072
36	57.797
37	57.812
38	59.696
39	57.667
40	58.217
41	58.725
42	57.884
43	58.319
44	57.754
45	57.638
46	59.232
47	58.058
48	58.942
49	58.261
50	56.899
51	57.826
52	58.652
53	57.246
54	58.449
55	59
56	57.797
57	59.13
58	59.029
59	57.797
60	57.42
61	58.942
62	63.957
63	68.043
64	69.681
65	72.145
66	74.609
67	75.29
68	74.971
69	77.884
70	75.884
71	76.232
72	75.043
73	74.174
74	73.493
75	72.391
76	71.246
77	71.362
78	69.696
79	68.464
80	69.174
81	69.072
82	68.971
83	68.304
84	67.087
85	66.377
86	65.928
87	65.536
88	66.275
89	64.42
90	66.029
91	64.841
92	65.899
93	64.087
94	64.087
95	63.913
96	63.101
97	64.043
98	62.768
99	63.623
100	62.333
101	62.522
102	62.246
103	62.623
104	62.841
105	61.377
106	62.217
107	61.768
108	61.652
109	62.594
110	62.478
111	61.406
112	60.507
113	60.594
114	60.507
115	61.971
116	60.246
117	61.159
118	59.899
119	59.58
120	61.565
121	60.203
122	59.159
123	59.638
124	58.957
125	59.101
126	60.232
127	58.42
128	58.551
129	59.362
130	60.449
131	59.304
132	59.261
133	58.188
134	58.159
135	59.449
136	59.725
137	58.203
138	60.116
139	57.928
140	57.377
141	58.391
142	58.594
143	58.768
144	58.333
145	59.667
146	57.928
147	57.986
148	58.058
149	58.623
150	58.957
151	58.652
152	57.696
153	58.101
154	56.493
155	58.13
156	58.812
157	58.536
158	57.754
159	58.768
160	58.449
161	58.507
162	58.116
163	57.565
164	57.797
165	58
166	59.058
167	56.464
168	58.014
169	57.971
170	58.101
171	57.435
172	57.464
173	58.594
174	57.087
175	57.275
176	58.609
177	57.42
178	57.464
179	58.116
180	58.058
181	57.609
182	57.13
183	57.507
184	57.536
185	57.42
186	57.71
187	58.174
188	57.42
189	58.275
190	58.739
191	58.478
192	58.478
193	58.449
194	58.246
195	58.304
196	59.217
197	58.507
198	58.42
199	58.971
200	57.362
201	56.754
202	58.377
203	56.536
204	57.783
205	56.696
206	56.377
207	56.478
208	59.13
209	61.217
210	65.986
211	67.899
212	70.217
213	72.014
214	73.71
215	74.551
216	76.783
217	74.058
218	75.377
219	75.246
220	74.899
221	73.333
222	74.101
223	71.087
224	71.029
225	70.826
226	69.884
227	68.942
228	69.725
229	69.145
230	67.652
231	67.029
232	67.275
233	64.841
234	66.333
235	67.029
236	65.159
237	65.725
238	65.42
239	63.058
240	64.42
241	63.754
242	64.058
243	64.232
244	63.072
245	64.174
246	62.348
247	62.536
248	63.203
249	62.377
250	60.957
251	62.812
252	62.783
253	61.464
254	61.957
255	61.971
256	61.145
257	61.754
258	62.014
259	61.145
260	61.449
261	59.783
262	59.986
263	61.449
264	59.522
265	58.145
266	59.319
267	61.449
268	59.188
269	60.13
270	59.986
271	60.116
272	59.986
273	59.899
274	60.696
275	59.696
276	59.812
277	60.348
278	60.333
279	59.87
280	61.348
281	59.217
282	58.768
283	59.536
284	59.058
285	59.551
286	59.87
287	58.536
288	59.536
289	58.565
290	59.493
291	58.783
292	58.275
293	59.391
294	58.768
295	58.623
296	60.29
297	59.217
298	58.913
299	59.406
300	58.087
301	58.957
302	59.638
303	58.087
304	57.768
305	59.667
306	58.783
307	58.565
308	57.826
309	57.841
310	57.101
311	58.246
312	57.638
313	59.232
314	58.522
315	57.406
316	57.884
317	57.884
318	58.536
319	59.261
320	58.768
321	56.797
322	57.971
323	57.362
324	58.145
325	57.841
326	57.551
327	57.536
328	58.435
329	57.507
330	57.536
331	58.899
332	59.696
333	58.029
334	57.029
335	59.174
336	58.333
337	58.145
338	57.899
339	59.58
340	58.174
341	58.072
342	58.043
343	57.449
344	57.464
345	58.319
346	57.333
347	57.522
348	58.319
349	57.826
350	61.536
351	64.391
352	69.13
353	70.275
354	72.797
355	74.145
356	74.913
357	73.797
358	74.826
359	75.71
360	75.217
361	74.565
362	73.333
363	73.913
364	72.232
365	70.768
366	71.043
367	69.942
368	69.609
369	68.841
370	69.072
371	68.652
372	68.739
373	66.739
374	67.435
375	67.188
376	67.217
377	65.841
378	66.768
379	64.768
380	65.261
381	65.884
382	64.362
383	65.768
384	65.348
385	65.145
386	64.913
387	63.884
388	64.449
389	65.217
390	64.855
391	63.043
392	63.681
393	64.565
394	64.449
395	63.29
396	61.957
397	62.768
398	62.087
399	64.13
400	63.971
401	62.043
402	61.754
403	62.826
404	62.797
405	62.362
406	62.739
407	62.159
408	63.536
409	61.087
410	63.087
411	62.841
412	61.87
413	61.246
414	61.464
415	63.029
416	60.275
417	61.362
418	59.971
419	62.261
420	60.913
421	61.971
422	60.377
423	61.29
424	61.377
425	61.246
426	61.884
427	60.841
428	61
429	59.623
430	60.841
431	60.42
432	60.638
433	59.565
434	60.522
435	60.391
436	59.87
437	61.043
438	61.101
439	60
440	60.304
441	62.072
442	61.188
443	59.739
444	60.261
445	60.783
446	60.928
447	59.812
448	60.957
449	60.855
450	58.449
451	59.652
452	58.71
453	60.739
454	60.58
455	59.87
456	60.159
457	58.565
458	58.043
459	58.493
460	59.667
461	60.435
462	58.957
463	58.203
464	59.435
465	59.797
466	59.101
467	58.232
468	59.478
469	59.899
470	58.464
471	59.739
472	60.29
473	59.551
474	59.362
475	59.13
476	59.899
477	58
478	57.536
479	57.348
480	59.014
481	58.014
482	58.377
483	58.058
484	58.13
485	58.29
486	59.101
487	58.333
488	58.565
489	57.565
490	59.174
491	58.899
492	59.681
493	58.913
494	59.913
495	58.246
496	58.449
497	58.014
498	58.609
499	57.681
500	59.072
501	59.58
502	59.072
503	59.246
504	58.333
505	58.464
506	57.899
507	58.319
508	58.754
509	57.217
510	58.594
511	57.522
512	57.507
513	58.594
514	57.594
515	58.797
516	58.362
517	58.188
518	58.884
519	57.536
520	58.362
521	59.304
522	59.435
523	57.043
524	58.681
525	58.362
526	57.406
527	57.377
528	58.986
529	58
530	58.507
531	58.058
532	57.623
533	59.13
534	56.507
535	58.551
536	57.928
537	58.797
538	58.812
539	59.478
540	58.957
541	58.638
542	57.493
543	58.145
544	58.623
545	58.246
546	57.507
547	59.754
548	58.522
549	57.754
550	56.913
551	58.362
552	57.493
553	57.725
554	58.406
555	56.855
556	57.928
557	58.391
558	56.899
559	56.812
560	57.783
561	57.725
562	59.232
563	58.377
564	57.464
565	57.826
566	56.899
567	57.899
568	57.58
569	57.014
570	59.188
571	57.783
572	58.101
573	57.029
574	56.507
575	57.362
576	57.449
577	57.174
578	57.406
579	57.304
580	57.696
581	59.478
582	63.681
583	67.087
584	68.174
585	70.71
586	72.609
587	72.899
588	73.116
589	73.783
590	73.319
591	73.768
592	71.797
593	70.971
594	69.899
595	70.362
596	69.275
597	67.623
598	68.449
599	67.058
600	67.101
601	67.014
602	65.42
603	64.667
604	64.957
605	63.406
606	62.841
607	63.783
608	64.667
609	63.609
610	62.957
611	63.13
612	62.319
613	61.841
614	62.826
615	61.217
616	62.899
617	62.768
618	62.043
619	61.884
620	60.768
621	60.203
622	61.71
623	60.87
624	61.029
625	60.841
626	60.696
627	59.667
628	60.594
629	58.797
630	59.464
631	58.884
632	60.261
633	59.493
634	59.014
635	60
636	58.58
637	59.116
638	59.826
639	59.536
640	58.913
641	58.855
642	58.667
643	57.841
644	58.159
645	58.29
646	58.391
647	59.652
648	58.841
649	58.188
650	59.072
651	58.246
652	59.072
653	59.174
654	59.797
655	59.145
656	57.507
657	58.826
658	59.652
659	57.652
660	58.072
661	58.913
662	58.928
663	58.174
664	57.623
665	58.043
666	57.884
667	59.246
668	58.42
669	58.145
670	56.565
671	57.217
672	58.014
673	57.797
674	57.812
675	56.594
676	57.406
677	56.101
678	57.899
679	61.855
680	65.449
681	67.87
682	69.899
683	72.217
684	72.188
685	72.768
686	72.478
687	73.101
688	72.333
689	72.174
690	71
691	70.174
692	68.493
693	69.884
694	68.377
695	69.261
696	68.986
697	67.203
698	65.29
699	66.246
700	65.652
701	65.13
702	65
703	64.522
704	64.188
705	64.725
706	64.565
707	63.391
708	64.391
709	61.87
710	62.348
711	63.203
712	62.652
713	62.449
714	60.957
715	61.565
716	60.681
717	61.203
718	61.377
719	61.043
720	59.812
721	59.87
722	61.203
723	59.203
724	60.928
725	60.116
726	60.217
727	59.449
728	60.435
729	61.014
730	59.826
731	60.812
732	60.043
733	59.71
734	59
735	59.058
736	58.551
737	58.725
738	58.971
739	58.449
740	57.623
741	57.391
742	58.246
743	57.652
744	57.072
745	58.696
746	58.464
747	56.913
748	58.174
749	58.188
750	57.188
751	58.087
752	57.797
753	57.754
754	57.754
755	59.043
756	56.812
757	57.812
758	57.29
759	57.072
760	58.043
761	57.406
762	57.725
763	56.971
764	58.232
765	57.043
766	56.826
767	56.478
768	58.261
769	56.493
770	57.58
771	56.391
772	56.13
773	56.812
774	57.942
775	57.377
776	56.275
777	57.58
778	56.739
779	56.768
780	56.87
781	56.406
782	56.942
783	57.029
784	57.71
785	56.464
786	58.551
787	57.029
788	57.928
789	56.551
790	56.957
791	56.406
792	57.971
793	57.899
794	56.522
795	56.232
796	57.261
797	57.551
798	57.609
799	56.449
800	56.507
801	56.565
802	58.116
803	56.42
804	57.87
805	58.913
806	57.667
807	56.638
808	57.725
809	56.884
810	57.275
811	56.565
812	57.159
813	57.246
814	57.783
815	57.058
816	57.391
817	58.493
818	55.826
819	55.739
820	57.29
821	56.362
822	56.348
823	56.594
824	57.159
825	56.739
826	55.725
827	56.855
828	56.696
829	56.014
830	56.667
831	56.478
832	57.899
833	57.449
834	56.884
835	55.667
836	57.116
837	57.159
838	55.681
839	55.87
840	55.377
841	56.377
842	55.406
843	56.232
844	56.71
845	56.029
846	55.261
847	56.464
848	55.942
849	56.783
850	56.159
851	55.551
852	56.71
853	57.203
854	57.188
855	57.652
856	57.652
857	56.029
858	56.754
859	56.261
860	56.319
861	55.551
862	55.971
863	56.971
864	56.623
865	55.913
866	56.638
867	56.145
868	56.87
869	56.362
870	55.942
871	56.971
872	56.594
873	56.116
874	58.072
875	55.884
876	55.565
877	56.377
878	57.174
879	56.522
880	57.275
881	57.42
882	57.58
883	56.942
884	57.406
885	55.768
886	56.667
887	57.203
888	56.739
889	57.159
890	57.232
891	56.043
892	56.609
893	60.464
894	63.942
895	66.101
896	67.449
897	70.551
898	69.841
899	70.812
900	72.884
901	72.029
902	72.899
903	72.551
904	69.217
905	69.188
906	68.884
907	67.029
908	68.058
909	66.957
910	67.725
911	65.681
912	70.768
913	69.377
914	71.275
915	72.696
916	74.435
917	72.536
918	72.058
919	71.188
920	71.899
921	70.319
922	70.435
923	68.725
924	67.928
925	68.884
926	68.362
927	66.478
928	66.87
929	65.957
930	65.754
931	66.304
932	63.681
933	63.681
934	63.42
935	63.884
936	63.522
937	63.406
938	63.623
939	62.522
940	62.565
941	63.594
942	63.072
943	62.42
944	61.942
945	62.058
946	61.275
947	62.623
948	60.203
949	58.797
950	60.435
951	61.594
952	60.348
953	60.783
954	59.261
955	60.261
956	59.377
957	59.449
958	58.812
959	58.841
960	59.449
961	59.449
962	59.565
963	59.507
964	58.087
965	59.087
966	59.13
967	57.942
968	59.043
969	59.29
970	57.826
971	60.58
972	63.623
973	66.493
974	69.203
975	70.623
976	71.594
977	71.652
978	71.145
979	71.797
980	70.884
981	70.391
982	69.681
983	69.87
984	69.638
985	68.145
986	66.609
987	67.623
988	67.754
989	65.449
990	65.696
991	65.362
992	64.435
993	64.043
994	63.188
995	63.232
996	63.754
997	63.203
998	62.58
999	61.681
1000	61.986
1001	62.522
1002	62.087
1003	61.464
1004	61.391
1005	60.87
1006	59.884
1007	61.841
1008	60.348
1009	59.942
1010	60.826
1011	60.638
1012	60.391
1013	60.174
1014	58.884
1015	59.58
1016	58.812
1017	58.449
1018	59.319
1019	60.275
1020	58.493
1021	58.652
1022	59.348
1023	58.971
1024	58.855
1025	57.203
1026	58.29
1027	57.435
1028	58.855
1029	58.464
1030	57.377
1031	56.348
1032	57.638
1033	56.464
1034	57.522
1035	57.42
1036	56.928
1037	56.826
1038	57.841
1039	56.696
1040	57.87
1041	56.333
1042	57.42
1043	56.884
1044	56.652
1045	56.71
1046	57.507
1047	56.507
1048	57.42
1049	56.377
1050	57.362
1051	58.101
1052	57.696
1053	57.087
1054	58
1055	56.986
1056	56.841
1057	57.203
1058	56.333
1059	56.116
1060	56.551
1061	56.609
1062	56.203
1063	56.464
1064	57.029
1065	56.623
1066	56.362
1067	56.145
1068	57.652
1069	56.391
1070	56.855
1071	56.478
1072	56.072
1073	56.855
1074	56.754
1075	57.739
1076	55.942
1077	58.797
1078	57.377
1079	55.797
1080	57.783
1081	56.913
1082	55.957
1083	56
1084	54.493
1085	56.478
1086	54.899
1087	57.014
1088	55.739
1089	54.841
1090	55.536
1091	56.406
1092	56.58
1093	57.507
1094	55.667
1095	55.957
1096	56.449
1097	55.826
1098	55.812
1099	55.217
1100	55.478
1101	56.507
1102	55.884
1103	56.696
1104	56.942
1105	55.261
1106	56.406
1107	56.348
1108	56.58
1109	55.652
1110	57.348
1111	55.696
1112	56.435
1113	56.58
1114	55.333
1115	56.072
1116	58
1117	56.261
1118	55.826
1119	55.29
1120	54.594
1121	55.623
1122	56.159
1123	54.348
1124	56.391
1125	55.188
1126	55.812
1127	55.333
1128	55.232
1129	55.551
1130	55.246
1131	54.275
1132	55.145
1133	55.58
1134	55.174
1135	56.014
1136	55.696
1137	55.174
1138	55.594
1139	54.913
1140	56.362
1141	53.957
1142	55.319
1143	55.58
1144	55.029
1145	55.449
1146	55.913
1147	55.13
1148	55.638
1149	55.638
1150	55.899
1151	56.942
1152	57.087
1153	56.333
1154	56.565
1155	56.391
1156	55.855
1157	55.594
1158	55.29
1159	54.478
1160	56.609
1161	56.13
1162	56.145
1163	55.652
1164	55.478
1165	54.638
1166	56.319
1167	54.971
1168	55.928
1169	55.058
1170	54.348
1171	54.913
1172	56.072
1173	55.275
1174	56.464
1175	56.464
1176	56.696
1177	55.551
1178	55.464
1179	55.768
1180	55.435
1181	56.304
1182	55.623
1183	56.623
1184	56.536
1185	55.029
1186	55.333
1187	57.014
1188	57.348
1189	56.101
1190	55.957
1191	56
1192	55.014
1193	55.812
1194	56.42
1195	55.783
1196	56.043
1197	55.855
1198	55.623
1199	55.478
1200	54.116
1201	55.768
1202	55.246
1203	55.246
1204	54.942
1205	54.319
1206	55.507
1207	55.058
1208	55.188
1209	55.768
1210	55.101
1211	55.391
1212	55.261
1213	56.493
1214	55.957
1215	54.913
1216	55.464
1217	55
1218	55.072
1219	55.449
1220	55.551
1221	56.623
1222	57.87
1223	61.957
1224	63.681
1225	66.203
1226	65.928
1227	69.638
1228	70.116
1229	69.594
1230	70.043
1231	69.913
1232	70.594
1233	69.406
1234	68.899
1235	68.348
1236	67.058
1237	66.667
1238	65.841
1239	64.348
1240	65.014
1241	64.348
1242	62.623
1243	64.188
1244	63.101
1245	62.435
1246	62.812
1247	61.739
1248	63.913
1249	62.13
1250	62.043
1251	61.319
1252	61.232
1253	60.362
1254	61.449
1255	60.203
1256	59.841
1257	60.841
1258	59.232
1259	61.609
1260	59.246
1261	58.493
1262	59.797
1263	59.87
1264	60.058
1265	60.638
1266	58.652
1267	59.029
1268	58.029
1269	58.638
1270	58.29
1271	59.348
1272	57.87
1273	58.507
1274	57.87
1275	57.507
1276	57.928
1277	56.522
1278	57.043
1279	57.855
1280	56.928
1281	57.797
1282	56.275
1283	58.493
1284	58.725
1285	56.971
1286	56.42
1287	57.797
1288	56.841
1289	56.072
1290	57.667
1291	56.174
1292	56.406
1293	57.13
1294	57.116
1295	55.522
1296	58.043
1297	57.536
1298	56.493
1299	56.594
1300	57.174
1301	57.797
1302	56.58
1303	56.058
1304	56.986
1305	55.87
1306	56.29
1307	55.362
1308	55.638
1309	55.087
1310	55.377
1311	55.493
1312	54.522
1313	55.304
1314	55.841
1315	55.667
1316	55.159
1317	55.232
1318	55.333
1319	55.797
1320	55.362
1321	55.768
1322	57.261
1323	55.652
1324	55.667
1325	56.739
1326	56.304
1327	56.261
1328	55.261
1329	56.101
1330	55.942
1331	56.188
1332	55.928
1333	56.174
1334	55.101
1335	56.116
1336	55.464
1337	55.826
1338	55.464
1339	55.029
1340	55.232
1341	55.246
1342	55.551
1343	55.522
1344	53.855
1345	54.913
1346	55.536
1347	55.29
1348	54.71
1349	56.362
1350	55.072
1351	55.101
1352	56.275
1353	56.014
1354	54.449
1355	55.029
1356	56.29
1357	55.768
1358	55.928
1359	55.174
1360	55.275
1361	54.797
1362	55.696
1363	56.348
1364	55.406
1365	55.551
1366	55.333
1367	55.362
1368	55.652
1369	54.884
1370	54.696
1371	55.667
1372	55.348
1373	54.638
1374	56.449
1375	55.667
1376	55.13
1377	55.638
1378	54.217
1379	55.87
1380	55.188
1381	56.261
1382	56.768
1383	54.71
1384	54.797
1385	54.333
1386	54.768
1387	55.333
1388	56.333
1389	55.333
1390	55.043
1391	55.116
1392	55.667
1393	55.377
1394	56.594
1395	55.754
1396	56.174
1397	56.87
1398	56.188
1399	55.754
1400	55.928
1401	56.145
1402	56.145
1403	56.246
1404	60.377
1405	62.319
1406	66.072
1407	65.333
1408	67.957
1409	68.377
1410	70.667
1411	69.652
1412	70.203
1413	70.536
1414	68.304
1415	69.087
1416	67.348
1417	67.478
1418	66.406
1419	66.101
1420	64.768
1421	64.812
1422	62.319
1423	63.609
1424	63.565
1425	63.101
1426	62.493
1427	62.913
1428	62
1429	60.884
1430	61.333
1431	61.551
1432	59.739
1433	61.261
1434	61
1435	60.507
1436	59.71
1437	59.522
1438	59.971
1439	59.42
1440	59.435
1441	60.362
1442	57.971
1443	58.855
1444	58.493
1445	58.261
1446	58.594
1447	58.101
1448	57.493
1449	58.217
1450	58.101
1451	58.159
1452	58.058
1453	58.812
1454	56.058
1455	58.116
1456	56.884
1457	57.435
1458	58.014
1459	55.855
1460	55.841
1461	57.362
1462	56.623
1463	56.826
1464	57.261
1465	57.072
1466	55.971
1467	59.348
1468	63.841
1469	64.826
1470	66.536
1471	68.493
1472	69.638
1473	68.58
1474	68.522
1475	69.377
1476	68.101
1477	70.159
1478	70.522
1479	69.638
1480	69.174
1481	68.261
1482	67.116
1483	66.348
1484	67.043
1485	65.29
1486	64.928
1487	64.536
1488	63.188
1489	64
1490	64.406
1491	62.623
1492	61.957
1493	62.145
1494	61.986
1495	61.855
1496	62.203
1497	61.551
1498	60.942
1499	60.768
1500	59.957
1501	62.261
1502	60.594
1503	59.435
1504	59.594
1505	59.638
1506	59.754
1507	58.754
1508	59.565
1509	59.391
1510	59.42
1511	59.855
1512	58.13
1513	57.261
1514	56.826
1515	58.536
1516	57.783
1517	57.681
1518	58.275
1519	56.667
1520	58.783
1521	57.362
1522	57.275
1523	58.551
1524	58.217
1525	57.638
1526	57.855
1527	56.42
1528	57.029
1529	55.725
1530	56.13
1531	55.652
1532	56.565
1533	56.188
1534	56.478
1535	55.623
1536	56.884
1537	56.638
1538	56.594
1539	55.696
1540	57.609
1541	56.768
1542	56.87
1543	58.159
1544	56.652
1545	55.696
1546	55.971
1547	54.754
1548	55.768
1549	55.377
1550	55.928
1551	55.797
1552	55.826
1553	56.565
1554	56.043
1555	55.623
1556	55.565
1557	55.449
1558	54.899
1559	54.725
1560	54.754
1561	56.13
1562	54.71
1563	56.188
1564	55.304
1565	54.797
1566	56.855
1567	58.101
1568	62.348
1569	64.609
1570	66.681
1571	69.377
1572	69.406
1573	69.71
1574	68.522
1575	68.13
1576	67.899
1577	66.522
1578	66.087
1579	64.551
1580	64.087
1581	63.029
1582	63.913
1583	62.71
1584	61.971
1585	62.275
1586	62.435
1587	61.101
1588	60.565
1589	59.725
1590	60.116
1591	61.13
1592	59.87
1593	59.812
1594	59.58
1595	60.783
1596	59.348
1597	58.565
1598	59.725
1599	58.304
1600	57.58
1601	59.884
1602	58.174
1603	58.942
1604	57.609
1605	57.681
1606	56.855
1607	57.58
1608	56.928
1609	57.159
1610	56.942
1611	57.957
1612	57.884
1613	56.826
1614	57.275
1615	57.145
1616	57.565
1617	56.188
1618	56.826
1619	56.362
1620	56.899
1621	55.159
1622	56.609
1623	56.058
1624	56.609
1625	56.449
1626	56.377
1627	56.029
1628	56.348
1629	54.942
1630	56.261
1631	56.377
1632	55.971
1633	55.58
1634	56.42
1635	56.217
1636	60.13
1637	63.391
1638	64.768
1639	65.043
1640	67.623
1641	69.014
1642	70.667
1643	70.029
1644	68.681
1645	66.71
1646	66.855
1647	67.362
1648	66.696
1649	64.406
1650	66.087
1651	63.739
1652	64.13
1653	63.594
1654	62.913
1655	62.058
1656	61.928
1657	60.333
1658	61
1659	60.652
1660	61.043
1661	61.522
1662	60.667
1663	60.188
1664	59.319
1665	58.623
1666	59.58
1667	59.246
1668	58.406
1669	58.304
1670	58.319
1671	57.188
1672	58.101
1673	56.957
1674	58.696
1675	59.855
1676	57.754
1677	57.971
1678	57.58
1679	56.928
1680	56.507
1681	56.449
1682	55.594
1683	56.464
1684	57.449
1685	55.884
1686	56.971
1687	56.217
1688	56.971
1689	56.768
1690	56.783
1691	56.435
1692	56.29
1693	55.681
1694	57.232
1695	56.029
1696	55.493
1697	55.551
1698	57.217
1699	55
1700	55.623
1701	55.275
1702	55.362
1703	53.725
1704	54.638
1705	55.913
1706	55.246
1707	54.87
1708	54.217
1709	54.71
1710	55.768
1711	56.232
1712	56.246
1713	56.261
1714	55.377
1715	55.145
1716	54.768
1717	55.623
1718	55
1719	54.145
1720	54.014
1721	54.377
1722	54.725
1723	54.768
1724	54.942
1725	55.594
1726	58.768
1727	62.333
1728	64.507
1729	65.333
1730	67.594
1731	69.246
1732	69.652
1733	69.188
1734	68.261
1735	69.087
1736	68.536
1737	66.522
1738	65.754
1739	66.536
1740	65.913
1741	64.87
1742	65.043
1743	63.029
1744	63.464
1745	61.71
1746	62.826
1747	63.246
1748	61.899
1749	62.942
1750	61.13
1751	61.928
1752	61.449
1753	61.362
1754	60.87
1755	61.493
1756	60.609
1757	59.884
1758	59.884
1759	60.014
1760	59.899
1761	58.623
1762	58.304
1763	58.362
1764	58.029
1765	58.203
1766	57.391
1767	56.652
1768	58.043
1769	58.478
1770	58.522
1771	58.971
1772	57.391
1773	57.174
1774	58.565
1775	57.594
1776	57.377
1777	56.768
1778	56.855
1779	56.754
1780	55.986
1781	56.217
1782	56.29
1783	56.232
1784	55.638
1785	56.377
1786	57.13
1787	56.667
1788	56.217
1789	56.043
1790	55.783
1791	56.638
1792	54.623
1793	55.203
1794	55.971
1795	56.087
1796	56.333
1797	56.275
1798	54.971
1799	55.58
1800	56.348
1801	56.464
1802	55.841
1803	56.203
1804	55.58
1805	55.913
1806	56.971
1807	54.739
1808	56.464
1809	54.754
1810	55.058
1811	55.188
1812	56.072
1813	55.623
1814	55.638
1815	54.754
1816	54.522
1817	54.725
1818	55.638
1819	56.478
1820	55.58
1821	54.551
1822	54.725
1823	54.739
1824	54.623
1825	56.116
1826	55.275
1827	55.29
1828	55.623
1829	56.014
1830	54.783
1831	54.812
1832	55.493
1833	55.899
1834	55.145
1835	55.507
1836	56.406
1837	55.304
1838	55.029
1839	55.797
1840	55.623
1841	55.841
1842	56.333
1843	55.754
1844	56.043
1845	54.594
1846	56.014
1847	55.681
1848	54.725
1849	54
1850	55.609
1851	55.536
1852	55.971
1853	55.043
1854	55.391
1855	55.594
1856	54.71
1857	54.536
1858	54.812
1859	53.754
1860	55.783
1861	54.377
1862	53.957
1863	54.246
1864	55.203
1865	55.043
1866	54.536
1867	55.464
1868	54.188
1869	54.884
1870	54.957
1871	54.072
1872	55.058
1873	54.536
1874	54.232
1875	54.116
1876	54.942
1877	54.855
1878	54.855
1879	53.594
1880	55.029
1881	54.043
1882	54.522
1883	54.884
1884	54.377
1885	58.87
1886	62.681
1887	63.942
1888	64.739
1889	65.304
1890	66.971
1891	67.899
1892	66.507
1893	68.174
1894	65.87
1895	65.783
1896	65.203
1897	64.739
1898	65.261
1899	66.174
1900	63.522
1901	63.13
1902	62.565
1903	61.623
1904	62.435
1905	61.13
1906	60.957
1907	61.348
1908	59.565
1909	59.783
1910	61.609
1911	60.667
1912	58.493
1913	59.058
1914	58.725
1915	58.507
1916	58.884
1917	58.826
1918	58.493
1919	58.043
1920	58.406
1921	57.116
1922	57.188
1923	57.362
1924	59.072
1925	56.319
1926	58.145
1927	57.464
1928	58.029
1929	57.246
1930	56.899
1931	56.609
1932	57.899
1933	56.986
1934	55.29
1935	55.841
1936	55.594
1937	56.652
1938	55.42
1939	56.652
1940	56.754
1941	56.014
1942	57.116
1943	56.507
1944	56
1945	56.768
1946	56.971
1947	56.333
1948	56.362
1949	55.638
1950	54.754
1951	55.739
1952	55.319
1953	55.986
1954	55.42
1955	54.783
1956	55.391
1957	54.594
1958	55.464
1959	55.159
1960	55.058
1961	54.768
1962	54.232
1963	54.377
1964	55.493
1965	54.986
1966	53.942
1967	54.826
1968	54.594
1969	54.377
1970	53.681
1971	54.464
1972	54.754
1973	54.014
1974	54.217
1975	54.087
1976	54.333
1977	54.362
1978	53.493
1979	55.971
1980	54.203
1981	54.768
1982	55.42
1983	55.406
1984	54.667
1985	55.435
1986	55.986
1987	54.275
1988	54.884
1989	56.304
1990	55.145
1991	55.58
1992	55.116
1993	54.188
1994	54.362
1995	53.71
1996	53.812
1997	54.667
1998	55.014
1999	55.638
2000	54.377
2001	54.507
2002	55.304
2003	55.913
2004	55.072
2005	54.739
2006	53.217
2007	54.536
2008	54.188
2009	54.725
2010	54.087
2011	54.855
2012	54.319
2013	54.217
2014	53.435
2015	54.014
2016	55.681
2017	54.072
2018	55.609
2019	53.812
2020	54.957
2021	54
2022	54.275
2023	54.362
2024	54.768
2025	55.014
2026	54.391
2027	55.101
2028	54.58
2029	53.29
2030	53.449
2031	54.957
2032	54.13
2033	55.043
2034	55.739
2035	53.957
2036	55.768
2037	54.551
2038	53.841
2039	54.855
2040	55.58
2041	54.377
2042	54.71
2043	56.014
2044	58.884
2045	60.464
2046	62.971
2047	64.725
2048	64.826
2049	67.333
2050	66.203
2051	67.899
2052	66.493
2053	66.725
2054	66.884
2055	65.029
2056	66.536
2057	64.29
2058	62.217
2059	63
2060	63.522
2061	62.855
2062	61.652
2063	61.681
2064	61.696
2065	61.116
2066	60.493
2067	61.507
2068	59.072
2069	60.58
2070	61.13
2071	60.739
2072	59.957
2073	59.609
2074	59.145
2075	58.681
2076	59.696
2077	59.159
2078	58.594
2079	58.464
2080	58.159
2081	58
2082	57.638
2083	57.667
2084	57.304
2085	57.768
2086	56.884
2087	56.681
2088	58.536
2089	56.188
2090	57.058
2091	57.797
2092	57.319
2093	57.333
2094	56.449
2095	57.058
2096	56.826
2097	56.116
2098	56.348
2099	56.725
2100	56.594
2101	56.029
2102	56.768
2103	55.623
2104	55.377
2105	55.464
2106	55.754
2107	54.087
2108	54.087
2109	53.986
2110	55.217
2111	55.768
2112	55.667
2113	55.087
2114	55.304
2115	54.899
2116	54.783
2117	55.188
2118	54.261
2119	55.377
2120	55.145
2121	54.855
2122	56.362
2123	54.058
2124	54.913
2125	55.58
2126	54.391
2127	54.942
2128	55.464
2129	54.232
2130	53.768
2131	55.101
2132	54.565
2133	55.42
2134	54.58
2135	53.609
2136	54.377
2137	54.435
2138	53.884
2139	54.667
2140	54.797
2141	54.478
2142	55.42
2143	54.58
2144	55.087
2145	54.986
2146	53.406
2147	53.87
2148	54.29
2149	54.217
2150	53.087
2151	53.42
2152	55.449
2153	55.043
2154	53.522
2155	54.739
2156	54.449
2157	53.507
2158	54.348
2159	54.551
2160	53.203
2161	54.014
2162	54.783
2163	53.594
2164	54.667
2165	54.42
2166	53.319
2167	54.884
2168	54.855
2169	53.986
2170	53.58
2171	55.13
2172	54.565
2173	53.725
2174	53.319
2175	55.319
2176	54.087
2177	54.348
2178	53.304
2179	54.797
2180	54.986
2181	53.58
2182	53.623
2183	55.391
2184	54.087
2185	54.232
2186	53.058
2187	54.203
2188	52.725
2189	54.072
2190	54.667
2191	54.783
2192	55.217
2193	54.391
2194	54.507
2195	53.986
2196	54.362
2197	53.58
2198	53.696
2199	55.232
2200	53.623
2201	54.696
2202	55.681
2203	58.377
2204	63.246
2205	61.986
2206	63.188
2207	65.884
2208	66.188
2209	66.348
2210	66.667
2211	66.667
2212	65.957
2213	63.652
2214	65.072
2215	64.884
2216	63.203
2217	63.261
2218	63.449
2219	61.623
2220	63.638
2221	62.725
2222	61.246
2223	61.696
2224	61.058
2225	60.29
2226	61.116
2227	60.754
2228	60.609
2229	60.217
2230	60.29
2231	59.333
2232	59.594
2233	58.507
2234	59.551
2235	59.043
2236	57.174
2237	57.507
2238	57.884
2239	58.449
2240	58.377
2241	56.797
2242	57.145
2243	56.493
2244	56.754
2245	57.043
2246	57.043
2247	57.304
2248	56.971
2249	57.319
2250	55.725
2251	55.812
2252	56.13
2253	56.043
2254	54.884
2255	54.58
2256	55.899
2257	55.145
2258	55.406
2259	55.275
2260	56.29
2261	56.188
2262	55.435
2263	56.754
2264	54.638
2265	54.145
2266	56.029
2267	55.014
2268	55.464
2269	54.797
2270	55.159
2271	55.203
2272	54.565
2273	54.377
2274	54.58
2275	54.203
2276	54.13
2277	55.304
2278	54.58
2279	54.464
2280	55.841
2281	55.493
2282	55.449
2283	55.014
2284	55.058
2285	54.435
2286	55.899
2287	54.783
2288	54.754
2289	54.217
2290	54.42
2291	54.594
2292	55.812
2293	54.71
2294	54.058
2295	54.884
2296	55.246
2297	53.667
2298	55.333
2299	54.232
2300	54.159
2301	54.377
2302	55.174
2303	53.812
2304	54.565
2305	54.333
2306	54
2307	54.464
2308	55.145
2309	53.391
2310	53.812
2311	52.101
2312	54.797
2313	53.609
2314	54.304
2315	52.304
2316	54.42
2317	53.014
2318	54.638
2319	54.768
2320	54.203
2321	54.464
2322	54.319
2323	54
2324	54.536
2325	53.594
2326	55.623
2327	55.188
2328	53.275
2329	52.406
2330	52.29
2331	55.638
2332	54.319
2333	53.638
2334	53.739
2335	54.435
2336	53.029
2337	53.232
2338	54.159
2339	52.58
2340	53.145
2341	52.435
2342	53.58
2343	53.377
2344	52.333
2345	53.971
2346	53.464
2347	54.217
2348	53.087
2349	54.304
2350	54.348
2351	53.522
2352	54.217
2353	54
2354	52.333
2355	52.623
2356	53.681
2357	52.58
2358	53.377
2359	53.42
2360	53.754
2361	56.261
2362	59.043
2363	60.986
2364	63.159
2365	64.145
2366	64.725
2367	65.42
2368	65.333
2369	65.696
2370	67.275
2371	64.029
2372	64.71
2373	63.087
2374	65.435
2375	65.826
2376	66.304
2377	65.449
2378	64.957
2379	63.623
2380	63.406
2381	63.188
2382	63.435
2383	62.899
2384	62.652
2385	62.043
2386	61.507
2387	60.29
2388	60.464
2389	60.043
2390	59.826
2391	58.304
2392	59.116
2393	59.493
2394	58.884
2395	59.217
2396	59.71
2397	57.101
2398	58.971
2399	59.058
2400	57.971
2401	58.435
2402	58.536
2403	57.841
2404	56.565
2405	58.043
2406	57.986
2407	58.217
2408	57.362
2409	57.783
2410	57.812
2411	58.072
2412	55.333
2413	57.188
2414	56.493
2415	56.174
2416	57.203
2417	56.754
2418	56.768
2419	54.971
2420	55.507
2421	55.87
2422	56.406
2423	55.217
2424	55.855
2425	55
2426	54.884
2427	53.986
2428	55.014
2429	54.87
2430	55.304
2431	54.594
2432	56.275
2433	54.319
2434	55.391
2435	55.145
2436	54.768
2437	54.565
2438	55.42
2439	54.014
2440	54.159
2441	53.391
2442	53.855
2443	53.348
2444	54.246
2445	54.261
2446	54.188
2447	55.072
2448	53.928
2449	53.725
2450	54.304
2451	53.971
2452	54.319
2453	53.609
2454	54.275
2455	53.971
2456	54.116
2457	53.087
2458	53.406
2459	54.29
2460	53.246
2461	53.754
2462	53.928
2463	53.565
2464	54
2465	53.348
2466	53.478
2467	54.029
2468	53.043
2469	54.667
2470	54.275
2471	54.261
2472	54.304
2473	54.536
2474	54.522
2475	53.348
2476	53.145
2477	54.029
2478	53.971
2479	53.797
2480	52.797
2481	53.507
2482	52.986
2483	52.884
2484	54.333
2485	53.507
2486	54.014
2487	53.478
2488	52.884
2489	52.478
2490	53.362
2491	52.406
2492	53.014
2493	54.275
2494	53.899
2495	53.014
2496	53.522
2497	53.841
2498	54.304
2499	53.377
2500	53.565
2501	53.551
2502	53.536
2503	53.768
2504	53.841
2505	53.971
2506	54.058
2507	53.377
2508	54.768
2509	52.812
2510	53.13
2511	55.275
2512	52.739
2513	54.783
2514	53.507
2515	52.232
2516	53.884
2517	53.145
2518	53.058
2519	53.174
2520	55.884
2521	59.246
2522	60.493
2523	62.652
2524	63.072
2525	64.464
2526	64.029
2527	66.391
2528	65.812
2529	64.725
2530	63.493
2531	62.986
2532	62.174
2533	61.507
2534	62.464
2535	60.116
2536	60.565
2537	59.986
2538	60.116
2539	59.928
2540	59.913
2541	60.072
2542	59.217
2543	58.812
2544	59.101
2545	59.058
2546	57.42
2547	58.043
2548	56.957
2549	57.333
2550	57.145
2551	56.406
2552	56.333
2553	55.841
2554	56.275
2555	56.275
2556	55.841
2557	55.304
2558	55.058
2559	55.594
2560	55.841
2561	55.507
2562	54.797
2563	55.406
2564	54.116
2565	55.681
2566	54.464
2567	55.681
2568	55.594
2569	55.957
2570	54.58
2571	54.783
2572	54.739
2573	54.188
2574	55.087
2575	53.333
2576	54.899
2577	56.203
2578	54.464
2579	54.87
2580	54.304
2581	55.609
2582	54.333
2583	53.348
2584	52.507
2585	54.029
2586	55
2587	53.551
2588	52.449
2589	54.667
2590	54.406
2591	53.377
2592	53.783
2593	53.812
2594	53
2595	53.449
2596	53.87
2597	53.681
2598	53.652
2599	53.522
2600	53.275
2601	52.362
2602	52.304
2603	53.188
2604	53.203
2605	53.435
2606	55
2607	52.797
2608	52.913
2609	53.217
2610	53.275
2611	53.232
2612	53.652
2613	52.87
2614	52.522
2615	54.246
2616	54.884
2617	54.014
2618	53.565
2619	52.406
2620	52.855
2621	52.783
2622	51.899
2623	52.855
2624	53.681
2625	53.029
2626	52.406
2627	52.551
2628	52.13
2629	53.304
2630	52.638
2631	53.739
2632	52.884
2633	52.391
2634	52.71
2635	52.58
2636	53.464
2637	52.913
2638	52.377
2639	52.913
2640	53.014
2641	52.928
2642	53.667
2643	52.87
2644	53.783
2645	53.333
2646	53.507
2647	53.623
2648	53.029
2649	53.928
2650	54.725
2651	56.13
2652	59.986
2653	59.739
2654	62.71
2655	64.13
2656	64
2657	64.522
2658	64.522
2659	65.87
2660	65.826
2661	62.507
2662	62.507
2663	62.159
2664	62.159
2665	61.681
2666	61.942
2667	60.087
2668	60.551
2669	59.696
2670	58.014
2671	59.478
2672	58.841
2673	57.942
2674	59.841
2675	58.739
2676	58.145
2677	57.478
2678	57.536
2679	58.826
2680	61.623
2681	63.159
2682	64.536
2683	65.203
2684	65.449
2685	64.435
2686	66.638
2687	65.217
2688	63.768
2689	62.348
2690	63.174
2691	62.652
2692	61.681
2693	60.594
2694	61.551
2695	60.13
2696	59.304
2697	59.391
2698	60.058
2699	59.478
2700	59.101
2701	59.261
2702	58.71
2703	58.13
2704	57.913
2705	57.377
2706	57.551
2707	56.87
2708	56.971
2709	57.043
2710	57.42
2711	56.928
2712	56.841
2713	58.217
2714	56.377
2715	56.551
2716	56.362
2717	56.435
2718	55.739
2719	56.145
2720	55.797
2721	55.87
2722	55.783
2723	55.652
2724	54.928
2725	54.638
2726	55.551
2727	55.696
2728	55.667
2729	54.609
2730	54.594
2731	54.638
2732	54.087
2733	54.681
2734	54.855
2735	53.072
2736	55.174
2737	54.478
2738	53.768
2739	54.913
2740	53.71
2741	53.362
2742	53.957
2743	54.449
2744	54.652
2745	53.565
2746	53.449
2747	53.899
2748	54.058
2749	53.913
2750	54.246
2751	53.855
2752	52.406
2753	52.594
2754	53.725
2755	54.246
2756	53.058
2757	52.957
2758	53.203
2759	55.043
2760	53.464
2761	53.957
2762	53.406
2763	52.87
2764	54.087
2765	53.232
2766	53.696
2767	54.971
2768	53.942
2769	53.232
2770	53.232
2771	53.101
2772	52.203
2773	52.174
2774	52.507
2775	53.899
2776	52.493
2777	53.203
2778	54.275
2779	54.087
2780	53.478
2781	53.826
2782	53.435
2783	52.362
2784	53.014
2785	53.406
2786	52.522
2787	53.246
2788	54
2789	53.087
2790	52.971
2791	53.275
2792	51.783
2793	53.232
2794	52.449
2795	52.362
2796	53.275
2797	53.609
2798	52.942
2799	54.116
2800	52.507
2801	53.58
2802	52.986
2803	53.246
2804	54.507
2805	54.42
2806	58.217
2807	59.667
2808	61.696
2809	62.783
2810	64.087
2811	63.29
2812	64.565
2813	64.319
2814	63.246
2815	62.768
2816	62.551
2817	60.565
2818	61.246
2819	59.681
2820	60.174
2821	59.348
2822	58.696
2823	58.333
2824	57.551
2825	58.043
2826	58.464
2827	58.377
2828	58.638
2829	56.348
2830	56.913
2831	58.232
2832	58.072
2833	57.072
2834	58.725
2835	57.507
2836	56.536
2837	56.696
2838	59.739
2839	62.464
2840	62.13
2841	65.13
2842	65.464
2843	65.101
2844	66.333
2845	64.884
2846	63.435
2847	63.377
2848	62.232
2849	62.101
2850	61.246
2851	61.246
2852	60.884
2853	59.942
2854	59.391
2855	59.246
2856	58.913
2857	59.652
2858	58.304
2859	58.768
2860	58.667
2861	57.667
2862	59.42
2863	59.203
2864	59.145
2865	59.029
2866	57.957
2867	58.29
2868	56.971
2869	56.884
2870	56.536
2871	55.797
2872	56.391
2873	56.681
2874	55.942
2875	56.406
2876	54.391
2877	55.797
2878	55.652
2879	54.768
2880	55.348
2881	55.391
2882	55.739
2883	55.725
2884	55.754
2885	54.696
2886	56.188
2887	55.507
2888	54.377
2889	54.87
2890	55.101
2891	56.087
2892	54.667
2893	56.043
2894	55.551
2895	55.232
2896	53.188
2897	55.246
2898	55.58
2899	54.58
2900	53.493
2901	52.957
2902	54.159
2903	54.391
2904	54.536
2905	53.551
2906	53.203
2907	51.478
2908	53.913
2909	54.493
2910	54.087
2911	53.58
2912	53.522
2913	53.971
2914	53.71
2915	52.986
2916	53.232
2917	53.826
2918	53.623
2919	52.971
2920	52.551
2921	54.391
2922	52.783
2923	51.565
2924	53.449
2925	53.159
2926	53.725
2927	54.174
2928	54.232
2929	52.855
2930	52.957
2931	52.884
2932	53.159
2933	53.319
2934	52.377
2935	52.507
2936	52.203
2937	52.087
2938	52.783
2939	52.652
2940	53.667
2941	53.565
2942	53.42
2943	53.29
2944	52.493
2945	52.942
2946	53.159
2947	51.638
2948	51.377
2949	53.232
2950	53.435
2951	52.275
2952	53.217
2953	53.667
2954	52.261
2955	52.797
2956	53.29
2957	53.696
2958	53.406
2959	51.725
2960	52.391
2961	53.217
2962	53.464
2963	52.899
2964	53.768
2965	52.841
2966	51.754
2967	52.304
2968	53.246
2969	53.145
2970	52.696
2971	52.116
2972	52.797
2973	51.29
2974	53.522
2975	52.942
2976	53.464
2977	51.899
2978	51.638
2979	52.826
2980	53.609
2981	52.594
2982	52.565
2983	52.855
2984	51.667
2985	53.609
2986	52.246
2987	52.884
2988	52.826
2989	52.188
2990	51.609
2991	50.986
2992	51.681
2993	51.826
2994	52.942
2995	52.768
2996	53.188
2997	56.681
2998	58.493
2999	60.884
3000	62.13
3001	62.304
3002	63.87
3003	64.333
3004	62.174
3005	63.246
3006	64.42
3007	63.507
3008	62.87
3009	61.71
3010	61.638
3011	60.667
3012	60.435
3013	60.217
3014	60.304
3015	59.319
3016	58.957
3017	59.014
3018	58.304
3019	58.101
3020	57.58
3021	58.29
3022	57.232
3023	57.855
3024	57.058
3025	55.536
3026	56.826
3027	56.696
3028	56.13
3029	56.42
3030	55.768
3031	55.043
3032	56.058
3033	55.319
3034	56.623
3035	54.855
3036	55.522
3037	54.884
3038	55.986
3039	54.986
3040	56.768
3041	54.971
3042	55.203
3043	54.652
3044	54.783
3045	55.594
3046	54.188
3047	54.681
3048	54.696
3049	54.841
3050	53.058
3051	55.594
3052	54.696
3053	53.014
3054	53.928
3055	53.507
3056	53.116
3057	52.681
3058	52.333
3059	54.261
3060	52.391
3061	53.812
3062	53.638
3063	52.899
3064	54.348
3065	53.043
3066	53.536
3067	54.449
3068	52.971
3069	53.159
3070	54.014
3071	53.087
3072	52.971
3073	53.652
3074	52.029
3075	53.855
3076	53.29
3077	53.058
3078	52.826
3079	52.841
3080	54.043
3081	53.159
3082	53.638
3083	53.739
3084	53.754
3085	52.217
3086	51.594
3087	53.043
3088	52.087
3089	52.913
3090	51.319
3091	51.145
3092	52.406
3093	52.87
3094	53.42
3095	52.116
3096	52.899
3097	52.913
3098	53.478
3099	52.652
3100	53.174
3101	52.319
3102	51.971
3103	53.609
3104	53.551
3105	53.087
3106	53.565
3107	52.478
3108	53.043
3109	53.609
3110	53.522
3111	53.42
3112	51.942
3113	52.986
3114	51.783
3115	52.232
3116	51.435
3117	53.42
3118	51.913
3119	51.652
3120	52.957
3121	53.232
3122	52.884
3123	52.841
3124	51.928
3125	52.899
3126	52.449
3127	51.638
3128	54.232
3129	53.13
3130	53.159
3131	51.725
3132	52.319
3133	52.58
3134	52.884
3135	52.928
3136	53.536
3137	53.029
3138	53.623
3139	53.145
3140	52.522
3141	53.29
3142	52.087
3143	52.116
3144	53.174
3145	53.58
3146	53.087
3147	53.217
3148	52.377
3149	52.899
3150	52.246
3151	52.841
3152	52.478
3153	52.145
3154	52.42
3155	54.29
3156	57.217
3157	59.275
3158	60.507
3159	62.377
3160	63.957
3161	64.507
3162	63.29
3163	62.841
3164	62.348
3165	62.333
3166	62.826
3167	60.768
3168	62.232
3169	60.377
3170	59.667
3171	59.986
3172	59.739
3173	59.971
3174	59.391
3175	57.623
3176	59.116
3177	58.522
3178	58.333
3179	56.551
3180	56.333
3181	58.058
3182	57.913
3183	56.232
3184	56.928
3185	55.58
3186	56.362
3187	55.522
3188	56.101
3189	55.652
3190	54.797
3191	54.725
3192	55.391
3193	55.913
3194	54.812
3195	54.406
3196	55.681
3197	55.304
3198	54.841
3199	53.841
3200	55.29
3201	55.116
3202	53.826
3203	54.42
3204	55.304
3205	54.609
3206	54.551
3207	55.043
3208	54.246
3209	52.638
3210	54.696
3211	53.739
3212	53.304
3213	53.841
3214	53.072
3215	52
3216	52.725
3217	53.116
3218	53.493
3219	53.71
3220	52.667
3221	52.957
3222	52.71
3223	54.391
3224	53.261
3225	54.101
3226	53.261
3227	52.855
3228	53.565
3229	52.391
3230	53
3231	52.116
3232	51.754
3233	52.623
3234	52.87
3235	52.855
3236	52.812
3237	53.449
3238	53.29
3239	52.058
3240	52.391
3241	52.681
3242	52.884
3243	52.522
3244	52.145
3245	51.406
3246	53.275
3247	52.986
3248	52.899
3249	51.449
3250	52.623
3251	52.826
3252	51.609
3253	52.71
3254	51.768
3255	51.71
3256	52.623
3257	51.13
3258	52.101
3259	52.58
3260	52.275
3261	52.101
3262	53.203
3263	51.464
3264	51.986
3265	52.232
3266	51.609
3267	53.826
3268	53.623
3269	52.174
3270	52.406
3271	52.246
3272	53.754
3273	53.638
3274	52.043
3275	53.304
3276	52.449
3277	52.304
3278	52.812
3279	52.797
3280	52.942
3281	52.855
3282	52.725
3283	52.841
3284	53.333
3285	52.29
3286	53.014
3287	51.174
3288	53.275
3289	52.551
3290	51.681
3291	51.841
3292	52.29
3293	52.71
3294	52.29
3295	53.203
3296	52.507
3297	52.435
3298	51.768
3299	52.507
3300	51.319
3301	52.507
3302	52.551
3303	52.014
3304	51.913
3305	52.812
3306	52.609
3307	51.478
3308	53.232
3309	52.435
3310	51.957
3311	52.551
3312	51.348
3313	52.406
3314	54.493
3315	57.275
3316	59.072
3317	60.232
3318	61.261
3319	60.928
3320	62.333
3321	62.667
3322	62.101
3323	62.188
3324	61.986
3325	61.362
3326	61.246
3327	60.217
3328	61.029
3329	59.725
3330	58.609
3331	59.362
3332	57.667
3333	57.014
3334	59.058
3335	57.71
3336	57.623
3337	55.826
3338	56.899
3339	56.652
3340	56.333
3341	56.275
3342	55.362
3343	56.116
3344	56.362
3345	55.493
3346	55.435
3347	55.058
3348	56.203
3349	53.899
3350	54.522
3351	54.174
3352	54.478
3353	54.754
3354	54.014
3355	54.681
3356	53.899
3357	53.797
3358	54.087
3359	54.957
3360	54.406
3361	53.971
3362	53.826
3363	52.855
3364	54.812
3365	53.043
3366	53.696
3367	54.464
3368	53.812
3369	53.145
3370	52.957
3371	54.058
3372	52.493
3373	52.928
3374	52.754
3375	53.087
3376	53.188
3377	52.783
3378	53.014
3379	53.188
3380	53.087
3381	53.522
3382	53
3383	53.377
3384	53.072
3385	52.29
3386	52.899
3387	52.174
3388	51.232
3389	52.464
3390	54.797
3391	52.478
3392	52.783
3393	53.609
3394	52.058
3395	53.232
3396	52.71
3397	51.435
3398	53.478
3399	52.623
3400	53.072
3401	52.899
3402	52.087
3403	53.739
3404	52.319
3405	52.391
3406	52.841
3407	52.014
3408	52.667
3409	52.493
3410	52.261
3411	52.696
3412	51.928
3413	52.029
3414	51.406
3415	51.58
3416	51.014
3417	52.174
3418	51.783
3419	52.522
3420	51.58
3421	51.681
3422	52.29
3423	51.696
3424	52.536
3425	52.145
3426	50.783
3427	51.507
3428	53.304
3429	52.942
3430	53.014
3431	51.087
3432	53.145
3433	53.217
3434	53.725
3435	55.203
3436	57.87
3437	60.159
3438	60.594
3439	60.362
3440	62
3441	62.536
3442	63.203
3443	63.551
3444	62.971
3445	61.783
3446	62.304
3447	62.855
3448	61.971
3449	60.043
3450	60.116
3451	60.565
3452	58.594
3453	59.043
3454	58.768
3455	58.971
3456	58.754
3457	58.565
3458	58.087
3459	56.261
3460	56.565
3461	56.391
3462	57.246
3463	56.768
3464	56.377
3465	56.217
3466	56.449
3467	56.696
3468	55.725
3469	56.696
3470	55.029
3471	54.812
3472	55.203
3473	57.565
3474	60.783
3475	60.551
3476	60.942
3477	64.145
3478	62.768
3479	63.232
3480	63.696
3481	61.754
3482	60.551
3483	61.522
3484	60.681
3485	59.87
3486	60.754
3487	58.986
3488	58.333
3489	58.29
3490	58.725
3491	57.71
3492	58.406
3493	56.855
3494	56.304
3495	57.58
3496	57.217
3497	56.391
3498	56.13
3499	56.246
3500	56.435
3501	56.899
3502	57
3503	55.188
3504	56.623
3505	55.812
3506	55.754
3507	55.043
3508	54.783
3509	56.391
3510	55.812
3511	55.652
3512	54.377
3513	55.377
3514	55.681
3515	54.783
3516	54.565
3517	54.406
3518	54.594
3519	54.232
3520	55.087
3521	54.855
3522	54.087
3523	53.986
3524	55.072
3525	54.319
3526	52.87
3527	53.522
3528	53.841
3529	53.913
3530	53.464
3531	52.362
3532	53.377
3533	53.942
3534	54.014
3535	52.522
3536	54.493
3537	53.304
3538	52.928
3539	53.13
3540	53.667
3541	53.42
3542	53.014
3543	53.391
3544	54.072
3545	53.623
3546	53.043
3547	52.594
3548	54.174
3549	53.667
3550	53.304
3551	54.739
3552	52.957
3553	53.623
3554	52.725
3555	53.594
3556	53.261
3557	54.203
3558	53.348
3559	52.696
3560	52.696
3561	52.174
3562	51.957
3563	52.072
3564	51.739
3565	53.13
3566	52.971
3567	53.261
3568	52.971
3569	52.913
3570	52.29
3571	53.072
3572	53.072
3573	54.565
3574	53.304
3575	53.029
3576	53.71
3577	53.87
3578	52.464
3579	52.217
3580	52.957
3581	53.594
3582	52.957
3583	51.623
3584	53.623
3585	53.014
3586	52.957
3587	53.594
3588	52.507
3589	53.725
3590	52.652
3591	53.072
3592	53.043
3593	52.812
3594	53.261
3595	52.493
3596	53.145
3597	53.159
3598	53.333
3599	53.362
3600	53.29
3601	54.42
3602	52.565
3603	54.029
3604	55.435
3605	57.841
3606	58.971
3607	61.42
3608	62.13
3609	61.87
3610	61.841
3611	63.13
3612	61.783
3613	61.87
3614	61.855
3615	61.159
3616	61.406
3617	61.551
3618	61.696
3619	61.609
3620	60.667
3621	59.594
3622	58.884
3623	57.696
3624	57.725
3625	58.043
3626	57.348
3627	55.725
3628	56.087
3629	56.855
3630	57.116
3631	57.899
3632	59.855
3633	60.536
3634	62.71
3635	62.739
3636	63.507
3637	65.551
3638	62.754
3639	62.188
3640	63
3641	60.826
3642	62.522
3643	59.652
3644	60.638
3645	60.638
3646	60.072
3647	59.435
3648	59.826
3649	58.71
3650	59.116
3651	59.565
3652	58.652
3653	59.623
3654	58.783
3655	58.551
3656	58.261
3657	58.087
3658	57.841
3659	57
3660	56.478
3661	58.739
3662	57.058
3663	55.609
3664	55.739
3665	56.333
3666	57.246
3667	56.696
3668	56.391
3669	55.087
3670	56.797
3671	56.493
3672	56.913
3673	57.087
3674	56.797
3675	56.101
3676	56.478
3677	56.029
3678	56.232
3679	55.71
3680	56.174
3681	56.551
3682	57.116
3683	55.609
3684	57.029
3685	54.507
3686	54.275
3687	55.58
3688	54.826
3689	53.783
3690	53.696
3691	53.638
3692	55.029
3693	55.101
3694	54.638
3695	54.333
3696	53.13
3697	54.101
3698	54.246
3699	53.536
3700	53.913
3701	54.058
3702	54.188
3703	52.812
3704	53.638
3705	53.783
3706	54.029
3707	54.087
3708	54.899
3709	53.058
3710	54.072
3711	53.855
3712	54.014
3713	52.971
3714	53.435
3715	53.348
3716	53.159
3717	53.536
3718	52.391
3719	53.942
3720	53.797
3721	54.188
3722	53.174
3723	54.304
3724	52.203
3725	52.275
3726	53.261
3727	52.957
3728	53.058
3729	52.377
3730	54.029
3731	54.87
3732	52.522
3733	53.652
3734	52.957
3735	52.855
3736	53.725
3737	52.971
3738	52.217
3739	53.058
3740	53.493
3741	52.667
3742	52.638
3743	51.884
3744	51.884
3745	52.986
3746	52.478
3747	51.261
3748	51.942
3749	52.377
3750	53.275
3751	54.058
3752	53.348
3753	53.826
3754	52.739
3755	52.449
3756	53.783
3757	53.493
3758	52.942
3759	52.986
3760	52
3761	52.174
3762	51.391
3763	52.261
3764	51.826
3765	51.87
3766	52.391
3767	50.551
3768	51.812
3769	52.275
3770	52.188
3771	53.609
3772	52.13
3773	51.696
3774	52.42
3775	52.377
3776	52.13
3777	51.971
3778	51.42
3779	52.188
3780	52.333
3781	52.797
3782	52.957
3783	52.145
3784	52.246
3785	52
3786	53.13
3787	51.058
3788	51.812
3789	51.928
3790	53.609
3791	54.551
3792	57.522
3793	59.261
3794	59.681
3795	60.754
3796	61.928
3797	61.377
3798	62.464
3799	60.884
3800	62.928
3801	60.783
3802	62.043
3803	59.391
3804	60.159
3805	60.391
3806	59.725
3807	58.42
3808	58.681
3809	58.754
3810	57.551
3811	58.29
3812	57.406
3813	55.681
3814	57.362
3815	56.522
3816	57.159
3817	57
3818	55.754
3819	57.391
3820	56.13
3821	57.188
3822	55.377
3823	55.333
3824	55.594
3825	54.899
3826	55.391
3827	56.072
3828	56.333
3829	54.043
3830	55.043
3831	54.522
3832	54.754
3833	53.159
3834	53.449
3835	53.116
3836	54.072
3837	53.812
3838	54.246
3839	52.986
3840	52.478
3841	53.087
3842	53.217
3843	54.391
3844	54.159
3845	53.725
3846	53.551
3847	52.942
3848	52.464
3849	53.391
3850	53.116
3851	51.928
3852	52.899
3853	52.725
3854	52.971
3855	52.406
3856	53.203
3857	53.13
3858	52.391
3859	52.609
3860	52.899
3861	52.145
3862	53.391
3863	51.826
3864	52.029
3865	53.841
3866	51.928
3867	51.623
3868	51.188
3869	52.203
3870	51.899
3871	51.391
3872	52.13
3873	52.348
3874	52.217
3875	51.246
3876	51.768
3877	52.203
3878	52.899
3879	51.217
3880	52.522
3881	52.377
3882	52.551
3883	50.609
3884	51.623
3885	52.391
3886	51.551
3887	52.043
3888	52.435
3889	50.841
3890	52.275
3891	52.768
3892	50.986
3893	51.42
3894	50.855
3895	51.217
3896	51.043
3897	50.739
3898	50.841
3899	52.014
3900	50.275
3901	50.638
3902	50.638
3903	51.13
3904	51.971
3905	50.58
3906	52.681
3907	51.043
3908	51.493
3909	51.507
3910	51.42
3911	52.319
3912	50.855
3913	50.899
3914	52.42
3915	51.609
3916	51.652
3917	51.522
3918	51.899
3919	51.594
3920	51.855
3921	51.145
3922	51.957
3923	52.261
3924	51.913
3925	51.464
3926	52.928
3927	51.116
3928	52.217
3929	50.942
3930	52.188
3931	51.667
3932	51.116
3933	51.71
3934	52.522
3935	51.971
3936	51.884
3937	51.87
3938	51.174
3939	51.246
3940	50.783
3941	52.217
3942	52.638
3943	53.739
3944	55.507
3945	57.971
3946	58.812
3947	59.957
3948	61.435
3949	61.783
3950	61.072
3951	61.217
3952	59.623
3953	59.913
3954	60.638
3955	61.449
3956	62.29
3957	60.261
3958	60.667
3959	59.696
3960	60.58
3961	60.696
3962	57.217
3963	58.275
3964	57.435
3965	56.725
3966	57.913
3967	56.594
3968	58.362
3969	57.13
3970	56.435
3971	56.449
3972	56.072
3973	56.116
3974	55.87
3975	55.783
3976	55.435
3977	55.333
3978	55.275
3979	54.42
3980	53.986
3981	54.652
3982	53.768
3983	53.246
3984	53.768
3985	54.507
3986	53.87
3987	53.725
3988	53.855
3989	53.594
3990	52.928
3991	52.913
3992	53.058
3993	53.942
3994	52.957
3995	53.58
3996	53.391
3997	52.42
3998	54.754
3999	52.87
4000	52.391
4001	51.783
4002	52.014
4003	51.899
4004	52.797
4005	51.435
4006	52.768
4007	52.333
4008	52.232
4009	53.159
4010	52.493
4011	52.826
4012	51.986
4013	52.362
4014	52.101
4015	52.13
4016	52.971
4017	51.594
4018	51.638
4019	52.232
4020	52.87
4021	52.594
4022	51.565
4023	51.609
4024	52.464
4025	51.188
4026	51.623
4027	51.217
4028	51.275
4029	51.522
4030	52.464
4031	51.377
4032	51.986
4033	52.159
4034	52.522
4035	52.188
4036	52.739
4037	52.522
4038	51.884
4039	52.797
4040	50.478
4041	52.072
4042	52.362
4043	51.145
4044	50.464
4045	50.783
4046	51.478
4047	51.725
4048	50.884
4049	50.072
4050	50.667
4051	51.087
4052	51.971
4053	51.304
4054	52.261
4055	51.29
4056	52.377
4057	50.391
4058	50.145
4059	49.333
4060	50.391
4061	50.406
4062	52.087
4063	51.159
4064	51.406
4065	51.449
4066	51.507
4067	51.275
4068	50.681
4069	51.71
4070	50.232
4071	50.913
4072	52.13
4073	50.159
4074	50.478
4075	51.551
4076	50.261
4077	50.42
4078	51.348
4079	52.362
4080	54.594
4081	56.174
4082	56.899
4083	58.116
4084	60.029
4085	60.275
4086	58.71
4087	60.159
4088	60.449
4089	59.58
4090	58.71
4091	58.841
4092	58.681
4093	58.667
4094	58.507
4095	56.333
4096	56.377
4097	57.406
4098	57.217
4099	55.493
4100	55.884
4101	56.232
4102	56.42
4103	55.087
4104	54.638
4105	55.145
4106	53.58
4107	53.942
4108	56.246
4109	57.681
4110	59.478
4111	59.159
4112	59.565
4113	60.377
4114	60.333
4115	60.058
4116	60.652
4117	59.087
4118	59.087
4119	57.797
4120	57.899
4121	57.855
4122	56.957
4123	56.971
4124	56.333
4125	56.362
4126	56.246
4127	55.87
4128	54.913
4129	55.783
4130	55.333
4131	55.913
4132	54.942
4133	54.71
4134	54.768
4135	54.754
4136	52.986
4137	54.507
4138	54.42
4139	55.188
4140	53.435
4141	54.884
4142	53.565
4143	53.638
4144	53.362
4145	53.928
4146	53.377
4147	53.087
4148	52.652
4149	53.87
4150	53.464
4151	52.812
4152	52.725
4153	53.319
4154	51.478
4155	52.652
4156	52.304
4157	53.391
4158	53.058
4159	51.551
4160	52.841
4161	50.551
4162	52.174
4163	52.072
4164	51.928
4165	51.957
4166	51.362
4167	51.942
4168	52.13
4169	51.464
4170	51.29
4171	50.565
4172	51.551
4173	51.203
4174	52.116
4175	52.188
4176	51.507
4177	51.348
4178	52.217
4179	50.899
4180	52.014
4181	52.754
4182	50.696
4183	51.304
4184	52.043
4185	50.594
4186	50.696
4187	51.377
4188	50.478
4189	53.043
4190	52.029
4191	50.783
4192	51.536
4193	51.71
4194	51.203
4195	51.449
4196	50.42
4197	51.551
4198	51.971
4199	51.725
4200	50.928
4201	51.667
4202	51.478
4203	51.522
4204	49.855
4205	50.913
4206	50.652
4207	49.87
4208	51.203
4209	51.275
4210	51.319
4211	51.464
4212	50.754
4213	50.855
4214	51
4215	50.899
4216	51.638
4217	50.159
4218	51.348
4219	51.493
4220	50.739
4221	50.971
4222	51.594
4223	52.304
4224	50.681
4225	50.986
4226	49.681
4227	50.942
4228	50.884
4229	50.188
4230	50.681
4231	51.406
4232	50.609
4233	50.667
4234	50.928
4235	51.072
4236	51.174
4237	51.058
4238	51.014
4239	50.058
4240	50.623
4241	51.826
4242	51.188
4243	51.13
4244	50.522
4245	51.696
4246	51.609
4247	49.493
4248	50.696
4249	51.058
4250	51.71
4251	50.13
4252	50.826
4253	51.246
4254	51.652
4255	54.188
4256	56.159
4257	55.275
4258	58.116
4259	57.899
4260	59.522
4261	59.623
4262	59.957
4263	59.957
4264	59.638
4265	58.449
4266	59.522
4267	58.696
4268	59.116
4269	59.623
4270	58.464
4271	56.899
4272	57.029
4273	56.884
4274	54.942
4275	57
4276	57.493
4277	56.275
4278	56.043
4279	55.087
4280	56.101
4281	55.406
4282	54.855
4283	55.754
4284	55.275
4285	54.812
4286	55.232
4287	53.522
4288	54.739
4289	53.565
4290	53.232
4291	53.203
4292	53.638
4293	53.13
4294	53.101
4295	53.899
4296	52.304
4297	52.87
4298	52.87
4299	51.913
4300	52.449
4301	52.594
4302	52.768
4303	52.217
4304	53.029
4305	52.464
4306	51.246
4307	52.333
4308	51.971
4309	51.855
4310	53.072
4311	52.159
4312	51.739
4313	51.812
4314	51.928
4315	52.145
4316	51.841
4317	52.406
4318	51.623
4319	52.855
4320	51.667
4321	51.899
4322	52.551
4323	51.913
4324	50.478
4325	51.261
4326	50.826
4327	51.029
4328	50.841
4329	50.87
4330	50.87
4331	50.609
4332	50.783
4333	51.348
4334	51.71
4335	50.855
4336	52.696
4337	52
4338	51.188
4339	51.667
4340	50.333
4341	50.594
4342	50.942
4343	51.319
4344	49.957
4345	50.841
4346	51.594
4347	51.275
4348	50.913
4349	50.783
4350	50.913
4351	49.217
4352	49.855
4353	50.522
4354	50.188
4355	49.754
4356	50.478
4357	50.696
4358	49.609
4359	49.986
4360	51.275
4361	51.116
4362	49.174
4363	51.058
4364	50.681
4365	50.435
4366	49.594
4367	50.58
4368	50.464
4369	50.493
4370	50.203
4371	49.826
4372	50.768
4373	49.087
4374	49.812
4375	50.681
4376	49.681
4377	49.884
4378	50.826
4379	50.609
4380	51.449
4381	51.377
4382	50.841
4383	50.275
4384	51.058
4385	50.754
4386	49.348
4387	49.275
4388	49.855
4389	49.826
4390	50.058
4391	49.101
4392	49.391
4393	50.594
4394	49.435
4395	48.913
4396	49.957
4397	51.101
4398	49.29
4399	50.377
4400	50.507
4401	49.87
4402	50.391
4403	49.449
4404	50.029
4405	49.826
4406	50.29
4407	51.029
4408	50.087
4409	50.232
4410	49.739
4411	50.812
4412	51.188
4413	49.797
4414	50.87
4415	49.101
4416	50.406
4417	50.101
4418	49.812
4419	50.826
4420	49.986
4421	49.681
4422	49.826
4423	50.478
4424	49.246
4425	50.362
4426	51.232
4427	53.348
4428	55.957
4429	56.101
4430	56.754
4431	59.246
4432	58.652
4433	59.029
4434	59.014
4435	59.464
4436	58.58
4437	59.203
4438	57
4439	57.304
4440	56.609
4441	56.188
4442	57.072
4443	54.58
4444	55.841
4445	56.159
4446	55.348
4447	54.609
4448	54.493
4449	54.29
4450	53.899
4451	54.464
4452	54.478
4453	52.986
4454	53.377
4455	54.014
4456	51.942
4457	53.696
4458	53.232
4459	53.464
4460	52.609
4461	52.681
4462	52.768
4463	53.522
4464	52.507
4465	51.681
4466	52.87
4467	52.71
4468	52.812
4469	51.058
4470	53
4471	51.014
4472	51.623
4473	51.739
4474	52.493
4475	50.638
4476	49.652
4477	51.855
4478	51.464
4479	50.899
4480	51.29
4481	51.188
4482	50.841
4483	50.986
4484	50.754
4485	51.029
4486	51.058
4487	50.565
4488	51.043
4489	51.377
4490	50.565
4491	51.855
4492	50.522
4493	50.725
4494	49.638
4495	50.217
4496	50.855
4497	49.986
4498	50
4499	49.449
4500	48.768
4501	50.899
4502	49.899
4503	50.464
4504	48.971
4505	49.101
4506	50.029
4507	51.246
4508	51.145
4509	49.13
4510	49.377
4511	51.014
4512	49.261
4513	49.652
4514	50.058
4515	50.58
4516	50.319
4517	51.13
4518	50.493
4519	50.29
4520	49.348
4521	50.667
4522	50.522
4523	51.449
4524	49.957
4525	50.667
4526	49.696
4527	50.594
4528	50.696
4529	49.565
4530	51.072
4531	51.029
4532	50.13
4533	51.638
4534	50.304
4535	49.681
4536	50.478
4537	50.145
4538	49.116
4539	48.913
4540	49.203
4541	50.71
4542	49.362
4543	50.014
4544	50.232
4545	50.783
4546	50.971
4547	49.928
4548	48.986
4549	48.928
4550	50.406
4551	49.899
4552	49.043
4553	50.014
4554	51.014
4555	50.333
4556	49.551
4557	49.652
4558	50.783
4559	50.362
4560	49.696
4561	50.536
4562	50.087
4563	50.304
4564	48.29
4565	49.319
4566	49.594
4567	49.783
4568	50.203
4569	50.333
4570	50.159
4571	48.768
4572	50.101
4573	49.522
4574	49.71
4575	49.464
4576	50.826
4577	49.319
4578	49.797
4579	50.841
4580	49.449
4581	50.058
4582	49.667
4583	50.101
4584	51.391
4585	52.652
4586	54.826
4587	55.754
4588	56.116
4589	58.116
4590	57.725
4591	58
4592	59.536
4593	57.826
4594	58.087
4595	57.087
4596	57.275
4597	55.768
4598	55.493
4599	54.971
4600	55.362
4601	56.551
4602	55.174
4603	53.826
4604	54.493
4605	53.333
4606	53.536
4607	53.435
4608	53.29
4609	53.768
4610	52.971
4611	52.42
4612	53.435
4613	52.667
4614	52.362
4615	52.594
4616	53.116
4617	52.638
4618	53.116
4619	52.333
4620	53.101
4621	51.464
4622	50.928
4623	52.594
4624	51.377
4625	52.217
4626	52.145
4627	51.391
4628	51.319
4629	50.986
4630	51.043
4631	50.884
4632	51.884
4633	51.29
4634	50.913
4635	50.29
4636	51.304
4637	52.246
4638	51.029
4639	50.333
4640	51.942
4641	51.029
4642	51.174
4643	50.826
4644	51
4645	51.159
4646	50.232
4647	50.203
4648	51.957
4649	50.087
4650	50.493
4651	51.217
4652	52.043
4653	50.13
4654	50.304
4655	51.159
4656	50.87
4657	50.986
4658	50.478
4659	50.159
4660	50.188
4661	50
4662	50.261
4663	51.391
4664	50.246
4665	48.913
4666	50.188
4667	50.58
4668	49.841
4669	50.855
4670	49.333
4671	50.754
4672	50.217
4673	49.536
4674	49.29
4675	51.101
4676	49.855
4677	50.565
4678	50.551
4679	50.449
4680	49.623
4681	48.899
4682	50.362
4683	49.884
4684	49.71
4685	50.551
4686	49.435
4687	50.072
4688	50.275
4689	49.942
4690	49.391
4691	50.42
4692	50.13
4693	51.058
4694	50.841
4695	50.507
4696	50.377
4697	50.261
4698	49.043
4699	49.768
4700	49.29
4701	48.942
4702	50.072
4703	48.594
4704	49.884
4705	49.768
4706	49.884
4707	48.623
4708	48.696
4709	49.783
4710	49.928
4711	49.783
4712	49.797
4713	49.609
4714	50.275
4715	49.145
4716	49.783
4717	50.855
4718	49.739
4719	49.623
4720	50.348
4721	49.652
4722	48.768
4723	50.435
4724	50.203
4725	49.507
4726	50.072
4727	49.797
4728	48.754
4729	48.493
4730	49.87
4731	50.71
4732	50.203
4733	48.667
4734	49.42
4735	51.783
4736	49.507
4737	50.058
4738	51.739
4739	50.783
4740	49.623
4741	48.333
4742	50.551
4743	50.072
4744	52.304
4745	54.768
4746	56.377
4747	56.493
4748	58.406
4749	58.13
4750	58.884
4751	59.014
4752	58.565
4753	57.841
4754	57.623
4755	58.333
4756	57.087
4757	56.739
4758	56.42
4759	56.609
4760	55.464
4761	54.42
4762	55.246
4763	55.551
4764	55.275
4765	52.87
4766	54.101
4767	54.13
4768	51.87
4769	52.507
4770	54.319
4771	52.638
4772	51.754
4773	55.087
4774	52.797
4775	52.855
4776	51.348
4777	52.812
4778	51.826
4779	51.812
4780	51.058
4781	52.826
4782	50.391
4783	50.913
4784	51.174
4785	50.957
4786	50.797
4787	51.043
