1	68.159
2	71.818
3	70.045
4	72.25
5	71.659
6	69.886
7	72.227
8	72.182
9	70.591
10	71.818
11	71.455
12	69.455
13	71.955
14	72.386
15	71.386
16	72.841
17	70.682
18	71.318
19	71.045
20	72.091
21	70.773
22	70.591
23	71.045
24	71.841
25	71.841
26	72.295
27	70.773
28	70.886
29	70.159
30	69.182
31	71.114
32	72.159
33	70.341
34	70.523
35	71.614
36	71
37	71.614
38	72.205
39	70.773
40	70.045
41	71.545
42	72.091
43	72.386
44	70.545
45	71.909
46	72.318
47	71.75
48	71.909
49	72.727
50	70.705
51	71.727
52	71.205
53	72
54	72.955
55	72.932
56	72.614
57	72.364
58	72.045
59	71.818
60	71.227
61	72.364
62	73.295
63	76.25
64	75.909
65	77.318
66	76.909
67	76.773
68	76.045
69	76.727
70	76.045
71	75.818
72	74.75
73	76
74	74.205
75	74.364
76	73.432
77	73.75
78	75.409
79	71.364
80	74.955
81	71.841
82	74.136
83	73.341
84	74.409
85	73
86	72.068
87	72.795
88	72.432
89	72.523
90	73.886
91	72.955
92	72.364
93	72.523
94	72.432
95	71.705
96	72.477
97	73.295
98	72.205
99	71.25
100	71.364
101	71.864
102	71.273
103	72.409
104	72.114
105	71.659
106	72.182
107	73.136
108	71.364
109	72.568
110	72.227
111	71.614
112	72.614
113	72.841
114	71.727
115	71.091
116	73.136
117	72.886
118	71.455
119	71.818
120	71.795
121	69.273
122	72.091
123	71.568
124	70.841
125	71.386
126	72.318
127	71
128	71.977
129	69.955
130	72.023
131	70.136
132	71.159
133	71.909
134	70.455
135	71.977
136	72.545
137	70.386
138	73.273
139	70.341
140	70.545
141	71.25
142	70.295
143	72.341
144	73.75
145	70.841
146	69.477
147	70.705
148	71.75
149	69.341
150	71.909
151	72.841
152	70.682
153	69.727
154	70.909
155	70.068
156	69.523
157	71.114
158	69.795
159	70.864
160	71.273
161	70.523
162	70.75
163	70.659
164	71.273
165	70.341
166	71.182
167	71.25
168	72.5
169	72.455
170	70.818
171	71.636
172	71.523
173	74.091
174	70.023
175	71.386
176	72.886
177	70.295
178	71.955
179	70.795
180	71.591
181	71.5
182	70.5
183	70.023
184	72.341
185	70.909
186	71.114
187	70.727
188	70.432
189	70.636
190	71.25
191	73.205
192	71.795
193	72
194	70.818
195	69.614
196	71.409
197	71.5
198	71.864
199	71.25
200	72.114
201	70.364
202	70.523
203	70.136
204	71.682
205	71.432
206	71.091
207	71.386
208	72.477
209	73.795
210	74.727
211	76.705
212	76.432
213	76.682
214	75.727
215	75.932
216	75.818
217	76.386
218	74.591
219	75.932
220	75.432
221	75.727
222	72.523
223	74.523
224	73.568
225	74.023
226	74.614
227	73.273
228	72.364
229	72.432
230	73.045
231	71.295
232	73.75
233	72.455
234	73.25
235	71.864
236	71.023
237	74.045
238	71.5
239	72.955
240	71.523
241	72.75
242	72.182
243	71.864
244	72.773
245	72.682
246	73.273
247	71.386
248	71.364
249	70.682
250	71.591
251	71.591
252	70.25
253	70.364
254	71.568
255	70.705
256	70.909
257	72.182
258	71.864
259	72.705
260	70.295
261	71.659
262	71.023
263	71.955
264	70.75
265	71.364
266	69.977
267	71.591
268	71.545
269	73.136
270	71.5
271	72.068
272	73.159
273	73.136
274	73.705
275	71.318
276	74.614
277	71.977
278	72.773
279	71.795
280	70.386
281	71.045
282	70.318
283	72.295
284	72.318
285	71.795
286	71.932
287	70.432
288	71.909
289	71.455
290	71.818
291	71.432
292	71.409
293	70.864
294	71.682
295	71.068
296	70.068
297	71.932
298	71.432
299	71.886
300	72.182
301	71.841
302	69.636
303	70.727
304	71.25
305	72.659
306	72.5
307	71.932
308	73.568
309	70.682
310	70.136
311	71.75
312	71.977
313	72.364
314	71.568
315	70.591
316	70.523
317	71.909
318	70.273
319	72.045
320	70.25
321	70.864
322	70.727
323	71.614
324	70.477
325	70.159
326	69.955
327	71.705
328	71.136
329	71.545
330	72.295
331	71.614
332	71.545
333	71.5
334	71.955
335	72.705
336	71.068
337	70.636
338	70.705
339	71.591
340	70.523
341	70.977
342	70.227
343	70
344	71.182
345	72.432
346	70.682
347	69.977
348	71.909
349	71.023
350	73.5
351	74.909
352	75.318
353	74.818
354	74.818
355	75.727
356	77.227
357	74.818
358	75.409
359	75.318
360	75.568
361	76.295
362	75.341
363	73.318
364	74.068
365	73.455
366	73.591
367	72.955
368	75.227
369	74.159
370	71.523
371	73.091
372	74.136
373	71.682
374	73.432
375	71.841
376	72.773
377	72.227
378	72.455
379	72.136
380	71.545
381	73.364
382	71.886
383	73.932
384	71.818
385	72.614
386	72.591
387	72.159
388	72.409
389	72.5
390	73.091
391	70.955
392	72.205
393	74.045
394	71.477
395	72.386
396	72.568
397	72.886
398	72.136
399	73.068
400	72.045
401	72.295
402	74.364
403	71.977
404	71.636
405	72.841
406	70.841
407	70.545
408	72.773
409	71.932
410	72.818
411	72.455
412	72.955
413	72.114
414	71.795
415	71.386
416	70.273
417	71.977
418	71.886
419	69.659
420	71.636
421	69.432
422	71.227
423	71.341
424	70.341
425	71.318
426	70.886
427	71.159
428	72.659
429	71.455
430	71.5
431	71.114
432	71.159
433	70.295
434	70.841
435	71.091
436	72.227
437	72.205
438	72.341
439	71.455
440	71.977
441	71.705
442	71.477
443	70.023
444	71.068
445	71.545
446	69.886
447	72.432
448	71.432
449	71.023
450	71.477
451	71.977
452	71.523
453	70.795
454	70.045
455	69.205
456	69.977
457	69.886
458	70.455
459	70.045
460	69.886
461	71.886
462	70.705
463	71.023
464	72.182
465	71.409
466	70
467	71.068
468	71.205
469	71.023
470	71.705
471	71.273
472	71.477
473	71.091
474	71.432
475	70.273
476	71.091
477	70.432
478	69.75
479	70.409
480	69.25
481	70.227
482	70.159
483	70.841
484	70.818
485	72.068
486	71.341
487	71.114
488	70.568
489	70.636
490	70.455
491	70.886
492	70.75
493	70.75
494	70.273
495	70.636
496	70.227
497	70.818
498	70.409
499	71.727
500	70.568
501	70.841
502	72.114
503	70.523
504	70.568
505	71
506	71.114
507	70.432
508	72.273
509	74
510	70.727
511	70.295
512	69.886
513	71.909
514	70.182
515	70.477
516	71.182
517	70.886
518	71.477
519	71.409
520	72.227
521	70.591
522	71.545
523	69.364
524	71.386
525	71.432
526	68.841
527	71.25
528	69.409
529	70.136
530	70.841
531	70.205
532	70.5
533	70.273
534	69.795
535	70.886
536	70.818
537	70.091
538	69.886
539	70.977
540	69.909
541	72.205
542	70.727
543	69.636
544	69.841
545	70.455
546	70.795
547	71.205
548	70.636
549	71.523
550	71.273
551	70.295
552	70.25
553	72.068
554	70.909
555	69.432
556	70.477
557	69.659
558	69.909
559	71.273
560	68.705
561	70.614
562	70.795
563	71.432
564	70.614
565	70.25
566	69.659
567	70.727
568	69.182
569	70.614
570	70.386
571	69.932
572	69.614
573	71.409
574	69
575	69.091
576	70.136
577	70.136
578	69.068
579	69.545
580	70.364
581	69.568
582	72.523
583	73.977
584	74.841
585	73.818
586	76.409
587	75.591
588	73.955
589	73.568
590	73.75
591	73.5
592	75.205
593	73.273
594	74.227
595	72.818
596	71.409
597	71.955
598	72.477
599	72.977
600	73.432
601	73.364
602	71.591
603	72.205
604	69.25
605	70.705
606	70.386
607	70.659
608	71.432
609	71.25
610	70.75
611	71.25
612	70.727
613	70.682
614	71.136
615	69.409
616	70.182
617	70.227
618	70.773
619	71.364
620	70.136
621	69.75
622	71.432
623	72.341
624	70.659
625	71.25
626	69.114
627	72.5
628	71.227
629	71.023
630	70.432
631	69.909
632	69.159
633	71.227
634	71.205
635	71.318
636	71.295
637	70.273
638	71.5
639	70.773
640	69.795
641	71.568
642	71.045
643	69.705
644	69.795
645	70.114
646	70.295
647	70.25
648	71.159
649	70.318
650	70.023
651	71.568
652	68.659
653	71.886
654	70.773
655	69.773
656	71.273
657	71.636
658	72.295
659	70.659
660	70.636
661	70.341
662	70.932
663	72.045
664	69.955
665	71.523
666	71.091
667	70.182
668	68.977
669	69.955
670	69.864
671	70.5
672	70.659
673	70.955
674	69.25
675	69.909
676	69.864
677	70.205
678	71.773
679	71.864
680	73.045
681	73.614
682	73.841
683	74.523
684	73.909
685	76
686	75.705
687	74.841
688	75.023
689	75.091
690	73.136
691	72.955
692	73.136
693	73.477
694	72.75
695	71.727
696	72.364
697	71.705
698	72.659
699	70.023
700	69.159
701	70.591
702	70.068
703	70.432
704	71.023
705	70.659
706	71.432
707	72.432
708	69.227
709	70.409
710	70.5
711	70.932
712	70.295
713	72.818
714	70.955
715	69.341
716	72.341
717	71.909
718	69.614
719	70.909
720	70.205
721	71.909
722	71.386
723	70.182
724	72.364
725	71.045
726	70.227
727	71.864
728	70.114
729	69.409
730	71.432
731	72.568
732	70.886
733	70.568
734	69.75
735	70.114
736	69.591
737	68.364
738	70.432
739	70.25
740	70.455
741	69.886
742	69.705
743	68.477
744	70.932
745	70.864
746	71.614
747	71.455
748	69.795
749	70.864
750	71.068
751	70.705
752	70.25
753	70.364
754	70.341
755	70.136
756	70
757	68.455
758	70.705
759	69.977
760	71.591
761	70.818
762	71.773
763	71.182
764	70.909
765	69.886
766	70.318
767	70.568
768	69.295
769	68.659
770	70.114
771	69.818
772	69.091
773	70.159
774	71.182
775	69.273
776	68.341
777	70.864
778	69.727
779	70.386
780	69.614
781	72.25
782	70.182
783	70.273
784	68.818
785	71.182
786	71.182
787	70.364
788	70.955
789	69.455
790	71.159
791	69.818
792	70.977
793	70.341
794	69.932
795	68.864
796	70.841
797	70.864
798	70.818
799	70
800	70.182
801	71.795
802	69.864
803	68.659
804	70.795
805	71.182
806	71.136
807	71.227
808	68.477
809	70.568
810	70.114
811	70.705
812	69.682
813	70.5
814	70.227
815	70.818
816	69.205
817	70.659
818	68.295
819	70.045
820	68.75
821	69.25
822	68.841
823	68.614
824	69.068
825	68.955
826	69.818
827	70.545
828	68.705
829	70.591
830	70.136
831	70.773
832	70.545
833	70.205
834	69.614
835	69.568
836	68.659
837	70.091
838	70.295
839	70.023
840	69.636
841	70.136
842	70.182
843	68.795
844	71.136
845	69.545
846	69.409
847	68.568
848	67.295
849	69.773
850	69.5
851	70.159
852	68.477
853	70.068
854	69.591
855	70.386
856	71.432
857	68.227
858	71.114
859	69.5
860	69.932
861	68.5
862	70.795
863	69.705
864	68.636
865	69.386
866	69.864
867	68.659
868	69.705
869	70.068
870	70.75
871	71.023
872	71.136
873	69.409
874	70.182
875	71.364
876	69.091
877	69.591
878	71.068
879	72.045
880	68
881	69.636
882	68.682
883	70
884	70.818
885	69.795
886	68.932
887	69.205
888	69.068
889	70.136
890	69.432
891	70.159
892	71.295
893	70.841
894	74.045
895	73.136
896	73.091
897	76.091
898	74.409
899	75.977
900	73.205
901	73.227
902	74.25
903	75
904	71.591
905	73.568
906	72.318
907	70.136
908	71.523
909	71.227
910	71.068
911	72.273
912	71.864
913	73.727
914	74.432
915	73.727
916	77.205
917	73.795
918	73.682
919	73.705
920	73.955
921	72.977
922	71.818
923	72.864
924	71.068
925	73.159
926	71.75
927	73.432
928	71.614
929	72.159
930	71.659
931	70.318
932	71.068
933	71.886
934	70.318
935	71.091
936	71.205
937	71.409
938	70.455
939	72.318
940	72.068
941	71.136
942	72.682
943	72.091
944	71.182
945	71.795
946	68.909
947	71.614
948	70.25
949	70.114
950	70.659
951	70.568
952	70.318
953	69.091
954	72.227
955	70.545
956	68.545
957	69.273
958	72.341
959	69.841
960	69.705
961	71.295
962	71.364
963	70.068
964	70.5
965	70.295
966	70.114
967	70
968	70.705
969	69.205
970	71.75
971	71.386
972	71.432
973	74.432
974	74.659
975	74.773
976	75.364
977	75.523
978	74.614
979	75.159
980	74.273
981	73.591
982	71.955
983	73.182
984	71.455
985	71.705
986	71.341
987	71.432
988	72.591
989	71.273
990	71.341
991	72.705
992	70.773
993	71.432
994	71.432
995	70.659
996	68.523
997	70.5
998	69.864
999	71.386
1000	71.909
1001	71.432
1002	69.773
1003	70.318
1004	68.25
1005	70.341
1006	71.227
1007	70.795
1008	70.909
1009	70.227
1010	69.705
1011	69.5
1012	71.114
1013	70.159
1014	69.682
1015	69.5
1016	70.568
1017	68.409
1018	71.818
1019	70
1020	70.023
1021	68.909
1022	70.705
1023	71.682
1024	69.636
1025	69.795
1026	71.25
1027	67.091
1028	69.864
1029	68.614
1030	70.432
1031	70.023
1032	69.068
1033	70.341
1034	69.25
1035	69.932
1036	68.614
1037	68.318
1038	69.614
1039	68.909
1040	70.364
1041	68.341
1042	69.25
1043	70.227
1044	70.205
1045	69.432
1046	70.727
1047	69.977
1048	69.841
1049	70.25
1050	69.841
1051	70.045
1052	70.818
1053	71.023
1054	69.682
1055	70.114
1056	70.205
1057	69.614
1058	70.068
1059	70.205
1060	68.977
1061	69.568
1062	70.023
1063	71.205
1064	69.795
1065	69.773
1066	69.5
1067	69.114
1068	69.136
1069	69.091
1070	69.159
1071	68.705
1072	69.182
1073	69.568
1074	71.045
1075	70.705
1076	67.909
1077	70.409
1078	69.045
1079	69.477
1080	72.227
1081	69.273
1082	69.545
1083	69.091
1084	69.295
1085	68.773
1086	69.318
1087	68.841
1088	68.159
1089	69.614
1090	69.568
1091	69.273
1092	70.75
1093	69.75
1094	69.705
1095	69.364
1096	68.5
1097	68.864
1098	69.545
1099	70.136
1100	69.318
1101	69.659
1102	69.295
1103	69.295
1104	70.977
1105	69.455
1106	69.25
1107	69.114
1108	70.591
1109	69.977
1110	69.318
1111	69.409
1112	69.432
1113	68.75
1114	69.5
1115	69.977
1116	70.068
1117	69.341
1118	68.75
1119	70.364
1120	68.614
1121	69.295
1122	70.273
1123	67.909
1124	69.523
1125	69.205
1126	68.045
1127	69.727
1128	68.25
1129	69.227
1130	68.364
1131	68.159
1132	68.568
1133	69.182
1134	68.364
1135	70.023
1136	70.295
1137	69.182
1138	69.386
1139	71.318
1140	69.182
1141	69.318
1142	67.705
1143	71.591
1144	69.477
1145	69.727
1146	69.841
1147	70.318
1148	69.364
1149	68.818
1150	69.841
1151	68.295
1152	69.5
1153	68.886
1154	68.386
1155	68.227
1156	69.614
1157	68.091
1158	70.705
1159	70.523
1160	69.773
1161	69.182
1162	70.364
1163	69
1164	68.773
1165	67.977
1166	69.432
1167	69.614
1168	69.114
1169	69.205
1170	66.977
1171	69.364
1172	68.909
1173	68.659
1174	68.614
1175	69.591
1176	69.205
1177	68.568
1178	70.25
1179	69.364
1180	70.818
1181	68.841
1182	69.432
1183	69
1184	70.455
1185	69.477
1186	68.364
1187	69.25
1188	69.091
1189	67.364
1190	69.159
1191	69.636
1192	67.455
1193	69.023
1194	68.773
1195	69.568
1196	68.295
1197	68.409
1198	68.955
1199	68.841
1200	68.182
1201	68.364
1202	69
1203	67.477
1204	69.455
1205	67.841
1206	69.114
1207	68.886
1208	68.114
1209	68.318
1210	69.727
1211	67.636
1212	69.364
1213	68.818
1214	68.25
1215	68.955
1216	69.568
1217	69.273
1218	69.273
1219	68.227
1220	69.318
1221	68.636
1222	69.25
1223	71.455
1224	71.659
1225	71.068
1226	71.114
1227	71.091
1228	72.182
1229	72.636
1230	72.955
1231	70.818
1232	72.227
1233	73.159
1234	70.114
1235	70.841
1236	71.364
1237	71.705
1238	70.364
1239	69.136
1240	70.886
1241	69.977
1242	68.455
1243	68.955
1244	70.273
1245	70.614
1246	69.705
1247	68.227
1248	68.705
1249	69.318
1250	69
1251	69.159
1252	71.682
1253	70.841
1254	70.045
1255	69.841
1256	69.523
1257	70.432
1258	71.114
1259	70.227
1260	68.682
1261	69.818
1262	69.409
1263	69.932
1264	70.955
1265	68.773
1266	70
1267	69.909
1268	67.932
1269	69.205
1270	68.341
1271	67.273
1272	69.182
1273	70.25
1274	67.568
1275	67.818
1276	69.659
1277	69.841
1278	67.818
1279	68.886
1280	69.455
1281	70.159
1282	69.136
1283	69.705
1284	67.909
1285	68.432
1286	70.341
1287	69.182
1288	70.886
1289	68.432
1290	68.409
1291	68.727
1292	69.795
1293	69.591
1294	69.705
1295	69.023
1296	68.5
1297	69.614
1298	70.614
1299	67.955
1300	68.091
1301	68.455
1302	68.477
1303	68.591
1304	70.682
1305	69.227
1306	68.705
1307	69.295
1308	68.341
1309	70.318
1310	67.909
1311	68.5
1312	69.045
1313	67.909
1314	66.75
1315	68.227
1316	67.227
1317	68.773
1318	68.227
1319	68.25
1320	69.273
1321	69.477
1322	69.091
1323	68.568
1324	69.295
1325	69.364
1326	69.773
1327	68.568
1328	66.409
1329	67.864
1330	69.568
1331	69.75
1332	70.068
1333	68.795
1334	69.909
1335	69.5
1336	67.182
1337	67.909
1338	67.864
1339	68.273
1340	69.636
1341	68.159
1342	68.068
1343	69.932
1344	69.455
1345	68.795
1346	68.727
1347	68.727
1348	68.364
1349	68.864
1350	67.864
1351	70.25
1352	68.114
1353	70.227
1354	69.955
1355	69.136
1356	69.614
1357	69.182
1358	70.273
1359	68.682
1360	68.705
1361	68.205
1362	69.5
1363	67.977
1364	68.114
1365	68.477
1366	69.386
1367	68.568
1368	68.318
1369	67.932
1370	68.568
1371	66.909
1372	68.545
1373	68.045
1374	67.273
1375	69.273
1376	67.591
1377	68.795
1378	67.955
1379	69.636
1380	68.932
1381	68.818
1382	67.773
1383	69.023
1384	69.432
1385	67.364
1386	67.614
1387	68.682
1388	69.341
1389	70.568
1390	68.523
1391	69.205
1392	68.636
1393	69.182
1394	69.477
1395	68.705
1396	69.045
1397	68.545
1398	69.364
1399	70.455
1400	69.114
1401	69.477
1402	68.773
1403	69
1404	71.409
1405	71.477
1406	72.205
1407	72.705
1408	73.341
1409	73.068
1410	73.955
1411	72.023
1412	72.477
1413	71.727
1414	74.159
1415	71.841
1416	72.477
1417	72.932
1418	72.136
1419	69.477
1420	69.932
1421	70.159
1422	68.682
1423	68.818
1424	69.455
1425	68.841
1426	69.773
1427	69.568
1428	69.659
1429	70.5
1430	70.477
1431	70.795
1432	68.409
1433	69.295
1434	66.977
1435	69.091
1436	69.773
1437	69.432
1438	68.705
1439	68.591
1440	68.705
1441	68.614
1442	68.136
1443	68.841
1444	69.386
1445	67.727
1446	70
1447	68.705
1448	68.909
1449	69.432
1450	68.432
1451	69.136
1452	67.955
1453	69.727
1454	68.682
1455	69.318
1456	69.227
1457	68.614
1458	68.682
1459	68.659
1460	68.977
1461	68.818
1462	67.932
1463	68.205
1464	68.25
1465	69.318
1466	69.136
1467	71.364
1468	72.023
1469	71.773
1470	73.545
1471	73.432
1472	71.159
1473	72.364
1474	73.273
1475	72.545
1476	73
1477	72.159
1478	74.477
1479	71.5
1480	72.159
1481	72.568
1482	70.5
1483	70.091
1484	70.477
1485	70.023
1486	69.977
1487	69.545
1488	69.5
1489	70.523
1490	69.955
1491	69.114
1492	68.909
1493	68.727
1494	70.25
1495	69.614
1496	69.455
1497	70.75
1498	68.841
1499	70.068
1500	70.25
1501	69.591
1502	70.523
1503	68.409
1504	69.5
1505	70.045
1506	69.273
1507	69.114
1508	68.455
1509	71.045
1510	69.182
1511	69.045
1512	69
1513	70.182
1514	69.886
1515	68.818
1516	69.841
1517	70.682
1518	68.477
1519	70.591
1520	69.523
1521	68.614
1522	70.159
1523	68.5
1524	67.909
1525	67.318
1526	68.068
1527	67.205
1528	69.023
1529	69.205
1530	69.523
1531	69.136
1532	68.727
1533	68.023
1534	68.295
1535	69.705
1536	68.955
1537	69.795
1538	67.818
1539	68.591
1540	69.091
1541	70.068
1542	68.341
1543	68.432
1544	69.295
1545	68
1546	67.705
1547	67.545
1548	69.182
1549	68.159
1550	68.659
1551	68.386
1552	66.705
1553	68.114
1554	68.205
1555	68.25
1556	69.591
1557	69.136
1558	69.341
1559	68.5
1560	69.341
1561	70.591
1562	69.818
1563	68.636
1564	68.977
1565	68.114
1566	68.523
1567	69.25
1568	72.114
1569	71.591
1570	71.932
1571	72.773
1572	73.591
1573	71.864
1574	72.341
1575	71.75
1576	70.659
1577	69.955
1578	69.5
1579	70.182
1580	71.932
1581	70.182
1582	70.159
1583	69.523
1584	69.591
1585	68.136
1586	69.75
1587	69.5
1588	69.773
1589	70.295
1590	69.568
1591	68.818
1592	69.705
1593	68.932
1594	67.614
1595	67.591
1596	68.455
1597	68.341
1598	68.773
1599	68.159
1600	69.841
1601	68.045
1602	69.273
1603	67.886
1604	68.045
1605	70.114
1606	68.295
1607	67.318
1608	67.023
1609	69.568
1610	70.364
1611	69.159
1612	69.705
1613	68.659
1614	69.045
1615	68.773
1616	67.273
1617	67.068
1618	68.182
1619	66.955
1620	67.659
1621	67.023
1622	67.5
1623	69.477
1624	69.455
1625	68.25
1626	66.955
1627	68.614
1628	68.364
1629	69.25
1630	68.841
1631	67.614
1632	68.364
1633	67.773
1634	67.75
1635	68.5
1636	70.409
1637	70.955
1638	72.364
1639	71.386
1640	71.705
1641	73.818
1642	72.545
1643	73.409
1644	71.182
1645	70.591
1646	71.386
1647	71.068
1648	71.114
1649	70.5
1650	70.432
1651	68.091
1652	71.25
1653	68.909
1654	67.523
1655	66.227
1656	69.591
1657	69.591
1658	69.705
1659	70.25
1660	68.432
1661	69.455
1662	67.182
1663	68.727
1664	68.932
1665	68.409
1666	69.659
1667	68.205
1668	68.25
1669	67.659
1670	67.205
1671	68.159
1672	68
1673	68.955
1674	68.205
1675	69.432
1676	68.182
1677	69
1678	69.455
1679	68.5
1680	67.75
1681	67.818
1682	67.295
1683	68.273
1684	69.159
1685	67.886
1686	69.182
1687	66.477
1688	68.568
1689	68.5
1690	68.25
1691	67.75
1692	69.341
1693	68.614
1694	68.091
1695	68.023
1696	67.091
1697	66.886
1698	67.795
1699	67.727
1700	66.841
1701	66.727
1702	68.864
1703	66.773
1704	67.273
1705	67.091
1706	66.477
1707	68.818
1708	67.136
1709	66.068
1710	68.818
1711	68.886
1712	68.364
1713	68.409
1714	68.886
1715	68.205
1716	68.295
1717	69.295
1718	66.636
1719	67.727
1720	66.477
1721	68.682
1722	66.636
1723	68.795
1724	67.318
1725	68.886
1726	68.636
1727	71.068
1728	70.909
1729	72.091
1730	72.5
1731	73.386
1732	73.955
1733	72.727
1734	72.932
1735	72.409
1736	71.114
1737	70.545
1738	71.455
1739	70.091
1740	69.409
1741	70.227
1742	68.886
1743	69.659
1744	70.068
1745	69.182
1746	68.364
1747	69.75
1748	69.364
1749	69.182
1750	69.432
1751	69.159
1752	70.568
1753	69.341
1754	68.045
1755	70.591
1756	69.909
1757	70.295
1758	67.636
1759	69.273
1760	67.636
1761	67.795
1762	67.864
1763	68.523
1764	67.682
1765	69.545
1766	68.432
1767	69.545
1768	67.727
1769	68.182
1770	68.795
1771	68.818
1772	69.523
1773	69.273
1774	69.182
1775	66.386
1776	68.114
1777	68.477
1778	67.364
1779	67.955
1780	69.432
1781	69.614
1782	68.841
1783	68.523
1784	68.341
1785	67.841
1786	67.932
1787	68.477
1788	66.864
1789	68.386
1790	68.636
1791	68.341
1792	67.386
1793	68.864
1794	66.909
1795	67.818
1796	68.523
1797	67.227
1798	67.818
1799	69.455
1800	70.159
1801	68.341
1802	68.659
1803	68.659
1804	68.886
1805	69.295
1806	70.114
1807	68.818
1808	68.295
1809	68.182
1810	70.227
1811	69.591
1812	68.886
1813	69.886
1814	68.273
1815	67.955
1816	67.159
1817	67.591
1818	68.841
1819	68.955
1820	68.568
1821	68.659
1822	68.136
1823	68.182
1824	67.705
1825	70.136
1826	68.136
1827	68.114
1828	67.705
1829	67.295
1830	70
1831	69.477
1832	68.318
1833	67.705
1834	69.25
1835	68.227
1836	69.182
1837	69.591
1838	69.682
1839	69.136
1840	69.5
1841	70.591
1842	68.295
1843	69.068
1844	69.091
1845	69.477
1846	69.068
1847	68.023
1848	68.136
1849	67.341
1850	68.545
1851	68.477
1852	69.75
1853	68.773
1854	67.727
1855	68.455
1856	68.409
1857	69.841
1858	69.045
1859	66.773
1860	68.409
1861	67.955
1862	68.909
1863	69.25
1864	68.909
1865	69.409
1866	69.159
1867	68.068
1868	67.159
1869	69.068
1870	67.386
1871	69.636
1872	68.25
1873	67.886
1874	69.318
1875	68.25
1876	67.023
1877	69.159
1878	68.364
1879	68.659
1880	69.045
1881	67.659
1882	67.932
1883	69.432
1884	68.295
1885	69.977
1886	70.955
1887	71.227
1888	72.455
1889	72.886
1890	72.682
1891	70.977
1892	72.795
1893	70.227
1894	72.295
1895	72.091
1896	69.205
1897	70.205
1898	69.364
1899	71.136
1900	70.295
1901	69.682
1902	70.909
1903	69.773
1904	69.455
1905	69.341
1906	71.455
1907	67.977
1908	67.932
1909	69.273
1910	69.841
1911	68.659
1912	68.045
1913	69.136
1914	69.227
1915	68.068
1916	67.364
1917	68.364
1918	69.068
1919	69.364
1920	69
1921	68.795
1922	67.932
1923	68.477
1924	68.273
1925	66.659
1926	69.341
1927	68.045
1928	68.818
1929	68.75
1930	68.114
1931	69.227
1932	69.409
1933	69.068
1934	68.659
1935	68.068
1936	68.114
1937	66.523
1938	68.682
1939	68.409
1940	67.932
1941	68.682
1942	68.955
1943	69.136
1944	68.545
1945	69.659
1946	68.227
1947	68.818
1948	69.841
1949	67.591
1950	68.386
1951	67.773
1952	67.932
1953	67.682
1954	69.682
1955	67.091
1956	68.727
1957	66.205
1958	68.068
1959	68.068
1960	67.068
1961	68.477
1962	67.659
1963	69.295
1964	68.591
1965	67.977
1966	68.636
1967	67.364
1968	68.432
1969	68.25
1970	68.25
1971	67.432
1972	67.477
1973	68.932
1974	67.818
1975	66.727
1976	66.75
1977	69.273
1978	68.295
1979	66.955
1980	68.477
1981	70.659
1982	67.773
1983	69.318
1984	68.455
1985	69
1986	67.568
1987	67.909
1988	67.955
1989	68.227
1990	66.318
1991	68.182
1992	68.023
1993	67.364
1994	66.886
1995	67.386
1996	68.591
1997	67.705
1998	67.25
1999	67.432
2000	67.909
2001	69
2002	67.182
2003	68.318
2004	67.477
2005	67.25
2006	68.477
2007	65.386
2008	66.864
2009	67.659
2010	67.636
2011	67.614
2012	66.5
2013	68.023
2014	68.182
2015	69.045
2016	68.909
2017	68.432
2018	68.182
2019	67.705
2020	69.091
2021	67.523
2022	68.568
2023	68.682
2024	69.523
2025	68.795
2026	68.682
2027	66.409
2028	68.023
2029	67.477
2030	67.273
2031	67.136
2032	66.614
2033	67.023
2034	68.5
2035	68.205
2036	68.091
2037	67.932
2038	66.568
2039	68.545
2040	68.477
2041	67.432
2042	69.045
2043	69.477
2044	68.705
2045	69.386
2046	68.364
2047	69.75
2048	68.932
2049	70.227
2050	70.932
2051	71.227
2052	69.795
2053	69.523
2054	70.023
2055	70.773
2056	70.205
2057	68.568
2058	69.068
2059	69.159
2060	69.068
2061	69.886
2062	67.273
2063	69.841
2064	69.682
2065	68.818
2066	68.5
2067	68.614
2068	69.386
2069	67.068
2070	69.341
2071	69.727
2072	68.932
2073	70.295
2074	68.091
2075	68.659
2076	68.409
2077	68.341
2078	68.864
2079	69
2080	68.409
2081	67.795
2082	68.273
2083	69
2084	67.659
2085	67.682
2086	68.886
2087	67.386
2088	67.977
2089	67.636
2090	68.614
2091	67.659
2092	68.182
2093	67.818
2094	67.795
2095	67.795
2096	68.409
2097	67.977
2098	67.773
2099	67.659
2100	68.273
2101	67.182
2102	68.136
2103	66.909
2104	66.591
2105	67.25
2106	68
2107	67.705
2108	67.523
2109	67.545
2110	67.955
2111	68.591
2112	67.5
2113	66.545
2114	68.136
2115	68
2116	68.455
2117	68.25
2118	66.886
2119	67.114
2120	69.795
2121	65.909
2122	68.205
2123	67.568
2124	67.114
2125	68.455
2126	68.432
2127	68.273
2128	66.614
2129	66.568
2130	67.341
2131	67.136
2132	66.932
2133	67.568
2134	68.841
2135	68.341
2136	67.909
2137	67.045
2138	67.886
2139	67.841
2140	68.068
2141	68.273
2142	67.727
2143	66.886
2144	67.25
2145	67.273
2146	67.886
2147	66.068
2148	67.227
2149	67.977
2150	66.841
2151	68.432
2152	68.182
2153	67.909
2154	68.227
2155	66.386
2156	68.841
2157	67.045
2158	66.727
2159	68.818
2160	66.727
2161	66.727
2162	67.795
2163	65.136
2164	66.659
2165	68.227
2166	67.773
2167	67.295
2168	67.023
2169	68.023
2170	66.909
2171	67.773
2172	66.659
2173	67.659
2174	68.75
2175	66.841
2176	66.227
2177	68.25
2178	68.545
2179	67.068
2180	66.75
2181	66.795
2182	66.114
2183	67.227
2184	66.818
2185	67.341
2186	66.795
2187	67.864
2188	67.636
2189	67.114
2190	67.068
2191	67.932
2192	67.068
2193	66.682
2194	66.227
2195	67.364
2196	67.136
2197	69.455
2198	67.159
2199	69.159
2200	67.045
2201	68.136
2202	68.682
2203	68.818
2204	68.795
2205	70.841
2206	68.727
2207	72.023
2208	71.409
2209	71
2210	70.773
2211	70.705
2212	70.841
2213	69.341
2214	69.636
2215	69.705
2216	68.818
2217	69.273
2218	68.955
2219	68.932
2220	69.477
2221	68.841
2222	68.386
2223	68.409
2224	68.864
2225	68.773
2226	68.386
2227	68.295
2228	67.909
2229	67.614
2230	67.614
2231	69.5
2232	68.159
2233	67.182
2234	67.182
2235	67.977
2236	68.273
2237	67.409
2238	69.205
2239	68.977
2240	68.386
2241	65.932
2242	69.023
2243	67.773
2244	68.409
2245	68.977
2246	68.795
2247	69.091
2248	68.614
2249	68.409
2250	66.955
2251	68.068
2252	67.977
2253	67.841
2254	66.864
2255	67.25
2256	65.955
2257	66.909
2258	67.341
2259	67.386
2260	66
2261	67.773
2262	67.773
2263	67.045
2264	66.273
2265	67.409
2266	69.273
2267	68.795
2268	67.5
2269	66.545
2270	66.432
2271	67.341
2272	67.614
2273	67.795
2274	68.773
2275	67.295
2276	66.5
2277	67.341
2278	67.636
2279	68.409
2280	66.614
2281	69.023
2282	67.341
2283	68.636
2284	68.568
2285	67.886
2286	69.182
2287	69.614
2288	66.705
2289	67.682
2290	65
2291	67.818
2292	67.114
2293	66
2294	66.318
2295	68.159
2296	67.659
2297	66.364
2298	68.727
2299	66.909
2300	68.614
2301	68.136
2302	67.341
2303	67.568
2304	67.386
2305	66.5
2306	65.977
2307	67.477
2308	66.523
2309	65.818
2310	67.477
2311	66.886
2312	67.864
2313	67.091
2314	68.364
2315	66.886
2316	66.614
2317	66.523
2318	68.182
2319	67.273
2320	68.045
2321	66.318
2322	67.068
2323	66.318
2324	65.841
2325	68.159
2326	67.364
2327	68.568
2328	69.318
2329	68.068
2330	66.909
2331	66.795
2332	66.091
2333	64.295
2334	66.773
2335	66.682
2336	66.523
2337	66.432
2338	67.432
2339	67.25
2340	67.545
2341	68.182
2342	67.636
2343	67.409
2344	66.614
2345	67.841
2346	67.705
2347	65.864
2348	65.182
2349	68.432
2350	67.568
2351	67.091
2352	66.068
2353	66.864
2354	66.5
2355	67.886
2356	67.023
2357	66.341
2358	67.159
2359	68.932
2360	67.75
2361	68.045
2362	68.682
2363	69.227
2364	67.341
2365	69.568
2366	72.636
2367	68.386
2368	71.5
2369	72.273
2370	70.068
2371	69.932
2372	69.909
2373	67.659
2374	69.932
2375	69.886
2376	67.955
2377	69.273
2378	69.977
2379	69.591
2380	69.614
2381	69.386
2382	66.205
2383	67.841
2384	67.886
2385	68.25
2386	68.068
2387	68.523
2388	68.227
2389	67.636
2390	67.682
2391	66.432
2392	66.591
2393	66.023
2394	67.682
2395	67.045
2396	68.864
2397	68.841
2398	66.591
2399	66.727
2400	67.841
2401	68.636
2402	68.614
2403	68.727
2404	66.795
2405	69.205
2406	66.545
2407	69.386
2408	68.364
2409	69.045
2410	67.477
2411	68.091
2412	67.75
2413	68
2414	69.045
2415	67.568
2416	67.182
2417	67.318
2418	67.045
2419	66.977
2420	67.705
2421	68.295
2422	68.136
2423	67.614
2424	67.455
2425	66.023
2426	67.364
2427	66.773
2428	66.773
2429	67.545
2430	68.318
2431	66.932
2432	67.659
2433	67.341
2434	68.591
2435	66
2436	67.295
2437	69.159
2438	67.091
2439	67.432
2440	66.795
2441	67.159
2442	65.795
2443	67.182
2444	66.273
2445	65.432
2446	65.886
2447	67.25
2448	66.432
2449	68.818
2450	67.364
2451	67
2452	66.659
2453	68
2454	66.455
2455	69.5
2456	68.682
2457	67.5
2458	66.705
2459	67.182
2460	67.864
2461	65.545
2462	67.659
2463	66.614
2464	67.886
2465	67.568
2466	66.25
2467	66.227
2468	65.591
2469	67.159
2470	66.818
2471	66.159
2472	67.159
2473	66.364
2474	67.795
2475	67.318
2476	67.909
2477	66.932
2478	66.75
2479	66.045
2480	66.682
2481	66.591
2482	65.727
2483	64.614
2484	66.523
2485	66.341
2486	66.977
2487	66.364
2488	68.545
2489	66.568
2490	66.864
2491	66
2492	66.091
2493	67.114
2494	66.409
2495	65.909
2496	67.068
2497	67.205
2498	66.818
2499	66.227
2500	67.409
2501	66.636
2502	67.705
2503	67.932
2504	66.045
2505	67.114
2506	67.409
2507	68.364
2508	66.932
2509	65.795
2510	67.023
2511	67.432
2512	66.864
2513	68.705
2514	67.636
2515	65.659
2516	66.25
2517	67.295
2518	66.705
2519	67.25
2520	68.045
2521	70.318
2522	69.091
2523	69.136
2524	70.545
2525	69.068
2526	69.636
2527	70.886
2528	71.295
2529	68.75
2530	68.795
2531	67.955
2532	69.25
2533	67.795
2534	68.705
2535	68.455
2536	68.682
2537	66.614
2538	66.364
2539	68
2540	67.25
2541	68.295
2542	69.136
2543	67.159
2544	68.136
2545	65.773
2546	66.864
2547	66.682
2548	67.409
2549	66.977
2550	68.5
2551	68.477
2552	66.364
2553	67.318
2554	67.182
2555	65.614
2556	65.682
2557	65.136
2558	67.136
2559	67.909
2560	65.75
2561	65.432
2562	64.614
2563	68.432
2564	66.068
2565	66.091
2566	66.591
2567	67.068
2568	66.682
2569	66.159
2570	67.341
2571	67.523
2572	65.386
2573	67.159
2574	65.545
2575	66.341
2576	68.409
2577	66.068
2578	64.909
2579	67.545
2580	67.5
2581	67.955
2582	67.977
2583	67.091
2584	66.136
2585	68.364
2586	67.023
2587	67.432
2588	66.114
2589	65.386
2590	65.682
2591	67.909
2592	67.432
2593	66.25
2594	66.455
2595	67.295
2596	67.068
2597	68.455
2598	67.136
2599	64.273
2600	67.591
2601	65.864
2602	67.864
2603	66.818
2604	65.5
2605	66.432
2606	66.477
2607	66.773
2608	67.591
2609	63.773
2610	66.636
2611	65.5
2612	65.295
2613	67.5
2614	65.614
2615	66.682
2616	66.955
2617	66.841
2618	65.386
2619	66.705
2620	65.455
2621	67.659
2622	65.523
2623	66.886
2624	65.932
2625	65.932
2626	65.773
2627	65.455
2628	66.568
2629	65
2630	67.455
2631	65.75
2632	65.818
2633	65.477
2634	66.523
2635	65.727
2636	66.455
2637	66.341
2638	66.705
2639	65.591
2640	67.523
2641	66.568
2642	66.5
2643	65.818
2644	65.886
2645	65.182
2646	67.227
2647	66.318
2648	66.341
2649	67.364
2650	66.364
2651	68.682
2652	68.318
2653	68.295
2654	70.841
2655	69.75
2656	69.75
2657	69.659
2658	70.932
2659	69.341
2660	69.682
2661	68.477
2662	68.409
2663	68.545
2664	66.341
2665	67.818
2666	67.841
2667	69.023
2668	68.886
2669	68.227
2670	69.045
2671	66.295
2672	66.773
2673	67.841
2674	66.818
2675	67.955
2676	67
2677	67.977
2678	66.136
2679	66.386
2680	68.886
2681	68.318
2682	68.955
2683	71.25
2684	70.091
2685	68.545
2686	69.432
2687	68.795
2688	68.114
2689	68.545
2690	67.273
2691	67.659
2692	67.023
2693	66.773
2694	68.273
2695	65.955
2696	66.136
2697	67.182
2698	66.136
2699	66.659
2700	66.091
2701	66.205
2702	67.795
2703	66.568
2704	67.5
2705	66.341
2706	66.477
2707	66.409
2708	67.5
2709	67.364
2710	67.159
2711	67.159
2712	66.659
2713	66.75
2714	69.295
2715	67.864
2716	67.364
2717	68.25
2718	66.25
2719	67.659
2720	67
2721	67.023
2722	66.114
2723	66.705
2724	65.682
2725	67.977
2726	67.705
2727	68.409
2728	66.841
2729	66.227
2730	67.25
2731	67.432
2732	67.5
2733	67.068
2734	66.659
2735	67.409
2736	66.568
2737	65.636
2738	66.295
2739	65.955
2740	66.295
2741	66.523
2742	65.523
2743	68.068
2744	66.659
2745	65.864
2746	65.75
2747	67.386
2748	66.409
2749	66.318
2750	66.091
2751	67.409
2752	65.955
2753	65.5
2754	66.341
2755	66.045
2756	67.659
2757	67.25
2758	66.955
2759	65.955
2760	66.5
2761	66.25
2762	67.432
2763	65.614
2764	65.591
2765	65.273
2766	66.477
2767	66.409
2768	65.818
2769	65.932
2770	65.045
2771	66.955
2772	65.864
2773	65.773
2774	65.727
2775	66.136
2776	65.795
2777	67.886
2778	67.727
2779	65
2780	66.523
2781	65.114
2782	67.318
2783	67.114
2784	65.341
2785	66.659
2786	65.727
2787	65.886
2788	66.182
2789	66.477
2790	66.455
2791	66.227
2792	67
2793	65.068
2794	64.909
2795	64.955
2796	65.273
2797	65.659
2798	66.318
2799	68.273
2800	65.364
2801	66.409
2802	66.159
2803	66.523
2804	65.068
2805	67.614
2806	68.114
2807	69.568
2808	69.273
2809	68.886
2810	68.727
2811	68.182
2812	70.545
2813	68.886
2814	69.636
2815	67.705
2816	67.818
2817	67.682
2818	67.114
2819	66.841
2820	67.659
2821	67.841
2822	67.341
2823	67.364
2824	67.409
2825	66.886
2826	66.682
2827	66.773
2828	67.455
2829	67.477
2830	67.682
2831	66.477
2832	69.477
2833	66.455
2834	66.727
2835	67.045
2836	66.75
2837	66.318
2838	68.364
2839	70
2840	68.364
2841	68.25
2842	69.227
2843	69.75
2844	69.273
2845	69.909
2846	68.5
2847	67.886
2848	67.886
2849	68.818
2850	67.409
2851	67.795
2852	67.727
2853	67.182
2854	66.205
2855	66.341
2856	66.091
2857	66.25
2858	66
2859	66.614
2860	67.955
2861	66.977
2862	67.205
2863	67.886
2864	66.591
2865	67.705
2866	67.568
2867	66.864
2868	66.227
2869	66.159
2870	66.682
2871	66.977
2872	65.477
2873	66.545
2874	66.159
2875	67.114
2876	67.409
2877	67.295
2878	67.682
2879	67.705
2880	66.75
2881	67.568
2882	66.205
2883	66.773
2884	66.568
2885	67.205
2886	66.25
2887	66.136
2888	67.068
2889	67.136
2890	68.818
2891	67.409
2892	65.75
2893	67.114
2894	67.068
2895	68.136
2896	67.068
2897	67.409
2898	66.977
2899	67.227
2900	68.045
2901	67.545
2902	66.432
2903	67.023
2904	66.318
2905	67.136
2906	66.386
2907	66.136
2908	67.773
2909	68.341
2910	67.114
2911	66.068
2912	66.545
2913	65.955
2914	65.568
2915	66.818
2916	64.136
2917	66
2918	66.045
2919	65.909
2920	66.955
2921	65.682
2922	64.75
2923	68.955
2924	66.409
2925	66.25
2926	66.386
2927	64.818
2928	65.977
2929	66.341
2930	66.773
2931	67.75
2932	65.682
2933	65.932
2934	65.818
2935	67.045
2936	65.295
2937	65.182
2938	65.818
2939	66.545
2940	66.523
2941	65.75
2942	67.864
2943	65.977
2944	66.864
2945	66
2946	67.682
2947	66.705
2948	64.545
2949	64.75
2950	66.75
2951	65.068
2952	65.932
2953	66.068
2954	67.295
2955	65.636
2956	66.545
2957	65.659
2958	66.705
2959	66.75
2960	66.727
2961	67
2962	66.977
2963	64.409
2964	65.273
2965	67.432
2966	65.864
2967	65.068
2968	67.75
2969	65.841
2970	65.909
2971	65.068
2972	67.455
2973	66.205
2974	65.932
2975	65.091
2976	64.432
2977	65.364
2978	66.409
2979	65.705
2980	65.091
2981	65.159
2982	65.182
2983	67.864
2984	66
2985	64.932
2986	65.227
2987	65.045
2988	64.955
2989	66.341
2990	65.091
2991	66.614
2992	65.705
2993	65.455
2994	66.182
2995	65.909
2996	68
2997	67.341
2998	68
2999	68.523
3000	68.864
3001	69.045
3002	68.386
3003	69.818
3004	69.182
3005	68.409
3006	68.364
3007	68.159
3008	69.659
3009	69.75
3010	67.205
3011	66.795
3012	67.795
3013	68.205
3014	68.045
3015	67.682
3016	66.477
3017	66.75
3018	68.091
3019	66.023
3020	66.386
3021	66.409
3022	64.705
3023	66.909
3024	67
3025	66.091
3026	67.136
3027	65.591
3028	65.818
3029	65.477
3030	67.659
3031	68
3032	67.477
3033	66.386
3034	66.955
3035	67.545
3036	67.227
3037	66.295
3038	67.591
3039	67.295
3040	67.114
3041	65.659
3042	66.682
3043	65.114
3044	68.045
3045	66.455
3046	67.341
3047	68
3048	68.295
3049	66.341
3050	66.455
3051	67.341
3052	67.568
3053	67.682
3054	66.477
3055	65.182
3056	67.159
3057	65.591
3058	67.477
3059	67.182
3060	66.568
3061	66.205
3062	67.773
3063	66.682
3064	66.25
3065	66.795
3066	67.023
3067	68.273
3068	66.205
3069	67.977
3070	66.455
3071	66.659
3072	66.932
3073	66.614
3074	68.091
3075	66.773
3076	65.159
3077	67.568
3078	67.159
3079	66.136
3080	68.091
3081	65.841
3082	67.773
3083	67.205
3084	65.841
3085	66.75
3086	65.727
3087	66.182
3088	66.182
3089	67.159
3090	66.386
3091	64.886
3092	64.955
3093	66.955
3094	65.432
3095	65.136
3096	64.705
3097	66.227
3098	66.909
3099	65.159
3100	66.273
3101	67.659
3102	66.773
3103	66.205
3104	66.773
3105	65.045
3106	66.568
3107	66.477
3108	66.136
3109	67.023
3110	66.705
3111	66.136
3112	66.136
3113	67.545
3114	66.932
3115	66.273
3116	66.705
3117	66.409
3118	65.432
3119	65.705
3120	65.477
3121	65.341
3122	66.091
3123	65.159
3124	66.364
3125	67.045
3126	66.023
3127	65.523
3128	65.886
3129	66.318
3130	66.909
3131	64.886
3132	65.886
3133	65.341
3134	66.932
3135	66.205
3136	66.182
3137	66.091
3138	66.364
3139	66.909
3140	64.682
3141	66.727
3142	65.614
3143	65.841
3144	65.591
3145	65.977
3146	66.364
3147	66.614
3148	67.523
3149	66.705
3150	66.25
3151	67.068
3152	65.795
3153	65.886
3154	66.432
3155	67.386
3156	67.25
3157	69.318
3158	68.659
3159	70.75
3160	70
3161	70.773
3162	68.182
3163	68.886
3164	69.159
3165	68.886
3166	68.432
3167	68.932
3168	68.023
3169	67.818
3170	66.455
3171	68.318
3172	68.523
3173	69.227
3174	67.409
3175	68.364
3176	68.932
3177	68.136
3178	67.841
3179	66.182
3180	67.705
3181	66.295
3182	67.182
3183	66.477
3184	64.409
3185	67.159
3186	64.727
3187	67.114
3188	66.023
3189	65.409
3190	67.25
3191	66.455
3192	65.068
3193	66.045
3194	65.932
3195	66.227
3196	65.909
3197	65.5
3198	66.114
3199	67.864
3200	67.545
3201	65.455
3202	66.727
3203	66.818
3204	64.5
3205	66.818
3206	66.568
3207	67.409
3208	65.75
3209	66.205
3210	64.864
3211	66.773
3212	65.727
3213	66.545
3214	65.659
3215	66.886
3216	65.659
3217	66.091
3218	65.682
3219	65.818
3220	65.682
3221	65.614
3222	65.182
3223	67.045
3224	66.159
3225	66
3226	66.705
3227	67.159
3228	67.023
3229	66
3230	64.795
3231	66.205
3232	65.318
3233	66.795
3234	66.841
3235	65.432
3236	66.727
3237	66.841
3238	65.864
3239	65.932
3240	66.477
3241	67.045
3242	65.75
3243	64.955
3244	65.432
3245	66.409
3246	66.705
3247	64.295
3248	68.955
3249	66.159
3250	67.614
3251	66.727
3252	64.932
3253	64.886
3254	66.977
3255	64.205
3256	66.114
3257	65.364
3258	65.205
3259	65.932
3260	64.955
3261	66.477
3262	66.545
3263	66.045
3264	65.955
3265	65.523
3266	65.886
3267	67.068
3268	66.909
3269	66
3270	65.614
3271	66.341
3272	65.386
3273	65.773
3274	64.932
3275	66.341
3276	65.523
3277	64.523
3278	64.773
3279	65.023
3280	66.091
3281	66.409
3282	64.705
3283	65.409
3284	65.182
3285	65.795
3286	67.159
3287	66.045
3288	65.864
3289	65.614
3290	65.75
3291	65.818
3292	64.636
3293	66.136
3294	66.091
3295	65.75
3296	66.568
3297	66.159
3298	64.864
3299	65.727
3300	64.773
3301	65.455
3302	64.841
3303	65.614
3304	65.25
3305	65.068
3306	64.977
3307	67.75
3308	65.75
3309	67.455
3310	65.25
3311	64.545
3312	65.977
3313	64.364
3314	65.795
3315	67.227
3316	68.159
3317	67.886
3318	67.114
3319	67.818
3320	70.295
3321	68.25
3322	67.795
3323	67.114
3324	67.273
3325	67.5
3326	67.409
3327	66.023
3328	67.523
3329	66.977
3330	65.432
3331	65.227
3332	66.545
3333	66.364
3334	64.909
3335	65.932
3336	64.818
3337	64.614
3338	65.136
3339	65.818
3340	66.227
3341	65.364
3342	64.932
3343	65.455
3344	65.477
3345	65.75
3346	65.568
3347	67.091
3348	66.318
3349	65.523
3350	65.068
3351	64.614
3352	65.636
3353	65.636
3354	65.477
3355	66.273
3356	65.75
3357	65.205
3358	65.068
3359	64.955
3360	66.364
3361	66.295
3362	64.409
3363	63.25
3364	66.25
3365	65.636
3366	65.114
3367	64
3368	64.682
3369	63.159
3370	65.068
3371	64.795
3372	64.273
3373	65.659
3374	65.591
3375	65.159
3376	66.523
3377	64.386
3378	65.659
3379	66.727
3380	64.977
3381	65.136
3382	65.75
3383	64.273
3384	64.795
3385	66.25
3386	65.636
3387	65.068
3388	65.114
3389	65.545
3390	65.864
3391	66.295
3392	63.864
3393	65.227
3394	64.636
3395	63.682
3396	64.795
3397	63.659
3398	65.795
3399	67.727
3400	65.25
3401	65.682
3402	65.205
3403	64.682
3404	65.705
3405	64.977
3406	64.705
3407	64.727
3408	65.068
3409	65.364
3410	65
3411	64.341
3412	64.273
3413	65.364
3414	62.795
3415	62.795
3416	64.727
3417	63.386
3418	63.295
3419	64.75
3420	64.409
3421	64.773
3422	64.545
3423	62.795
3424	64.682
3425	63.068
3426	65.159
3427	65.182
3428	64.568
3429	64.455
3430	65.795
3431	65.75
3432	65.045
3433	64.545
3434	65.909
3435	66.727
3436	66.591
3437	67.318
3438	68.932
3439	66.795
3440	69.091
3441	68.227
3442	68.25
3443	69.091
3444	66.75
3445	66.591
3446	68.386
3447	66.841
3448	67.432
3449	66.955
3450	66.727
3451	65.75
3452	66.682
3453	67.136
3454	65.886
3455	66.841
3456	66.341
3457	67.295
3458	66.25
3459	65.682
3460	66.932
3461	66.023
3462	65.341
3463	66.25
3464	66.477
3465	65.114
3466	65.295
3467	65.545
3468	65.932
3469	65.114
3470	65
3471	64.614
3472	64.659
3473	66.5
3474	67.545
3475	68.386
3476	67.705
3477	68.386
3478	66.795
3479	65.818
3480	66.568
3481	66.5
3482	65.136
3483	65.636
3484	66.477
3485	65.705
3486	66.795
3487	64.886
3488	66.25
3489	66.591
3490	65.75
3491	64.591
3492	66.068
3493	66.159
3494	64.5
3495	64.136
3496	65.114
3497	65
3498	65.659
3499	66.682
3500	65.341
3501	65.432
3502	65.114
3503	64.045
3504	65.523
3505	63.864
3506	64
3507	65.886
3508	65.136
3509	64.455
3510	66.182
3511	64.932
3512	65.659
3513	66.273
3514	64.727
3515	63.886
3516	66.114
3517	64.545
3518	64.614
3519	64.886
3520	64.75
3521	65.409
3522	64.5
3523	64.545
3524	64.023
3525	64.364
3526	64.841
3527	64.886
3528	64.955
3529	64.909
3530	64.955
3531	64.727
3532	63.432
3533	65.318
3534	63.5
3535	65.182
3536	65.909
3537	64.841
3538	63.273
3539	65.045
3540	65.295
3541	64.636
3542	65.932
3543	64.295
3544	64.841
3545	64.773
3546	63.795
3547	65.068
3548	64.523
3549	64.818
3550	64.023
3551	64.432
3552	64.705
3553	64.864
3554	65.545
3555	64.295
3556	64.182
3557	65.5
3558	63.727
3559	65.023
3560	65.568
3561	65.045
3562	64.364
3563	65.205
3564	64.977
3565	63.864
3566	62.909
3567	65.636
3568	64.818
3569	64.25
3570	64.295
3571	63.182
3572	65.636
3573	64.795
3574	65
3575	64.864
3576	65.614
3577	63.932
3578	63.205
3579	63.591
3580	64.432
3581	65.386
3582	63.455
3583	62.818
3584	65.205
3585	65.045
3586	64.227
3587	64.886
3588	64.068
3589	63.295
3590	63.727
3591	65.091
3592	64.114
3593	65.659
3594	62.432
3595	64.227
3596	63.455
3597	64.182
3598	63.568
3599	64.727
3600	64.159
3601	63.545
3602	64.25
3603	65.409
3604	66.114
3605	66.909
3606	68.545
3607	68.591
3608	67.273
3609	68.091
3610	67.886
3611	67.523
3612	66.341
3613	66.727
3614	66.909
3615	66.364
3616	66.818
3617	67.364
3618	66
3619	65.227
3620	64.682
3621	64.727
3622	64.409
3623	64.886
3624	63.932
3625	63.682
3626	64.682
3627	64.932
3628	65.432
3629	65.523
3630	64.159
3631	65.955
3632	64.864
3633	66.136
3634	66.182
3635	67.977
3636	67.795
3637	67.045
3638	68.114
3639	65.659
3640	66.205
3641	66.886
3642	65.477
3643	65.205
3644	66.205
3645	66.205
3646	65.409
3647	67.136
3648	65.591
3649	65.295
3650	64.068
3651	64.977
3652	66.682
3653	66.182
3654	65.386
3655	66.5
3656	65
3657	67.205
3658	65.591
3659	66.386
3660	64.977
3661	64.818
3662	66.091
3663	65.068
3664	66.227
3665	66.636
3666	64.614
3667	65.091
3668	64.068
3669	63.432
3670	64.205
3671	65.182
3672	66
3673	64.273
3674	67.455
3675	64.091
3676	65.568
3677	64.841
3678	65.659
3679	66.045
3680	65.795
3681	65.705
3682	65.136
3683	66.705
3684	66.477
3685	63.795
3686	63.545
3687	65.068
3688	65.045
3689	64.227
3690	63.977
3691	64
3692	66.159
3693	63.159
3694	64.886
3695	64.659
3696	63.75
3697	64.318
3698	65.432
3699	64.886
3700	64.795
3701	64.341
3702	64.909
3703	65.591
3704	65.091
3705	64.727
3706	65.364
3707	65.795
3708	64.545
3709	65.682
3710	65.273
3711	65.864
3712	65.432
3713	65.636
3714	65.614
3715	65.591
3716	65
3717	65.523
3718	64.773
3719	64.295
3720	63.523
3721	64.909
3722	64.227
3723	65.523
3724	64.5
3725	63.364
3726	66.045
3727	64.5
3728	62.977
3729	65.932
3730	66
3731	64.705
3732	64.068
3733	64.591
3734	65
3735	64.273
3736	64.25
3737	63.068
3738	64.5
3739	64.136
3740	64.977
3741	63.659
3742	63.386
3743	64.545
3744	62.727
3745	65.705
3746	65.068
3747	63.432
3748	63.341
3749	66.068
3750	64.75
3751	64.136
3752	64.727
3753	64.523
3754	62.023
3755	65.159
3756	65.477
3757	62.25
3758	63.364
3759	64.5
3760	64.159
3761	63.364
3762	62.432
3763	62.523
3764	64.318
3765	63.295
3766	64.023
3767	63.795
3768	63.5
3769	65.045
3770	64.773
3771	64.045
3772	64.045
3773	64.364
3774	63.045
3775	64.727
3776	63.523
3777	64.159
3778	64.545
3779	63.909
3780	64.864
3781	63.886
3782	65.477
3783	64.273
3784	64.477
3785	64.5
3786	64.932
3787	63.909
3788	65.523
3789	65.114
3790	64.5
3791	65.5
3792	64.682
3793	67.136
3794	66.5
3795	67
3796	67.182
3797	67.455
3798	65.886
3799	68
3800	66.682
3801	67.5
3802	67.159
3803	65.955
3804	67.705
3805	66.045
3806	66.045
3807	65.318
3808	65.136
3809	65.841
3810	65.227
3811	65.818
3812	64.705
3813	63.341
3814	65.75
3815	63.977
3816	66.932
3817	65.682
3818	64.091
3819	65.023
3820	64.5
3821	64.068
3822	66.409
3823	65.159
3824	64.977
3825	64.091
3826	62.909
3827	65.432
3828	64.136
3829	63.227
3830	63.682
3831	63.182
3832	63.682
3833	64.159
3834	64.545
3835	63.841
3836	63.977
3837	62.75
3838	63.75
3839	64.386
3840	66.045
3841	64.682
3842	63.932
3843	63.432
3844	65.068
3845	65.341
3846	65.75
3847	65.182
3848	63.977
3849	64.25
3850	65.114
3851	65.909
3852	63.909
3853	64.455
3854	64.023
3855	64.295
3856	62.636
3857	62.659
3858	62.75
3859	63.295
3860	61.886
3861	64.614
3862	64.977
3863	64.659
3864	64.545
3865	63.682
3866	63.659
3867	64.182
3868	63.636
3869	63.341
3870	63.841
3871	64.114
3872	64.614
3873	64.386
3874	63.523
3875	63.977
3876	64.455
3877	62.636
3878	63.773
3879	64.136
3880	63.409
3881	62.886
3882	64.023
3883	63.864
3884	64.909
3885	64.341
3886	65.25
3887	63.045
3888	64.5
3889	63.045
3890	63.636
3891	61.909
3892	63.023
3893	63.705
3894	62.5
3895	64.25
3896	62.659
3897	63.659
3898	61.841
3899	64.364
3900	63.955
3901	63.682
3902	64.477
3903	65.364
3904	62.932
3905	63
3906	63.159
3907	62.386
3908	63.955
3909	64.318
3910	62.682
3911	62.932
3912	62.25
3913	62.977
3914	63.432
3915	62.932
3916	64.205
3917	63.523
3918	63.364
3919	62.932
3920	62.25
3921	64.364
3922	65.75
3923	64.432
3924	63.023
3925	64.75
3926	62.477
3927	63.455
3928	63.682
3929	64.659
3930	64.295
3931	62
3932	63.114
3933	64.727
3934	63.318
3935	62.523
3936	62.545
3937	63.773
3938	64.659
3939	64.25
3940	63.205
3941	64.409
3942	64.523
3943	64.909
3944	64.318
3945	65.705
3946	66
3947	65.841
3948	67.341
3949	66.545
3950	65.432
3951	66.023
3952	66.773
3953	64.864
3954	66.795
3955	66.159
3956	65.795
3957	65.182
3958	66.318
3959	65.159
3960	65.591
3961	65.864
3962	66.091
3963	63.932
3964	65.205
3965	65.341
3966	65.5
3967	63.318
3968	65.727
3969	64.977
3970	64.477
3971	65.068
3972	64.909
3973	64.886
3974	62.841
3975	63.795
3976	64.455
3977	63.659
3978	64.477
3979	64.159
3980	63.159
3981	64.295
3982	64.955
3983	63.114
3984	63.659
3985	64.795
3986	64.091
3987	65.205
3988	63.182
3989	64.045
3990	64.341
3991	62.636
3992	65.318
3993	64.636
3994	64.591
3995	63.659
3996	64.205
3997	63.409
3998	64.386
3999	62.955
4000	62.5
4001	63.136
4002	63.682
4003	61.841
4004	64.341
4005	63.045
4006	63.477
4007	63.682
4008	64.75
4009	63.705
4010	63.591
4011	64.295
4012	62.659
4013	62.864
4014	63.909
4015	62.886
4016	63.75
4017	63.886
4018	64
4019	64.114
4020	63.409
4021	62
4022	64.045
4023	64.091
4024	64.341
4025	64.205
4026	64.773
4027	63.364
4028	62.977
4029	61.886
4030	63.409
4031	64.977
4032	63.773
4033	64.727
4034	63.409
4035	63.977
4036	64.841
4037	64.227
4038	63.182
4039	64.182
4040	64.455
4041	63.455
4042	62.5
4043	63.159
4044	63.114
4045	63.477
4046	64.068
4047	63.795
4048	63.636
4049	61.682
4050	64.045
4051	62.409
4052	63.364
4053	63.341
4054	65.341
4055	63.5
4056	63.182
4057	62.386
4058	62.477
4059	63
4060	63.341
4061	64.205
4062	64.205
4063	63.295
4064	62.682
4065	63.205
4066	63.341
4067	61.5
4068	62.977
4069	61.5
4070	63.545
4071	64.364
4072	64.227
4073	61.75
4074	62.795
4075	62.477
4076	63.068
4077	63.864
4078	62.045
4079	64.568
4080	63.386
4081	64.091
4082	65.114
4083	65.25
4084	64.705
4085	65.932
4086	65.5
4087	64.455
4088	64.636
4089	64.455
4090	66.932
4091	66
4092	63.523
4093	63.614
4094	65.432
4095	63.318
4096	64.909
4097	62.886
4098	63.477
4099	64.636
4100	64.568
4101	62.182
4102	64.591
4103	63.409
4104	63.477
4105	62.864
4106	64.705
4107	63.136
4108	64.773
4109	64.568
4110	66.227
4111	65.75
4112	64.818
4113	64.75
4114	65.705
4115	64.455
4116	64.455
4117	65.114
4118	64.477
4119	65.091
4120	66.386
4121	64.659
4122	64.023
4123	62.773
4124	63.932
4125	62.727
4126	63.432
4127	63.182
4128	61.636
4129	64.818
4130	62.909
4131	64.114
4132	63.477
4133	62.545
4134	62.636
4135	62.636
4136	63.932
4137	63.409
4138	63.5
4139	64
4140	63.477
4141	64.091
4142	64.545
4143	63.273
4144	61.682
4145	63.136
4146	62.932
4147	63.386
4148	62.977
4149	62.727
4150	64.068
4151	63.341
4152	64.091
4153	64.273
4154	64.864
4155	62.545
4156	63.841
4157	63.295
4158	63.068
4159	62.795
4160	64.545
4161	61.591
4162	64.318
4163	63.955
4164	62.864
4165	63.295
4166	63.341
4167	63.205
4168	62.909
4169	63.705
4170	63.886
4171	62.705
4172	62.727
4173	63.909
4174	63.023
4175	64.545
4176	62.75
4177	64.932
4178	64.159
4179	63.364
4180	63.341
4181	64.455
4182	62.523
4183	64.341
4184	62.75
4185	63.386
4186	63.136
4187	62.159
4188	62.227
4189	62.591
4190	61.773
4191	62.182
4192	62.045
4193	63.591
4194	62.909
4195	61.341
4196	63.5
4197	63.477
4198	65.136
4199	62.795
4200	63.659
4201	62.341
4202	63.568
4203	63.932
4204	63.636
4205	63.068
4206	63.909
4207	63.25
4208	63.068
4209	63.455
4210	63.432
4211	63.159
4212	63.75
4213	63.455
4214	63.682
4215	62.818
4216	63.409
4217	62.273
4218	61.705
4219	62.886
4220	64.045
4221	63.136
4222	62.727
4223	62.977
4224	62.682
4225	63.5
4226	63.182
4227	63.909
4228	63.545
4229	63.068
4230	62.568
4231	63.25
4232	63.455
4233	63.25
4234	65.159
4235	63.023
4236	62.75
4237	62.864
4238	63.409
4239	63.136
4240	62.682
4241	63.5
4242	63.955
4243	62.977
4244	65.205
4245	62.568
4246	63.386
4247	63.886
4248	63.318
4249	62.614
4250	64.386
4251	61.432
4252	61.75
4253	63.295
4254	64.227
4255	66.159
4256	64.977
4257	64.705
4258	65.295
4259	65.841
4260	65.841
4261	65.545
4262	65.341
4263	64.955
4264	64.955
4265	65.068
4266	65.614
4267	64.432
4268	63.5
4269	64.977
4270	65.705
4271	64.614
4272	64.795
4273	64
4274	64.477
4275	63.318
4276	63.227
4277	64.159
4278	64.386
4279	64.818
4280	63.568
4281	64.568
4282	63.205
4283	64.023
4284	64.727
4285	64
4286	63.841
4287	63.295
4288	63.955
4289	63.409
4290	63.023
4291	62.75
4292	63.318
4293	62.773
4294	64.364
4295	64.159
4296	62.705
4297	63.477
4298	63.614
4299	62.023
4300	63.886
4301	64
4302	62.409
4303	61.886
4304	62
4305	62.068
4306	63.682
4307	62.932
4308	64
4309	61.909
4310	63.727
4311	63.818
4312	62.205
4313	65.568
4314	63.091
4315	63.432
4316	63.409
4317	63.659
4318	62.659
4319	64
4320	62.705
4321	63.477
4322	64.591
4323	63.295
4324	63.977
4325	63.864
4326	63.477
4327	62.795
4328	62.227
4329	63.75
4330	62.364
4331	64.705
4332	63.659
4333	61.659
4334	63.909
4335	63.25
4336	63.705
4337	63.045
4338	63.091
4339	62.295
4340	63.841
4341	64.182
4342	63.795
4343	61.659
4344	63.136
4345	64.523
4346	62.068
4347	64.75
4348	62.295
4349	63.273
4350	64.568
4351	62.682
4352	62.682
4353	61.864
4354	63.091
4355	61.25
4356	63.295
4357	63.727
4358	60.841
4359	62.977
4360	62
4361	62.682
4362	62.795
4363	63.25
4364	63.205
4365	63.545
4366	62.341
4367	62.5
4368	63.841
4369	62.614
4370	61.591
4371	63.705
4372	61.205
4373	63.341
4374	62.773
4375	61.977
4376	61.455
4377	62.818
4378	63.295
4379	62.5
4380	62.795
4381	64.091
4382	63.318
4383	63.432
4384	63.295
4385	62.659
4386	63.432
4387	63.045
4388	60.977
4389	63.341
4390	63.614
4391	63.818
4392	61.955
4393	61.432
4394	61.614
4395	62.864
4396	62.75
4397	62.409
4398	62.523
4399	62.159
4400	61.068
4401	62.682
4402	62.909
4403	63.705
4404	63.273
4405	63.477
4406	64.432
4407	62.977
4408	62.5
4409	63.023
4410	63
4411	63.455
4412	64.205
4413	63.25
4414	63.25
4415	62.864
4416	62.477
4417	63.5
4418	62.273
4419	62.955
4420	61.955
4421	63.227
4422	63.818
4423	62.591
4424	62.205
4425	62.886
4426	62.955
4427	64.455
4428	65.045
4429	65.614
4430	63.909
4431	65.636
4432	62.75
4433	64.045
4434	63.682
4435	64.659
4436	65.795
4437	64.5
4438	63.5
4439	63.705
4440	63.614
4441	63.818
4442	64.977
4443	64.841
4444	62.432
4445	63.864
4446	62.864
4447	62.795
4448	62.477
4449	62.636
4450	63.864
4451	62.568
4452	63.523
4453	62.886
4454	61.045
4455	62.795
4456	62.5
4457	62.386
4458	63.068
4459	62.773
4460	63.091
4461	63.205
4462	62.386
4463	62.705
4464	63.023
4465	63.682
4466	63.636
4467	62.409
4468	63.386
4469	63.591
4470	63.523
4471	62.545
4472	62.636
4473	62.477
4474	61.477
4475	63.273
4476	62.432
4477	62.568
4478	62.705
4479	61.341
4480	62.636
4481	62.659
4482	64.818
4483	63.068
4484	63.75
4485	62.727
4486	62.932
4487	62.068
4488	62.659
4489	62.568
4490	63.341
4491	62.409
4492	60.932
4493	61.159
4494	61.545
4495	62.727
4496	62.773
4497	61.682
4498	63.25
4499	61.977
4500	61.909
4501	62.409
4502	61.818
4503	62.5
4504	60.773
4505	61.5
4506	62.886
4507	62.864
4508	62.341
4509	62.318
4510	62.705
4511	62.023
4512	63.182
4513	62.273
4514	61.273
4515	62.455
4516	60.205
4517	62.591
4518	63.659
4519	63.273
4520	62.705
4521	62.818
4522	62.114
4523	62.159
4524	62.25
4525	62.932
4526	61.886
4527	63.5
4528	62
4529	63.545
4530	60.773
4531	63.409
4532	62.886
4533	62.568
4534	62.364
4535	62.636
4536	62.25
4537	60.932
4538	62.773
4539	61.841
4540	61.068
4541	61.568
4542	61.386
4543	62.136
4544	62.227
4545	61.114
4546	61.591
4547	63.273
4548	63.523
4549	61.75
4550	61.705
4551	60.727
4552	61.114
4553	62.523
4554	63.682
4555	61.886
4556	61.682
4557	61.727
4558	62.227
4559	63
4560	61.864
4561	61.364
4562	61.636
4563	63.705
4564	61.341
4565	63.159
4566	63.205
4567	63.659
4568	61.455
4569	62.795
4570	62.114
4571	61.977
4572	63.159
4573	63.091
4574	61.886
4575	63
4576	63.795
4577	62.977
4578	62.364
4579	62.659
4580	62.432
4581	62.091
4582	61.341
4583	62.341
4584	62.545
4585	62.727
4586	63.841
4587	63.386
4588	64.5
4589	65.409
4590	63.75
4591	64.932
4592	65.25
4593	64.932
4594	63.705
4595	63.659
4596	61.386
4597	65.273
4598	63.295
4599	63.477
4600	62.886
4601	62.977
4602	64
4603	63.886
4604	62.659
4605	62.75
4606	62.182
4607	62.386
4608	63.159
4609	64.818
4610	62.25
4611	61.886
4612	62.841
4613	63.205
4614	62
4615	62.091
4616	62.864
4617	62.614
4618	62.227
4619	63.364
4620	62.841
4621	61.091
4622	61.682
4623	63.705
4624	64.295
4625	61.455
4626	64.136
4627	63.159
4628	62.114
4629	63.295
4630	63.295
4631	62.023
4632	63.432
4633	63.409
4634	61.091
4635	64.341
4636	61.795
4637	61.386
4638	63.25
4639	63.318
4640	64.205
4641	63.727
4642	63.932
4643	62.068
4644	61.977
4645	62.523
4646	62.455
4647	62.591
4648	61.932
4649	62.773
4650	61.591
4651	61.909
4652	62.636
4653	62.25
4654	63.273
4655	60.977
4656	61.909
4657	63.068
4658	60.955
4659	62.682
4660	63.5
4661	63.091
4662	62.841
4663	61.432
4664	61.795
4665	62.75
4666	62.477
4667	62.409
4668	62.591
4669	63.023
4670	63.182
4671	62.545
4672	63.841
4673	62.568
4674	64
4675	60.886
4676	63.409
4677	62.614
4678	62.409
4679	62.136
4680	62.25
4681	61.614
4682	61.659
4683	62.909
4684	60.909
4685	61.636
4686	61.182
4687	62
4688	62.386
4689	62.5
4690	61.955
4691	63.364
4692	62.227
4693	63.045
4694	62.432
4695	62.091
4696	63.114
4697	63.227
4698	61.773
4699	64.386
4700	61.614
4701	60.273
4702	62.159
4703	61
4704	62.136
4705	61.432
4706	62.409
4707	62.523
4708	60.386
4709	61.636
4710	61.455
4711	61.364
4712	62.25
4713	61.364
4714	61.205
4715	60.659
4716	61.977
4717	62.318
4718	62.773
4719	62.409
4720	62.545
4721	61.932
4722	60.455
4723	62.818
4724	61.477
4725	60.841
4726	60.818
4727	61.045
4728	60.5
4729	62.682
4730	62.659
4731	61.25
4732	61.045
4733	61.205
4734	62.386
4735	61.909
4736	61.682
4737	60.977
4738	61.977
4739	62.091
4740	62.205
4741	61.045
4742	59.977
4743	61.295
4744	61.75
4745	65.25
4746	65.114
4747	65.295
4748	64.045
4749	64.182
4750	65.386
4751	64.432
4752	63.932
4753	63.886
4754	64.523
4755	63.568
4756	63.886
4757	62.886
4758	63.591
4759	61.705
4760	62.159
4761	62.591
4762	61.818
4763	63.318
4764	63.455
4765	62.432
4766	61.682
4767	62.477
4768	60.273
4769	61.341
4770	63.591
4771	62.523
4772	61.545
4773	61.045
4774	60.977
4775	62.773
4776	61.023
4777	60.955
4778	61.341
4779	62.636
4780	62.614
4781	61.5
4782	62.295
4783	63.455
4784	62.409
4785	61.023
4786	60.932
4787	61.705
