1	53.983
2	55.172
3	53.759
4	54.879
5	55.603
6	55.207
7	56.534
8	54.069
9	54.914
10	54.138
11	55.466
12	54.897
13	55.655
14	55.414
15	54.914
16	54
17	54.569
18	55.948
19	55.362
20	54.172
21	55.017
22	55.086
23	54.793
24	54.655
25	55.828
26	54.793
27	54.414
28	53.638
29	53.552
30	53.362
31	53.931
32	53.879
33	54.345
34	54.414
35	54.931
36	54.759
37	54.138
38	54.069
39	55.603
40	55.534
41	54.672
42	55.121
43	54.293
44	54.948
45	54.31
46	53.914
47	55.431
48	54.224
49	55.914
50	53.966
51	54.172
52	54.362
53	54.086
54	54.81
55	55.397
56	54.759
57	54.914
58	54.931
59	54.793
60	55.224
61	55.603
62	60.224
63	65.517
64	68.81
65	69.552
66	71.569
67	71.224
68	70.345
69	71.983
70	71.517
71	71.034
72	68
73	68.293
74	67.241
75	66.397
76	67.362
77	64.586
78	64.897
79	63.81
80	63.862
81	62.155
82	62.276
83	62.569
84	63.052
85	60.569
86	62.414
87	60.362
88	59.724
89	59.741
90	57.879
91	58.603
92	58.862
93	59.552
94	58.069
95	58.431
96	57.862
97	58.897
98	56.931
99	57.5
100	58.276
101	57.31
102	57.569
103	59.259
104	57.017
105	56.5
106	57.052
107	57.466
108	56.638
109	56.759
110	56.276
111	56.948
112	56.914
113	57.241
114	55.638
115	57.017
116	56.517
117	56.19
118	55.862
119	56.707
120	57.241
121	57.138
122	54.828
123	54.052
124	54.655
125	56.379
126	55.431
127	54.741
128	55.121
129	55.052
130	54.862
131	56.086
132	55.914
133	56.069
134	55.81
135	53.983
136	56.207
137	55.241
138	55.052
139	54.828
140	55.224
141	55.741
142	54.483
143	56
144	55.259
145	53.31
146	54.086
147	54.517
148	54.379
149	54.983
150	54.621
151	55.121
152	53.69
153	54.828
154	54.707
155	53.603
156	55.259
157	54.5
158	54.172
159	53.828
160	54.534
161	53.741
162	55.069
163	54.448
164	54.776
165	54.586
166	53.759
167	54.672
168	53.69
169	55.086
170	53.328
171	54.5
172	53.828
173	55.276
174	54.034
175	53.724
176	54.655
177	54.603
178	53.569
179	53.931
180	54.259
181	54.603
182	55.81
183	53.621
184	54.69
185	54.207
186	54.517
187	55.069
188	53.603
189	54.362
190	54.172
191	52.517
192	54.638
193	54.569
194	55.534
195	54.207
196	54.845
197	54.603
198	53.81
199	54.207
200	54.034
201	53.897
202	53.862
203	54
204	54.069
205	54.431
206	54.793
207	54.345
208	52.966
209	59.69
210	63.983
211	65.983
212	69.379
213	68
214	69.81
215	70.034
216	70.517
217	67.276
218	68.534
219	68.862
220	67.638
221	66.776
222	66.19
223	65.655
224	64.483
225	63.672
226	62.155
227	62.138
228	62.086
229	62.793
230	60.793
231	62.966
232	60.948
233	60.397
234	59.672
235	60.776
236	59.431
237	59.362
238	58.569
239	58.552
240	59.397
241	58.552
242	58.241
243	56.397
244	56.69
245	57.569
246	57.69
247	57.103
248	56.914
249	56.086
250	55.776
251	56.259
252	55.655
253	55.845
254	56.672
255	55.81
256	56.052
257	56.879
258	56.466
259	55.81
260	56.517
261	56
262	54.586
263	55.121
264	55.793
265	55.034
266	54.241
267	54.293
268	54.345
269	54.81
270	55.207
271	54.328
272	55.19
273	55.103
274	57.19
275	56.534
276	55
277	54.569
278	54.776
279	56.155
280	54.983
281	54.534
282	53.724
283	54.034
284	54.086
285	55.155
286	54.207
287	54.759
288	54.31
289	53.759
290	55.517
291	55.552
292	54.552
293	53.741
294	54.776
295	53.534
296	53.569
297	53.759
298	54
299	54.121
300	55.224
301	56.138
302	53.672
303	54.586
304	54.569
305	55.466
306	53.966
307	54.586
308	54.293
309	54.552
310	54.603
311	53.828
312	55.034
313	54.276
314	54.328
315	54.19
316	54.034
317	54.431
318	53.569
319	52.397
320	53.172
321	52.759
322	54.586
323	53.69
324	53.017
325	53.983
326	53.172
327	54.017
328	55.224
329	55.414
330	53.707
331	53.569
332	53.293
333	54.603
334	53.81
335	54.741
336	54.931
337	54.103
338	54.086
339	54.155
340	54.276
341	54.086
342	55.138
343	54.207
344	53.759
345	54.052
346	52.69
347	53.069
348	53.724
349	53.655
350	58.534
351	63.397
352	66.293
353	66.103
354	68.966
355	68.448
356	70.5
357	69.603
358	69.552
359	69.379
360	68.638
361	67.052
362	67.655
363	65.534
364	65.931
365	64.931
366	65.207
367	61.897
368	63.138
369	60.983
370	61.983
371	61.397
372	61.586
373	59.759
374	59.759
375	59.862
376	61.517
377	59.086
378	60.052
379	58.793
380	58.983
381	58.621
382	58.293
383	58.448
384	57.19
385	58.759
386	58.172
387	57.569
388	57.845
389	57.138
390	56.759
391	56.397
392	55.259
393	56.276
394	56.19
395	55.793
396	56.034
397	56.483
398	56.741
399	55.966
400	55.655
401	55.897
402	55.172
403	56.259
404	54.431
405	55.414
406	55.241
407	54.948
408	55.552
409	55.19
410	54.017
411	56.483
412	55.534
413	56.207
414	54.845
415	55.569
416	54.672
417	54.828
418	53.793
419	54.293
420	55.379
421	54.603
422	55
423	53.897
424	53.207
425	55.552
426	54.069
427	53.845
428	53.569
429	54.741
430	54.172
431	54.241
432	53.448
433	54.431
434	55.052
435	54.328
436	54.569
437	53.828
438	53.914
439	55
440	53.155
441	55.052
442	54.638
443	52.224
444	53.897
445	54.241
446	54.793
447	53.517
448	54.31
449	53.5
450	53.362
451	52.914
452	53.793
453	53.897
454	53.31
455	52.052
456	54.052
457	54.517
458	53.172
459	52.483
460	54.069
461	53.983
462	54.103
463	53.69
464	54.172
465	53.672
466	54.138
467	54.017
468	55.241
469	53.534
470	54.862
471	53.81
472	53.19
473	53.31
474	54.534
475	53.638
476	54.741
477	54.655
478	51.362
479	53.793
480	53.207
481	54.586
482	53.448
483	54.31
484	54.397
485	52.517
486	54.207
487	54.397
488	53.638
489	54.69
490	52.845
491	53.724
492	53.414
493	53.914
494	52.362
495	52.69
496	52.293
497	54.862
498	51.966
499	53.948
500	52.414
501	52.862
502	53.845
503	53.69
504	54.155
505	52.897
506	53.603
507	53.241
508	54.603
509	54.638
510	54.069
511	53.017
512	53.638
513	53.052
514	53.379
515	53.241
516	54.034
517	54.655
518	53.638
519	52.966
520	53.5
521	54.155
522	53.345
523	54.397
524	53.828
525	53.862
526	53.776
527	53.741
528	53.569
529	54.483
530	53.276
531	52.569
532	53.69
533	53.483
534	53.017
535	53.207
536	54.241
537	53.362
538	54.69
539	52.879
540	53.397
541	52.724
542	53.517
543	54.586
544	53.293
545	54.241
546	53.569
547	54.414
548	53.276
549	53.414
550	53.172
551	53.5
552	54
553	54.086
554	53.086
555	53.603
556	53.776
557	53.207
558	53.483
559	53.569
560	52.741
561	53.81
562	53.448
563	53.276
564	53.448
565	53.81
566	53.31
567	53.241
568	52.362
569	53.724
570	52.897
571	52.414
572	53.828
573	52.672
574	53.569
575	53.897
576	53.759
577	54.828
578	53.741
579	52.534
580	53.31
581	55.241
582	60.362
583	64.19
584	64.207
585	67.052
586	67.914
587	69.224
588	69.724
589	68.034
590	67.897
591	68.172
592	67.379
593	66.034
594	65.052
595	64.5
596	62.621
597	62
598	62.466
599	61.914
600	62.069
601	60.983
602	60.276
603	60.31
604	58
605	59.5
606	58.793
607	59.603
608	58.069
609	56.655
610	57.655
611	58.069
612	56.948
613	55.69
614	56.793
615	56.328
616	56.672
617	57.707
618	56.448
619	56.793
620	56.172
621	55.052
622	57.362
623	55.397
624	56.103
625	55.293
626	56.362
627	54.724
628	53.983
629	55.241
630	56
631	55.862
632	53.586
633	54.879
634	55.69
635	54.172
636	54.155
637	55.241
638	54.172
639	54.586
640	55.759
641	55.638
642	54.448
643	54.328
644	53.914
645	54.155
646	54.776
647	54.207
648	54.069
649	53.828
650	53.31
651	53.103
652	53.879
653	52.655
654	52.759
655	53.828
656	53.379
657	54.31
658	54.759
659	54.052
660	53.569
661	54.052
662	54.655
663	54.19
664	53.776
665	53.069
666	54.362
667	53.586
668	54.086
669	53.069
670	53.569
671	53.586
672	53.086
673	52.362
674	52.897
675	52.328
676	55.672
677	53.052
678	53.759
679	58.81
680	61.483
681	64.5
682	65.879
683	67.586
684	67.224
685	67.672
686	67.362
687	68
688	66.293
689	65.638
690	65.259
691	64
692	64.138
693	63.345
694	62.69
695	61.931
696	60.621
697	61.5
698	60.759
699	60.293
700	59
701	59.172
702	58.776
703	59.155
704	57.931
705	58.879
706	57.621
707	57.517
708	58.138
709	57.31
710	57.638
711	56.431
712	56.017
713	57.086
714	58.121
715	56.017
716	57.552
717	56.431
718	55.621
719	55.707
720	55.414
721	54.569
722	55.569
723	54.931
724	55.414
725	54.845
726	55.517
727	55.414
728	55.879
729	55.948
730	56.397
731	55
732	55.259
733	53.534
734	54.879
735	54.638
736	53.517
737	53
738	54.328
739	53.828
740	52.655
741	54.155
742	53.069
743	53.862
744	54.5
745	54.241
746	55.19
747	53.879
748	52.121
749	52.828
750	52.948
751	53.276
752	53.741
753	54.069
754	54.707
755	53.19
756	53.31
757	52.69
758	54.052
759	52.672
760	54.793
761	54.172
762	54.724
763	52.259
764	54.397
765	54.017
766	53.293
767	53.431
768	53.586
769	52.586
770	53.448
771	52.552
772	52.466
773	53.466
774	53.828
775	55.052
776	52.362
777	52.293
778	52.948
779	53.672
780	54.19
781	53.034
782	52.655
783	53.448
784	55.241
785	53.586
786	53.241
787	52.483
788	53.466
789	53.741
790	53.034
791	52.724
792	52.879
793	53.414
794	53.172
795	53.328
796	53.069
797	52.207
798	53.155
799	53.862
800	53.155
801	53.034
802	51.672
803	53.103
804	53.828
805	54.707
806	53.276
807	53.603
808	53.431
809	53.621
810	52.638
811	52.983
812	52.5
813	53.31
814	52.948
815	53.569
816	53.224
817	51.5
818	51.155
819	53.828
820	52.069
821	52.81
822	51.69
823	53.914
824	53.19
825	52.759
826	52.052
827	52.759
828	52.103
829	53.534
830	53.914
831	52.569
832	53.155
833	52.569
834	53.931
835	53.517
836	53.362
837	52.672
838	52.707
839	52.19
840	54.086
841	53.448
842	53.897
843	53.017
844	52.517
845	53.5
846	51.948
847	53.017
848	50.086
849	52.603
850	52.017
851	53.345
852	52.948
853	53.034
854	53.828
855	53.207
856	52.121
857	53.483
858	53.448
859	53.052
860	51.879
861	51.966
862	53.155
863	52.276
864	53.121
865	50.862
866	52.345
867	53.759
868	52.672
869	52.724
870	53.776
871	53.862
872	52.603
873	53.345
874	51.603
875	53.19
876	50.741
877	52.172
878	53.569
879	53.5
880	52.345
881	52.569
882	52.345
883	52.741
884	53.31
885	52.207
886	53.276
887	53.828
888	52.966
889	51.931
890	52.914
891	53.707
892	53.276
893	58.603
894	62.793
895	64.966
896	65.569
897	68.793
898	66.862
899	67.483
900	66.966
901	67.483
902	66.569
903	66.707
904	65.81
905	65.345
906	62.655
907	63.31
908	60.017
909	60.948
910	60.845
911	61.81
912	63.621
913	66.621
914	68.397
915	67.5
916	69.017
917	68.362
918	68.638
919	66.017
920	65.793
921	64.621
922	64.983
923	63.276
924	62.31
925	63.069
926	62.759
927	61.448
928	62.259
929	61.138
930	60.621
931	59.448
932	59.362
933	59.017
934	58.103
935	57.638
936	58.207
937	58.517
938	57.69
939	58.586
940	58.086
941	57.224
942	58.207
943	57.138
944	57.224
945	57.431
946	55.655
947	56.879
948	54.983
949	54.379
950	55.414
951	55.207
952	56.483
953	56.069
954	55.724
955	55.328
956	55.741
957	55.845
958	56.31
959	54.914
960	54.414
961	54.293
962	54.19
963	54.172
964	54.81
965	52.362
966	53.724
967	53.362
968	54.172
969	53.966
970	53.414
971	56.362
972	60.379
973	64.293
974	66.741
975	67.586
976	67.793
977	66.086
978	67
979	66.293
980	66.862
981	64.431
982	63.931
983	66.034
984	64.862
985	63.069
986	62.845
987	63.379
988	61.379
989	61.052
990	61.034
991	60.207
992	60.207
993	60.241
994	60.086
995	59.879
996	56.983
997	58.621
998	57.897
999	57.552
1000	57.534
1001	56.741
1002	58.121
1003	58.207
1004	57.534
1005	57.086
1006	56.983
1007	57.069
1008	57.328
1009	54.983
1010	55.828
1011	57.345
1012	55.983
1013	55.19
1014	55.259
1015	55.569
1016	55.138
1017	54.707
1018	55.741
1019	56.086
1020	55.224
1021	54.655
1022	55.638
1023	55.655
1024	54.328
1025	54.793
1026	55.034
1027	55.466
1028	54.069
1029	54.724
1030	54.793
1031	53.914
1032	54.603
1033	54.431
1034	54.448
1035	52.931
1036	54.672
1037	53.379
1038	53.655
1039	53.776
1040	54.621
1041	54.448
1042	55.569
1043	54.069
1044	54.155
1045	53.517
1046	53.397
1047	54.414
1048	53.776
1049	53.741
1050	53.086
1051	53.69
1052	53.569
1053	53.172
1054	53.707
1055	55.672
1056	52.759
1057	53.431
1058	53.914
1059	53.569
1060	53.603
1061	53.879
1062	53.414
1063	53.5
1064	53.448
1065	53.431
1066	54.983
1067	54.017
1068	52.81
1069	53.431
1070	53.569
1071	52.483
1072	53.828
1073	53.828
1074	54.362
1075	52.931
1076	54.034
1077	54.19
1078	54.931
1079	53.379
1080	53.638
1081	54.672
1082	54.103
1083	53.345
1084	53.19
1085	53.138
1086	51.586
1087	53.121
1088	53.345
1089	53.603
1090	54.069
1091	53.931
1092	53.466
1093	53.931
1094	52.845
1095	53.121
1096	52.483
1097	52.172
1098	53.828
1099	52.431
1100	52.5
1101	53.759
1102	52.569
1103	54.466
1104	54.793
1105	53.19
1106	53.672
1107	53.879
1108	53.052
1109	53.276
1110	53.328
1111	52.707
1112	54.586
1113	52.845
1114	53.81
1115	53.966
1116	52.086
1117	53.5
1118	51.414
1119	52.966
1120	52.241
1121	53.31
1122	53.569
1123	51.828
1124	53.017
1125	53.293
1126	53.776
1127	51.741
1128	52.121
1129	54.224
1130	53.448
1131	52.328
1132	52.431
1133	53.19
1134	52.448
1135	52.466
1136	52.931
1137	52.448
1138	53.621
1139	52.862
1140	51.086
1141	51.81
1142	52.328
1143	52.534
1144	52.897
1145	52.138
1146	52.655
1147	51.483
1148	52.224
1149	52.328
1150	53.034
1151	52.172
1152	52.672
1153	52.379
1154	53.034
1155	52.707
1156	52.345
1157	51.052
1158	52.224
1159	53.379
1160	52.897
1161	52.397
1162	52.741
1163	52.776
1164	52.397
1165	52.379
1166	52.069
1167	52.517
1168	53.017
1169	52.293
1170	52.828
1171	52.138
1172	52.121
1173	53.328
1174	52.724
1175	52.793
1176	54.517
1177	52.862
1178	54.138
1179	51.31
1180	53.397
1181	52.586
1182	53.138
1183	53.414
1184	52.741
1185	52.741
1186	52.966
1187	52.845
1188	53.414
1189	51.879
1190	51.931
1191	52.224
1192	51.19
1193	51.793
1194	53.19
1195	51.931
1196	52.707
1197	52.224
1198	52.138
1199	53.534
1200	51.983
1201	52.741
1202	51.655
1203	53.448
1204	52.655
1205	52.638
1206	53.086
1207	51.776
1208	51.241
1209	52.31
1210	51.948
1211	51.603
1212	51.259
1213	51.897
1214	52.414
1215	52.81
1216	54.19
1217	53.362
1218	52.207
1219	52.362
1220	51.466
1221	53.31
1222	55.5
1223	60.741
1224	63.103
1225	64.672
1226	64.793
1227	66.983
1228	66.759
1229	66.259
1230	65.483
1231	65.552
1232	65.793
1233	65.741
1234	64.052
1235	62.379
1236	62.707
1237	61.741
1238	60.172
1239	60.259
1240	59.672
1241	60.966
1242	59.172
1243	60.31
1244	58.19
1245	58.086
1246	57.724
1247	57.586
1248	57.103
1249	56.638
1250	57.466
1251	56.483
1252	58.517
1253	56.086
1254	56
1255	56.534
1256	56.103
1257	55.914
1258	56.155
1259	57.466
1260	55.793
1261	56.69
1262	55.672
1263	55.828
1264	56.603
1265	54.862
1266	54.293
1267	54.31
1268	54.603
1269	53.828
1270	53.845
1271	53.31
1272	54.431
1273	54
1274	54.017
1275	54.638
1276	54.983
1277	53.534
1278	54.069
1279	54.086
1280	53.121
1281	53.707
1282	53.069
1283	54.328
1284	53
1285	52.276
1286	53.586
1287	53.19
1288	52.966
1289	53.397
1290	53.845
1291	53.172
1292	53.741
1293	53.534
1294	53.086
1295	53.328
1296	52.534
1297	53.086
1298	54.362
1299	52.862
1300	53.931
1301	53.431
1302	52.845
1303	52.121
1304	53.155
1305	53.121
1306	52.707
1307	53.069
1308	53.086
1309	52.293
1310	52.948
1311	52.655
1312	52.224
1313	52.897
1314	53.397
1315	52.879
1316	52.052
1317	53.69
1318	52.034
1319	52.828
1320	52.155
1321	52.207
1322	52.517
1323	52.052
1324	51.241
1325	52.948
1326	53.103
1327	51.948
1328	52.69
1329	53.103
1330	53.207
1331	53.414
1332	52.466
1333	51.983
1334	52.69
1335	52.172
1336	53.052
1337	53.845
1338	52.293
1339	53.017
1340	51.138
1341	51.966
1342	52.948
1343	52.276
1344	52.138
1345	50.845
1346	52.121
1347	52.19
1348	52.379
1349	52.431
1350	52.741
1351	52.328
1352	52.172
1353	52.155
1354	51.552
1355	52.741
1356	52.017
1357	51.845
1358	52.138
1359	52.259
1360	53.448
1361	51.793
1362	52.345
1363	53.19
1364	53.328
1365	53.086
1366	52.931
1367	52.483
1368	52.517
1369	51.259
1370	50.879
1371	52.086
1372	52.431
1373	51.828
1374	52.241
1375	52.138
1376	50.862
1377	52.293
1378	52.948
1379	53.103
1380	52.483
1381	52.534
1382	51.621
1383	53.431
1384	52.241
1385	52.345
1386	52.345
1387	52.19
1388	53.241
1389	52.138
1390	52.517
1391	53.155
1392	52.155
1393	51.724
1394	51.655
1395	51.69
1396	53.103
1397	51.672
1398	51.259
1399	54.172
1400	52.466
1401	53.483
1402	52.914
1403	53.19
1404	57.121
1405	61.983
1406	65.017
1407	63.828
1408	65.776
1409	65.017
1410	65.431
1411	65.431
1412	64.845
1413	64.534
1414	63.897
1415	61.776
1416	62.638
1417	61.603
1418	59.241
1419	61.017
1420	60.897
1421	58.914
1422	58.828
1423	58.552
1424	58.052
1425	58.707
1426	57.914
1427	57.259
1428	57.466
1429	56.655
1430	56.293
1431	57.483
1432	55.776
1433	56.034
1434	55.379
1435	56.259
1436	56.293
1437	54.966
1438	54.121
1439	52.966
1440	55.621
1441	55.086
1442	54.552
1443	54.776
1444	54.414
1445	54.517
1446	53.569
1447	53.707
1448	54.293
1449	52.259
1450	52.983
1451	54.103
1452	53.103
1453	54.586
1454	52.707
1455	52.948
1456	52.983
1457	52.759
1458	52.707
1459	52.776
1460	53.517
1461	51.862
1462	52.707
1463	53.845
1464	52.224
1465	51.483
1466	52.862
1467	55.845
1468	59.5
1469	62.224
1470	64.431
1471	65.345
1472	64.172
1473	65.19
1474	64.017
1475	62.172
1476	64.586
1477	64.103
1478	64.81
1479	62.879
1480	63.879
1481	63.534
1482	62.517
1483	60.724
1484	60.362
1485	59.552
1486	61.052
1487	59.534
1488	58.707
1489	58.466
1490	58.534
1491	57.172
1492	58.241
1493	56.293
1494	57.672
1495	57.069
1496	56.586
1497	56.276
1498	55.914
1499	55.586
1500	56.741
1501	55.655
1502	54.776
1503	54.534
1504	54.31
1505	55.724
1506	54.362
1507	54.931
1508	55.483
1509	54.621
1510	54.948
1511	53.621
1512	54.552
1513	54.69
1514	53.069
1515	55.31
1516	53.741
1517	53.31
1518	53.948
1519	53.155
1520	53.034
1521	54.793
1522	53.948
1523	53.655
1524	53.397
1525	52.017
1526	51.983
1527	52.155
1528	53.293
1529	53.293
1530	53
1531	53.345
1532	52.103
1533	52.931
1534	52.776
1535	52.121
1536	52.069
1537	53.138
1538	52.569
1539	52.759
1540	52.828
1541	52.448
1542	53.776
1543	51.931
1544	52.586
1545	53.172
1546	52.155
1547	52.034
1548	52.466
1549	52.362
1550	51.086
1551	51.328
1552	52.897
1553	52.655
1554	52.19
1555	52.241
1556	51.586
1557	51.121
1558	51.793
1559	51.948
1560	52.483
1561	52.776
1562	51.069
1563	52.466
1564	51.017
1565	51.103
1566	51.983
1567	54.552
1568	59.741
1569	61.224
1570	64.086
1571	65.379
1572	66.81
1573	64.517
1574	64.328
1575	63.017
1576	62.776
1577	61.724
1578	59.534
1579	62.483
1580	59.621
1581	59.879
1582	58.5
1583	57.845
1584	57.759
1585	56.431
1586	57.672
1587	57.621
1588	55.862
1589	56.966
1590	56.69
1591	56.224
1592	56.241
1593	55.086
1594	54.121
1595	53.103
1596	56.121
1597	53.828
1598	55.552
1599	54.983
1600	53.207
1601	55.759
1602	54.379
1603	54.397
1604	54.103
1605	54.172
1606	53.966
1607	53.259
1608	54.379
1609	53.448
1610	53.69
1611	53.397
1612	53.724
1613	54.017
1614	53.448
1615	54.276
1616	52.983
1617	52.914
1618	53.017
1619	52.948
1620	53
1621	52.672
1622	52.517
1623	52.707
1624	51.879
1625	51.707
1626	52.638
1627	52.534
1628	52.517
1629	51.879
1630	52.155
1631	51.81
1632	52.966
1633	53.017
1634	52.69
1635	53.259
1636	57.293
1637	60.276
1638	61.034
1639	63.672
1640	65.086
1641	65.052
1642	66.034
1643	65.086
1644	62.983
1645	62.81
1646	62.862
1647	62
1648	61.19
1649	60.241
1650	60.241
1651	58.155
1652	58.293
1653	58.448
1654	57.345
1655	58.207
1656	57.362
1657	56.328
1658	57.69
1659	56.155
1660	56.31
1661	55.103
1662	54.966
1663	55.052
1664	54.931
1665	56.466
1666	54.862
1667	55.483
1668	54.948
1669	55.431
1670	53.379
1671	53.672
1672	55.121
1673	54.362
1674	53.983
1675	54.293
1676	54.293
1677	54.017
1678	53.966
1679	54.31
1680	53.483
1681	53.155
1682	53.569
1683	53.207
1684	52.569
1685	52.483
1686	53.603
1687	52.414
1688	52.759
1689	52.379
1690	52.155
1691	53.379
1692	53.655
1693	53.397
1694	52.793
1695	52.603
1696	52.345
1697	51.793
1698	53.172
1699	51.31
1700	52.362
1701	51.414
1702	53.362
1703	52.862
1704	52.828
1705	50.741
1706	51.931
1707	51.793
1708	51.983
1709	52.086
1710	52.379
1711	52.448
1712	52.414
1713	51.759
1714	52.172
1715	53.052
1716	52.172
1717	52.052
1718	51.983
1719	51.224
1720	51.19
1721	51.603
1722	51.603
1723	51.621
1724	50.707
1725	53.19
1726	56.052
1727	59.983
1728	62.31
1729	64.069
1730	63.655
1731	64.983
1732	65.155
1733	64.724
1734	64.155
1735	64.879
1736	63
1737	61.724
1738	61.534
1739	60.138
1740	63.19
1741	61.034
1742	58.931
1743	58.879
1744	59.345
1745	59.121
1746	57.293
1747	58.483
1748	56.948
1749	57.345
1750	58.569
1751	56.328
1752	56.862
1753	57.138
1754	56.69
1755	56.621
1756	54.966
1757	54.931
1758	55.793
1759	55.534
1760	55.207
1761	54.862
1762	55.155
1763	55.759
1764	53.138
1765	55.017
1766	55.155
1767	53.983
1768	53.379
1769	52.983
1770	54.345
1771	53.81
1772	54.086
1773	54.672
1774	53.431
1775	53.155
1776	53.207
1777	53.207
1778	53.069
1779	53.207
1780	53
1781	53.017
1782	52.707
1783	52.741
1784	53.069
1785	54.414
1786	53.845
1787	53.052
1788	52.983
1789	52.345
1790	52.759
1791	51.517
1792	52.414
1793	53.569
1794	50.517
1795	53.241
1796	53.207
1797	51.776
1798	52.052
1799	51.759
1800	54.621
1801	52.017
1802	52.862
1803	52.379
1804	51.741
1805	53.172
1806	51.241
1807	52.379
1808	51.983
1809	53.862
1810	52.655
1811	52.034
1812	52.5
1813	51.638
1814	52.466
1815	51.897
1816	51.31
1817	51.552
1818	52
1819	51.345
1820	52.086
1821	51.966
1822	52.086
1823	51.724
1824	52.655
1825	51.328
1826	51.776
1827	51.293
1828	51.362
1829	52.121
1830	52.672
1831	51.983
1832	50.862
1833	52.655
1834	51.724
1835	51.603
1836	52.672
1837	51.862
1838	51.655
1839	50.707
1840	52.259
1841	52.897
1842	51.414
1843	52.276
1844	51.259
1845	52.362
1846	52.534
1847	52.31
1848	52.603
1849	51.638
1850	51.638
1851	52.121
1852	52.207
1853	52.414
1854	52.259
1855	50.655
1856	51.845
1857	51.259
1858	51.31
1859	52.103
1860	51.534
1861	50.207
1862	50.845
1863	51.517
1864	51.207
1865	51.19
1866	52.534
1867	50.793
1868	50.517
1869	51.448
1870	51.845
1871	50.655
1872	51.121
1873	52.534
1874	50.948
1875	51.276
1876	50.69
1877	51.466
1878	50.776
1879	52
1880	51.241
1881	50.586
1882	51.448
1883	51.19
1884	50.638
1885	57
1886	58.31
1887	61.914
1888	61.983
1889	64.552
1890	63.431
1891	63.862
1892	64.121
1893	63.086
1894	63.121
1895	61.931
1896	61.103
1897	60.431
1898	59.672
1899	59.534
1900	59.241
1901	58.724
1902	58.5
1903	57.466
1904	57.207
1905	57.776
1906	57.052
1907	57.31
1908	55.345
1909	55.759
1910	56.328
1911	55.121
1912	55.914
1913	55.362
1914	55.207
1915	54.397
1916	56.086
1917	53.552
1918	54.328
1919	54.914
1920	54.862
1921	53.345
1922	53.69
1923	54.103
1924	53.879
1925	52.19
1926	54.552
1927	52.379
1928	52.81
1929	52.983
1930	54.707
1931	53.828
1932	54.345
1933	51.845
1934	52.603
1935	52.241
1936	52.483
1937	51.707
1938	51.431
1939	52.31
1940	51.897
1941	52.638
1942	52.621
1943	53.103
1944	52.379
1945	52.707
1946	54.121
1947	52.793
1948	51.707
1949	51.776
1950	51.207
1951	51.379
1952	51.69
1953	52.224
1954	52.138
1955	52.293
1956	51.397
1957	51.603
1958	51.483
1959	52.207
1960	51.948
1961	51.103
1962	51.914
1963	51.759
1964	51.914
1965	50.328
1966	52.241
1967	51.448
1968	50.655
1969	51.517
1970	51.138
1971	52.052
1972	51.379
1973	51.034
1974	49.845
1975	50.741
1976	51.534
1977	51.638
1978	51.741
1979	52.293
1980	49.845
1981	52.121
1982	50.983
1983	52.138
1984	51.448
1985	51.069
1986	51.379
1987	51.638
1988	51.724
1989	50.638
1990	51.345
1991	51.552
1992	51.414
1993	50.897
1994	51.569
1995	51.81
1996	51.569
1997	52.586
1998	51.517
1999	51.103
2000	51.397
2001	52.448
2002	52.086
2003	51.345
2004	50.586
2005	51.052
2006	50.19
2007	51.862
2008	50.19
2009	51.293
2010	50.776
2011	49.707
2012	50.328
2013	51.138
2014	50.5
2015	50.034
2016	50.224
2017	52.276
2018	51.5
2019	51.362
2020	50.707
2021	50.759
2022	51.017
2023	50.448
2024	52.207
2025	50.276
2026	50.5
2027	49.552
2028	51.31
2029	50.103
2030	50.931
2031	51.121
2032	50.845
2033	49.741
2034	51.414
2035	50.362
2036	50.81
2037	51.759
2038	51.224
2039	50.793
2040	50.431
2041	51.862
2042	52.069
2043	53.19
2044	56.259
2045	59.103
2046	59.81
2047	62.879
2048	62.414
2049	61.121
2050	63.759
2051	62.414
2052	61.603
2053	62.121
2054	61.552
2055	60.638
2056	59.569
2057	58.793
2058	59.914
2059	60.052
2060	58.776
2061	57.707
2062	57.879
2063	57.103
2064	56.724
2065	56.672
2066	56.328
2067	56.517
2068	54.017
2069	55.362
2070	54.431
2071	55.138
2072	54.328
2073	54.914
2074	54.207
2075	54.81
2076	54.69
2077	54.948
2078	54.431
2079	54.431
2080	53.397
2081	54.362
2082	54.534
2083	53.086
2084	53.759
2085	52.793
2086	52.103
2087	51.638
2088	54.224
2089	51.397
2090	51.655
2091	53.172
2092	52.879
2093	52.569
2094	52.121
2095	53.828
2096	52.328
2097	51.793
2098	52.862
2099	52.138
2100	52.431
2101	51.31
2102	51.845
2103	51.586
2104	51.897
2105	51.259
2106	52.069
2107	50.276
2108	51.017
2109	51.569
2110	51.69
2111	51.224
2112	51.81
2113	50.741
2114	50.621
2115	52.534
2116	51.69
2117	51.086
2118	51.052
2119	51.5
2120	52.052
2121	50.879
2122	50.345
2123	49.724
2124	50.5
2125	50.966
2126	50.224
2127	50.017
2128	51.293
2129	50.293
2130	50.948
2131	52.103
2132	51
2133	50.293
2134	50.5
2135	50.707
2136	50.328
2137	50.569
2138	52.172
2139	50.172
2140	50.293
2141	50.672
2142	52.086
2143	49.931
2144	52.603
2145	52.241
2146	50.672
2147	51
2148	50.638
2149	51.19
2150	51.052
2151	51.241
2152	51.121
2153	51.569
2154	50.655
2155	51.155
2156	51.379
2157	50.931
2158	51.897
2159	51.621
2160	50.586
2161	50.5
2162	50.293
2163	49.621
2164	50.397
2165	51.517
2166	50.276
2167	50.379
2168	50.517
2169	50.086
2170	50.776
2171	50.741
2172	49.121
2173	50.362
2174	50.862
2175	50.741
2176	50.672
2177	51.138
2178	51.086
2179	51.017
2180	51.776
2181	50.81
2182	50.224
2183	51.431
2184	50.172
2185	51.121
2186	49.931
2187	50.466
2188	51.931
2189	51.552
2190	51.793
2191	50.5
2192	50.931
2193	51.155
2194	51.017
2195	50.672
2196	50.741
2197	51.086
2198	50.379
2199	51
2200	49.966
2201	50.052
2202	52.81
2203	55.586
2204	59.207
2205	60.966
2206	61.345
2207	61.466
2208	62.431
2209	62.724
2210	62.466
2211	62.086
2212	60.897
2213	61.121
2214	61.276
2215	60.69
2216	60.672
2217	58.328
2218	58.603
2219	57.431
2220	58.69
2221	56.328
2222	57.466
2223	57.862
2224	57.31
2225	55.845
2226	54.69
2227	56.017
2228	56.103
2229	55.207
2230	53.759
2231	54.81
2232	54.966
2233	53.672
2234	55.31
2235	54.828
2236	53.466
2237	53.362
2238	54.034
2239	52.69
2240	52.845
2241	54.19
2242	53.534
2243	53.19
2244	52.241
2245	52.241
2246	51.879
2247	51.448
2248	51.845
2249	52.879
2250	52.328
2251	51.672
2252	51.517
2253	51.414
2254	51.517
2255	52.517
2256	50.69
2257	50.603
2258	50.603
2259	52.603
2260	51.845
2261	51.103
2262	51.569
2263	50.552
2264	51
2265	51.31
2266	52.017
2267	52.603
2268	52.931
2269	50.448
2270	51.138
2271	51.121
2272	51.086
2273	50.81
2274	50.931
2275	51.707
2276	51.672
2277	49.828
2278	50.638
2279	51.517
2280	51
2281	51.966
2282	51.293
2283	52.552
2284	51.259
2285	50.466
2286	50.879
2287	50.672
2288	50.828
2289	51.276
2290	50.31
2291	52.103
2292	50.862
2293	50.793
2294	50.879
2295	50.862
2296	53.431
2297	51.534
2298	50.983
2299	52.207
2300	49.276
2301	51.328
2302	50.276
2303	50.431
2304	50.31
2305	50.034
2306	50.397
2307	50.224
2308	50.69
2309	49.5
2310	51.517
2311	51.034
2312	50.224
2313	49.983
2314	51.276
2315	50.431
2316	50.293
2317	50.931
2318	50.017
2319	50.379
2320	50.5
2321	49.759
2322	51.638
2323	52.31
2324	50.5
2325	51.793
2326	51.621
2327	51.241
2328	51.552
2329	51.224
2330	50.81
2331	51.345
2332	51.931
2333	50.052
2334	50.845
2335	51.345
2336	50.655
2337	49.776
2338	51.293
2339	50.69
2340	50.655
2341	49.121
2342	50.207
2343	49.672
2344	49.983
2345	50.897
2346	49.569
2347	50.241
2348	50.362
2349	49.897
2350	49.914
2351	50.414
2352	50.552
2353	51.103
2354	49.81
2355	50.138
2356	50.362
2357	50.138
2358	50.776
2359	51.31
2360	50.931
2361	52.379
2362	56.724
2363	59.672
2364	61.569
2365	61.672
2366	61.103
2367	62.017
2368	62
2369	63.293
2370	60.983
2371	59.569
2372	59.81
2373	60.655
2374	61.966
2375	61.448
2376	61.776
2377	61.517
2378	59.397
2379	59.655
2380	57.5
2381	58.759
2382	58.966
2383	56.138
2384	56.69
2385	56.931
2386	56.931
2387	56.931
2388	56.707
2389	54.603
2390	55.845
2391	55.397
2392	54.483
2393	55.19
2394	54.552
2395	54.948
2396	53.552
2397	55.121
2398	54
2399	53.517
2400	53.414
2401	54.552
2402	53.207
2403	53.172
2404	52.517
2405	52.345
2406	52.724
2407	53.155
2408	52.172
2409	53.466
2410	52.293
2411	52.431
2412	51.724
2413	52.534
2414	52.534
2415	51.845
2416	51.621
2417	51.914
2418	51.224
2419	51.534
2420	50.276
2421	51.414
2422	52.397
2423	50.948
2424	51.552
2425	51.172
2426	50.655
2427	51.345
2428	51.19
2429	51.586
2430	50.672
2431	52.862
2432	50.845
2433	51.552
2434	52.5
2435	52.379
2436	52.138
2437	50.897
2438	51.931
2439	51.621
2440	51.724
2441	51.948
2442	50.603
2443	49.655
2444	49.776
2445	50.172
2446	50.328
2447	50.672
2448	49.862
2449	50.741
2450	50.828
2451	50.707
2452	50.448
2453	49.862
2454	51.103
2455	50.534
2456	51.828
2457	50.879
2458	50.345
2459	50.293
2460	49.672
2461	50.259
2462	50.897
2463	49.621
2464	50.362
2465	50.69
2466	50.414
2467	50.914
2468	49.397
2469	50.897
2470	50.138
2471	48.983
2472	50.19
2473	50.466
2474	50.741
2475	48.914
2476	51.138
2477	50.5
2478	50.017
2479	51.31
2480	48.517
2481	50.552
2482	50.362
2483	49.914
2484	49.672
2485	50.793
2486	50.414
2487	50.534
2488	49.621
2489	49.345
2490	48.603
2491	50.948
2492	48.931
2493	50.776
2494	49.845
2495	50.19
2496	50.121
2497	48.517
2498	50.259
2499	50.19
2500	52.069
2501	51.034
2502	49.276
2503	50.207
2504	50.517
2505	50.69
2506	50.466
2507	51.328
2508	49.517
2509	50.259
2510	50.414
2511	50.172
2512	50.483
2513	49.931
2514	51.259
2515	50.983
2516	49.948
2517	49.672
2518	50.569
2519	51.155
2520	53.397
2521	56.741
2522	57.914
2523	58.948
2524	59.569
2525	61.276
2526	60.448
2527	61.983
2528	61.724
2529	59.897
2530	58.466
2531	58.448
2532	57.914
2533	57.034
2534	56.379
2535	57.517
2536	55.569
2537	54.69
2538	55.638
2539	55.328
2540	54.707
2541	55.259
2542	54.707
2543	54.293
2544	55.948
2545	53.155
2546	53.276
2547	54.259
2548	52.69
2549	53.466
2550	54.069
2551	52.517
2552	52.017
2553	52.776
2554	51.897
2555	53.241
2556	51.966
2557	53.224
2558	51.948
2559	52.121
2560	52.155
2561	51.5
2562	51.966
2563	52.19
2564	50.569
2565	51.897
2566	52.086
2567	52.862
2568	50.845
2569	50.397
2570	50.414
2571	52.517
2572	51.138
2573	51.121
2574	50.897
2575	51.155
2576	51.741
2577	51.138
2578	49.741
2579	50.759
2580	50.621
2581	51.431
2582	52.276
2583	50.586
2584	50.259
2585	49.552
2586	50.448
2587	50.845
2588	51.828
2589	49.983
2590	51.379
2591	51.052
2592	50.155
2593	50.483
2594	50.259
2595	49.776
2596	51.362
2597	50.328
2598	50.293
2599	49.741
2600	50.172
2601	49.5
2602	51.017
2603	51.638
2604	50.345
2605	50.879
2606	51
2607	49.81
2608	49.5
2609	51.776
2610	48.931
2611	49.345
2612	49.103
2613	49.552
2614	50.379
2615	49.121
2616	51.017
2617	50.155
2618	49.724
2619	50.81
2620	51.017
2621	49.621
2622	51.052
2623	49.069
2624	49.793
2625	49.121
2626	49.414
2627	48.034
2628	48.69
2629	50.069
2630	49.397
2631	50.241
2632	49.172
2633	49.517
2634	49.259
2635	49.362
2636	51.017
2637	51.069
2638	50.655
2639	49.983
2640	47.948
2641	49.569
2642	49.931
2643	50.259
2644	49.31
2645	49.741
2646	50.379
2647	49.207
2648	48.845
2649	49.879
2650	50.276
2651	52.638
2652	56.569
2653	59
2654	60.483
2655	60.793
2656	61.517
2657	61.293
2658	60.603
2659	60.517
2660	60.103
2661	58.431
2662	58.345
2663	58.362
2664	55.845
2665	57.655
2666	56.69
2667	57.983
2668	56.224
2669	55.845
2670	55.466
2671	55.034
2672	55.655
2673	54.534
2674	53.983
2675	54.69
2676	52.69
2677	53.741
2678	53.466
2679	56.345
2680	57.948
2681	60.138
2682	61.259
2683	61.759
2684	61.828
2685	59.259
2686	60.017
2687	60
2688	57.897
2689	57.345
2690	56.759
2691	56.259
2692	55.741
2693	56.224
2694	56.517
2695	54.983
2696	54.914
2697	55.052
2698	55.345
2699	54.138
2700	54.655
2701	54.862
2702	54.759
2703	54.414
2704	53.879
2705	53.724
2706	53.172
2707	53.759
2708	53.948
2709	52.69
2710	53.241
2711	52.483
2712	51.724
2713	52.776
2714	53.5
2715	51.966
2716	51.948
2717	52.724
2718	52.5
2719	52.69
2720	51.707
2721	51.845
2722	51.379
2723	51.603
2724	51.638
2725	52.621
2726	51.897
2727	50.966
2728	51.69
2729	49.724
2730	50.759
2731	51.017
2732	49.845
2733	51.569
2734	51.552
2735	51.034
2736	50.793
2737	50.776
2738	50.931
2739	51.138
2740	50.828
2741	50.431
2742	49.155
2743	49.483
2744	51.224
2745	51.328
2746	50.741
2747	50.086
2748	49.793
2749	49.879
2750	51.069
2751	50.19
2752	51.276
2753	50.172
2754	51.517
2755	49.914
2756	50.483
2757	50.034
2758	50.621
2759	50.241
2760	50.603
2761	48.966
2762	49.741
2763	49.397
2764	48.241
2765	50.966
2766	50.466
2767	50.672
2768	48.345
2769	50.172
2770	49.534
2771	49.931
2772	49.5
2773	48.017
2774	49.793
2775	50.552
2776	49.638
2777	50.379
2778	50.172
2779	50
2780	49.897
2781	49.224
2782	49.983
2783	48.379
2784	49.5
2785	50.569
2786	49.983
2787	50.914
2788	49.741
2789	50.483
2790	49.5
2791	49.724
2792	49.345
2793	48.845
2794	49.207
2795	50.241
2796	49.362
2797	50.31
2798	48.966
2799	49.431
2800	50.121
2801	49.897
2802	48.776
2803	48.793
2804	50.034
2805	52.897
2806	56.138
2807	56.534
2808	58.379
2809	59.517
2810	60.793
2811	60.724
2812	60.81
2813	59.293
2814	58.948
2815	57.155
2816	56.5
2817	56
2818	55.776
2819	55.241
2820	56.655
2821	55.914
2822	55.345
2823	55.293
2824	54.828
2825	54
2826	53.034
2827	53.948
2828	52.017
2829	52.793
2830	53.655
2831	53.776
2832	53.586
2833	52.586
2834	53.172
2835	53.017
2836	52.31
2837	53.655
2838	55.69
2839	59.086
2840	59.017
2841	59.672
2842	61.414
2843	61.224
2844	61.534
2845	60.983
2846	59.552
2847	58.397
2848	56.707
2849	56.931
2850	58.034
2851	56.845
2852	57.207
2853	57.362
2854	56
2855	55.914
2856	54.655
2857	53.897
2858	55.724
2859	54.552
2860	54.759
2861	54.914
2862	54.31
2863	53.397
2864	53.328
2865	55.31
2866	54.483
2867	53.845
2868	53.431
2869	50.741
2870	53.931
2871	53.172
2872	53.155
2873	53.845
2874	51.31
2875	53.017
2876	52.534
2877	52.172
2878	52.276
2879	51.983
2880	51.052
2881	52.241
2882	52.966
2883	51.897
2884	52.569
2885	52.017
2886	52.379
2887	52.5
2888	52.966
2889	51.966
2890	51.207
2891	51.759
2892	51.483
2893	50.655
2894	52.293
2895	51.259
2896	50.569
2897	51.31
2898	52.172
2899	49.724
2900	51.276
2901	51.069
2902	50.724
2903	51.172
2904	50.569
2905	49.862
2906	51.759
2907	50.172
2908	49.724
2909	52.052
2910	51.586
2911	51.069
2912	50.155
2913	50.759
2914	48.724
2915	49.569
2916	49.328
2917	50.052
2918	51.069
2919	51.672
2920	48.466
2921	50.241
2922	49.69
2923	49.328
2924	50.793
2925	50.259
2926	49.345
2927	50.069
2928	50
2929	48.741
2930	48.414
2931	48.983
2932	49.448
2933	50.293
2934	49.034
2935	50.672
2936	50.621
2937	49.224
2938	48.621
2939	49.603
2940	50.121
2941	48.776
2942	51.276
2943	49.621
2944	49.828
2945	50.155
2946	49.983
2947	49.172
2948	48.845
2949	49.086
2950	49
2951	49.31
2952	48.293
2953	49.155
2954	49.879
2955	50.586
2956	50.276
2957	49.431
2958	50.086
2959	49.81
2960	48.155
2961	49.759
2962	49.983
2963	49.086
2964	49.224
2965	49.81
2966	50.362
2967	48.845
2968	48.966
2969	49.466
2970	51.052
2971	48.948
2972	50
2973	49.931
2974	48.724
2975	48.431
2976	49.69
2977	49.328
2978	50.466
2979	49.81
2980	49.224
2981	48.397
2982	48.845
2983	48.431
2984	48.517
2985	49.621
2986	48.552
2987	48.466
2988	48.569
2989	49.103
2990	49.362
2991	49.345
2992	48.724
2993	49.414
2994	49.345
2995	49.638
2996	51.276
2997	54.31
2998	58.672
2999	58.621
3000	58.931
3001	60.914
3002	61.121
3003	59.983
3004	60.69
3005	59.362
3006	59.828
3007	61.069
3008	58.879
3009	57.121
3010	57.172
3011	58.069
3012	55.121
3013	57.086
3014	54.5
3015	55.138
3016	55.397
3017	54.931
3018	53.621
3019	53.879
3020	53.103
3021	53.241
3022	52.776
3023	51.586
3024	52.569
3025	51.293
3026	51.862
3027	52.259
3028	52.052
3029	52.345
3030	52.362
3031	52.534
3032	52.293
3033	52.259
3034	51.569
3035	51.948
3036	50.379
3037	50.5
3038	51.81
3039	50.655
3040	51.121
3041	50.741
3042	50.379
3043	49.914
3044	50.759
3045	50.707
3046	50.862
3047	50.672
3048	49.983
3049	51.862
3050	52.466
3051	51.31
3052	50.966
3053	49.207
3054	50.672
3055	50.638
3056	49.586
3057	50.707
3058	49.759
3059	50.897
3060	49.914
3061	49.31
3062	49.328
3063	50.586
3064	49.638
3065	49.966
3066	50.69
3067	51.345
3068	50.397
3069	49.103
3070	50.603
3071	50.155
3072	48.966
3073	49.138
3074	48.897
3075	49.672
3076	48.5
3077	49.517
3078	48.776
3079	48.655
3080	49.552
3081	49.483
3082	49.155
3083	49.552
3084	49.259
3085	48.672
3086	49.776
3087	50.5
3088	48.707
3089	48.483
3090	47.983
3091	46.862
3092	48.621
3093	48.879
3094	48
3095	48.517
3096	49.586
3097	47.638
3098	48.552
3099	48.759
3100	47.534
3101	49.638
3102	48.759
3103	49.19
3104	49.862
3105	50.207
3106	49.086
3107	49.431
3108	48.19
3109	49.397
3110	48.655
3111	49.448
3112	49.19
3113	48.414
3114	49.241
3115	47.759
3116	49.569
3117	47.328
3118	48.966
3119	49.81
3120	47.707
3121	49.397
3122	49.207
3123	48.638
3124	48.569
3125	47.483
3126	48.052
3127	48.207
3128	48.259
3129	48.517
3130	49.672
3131	49.207
3132	47.69
3133	49.672
3134	49.862
3135	48.603
3136	48.603
3137	49.448
3138	49.052
3139	49.293
3140	49.897
3141	49
3142	49.707
3143	50.328
3144	48.897
3145	48.534
3146	49.483
3147	48.845
3148	49.517
3149	49.397
3150	49.707
3151	49.776
3152	49.034
3153	49.862
3154	48.948
3155	51.621
3156	55.552
3157	56.793
3158	59.31
3159	58.414
3160	60.31
3161	60.207
3162	59.707
3163	61.155
3164	59.397
3165	57.862
3166	58.379
3167	56.379
3168	56.138
3169	57.293
3170	54.569
3171	56.293
3172	53.707
3173	54.948
3174	53.603
3175	53.983
3176	54.069
3177	53.052
3178	53.259
3179	53.241
3180	52.379
3181	52.241
3182	51.983
3183	51.879
3184	50.259
3185	51.897
3186	52.431
3187	51.828
3188	51.293
3189	50.793
3190	51.086
3191	50.397
3192	50.086
3193	50.759
3194	50.31
3195	49.345
3196	49.828
3197	50.121
3198	49.741
3199	51.224
3200	49.966
3201	49.534
3202	51.466
3203	50.172
3204	50.362
3205	50.259
3206	50.879
3207	49.345
3208	50.552
3209	49.362
3210	49.862
3211	49.534
3212	49.931
3213	48.655
3214	49.397
3215	50.172
3216	48.707
3217	48.81
3218	49.155
3219	48.983
3220	49.569
3221	48.569
3222	48.362
3223	49.103
3224	48.621
3225	49.655
3226	49.017
3227	48.983
3228	48.862
3229	50.034
3230	48.741
3231	49.948
3232	49.379
3233	49.276
3234	48.655
3235	48.707
3236	48.776
3237	48.776
3238	50.138
3239	49.086
3240	48.655
3241	49.672
3242	48.69
3243	50.017
3244	48.534
3245	49.276
3246	48.672
3247	48.724
3248	49.586
3249	47.672
3250	47.207
3251	50.086
3252	48.103
3253	48.552
3254	48.741
3255	48.31
3256	48.483
3257	47.897
3258	48.793
3259	48.948
3260	48.362
3261	48.086
3262	49.431
3263	48.603
3264	48.586
3265	48.81
3266	50.052
3267	47.603
3268	49
3269	48.759
3270	48.138
3271	49.138
3272	49.569
3273	49.345
3274	48.466
3275	48.569
3276	48.966
3277	49.672
3278	48.086
3279	49.362
3280	49.259
3281	50.448
3282	49.983
3283	48.983
3284	48.862
3285	49.466
3286	48.603
3287	49.828
3288	49.052
3289	49.052
3290	48.897
3291	49.534
3292	48.897
3293	48.466
3294	48.517
3295	49.017
3296	48.897
3297	48.138
3298	49.517
3299	48.69
3300	50.034
3301	48.328
3302	47.466
3303	48.672
3304	49.172
3305	48.81
3306	48.034
3307	49.845
3308	47.293
3309	48.793
3310	48.948
3311	48.31
3312	48.328
3313	50.121
3314	50.862
3315	53.655
3316	55.414
3317	57.207
3318	57.828
3319	57.138
3320	59.672
3321	59.017
3322	59.034
3323	58.552
3324	58.362
3325	57.379
3326	57.931
3327	57.586
3328	55.362
3329	56.155
3330	54.862
3331	55.517
3332	55.155
3333	53.517
3334	54.121
3335	52.621
3336	52.69
3337	52.793
3338	51.414
3339	52.448
3340	51.328
3341	52.517
3342	51.776
3343	52.138
3344	51.207
3345	51.448
3346	51.966
3347	51.552
3348	51.948
3349	50.138
3350	51.5
3351	49.879
3352	51.207
3353	49.517
3354	50.172
3355	50.569
3356	50.155
3357	50.379
3358	49.879
3359	52.207
3360	49.741
3361	49.879
3362	49.052
3363	48.466
3364	49.069
3365	48.983
3366	49.983
3367	48.724
3368	49.086
3369	50.19
3370	48.879
3371	48.931
3372	47.845
3373	48.431
3374	49.207
3375	49.017
3376	49.414
3377	48.431
3378	49.069
3379	50.017
3380	49.103
3381	49.379
3382	48.466
3383	47.741
3384	47.069
3385	47.828
3386	48.983
3387	48.5
3388	49.397
3389	48.914
3390	49.483
3391	50.017
3392	48.155
3393	49.638
3394	49.759
3395	50.19
3396	48.897
3397	46.759
3398	48.534
3399	49.466
3400	49.379
3401	49.207
3402	48.517
3403	47.534
3404	48.707
3405	49.397
3406	49.362
3407	49.431
3408	48.879
3409	48.638
3410	48.828
3411	49.569
3412	48.034
3413	48.897
3414	48.052
3415	48.466
3416	48.517
3417	48.448
3418	49.138
3419	49.414
3420	48.034
3421	47.897
3422	48.81
3423	48.328
3424	47.707
3425	48.052
3426	48.776
3427	48.741
3428	47.638
3429	48.879
3430	48.224
3431	49.155
3432	48.914
3433	47.983
3434	49.845
3435	53.638
3436	55.138
3437	56.621
3438	59.31
3439	58.121
3440	59.086
3441	58.207
3442	58.586
3443	58.759
3444	58.621
3445	57.431
3446	57.828
3447	57.603
3448	57.103
3449	56.724
3450	56.534
3451	54.138
3452	54.793
3453	54.966
3454	54.483
3455	53.931
3456	54.259
3457	53.672
3458	52.759
3459	52.845
3460	52.931
3461	51.845
3462	52.19
3463	52.052
3464	51.138
3465	51.552
3466	51.034
3467	52.121
3468	51.552
3469	50.379
3470	51.966
3471	51.828
3472	50.414
3473	53.31
3474	56.172
3475	58.241
3476	57.983
3477	59.224
3478	59.672
3479	58.948
3480	58.569
3481	56.672
3482	57.69
3483	56.707
3484	56.086
3485	55.052
3486	54.172
3487	54.517
3488	53.328
3489	54.017
3490	52.483
3491	52.345
3492	53.241
3493	52.379
3494	52.966
3495	52.293
3496	52.19
3497	52.483
3498	51.672
3499	51.914
3500	51.207
3501	51.552
3502	51.431
3503	50.862
3504	51.534
3505	51.155
3506	51.086
3507	50.431
3508	50.621
3509	50.621
3510	49.828
3511	49.569
3512	50.897
3513	50.155
3514	50.345
3515	49.776
3516	50.569
3517	51.069
3518	49.241
3519	49.241
3520	49.345
3521	50.086
3522	50.293
3523	48.897
3524	49.052
3525	49.466
3526	48.931
3527	49.569
3528	49.586
3529	48.241
3530	49.569
3531	49.241
3532	49.569
3533	49.224
3534	48.793
3535	48.948
3536	49.017
3537	49.052
3538	49.845
3539	48.448
3540	48.724
3541	48.931
3542	49.483
3543	48.931
3544	48.517
3545	48.793
3546	50.31
3547	48.569
3548	50.207
3549	49.776
3550	49.155
3551	49.741
3552	49.776
3553	50.207
3554	48.345
3555	47.845
3556	48.362
3557	49.172
3558	48.431
3559	49.379
3560	49.069
3561	48.759
3562	49.138
3563	49.707
3564	48.276
3565	48.483
3566	48.862
3567	49.293
3568	48.776
3569	48.948
3570	48.483
3571	47.552
3572	49.379
3573	50.241
3574	50.103
3575	48.155
3576	48.724
3577	49.207
3578	47.845
3579	47.707
3580	48.207
3581	49.103
3582	48.879
3583	49
3584	48.483
3585	47.931
3586	49.207
3587	49.017
3588	49.483
3589	49.759
3590	48.672
3591	49.31
3592	50.586
3593	49.224
3594	47.845
3595	48.328
3596	49.603
3597	47.259
3598	49.086
3599	49.086
3600	48.741
3601	48.517
3602	49.534
3603	48.052
3604	51.379
3605	54.241
3606	57.034
3607	56.931
3608	56.552
3609	58.345
3610	58.966
3611	56.897
3612	56.897
3613	57.621
3614	57.293
3615	58.276
3616	54.862
3617	54.897
3618	55.569
3619	55.345
3620	53.103
3621	54.776
3622	53.569
3623	53.138
3624	52.948
3625	52.293
3626	52.552
3627	52.172
3628	52.052
3629	51.31
3630	51.431
3631	52.103
3632	53.552
3633	56.983
3634	58.397
3635	58.19
3636	59.345
3637	59.224
3638	59.379
3639	58.121
3640	56.552
3641	55.517
3642	55.293
3643	55.241
3644	55.138
3645	54.793
3646	55.121
3647	54.207
3648	53.897
3649	54.293
3650	52.19
3651	53.655
3652	53.655
3653	53.69
3654	52.19
3655	53.621
3656	52.552
3657	52.121
3658	52.534
3659	52.707
3660	51.81
3661	50.672
3662	50.155
3663	51.483
3664	50.259
3665	50.069
3666	50.448
3667	50.931
3668	50.379
3669	49.741
3670	50
3671	50.086
3672	49.707
3673	49.931
3674	50.431
3675	50.603
3676	48.707
3677	48.741
3678	48.121
3679	50.052
3680	49
3681	50.362
3682	50.103
3683	50.397
3684	50.397
3685	49.103
3686	47.5
3687	49.983
3688	48
3689	48.397
3690	48.759
3691	50.103
3692	50.155
3693	47.741
3694	48.914
3695	47.517
3696	48.603
3697	48.414
3698	48.862
3699	49.621
3700	49.345
3701	48.552
3702	49.017
3703	48.5
3704	49.379
3705	48.362
3706	49.483
3707	48.983
3708	48.121
3709	48.241
3710	49.828
3711	48.948
3712	49.897
3713	48.362
3714	48.155
3715	47.741
3716	48.328
3717	48.603
3718	47.776
3719	47
3720	48.397
3721	49.81
3722	48.069
3723	49.552
3724	48.259
3725	48.103
3726	47.966
3727	47.828
3728	47.672
3729	47.483
3730	48.103
3731	48.897
3732	48.328
3733	48.534
3734	48.069
3735	49.448
3736	48.552
3737	48.172
3738	47.379
3739	47.155
3740	47.759
3741	47.845
3742	48.155
3743	48.741
3744	48.19
3745	47.276
3746	47.897
3747	47.552
3748	47.759
3749	48.103
3750	48.448
3751	48.724
3752	48.293
3753	47.793
3754	47.345
3755	47
3756	47.879
3757	48.5
3758	48.293
3759	48.414
3760	48.397
3761	48.155
3762	48.328
3763	46.862
3764	47.759
3765	47.914
3766	47.586
3767	47.672
3768	47.034
3769	47.414
3770	47.983
3771	48.293
3772	47.172
3773	48.534
3774	48.172
3775	48.293
3776	48.379
3777	47.741
3778	48.138
3779	47.569
3780	47.293
3781	48.155
3782	49.017
3783	48.517
3784	47.983
3785	47.121
3786	47.345
3787	48.069
3788	47.948
3789	47.586
3790	48.362
3791	51.207
3792	54.69
3793	55.069
3794	56.5
3795	57.414
3796	58.052
3797	58.19
3798	57.983
3799	55.776
3800	56.155
3801	57.5
3802	57.603
3803	57.259
3804	56.017
3805	55.741
3806	54.828
3807	54.5
3808	53.517
3809	52.517
3810	53.569
3811	52.448
3812	52.655
3813	50.897
3814	51.138
3815	51.966
3816	51.897
3817	52.086
3818	52.069
3819	50.31
3820	49.931
3821	50.138
3822	51.328
3823	49.414
3824	49.897
3825	51.276
3826	48.948
3827	50.81
3828	49.931
3829	48.914
3830	49.638
3831	49.414
3832	49.259
3833	49.259
3834	49.069
3835	48.517
3836	49.569
3837	48.81
3838	49.172
3839	48.638
3840	49.328
3841	49.448
3842	49.552
3843	48.276
3844	50.293
3845	48.172
3846	50.241
3847	48.741
3848	49.466
3849	48.638
3850	49.914
3851	48.276
3852	47.931
3853	48.086
3854	49.19
3855	49.172
3856	48.034
3857	48.362
3858	47.793
3859	49.328
3860	48.638
3861	47.672
3862	48.638
3863	47.862
3864	48.569
3865	48.207
3866	48.224
3867	48.172
3868	49.086
3869	47.207
3870	46.724
3871	48.638
3872	48.862
3873	48.259
3874	49.069
3875	48
3876	47.621
3877	46.5
3878	48.397
3879	46.672
3880	47.207
3881	47.897
3882	47.276
3883	48.586
3884	47.259
3885	47.017
3886	47.31
3887	47.586
3888	47.724
3889	46.793
3890	47.552
3891	47.724
3892	47.517
3893	47.81
3894	47.69
3895	48.448
3896	47.328
3897	46.69
3898	47.379
3899	48
3900	46.586
3901	48.121
3902	47.345
3903	47.793
3904	47.724
3905	47.31
3906	47.845
3907	49.241
3908	47.931
3909	47.724
3910	47.776
3911	47.31
3912	47.397
3913	47.862
3914	48.31
3915	47.138
3916	49.172
3917	47.466
3918	47.983
3919	48.121
3920	47.655
3921	46.966
3922	47.483
3923	47.724
3924	47.534
3925	47.5
3926	48.138
3927	46.793
3928	47
3929	48.517
3930	48.793
3931	47.414
3932	47.19
3933	48.914
3934	47.69
3935	46.638
3936	47.345
3937	46.379
3938	47.655
3939	48.103
3940	48.172
3941	48.759
3942	49.207
3943	49.914
3944	53.897
3945	55.707
3946	56.086
3947	56.638
3948	56.345
3949	57.293
3950	56.483
3951	56.793
3952	55.379
3953	55.948
3954	56.552
3955	56.81
3956	57.948
3957	56.914
3958	56.31
3959	55.931
3960	55.724
3961	53.897
3962	55.552
3963	54.224
3964	54.793
3965	53.69
3966	51.776
3967	52.5
3968	53.345
3969	52.138
3970	52.966
3971	52.5
3972	51.638
3973	52.362
3974	52.293
3975	51.466
3976	50.983
3977	51.224
3978	50.672
3979	50.948
3980	50.552
3981	51.103
3982	49.328
3983	49.155
3984	50.948
3985	49.966
3986	49.224
3987	50.034
3988	48.845
3989	50.328
3990	48.966
3991	49.776
3992	49.81
3993	49.379
3994	49.241
3995	51.672
3996	49.983
3997	48.983
3998	49.448
3999	48.069
4000	49.845
4001	48.414
4002	49.448
4003	48.362
4004	49.241
4005	49.655
4006	48.603
4007	48.948
4008	48.931
4009	49.845
4010	48.293
4011	48.5
4012	49.207
4013	48.879
4014	49.172
4015	49.293
4016	48.552
4017	48.69
4018	49.776
4019	47.655
4020	48.517
4021	48.466
4022	48.328
4023	48.776
4024	48.879
4025	48.534
4026	48
4027	47.414
4028	48.379
4029	46.81
4030	47.603
4031	48.741
4032	47.31
4033	48.207
4034	49.552
4035	48.276
4036	49.362
4037	48.517
4038	48.483
4039	47.103
4040	48.086
4041	48.655
4042	47.19
4043	47.276
4044	48.31
4045	48.397
4046	48.345
4047	48.276
4048	47.707
4049	48.241
4050	48.948
4051	48.638
4052	47.121
4053	47.586
4054	47.259
4055	48.966
4056	48.086
4057	46.948
4058	46.397
4059	47.741
4060	48.655
4061	47.724
4062	47.069
4063	48.207
4064	47.207
4065	47.034
4066	47.5
4067	47.983
4068	47.931
4069	46.914
4070	46.897
4071	47.845
4072	47.121
4073	47.276
4074	48.276
4075	47.552
4076	47.017
4077	47.034
4078	47.914
4079	49
4080	51.793
4081	53.483
4082	55.172
4083	56.362
4084	55.966
4085	57.69
4086	55.517
4087	55.586
4088	55.19
4089	55.397
4090	56.259
4091	54.586
4092	54.793
4093	52.69
4094	53.741
4095	53.034
4096	52.603
4097	52.534
4098	52.759
4099	52.552
4100	52.466
4101	52.724
4102	50.431
4103	51.362
4104	50.552
4105	50.69
4106	50.483
4107	49.19
4108	51.138
4109	53.603
4110	55.034
4111	54.897
4112	57.466
4113	57.086
4114	58.414
4115	55.81
4116	56.224
4117	54.621
4118	54.241
4119	55.862
4120	54.586
4121	52.638
4122	53.034
4123	52.034
4124	52.224
4125	51.603
4126	51.552
4127	52.155
4128	50.069
4129	52.31
4130	52
4131	51.276
4132	50.224
4133	50.5
4134	51.103
4135	51.345
4136	50.983
4137	48.586
4138	51.431
4139	49.517
4140	49.931
4141	50.655
4142	50.552
4143	49.19
4144	48.052
4145	47.81
4146	49.31
4147	48.759
4148	49.655
4149	49.741
4150	49.052
4151	48.672
4152	49.241
4153	49.069
4154	49.69
4155	48.034
4156	50.586
4157	48.931
4158	49.603
4159	48.793
4160	48.345
4161	48.121
4162	49.086
4163	49.052
4164	48.552
4165	47.414
4166	49.069
4167	48.552
4168	47.966
4169	48.655
4170	48.534
4171	47.414
4172	49.552
4173	48
4174	48.534
4175	49.138
4176	47.345
4177	48.086
4178	48.172
4179	47.69
4180	47.69
4181	48.138
4182	47.966
4183	47.655
4184	46.69
4185	47.431
4186	47.983
4187	47.293
4188	48.345
4189	48.086
4190	46.948
4191	47.138
4192	47.655
4193	47.224
4194	47.569
4195	46.983
4196	46.362
4197	47.207
4198	48.103
4199	47.121
4200	46.621
4201	47.966
4202	46.5
4203	47.621
4204	48.362
4205	47.759
4206	47.448
4207	48.241
4208	47
4209	48.31
4210	46.897
4211	47.19
4212	47.052
4213	47.103
4214	48.552
4215	47.224
4216	47.414
4217	47.517
4218	46.552
4219	47.017
4220	46.672
4221	47.724
4222	48.397
4223	47.328
4224	47.448
4225	47.621
4226	47.448
4227	47.052
4228	46.966
4229	46.638
4230	47.103
4231	47
4232	45.362
4233	46
4234	48.155
4235	48.31
4236	46.672
4237	48.052
4238	47.586
4239	47.586
4240	47.431
4241	46.655
4242	48.034
4243	47.414
4244	48.69
4245	47.621
4246	46.81
4247	47.069
4248	47.793
4249	46.707
4250	47.052
4251	46.517
4252	46.569
4253	48.224
4254	48.017
4255	51.155
4256	54.069
4257	54
4258	54.879
4259	55.241
4260	56.19
4261	55.879
4262	55.397
4263	54.879
4264	55.983
4265	55.948
4266	54.534
4267	56.431
4268	57
4269	54.897
4270	55.552
4271	55.138
4272	53.259
4273	52.5
4274	53.155
4275	52.931
4276	51.983
4277	53.224
4278	51.741
4279	51.345
4280	51.069
4281	51
4282	51.086
4283	51.69
4284	51.672
4285	50.724
4286	50.603
4287	49.466
4288	50.241
4289	50.172
4290	49.672
4291	49.948
4292	49.431
4293	49.379
4294	50.069
4295	50.121
4296	47.948
4297	49.293
4298	49.724
4299	48.655
4300	48.448
4301	49.414
4302	49.293
4303	48.776
4304	49.052
4305	47.862
4306	49.414
4307	49.224
4308	49.397
4309	48.293
4310	47.431
4311	49.31
4312	47.328
4313	47.034
4314	46.966
4315	48.845
4316	48.862
4317	49.724
4318	47.741
4319	49.017
4320	46.966
4321	49.017
4322	48.776
4323	47.759
4324	49.483
4325	47.845
4326	48.328
4327	49.155
4328	47.759
4329	48.241
4330	48.414
4331	47.5
4332	47.586
4333	46.362
4334	47.81
4335	47.414
4336	48.017
4337	47.828
4338	47.983
4339	46.017
4340	46.724
4341	47.586
4342	47.517
4343	47.845
4344	46.948
4345	47.19
4346	47.224
4347	47.707
4348	46.569
4349	47.241
4350	47.19
4351	48.172
4352	47.552
4353	47.276
4354	46.793
4355	46.69
4356	46.966
4357	45.759
4358	47.759
4359	45.81
4360	46.741
4361	46.948
4362	46.707
4363	48.086
4364	46.914
4365	47.224
4366	46.931
4367	47.966
4368	46.155
4369	46.517
4370	46.328
4371	46.5
4372	45.707
4373	46.207
4374	46.414
4375	47.586
4376	47.621
4377	47.586
4378	47.672
4379	47.034
4380	46.862
4381	47.776
4382	47.259
4383	46.966
4384	47.241
4385	48.086
4386	46.552
4387	46.069
4388	46.138
4389	47.086
4390	46.483
4391	46.81
4392	47.138
4393	45.81
4394	47.379
4395	46.379
4396	46.793
4397	46.586
4398	46.293
4399	47.172
4400	47.31
4401	47.172
4402	46.431
4403	47.103
4404	46.328
4405	47.345
4406	47.724
4407	47.345
4408	46.966
4409	47.431
4410	46.638
4411	48.086
4412	47.379
4413	46.138
4414	47.034
4415	45.121
4416	47.293
4417	46.724
4418	44.69
4419	46.828
4420	48.155
4421	47.138
4422	46.776
4423	47.69
4424	47.5
4425	47.517
4426	49.069
4427	52.276
4428	54.034
4429	55.241
4430	55.707
4431	54.707
4432	55.724
4433	56.31
4434	55.914
4435	55.897
4436	54.534
4437	55.103
4438	53.483
4439	51.845
4440	53.172
4441	52.414
4442	52.483
4443	53.052
4444	52.397
4445	51.224
4446	51.19
4447	50.897
4448	50.707
4449	51.138
4450	50
4451	49.776
4452	50.517
4453	49.793
4454	49.276
4455	50.293
4456	49.466
4457	49.879
4458	49.793
4459	49.586
4460	47.776
4461	47.69
4462	49.276
4463	47.741
4464	47.431
4465	48.138
4466	47.759
4467	48.345
4468	48.207
4469	47.207
4470	48.914
4471	47.845
4472	48.017
4473	46.948
4474	46.293
4475	47.483
4476	46.966
4477	48.638
4478	48.517
4479	46.293
4480	46.241
4481	47.879
4482	48.862
4483	47.948
4484	47.966
4485	46.017
4486	47.707
4487	47.086
4488	46.172
4489	47.914
4490	46.517
4491	47.172
4492	46.017
4493	46.259
4494	46.121
4495	45.431
4496	46.276
4497	46.914
4498	47.345
4499	46.862
4500	46.293
4501	47.879
4502	47.914
4503	46.845
4504	48.207
4505	47.483
4506	47.81
4507	46.603
4508	46.259
4509	46.431
4510	46.69
4511	46.983
4512	45.931
4513	46.638
4514	47.172
4515	46.672
4516	45.328
4517	47.224
4518	46.948
4519	47.569
4520	46.328
4521	45.431
4522	46.655
4523	46.879
4524	46.931
4525	46.793
4526	46.259
4527	47.707
4528	47.241
4529	47.914
4530	46
4531	46.776
4532	47.379
4533	47.603
4534	46.069
4535	46.207
4536	46.552
4537	46.362
4538	45.707
4539	46.776
4540	46.483
4541	46.224
4542	46.517
4543	47.345
4544	46.052
4545	46.793
4546	46.897
4547	47.172
4548	46.431
4549	47.069
4550	47.724
4551	46.828
4552	47.845
4553	46.397
4554	46.828
4555	45.172
4556	46.431
4557	46.172
4558	46.845
4559	45.966
4560	45.552
4561	47.207
4562	46.431
4563	47.017
4564	45
4565	46.724
4566	46.724
4567	46.293
4568	46.241
4569	46.81
4570	46.655
4571	45.328
4572	45.759
4573	46.569
4574	46.552
4575	47.276
4576	47.103
4577	46.034
4578	46.414
4579	47.897
4580	45.672
4581	47.103
4582	46.224
4583	46.138
4584	47.983
4585	49.862
4586	51.466
4587	53.448
4588	54.293
4589	55.19
4590	55.155
4591	55.828
4592	55.759
4593	55.672
4594	54.69
4595	53.983
4596	54.155
4597	53.276
4598	52.81
4599	52.224
4600	51.966
4601	51.966
4602	50.328
4603	52.052
4604	49.931
4605	50.586
4606	49.138
4607	50.172
4608	49.431
4609	49.621
4610	49.379
4611	48.845
4612	49.586
4613	49.379
4614	49.293
4615	49.034
4616	48.517
4617	48.655
4618	48.724
4619	49.276
4620	49.017
4621	47.914
4622	47.397
4623	48.828
4624	49.172
4625	47.517
4626	47.534
4627	48.914
4628	47.362
4629	48.552
4630	47.207
4631	47.552
4632	48.086
4633	48.172
4634	46.276
4635	48.086
4636	47.845
4637	48.603
4638	47.293
4639	48.086
4640	46.172
4641	47.379
4642	47.293
4643	47.81
4644	47.052
4645	47.724
4646	47.034
4647	48.017
4648	47.31
4649	47.517
4650	46.776
4651	47.379
4652	47.138
4653	47.828
4654	47.207
4655	46.759
4656	45.983
4657	48.621
4658	46.5
4659	47.172
4660	47.052
4661	48.069
4662	46.5
4663	46.466
4664	45.845
4665	47.034
4666	47.224
4667	47.5
4668	45.724
4669	46.69
4670	46.328
4671	46.362
4672	49.086
4673	46.552
4674	46.276
4675	46.397
4676	47.793
4677	46.517
4678	47.707
4679	48.052
4680	46.552
4681	46.19
4682	47.19
4683	45.31
4684	46.069
4685	46.328
4686	47.759
4687	46.638
4688	45.897
4689	46.69
4690	45.81
4691	46.379
4692	47.241
4693	46.466
4694	46.759
4695	45.914
4696	46.448
4697	47.172
4698	46.534
4699	46.103
4700	46.69
4701	45.931
4702	47.397
4703	46.155
4704	46.69
4705	47.034
4706	47.259
4707	45.138
4708	46.81
4709	45.828
4710	45.931
4711	45.448
4712	46.552
4713	46.19
4714	47.414
4715	47.017
4716	46.431
4717	46.931
4718	47.328
4719	46.81
4720	47
4721	46.569
4722	46
4723	45.966
4724	46.621
4725	47.138
4726	48.121
4727	46.328
4728	46.586
4729	46.31
4730	47
4731	47.655
4732	46.828
4733	45.897
4734	46.138
4735	47.017
4736	46.241
4737	46.19
4738	47.138
4739	47.293
4740	45.897
4741	46.638
4742	45.552
4743	47.207
4744	50.121
4745	52.897
4746	53.948
4747	55.241
4748	55.414
4749	55.155
4750	56.207
4751	55.069
4752	54.034
4753	55.414
4754	55.276
4755	54.19
4756	53.069
4757	53.707
4758	53.741
4759	51.655
4760	52.017
4761	50.879
4762	51.121
4763	50.086
4764	50.069
4765	48.293
4766	50.828
4767	49.828
4768	49.362
4769	49.724
4770	49.793
4771	48.569
4772	49.155
4773	48.069
4774	47.328
4775	48.379
4776	48.741
4777	47.862
4778	48.293
4779	47.224
4780	47.741
4781	47.069
4782	47.741
4783	48.017
4784	47.724
4785	48.017
4786	46.862
4787	46.776
